1511011460000 1651
1511011460000 1653
1511011460000 1655
1511011460000 1655
1511011460000 1657
1511011460000 1660
1511011460000 1677
1511011460000 1677
1511011460000 1677
1511011460000 1678
1511011460000 1678
1511011460000 1679
1511011460000 1679
1511011460000 1679
1511011460000 1680
1511011460000 1680
1511011460000 1680
1511011460000 1681
1511011460000 1681
1511011460000 1683
1511011460000 1687
1511011460000 1689
1511011460000 1698
1511011460000 1698
1511011460000 1710
1511011460000 1710
1511011460000 1713
1511011460000 1716
1511011460000 1729
1511011460000 1729
1511011460000 1729
1511011460000 1746
1511011460000 1771
1511011460000 1800
1511011460000 1841
1511011460000 1852
1511011460000 1853
1511011460000 1862
1511011460000 1862
1511011460000 1863
1511011460000 1875
1511011460000 1879
1511011460000 2013
1511011460000 2021
1511011460000 2022
1511011460000 2022
1511011460000 2026
1511011460000 2032
1511011460000 2041
1511011460000 2047
1511011460000 2070
1511011460000 2075
1511011460000 2076
1511011460000 2083
1511011460000 2085
1511011460000 2088
1511011460000 2093
1511011460000 2093
1511011460000 2098
1511011460000 2107
1511011460000 2109
1511011460000 2113
1511011460000 2113
1511011460000 2121
1511011460000 2130
1511011460000 2134
1511011460000 2135
1511011460000 2135
1511011460000 2137
1511011460000 2138
1511011460000 2138
1511011460000 2153
1511011460000 2315
1511011460000 2315
1511011460000 2317
1511011460000 2318
1511011460000 2345
1511011460000 2353
1511011460000 2370
1511011460000 2371
1511011460000 2450
1511011460000 2455
1511011460000 2958
1511011460000 3014
1511011460000 3016
1511011460000 3033
1511011460000 3091
1511011460000 3092
1511011460000 3093
1511011460000 3120
1511011460000 3130
1511011460000 3446
1511011460000 3447
1511011460000 3463
1511011460000 3464
1511011460000 4526
1511011460000 4614
1511011460000 5029
1511011460000 5418
1511011460000 5419
1511011470000 282
1511011470000 282
1511011470000 282
1511011470000 282
1511011470000 283
1511011470000 283
1511011470000 283
1511011470000 283
1511011470000 283
1511011470000 283
1511011470000 283
1511011470000 283
1511011470000 283
1511011470000 283
1511011470000 283
1511011470000 283
1511011470000 284
1511011470000 284
1511011470000 284
1511011470000 284
1511011470000 284
1511011470000 284
1511011470000 284
1511011470000 284
1511011470000 284
1511011470000 284
1511011470000 284
1511011470000 284
1511011470000 284
1511011470000 284
1511011470000 284
1511011470000 284
1511011470000 284
1511011470000 284
1511011470000 285
1511011470000 285
1511011470000 285
1511011470000 285
1511011470000 285
1511011470000 285
1511011470000 285
1511011470000 285
1511011470000 285
1511011470000 285
1511011470000 285
1511011470000 285
1511011470000 285
1511011470000 285
1511011470000 285
1511011470000 285
1511011470000 285
1511011470000 285
1511011470000 285
1511011470000 286
1511011470000 286
1511011470000 286
1511011470000 286
1511011470000 286
1511011470000 286
1511011470000 286
1511011470000 286
1511011470000 286
1511011470000 286
1511011470000 286
1511011470000 286
1511011470000 286
1511011470000 286
1511011470000 286
1511011470000 287
1511011470000 287
1511011470000 287
1511011470000 287
1511011470000 287
1511011470000 287
1511011470000 287
1511011470000 287
1511011470000 287
1511011470000 287
1511011470000 287
1511011470000 287
1511011470000 287
1511011470000 287
1511011470000 287
1511011470000 287
1511011470000 288
1511011470000 293
1511011470000 293
1511011470000 298
1511011470000 298
1511011470000 298
1511011470000 299
1511011470000 300
1511011470000 303
1511011470000 303
1511011470000 304
1511011470000 308
1511011470000 308
1511011470000 309
1511011470000 314
1511011470000 315
1511011480000 337
1511011480000 337
1511011480000 337
1511011480000 337
1511011480000 337
1511011480000 337
1511011480000 337
1511011480000 338
1511011480000 338
1511011480000 338
1511011480000 338
1511011480000 338
1511011480000 338
1511011480000 338
1511011480000 338
1511011480000 338
1511011480000 338
1511011480000 338
1511011480000 338
1511011480000 338
1511011480000 339
1511011480000 339
1511011480000 339
1511011480000 339
1511011480000 339
1511011480000 339
1511011480000 339
1511011480000 339
1511011480000 339
1511011480000 339
1511011480000 339
1511011480000 339
1511011480000 339
1511011480000 339
1511011480000 339
1511011480000 339
1511011480000 340
1511011480000 340
1511011480000 340
1511011480000 340
1511011480000 340
1511011480000 340
1511011480000 340
1511011480000 340
1511011480000 340
1511011480000 340
1511011480000 340
1511011480000 340
1511011480000 340
1511011480000 340
1511011480000 340
1511011480000 340
1511011480000 340
1511011480000 340
1511011480000 340
1511011480000 340
1511011480000 341
1511011480000 341
1511011480000 341
1511011480000 341
1511011480000 341
1511011480000 341
1511011480000 341
1511011480000 341
1511011480000 341
1511011480000 341
1511011480000 341
1511011480000 341
1511011480000 341
1511011480000 341
1511011480000 341
1511011480000 341
1511011480000 341
1511011480000 341
1511011480000 341
1511011480000 342
1511011480000 342
1511011480000 342
1511011480000 342
1511011480000 342
1511011480000 342
1511011480000 342
1511011480000 342
1511011480000 342
1511011480000 342
1511011480000 342
1511011480000 342
1511011480000 342
1511011480000 342
1511011480000 342
1511011480000 342
1511011480000 342
1511011480000 342
1511011480000 342
1511011480000 342
1511011480000 343
1511011480000 343
1511011480000 343
1511011480000 343
1511011480000 350
1511011490000 334
1511011490000 334
1511011490000 334
1511011490000 334
1511011490000 334
1511011490000 334
1511011490000 334
1511011490000 334
1511011490000 334
1511011490000 334
1511011490000 334
1511011490000 334
1511011490000 334
1511011490000 334
1511011490000 334
1511011490000 335
1511011490000 335
1511011490000 335
1511011490000 335
1511011490000 335
1511011490000 335
1511011490000 335
1511011490000 335
1511011490000 335
1511011490000 335
1511011490000 335
1511011490000 335
1511011490000 335
1511011490000 335
1511011490000 335
1511011490000 335
1511011490000 335
1511011490000 335
1511011490000 335
1511011490000 335
1511011490000 335
1511011490000 335
1511011490000 335
1511011490000 335
1511011490000 335
1511011490000 336
1511011490000 336
1511011490000 336
1511011490000 336
1511011490000 336
1511011490000 336
1511011490000 336
1511011490000 336
1511011490000 336
1511011490000 336
1511011490000 336
1511011490000 336
1511011490000 336
1511011490000 336
1511011490000 336
1511011490000 336
1511011490000 336
1511011490000 336
1511011490000 337
1511011490000 337
1511011490000 337
1511011490000 337
1511011490000 337
1511011490000 337
1511011490000 337
1511011490000 339
1511011490000 339
1511011490000 339
1511011490000 339
1511011490000 339
1511011490000 340
1511011490000 340
1511011490000 340
1511011490000 340
1511011490000 340
1511011490000 340
1511011490000 340
1511011490000 340
1511011490000 340
1511011490000 340
1511011490000 341
1511011490000 341
1511011490000 341
1511011490000 341
1511011490000 341
1511011490000 342
1511011490000 342
1511011490000 342
1511011490000 342
1511011490000 342
1511011490000 342
1511011490000 342
1511011490000 342
1511011490000 342
1511011490000 342
1511011490000 342
1511011490000 342
1511011490000 342
1511011490000 343
1511011490000 344
1511011500000 308
1511011500000 308
1511011500000 308
1511011500000 308
1511011500000 308
1511011500000 308
1511011500000 308
1511011500000 308
1511011500000 308
1511011500000 308
1511011500000 308
1511011500000 308
1511011500000 308
1511011500000 309
1511011500000 309
1511011500000 309
1511011500000 309
1511011500000 309
1511011500000 309
1511011500000 309
1511011500000 309
1511011500000 309
1511011500000 309
1511011500000 309
1511011500000 309
1511011500000 309
1511011500000 309
1511011500000 309
1511011500000 309
1511011500000 309
1511011500000 309
1511011500000 309
1511011500000 309
1511011500000 309
1511011500000 309
1511011500000 309
1511011500000 309
1511011500000 309
1511011500000 309
1511011500000 309
1511011500000 309
1511011500000 309
1511011500000 309
1511011500000 310
1511011500000 310
1511011500000 310
1511011500000 310
1511011500000 310
1511011500000 310
1511011500000 310
1511011500000 310
1511011500000 310
1511011500000 310
1511011500000 310
1511011500000 310
1511011500000 310
1511011500000 310
1511011500000 310
1511011500000 310
1511011500000 310
1511011500000 310
1511011500000 311
1511011500000 311
1511011500000 311
1511011500000 311
1511011500000 311
1511011500000 311
1511011500000 311
1511011500000 311
1511011500000 311
1511011500000 311
1511011500000 311
1511011500000 311
1511011500000 311
1511011500000 311
1511011500000 311
1511011500000 311
1511011500000 311
1511011500000 311
1511011500000 311
1511011500000 311
1511011500000 311
1511011500000 311
1511011500000 311
1511011500000 311
1511011500000 311
1511011500000 312
1511011500000 312
1511011500000 312
1511011500000 312
1511011500000 312
1511011500000 312
1511011500000 312
1511011500000 312
1511011500000 315
1511011500000 316
1511011500000 319
1511011500000 319
1511011500000 324
1511011500000 324
1511011510000 282
1511011510000 282
1511011510000 282
1511011510000 282
1511011510000 282
1511011510000 282
1511011510000 282
1511011510000 282
1511011510000 283
1511011510000 283
1511011510000 283
1511011510000 283
1511011510000 283
1511011510000 283
1511011510000 283
1511011510000 283
1511011510000 283
1511011510000 283
1511011510000 283
1511011510000 283
1511011510000 283
1511011510000 283
1511011510000 283
1511011510000 283
1511011510000 283
1511011510000 283
1511011510000 283
1511011510000 283
1511011510000 283
1511011510000 283
1511011510000 283
1511011510000 283
1511011510000 283
1511011510000 283
1511011510000 283
1511011510000 283
1511011510000 283
1511011510000 283
1511011510000 283
1511011510000 283
1511011510000 283
1511011510000 283
1511011510000 283
1511011510000 283
1511011510000 283
1511011510000 283
1511011510000 283
1511011510000 283
1511011510000 283
1511011510000 284
1511011510000 284
1511011510000 284
1511011510000 284
1511011510000 284
1511011510000 284
1511011510000 284
1511011510000 284
1511011510000 284
1511011510000 284
1511011510000 284
1511011510000 284
1511011510000 284
1511011510000 284
1511011510000 284
1511011510000 285
1511011510000 295
1511011510000 295
1511011510000 298
1511011510000 298
1511011510000 305
1511011510000 305
1511011510000 448
1511011510000 450
1511011510000 450
1511011510000 459
1511011510000 459
1511011510000 460
1511011510000 460
1511011510000 462
1511011510000 462
1511011510000 463
1511011510000 463
1511011510000 471
1511011510000 471
1511011510000 471
1511011510000 472
1511011510000 477
1511011510000 483
1511011510000 483
1511011510000 496
1511011510000 501
1511011510000 503
1511011510000 504
1511011510000 508
1511011510000 509
1511011510000 522
1511011510000 523
1511011510000 523
1511011510000 533
1511011510000 534
1511011520000 328
1511011520000 328
1511011520000 328
1511011520000 328
1511011520000 329
1511011520000 329
1511011520000 329
1511011520000 329
1511011520000 329
1511011520000 329
1511011520000 330
1511011520000 330
1511011520000 330
1511011520000 330
1511011520000 330
1511011520000 330
1511011520000 330
1511011520000 330
1511011520000 330
1511011520000 330
1511011520000 330
1511011520000 331
1511011520000 331
1511011520000 331
1511011520000 331
1511011520000 331
1511011520000 331
1511011520000 331
1511011520000 331
1511011520000 332
1511011520000 332
1511011520000 332
1511011520000 332
1511011520000 332
1511011520000 332
1511011520000 332
1511011520000 332
1511011520000 333
1511011520000 333
1511011520000 333
1511011520000 333
1511011520000 333
1511011520000 333
1511011520000 333
1511011520000 333
1511011520000 333
1511011520000 333
1511011520000 333
1511011520000 333
1511011520000 334
1511011520000 334
1511011520000 348
1511011520000 348
1511011520000 348
1511011520000 349
1511011520000 357
1511011520000 436
1511011520000 436
1511011520000 443
1511011520000 445
1511011520000 446
1511011520000 450
1511011520000 450
1511011520000 453
1511011520000 453
1511011520000 453
1511011520000 454
1511011520000 455
1511011520000 457
1511011520000 457
1511011520000 458
1511011520000 458
1511011520000 459
1511011520000 460
1511011520000 460
1511011520000 461
1511011520000 462
1511011520000 462
1511011520000 462
1511011520000 463
1511011520000 463
1511011520000 464
1511011520000 465
1511011520000 466
1511011520000 467
1511011520000 467
1511011520000 467
1511011520000 468
1511011520000 468
1511011520000 470
1511011520000 470
1511011520000 473
1511011520000 473
1511011520000 475
1511011520000 477
1511011520000 484
1511011520000 485
1511011520000 497
1511011520000 498
1511011520000 498
1511011530000 320
1511011530000 320
1511011530000 320
1511011530000 320
1511011530000 320
1511011530000 320
1511011530000 320
1511011530000 320
1511011530000 320
1511011530000 320
1511011530000 320
1511011530000 320
1511011530000 320
1511011530000 320
1511011530000 320
1511011530000 320
1511011530000 320
1511011530000 320
1511011530000 320
1511011530000 320
1511011530000 320
1511011530000 320
1511011530000 321
1511011530000 321
1511011530000 321
1511011530000 321
1511011530000 321
1511011530000 321
1511011530000 321
1511011530000 321
1511011530000 321
1511011530000 321
1511011530000 321
1511011530000 321
1511011530000 321
1511011530000 321
1511011530000 321
1511011530000 321
1511011530000 321
1511011530000 321
1511011530000 321
1511011530000 321
1511011530000 321
1511011530000 322
1511011530000 322
1511011530000 322
1511011530000 322
1511011530000 322
1511011530000 322
1511011530000 322
1511011530000 322
1511011530000 322
1511011530000 322
1511011530000 322
1511011530000 322
1511011530000 322
1511011530000 322
1511011530000 322
1511011530000 322
1511011530000 322
1511011530000 322
1511011530000 322
1511011530000 322
1511011530000 322
1511011530000 322
1511011530000 322
1511011530000 322
1511011530000 323
1511011530000 323
1511011530000 323
1511011530000 323
1511011530000 323
1511011530000 323
1511011530000 323
1511011530000 323
1511011530000 323
1511011530000 323
1511011530000 323
1511011530000 323
1511011530000 329
1511011530000 329
1511011530000 331
1511011530000 331
1511011530000 331
1511011530000 332
1511011530000 460
1511011530000 464
1511011530000 468
1511011530000 469
1511011530000 470
1511011530000 489
1511011530000 489
1511011530000 490
1511011530000 508
1511011530000 509
1511011530000 510
1511011530000 511
1511011530000 511
1511011530000 518
1511011530000 519
1511011540000 316
1511011540000 316
1511011540000 316
1511011540000 316
1511011540000 316
1511011540000 317
1511011540000 317
1511011540000 317
1511011540000 317
1511011540000 317
1511011540000 317
1511011540000 317
1511011540000 317
1511011540000 317
1511011540000 317
1511011540000 317
1511011540000 317
1511011540000 317
1511011540000 317
1511011540000 317
1511011540000 317
1511011540000 317
1511011540000 317
1511011540000 317
1511011540000 317
1511011540000 318
1511011540000 318
1511011540000 318
1511011540000 318
1511011540000 318
1511011540000 318
1511011540000 318
1511011540000 318
1511011540000 318
1511011540000 318
1511011540000 318
1511011540000 318
1511011540000 318
1511011540000 318
1511011540000 318
1511011540000 318
1511011540000 318
1511011540000 318
1511011540000 318
1511011540000 318
1511011540000 318
1511011540000 318
1511011540000 318
1511011540000 318
1511011540000 318
1511011540000 318
1511011540000 318
1511011540000 318
1511011540000 319
1511011540000 319
1511011540000 319
1511011540000 319
1511011540000 319
1511011540000 319
1511011540000 319
1511011540000 319
1511011540000 319
1511011540000 319
1511011540000 319
1511011540000 320
1511011540000 320
1511011540000 320
1511011540000 320
1511011540000 320
1511011540000 320
1511011540000 320
1511011540000 320
1511011540000 320
1511011540000 320
1511011540000 320
1511011540000 437
1511011540000 437
1511011540000 438
1511011540000 441
1511011540000 441
1511011540000 441
1511011540000 442
1511011540000 443
1511011540000 443
1511011540000 444
1511011540000 444
1511011540000 445
1511011540000 452
1511011540000 454
1511011540000 468
1511011540000 468
1511011540000 468
1511011540000 469
1511011540000 481
1511011540000 481
1511011540000 482
1511011540000 483
1511011540000 484
1511011540000 484
1511011540000 866
1511011550000 274
1511011550000 274
1511011550000 275
1511011550000 275
1511011550000 275
1511011550000 275
1511011550000 275
1511011550000 275
1511011550000 275
1511011550000 275
1511011550000 275
1511011550000 275
1511011550000 275
1511011550000 275
1511011550000 275
1511011550000 275
1511011550000 275
1511011550000 275
1511011550000 275
1511011550000 276
1511011550000 276
1511011550000 276
1511011550000 276
1511011550000 276
1511011550000 276
1511011550000 276
1511011550000 276
1511011550000 276
1511011550000 276
1511011550000 276
1511011550000 276
1511011550000 276
1511011550000 276
1511011550000 276
1511011550000 276
1511011550000 276
1511011550000 276
1511011550000 276
1511011550000 276
1511011550000 276
1511011550000 276
1511011550000 276
1511011550000 276
1511011550000 276
1511011550000 276
1511011550000 276
1511011550000 276
1511011550000 277
1511011550000 277
1511011550000 277
1511011550000 277
1511011550000 277
1511011550000 277
1511011550000 277
1511011550000 277
1511011550000 277
1511011550000 277
1511011550000 278
1511011550000 278
1511011550000 278
1511011550000 282
1511011550000 448
1511011550000 449
1511011550000 451
1511011550000 456
1511011550000 457
1511011550000 460
1511011550000 461
1511011550000 461
1511011550000 462
1511011550000 462
1511011550000 464
1511011550000 465
1511011550000 465
1511011550000 477
1511011550000 487
1511011550000 487
1511011550000 487
1511011550000 490
1511011550000 491
1511011550000 494
1511011550000 495
1511011550000 504
1511011550000 505
1511011550000 505
1511011550000 515
1511011550000 516
1511011550000 521
1511011550000 521
1511011550000 526
1511011550000 527
1511011550000 527
1511011550000 533
1511011550000 533
1511011550000 534
1511011550000 535
1511011550000 542
1511011550000 542
1511011550000 545
1511011550000 546
1511011560000 317
1511011560000 317
1511011560000 317
1511011560000 317
1511011560000 317
1511011560000 317
1511011560000 317
1511011560000 317
1511011560000 317
1511011560000 317
1511011560000 317
1511011560000 317
1511011560000 317
1511011560000 318
1511011560000 318
1511011560000 318
1511011560000 318
1511011560000 318
1511011560000 318
1511011560000 318
1511011560000 318
1511011560000 318
1511011560000 318
1511011560000 318
1511011560000 318
1511011560000 318
1511011560000 318
1511011560000 318
1511011560000 318
1511011560000 318
1511011560000 318
1511011560000 318
1511011560000 318
1511011560000 318
1511011560000 318
1511011560000 318
1511011560000 319
1511011560000 319
1511011560000 319
1511011560000 319
1511011560000 319
1511011560000 319
1511011560000 319
1511011560000 319
1511011560000 319
1511011560000 319
1511011560000 319
1511011560000 319
1511011560000 319
1511011560000 319
1511011560000 319
1511011560000 319
1511011560000 319
1511011560000 319
1511011560000 319
1511011560000 319
1511011560000 319
1511011560000 319
1511011560000 319
1511011560000 319
1511011560000 319
1511011560000 319
1511011560000 319
1511011560000 319
1511011560000 319
1511011560000 319
1511011560000 319
1511011560000 320
1511011560000 320
1511011560000 320
1511011560000 320
1511011560000 320
1511011560000 320
1511011560000 320
1511011560000 320
1511011560000 320
1511011560000 320
1511011560000 320
1511011560000 320
1511011560000 320
1511011560000 320
1511011560000 320
1511011560000 320
1511011560000 320
1511011560000 320
1511011560000 320
1511011560000 321
1511011560000 321
1511011560000 321
1511011560000 321
1511011560000 321
1511011560000 321
1511011560000 321
1511011560000 321
1511011560000 321
1511011560000 321
1511011560000 321
1511011560000 321
1511011560000 321
1511011560000 322
1511011570000 320
1511011570000 320
1511011570000 320
1511011570000 320
1511011570000 320
1511011570000 320
1511011570000 320
1511011570000 320
1511011570000 320
1511011570000 320
1511011570000 320
1511011570000 320
1511011570000 320
1511011570000 320
1511011570000 320
1511011570000 320
1511011570000 320
1511011570000 320
1511011570000 320
1511011570000 320
1511011570000 321
1511011570000 321
1511011570000 321
1511011570000 321
1511011570000 321
1511011570000 321
1511011570000 321
1511011570000 321
1511011570000 321
1511011570000 321
1511011570000 321
1511011570000 321
1511011570000 321
1511011570000 321
1511011570000 321
1511011570000 322
1511011570000 322
1511011570000 322
1511011570000 361
1511011570000 362
1511011570000 362
1511011570000 363
1511011570000 369
1511011570000 372
1511011570000 372
1511011570000 372
1511011570000 373
1511011570000 374
1511011570000 375
1511011570000 376
1511011570000 376
1511011570000 377
1511011570000 378
1511011570000 379
1511011570000 379
1511011570000 380
1511011570000 381
1511011570000 381
1511011570000 381
1511011570000 381
1511011570000 382
1511011570000 382
1511011570000 383
1511011570000 384
1511011570000 386
1511011570000 389
1511011570000 389
1511011570000 389
1511011570000 390
1511011570000 390
1511011570000 390
1511011570000 390
1511011570000 390
1511011570000 392
1511011570000 395
1511011570000 398
1511011570000 402
1511011570000 403
1511011570000 407
1511011570000 407
1511011570000 408
1511011570000 408
1511011570000 410
1511011570000 411
1511011570000 418
1511011570000 419
1511011570000 421
1511011570000 429
1511011570000 429
1511011570000 430
1511011570000 430
1511011570000 433
1511011570000 435
1511011570000 436
1511011570000 438
1511011570000 438
1511011570000 439
1511011570000 439
1511011570000 440
1511011570000 441
1511011580000 296
1511011580000 296
1511011580000 296
1511011580000 296
1511011580000 296
1511011580000 296
1511011580000 296
1511011580000 296
1511011580000 297
1511011580000 297
1511011580000 297
1511011580000 297
1511011580000 297
1511011580000 298
1511011580000 298
1511011580000 298
1511011580000 298
1511011580000 299
1511011580000 299
1511011580000 301
1511011580000 301
1511011580000 301
1511011580000 301
1511011580000 340
1511011580000 341
1511011580000 342
1511011580000 351
1511011580000 353
1511011580000 355
1511011580000 363
1511011580000 363
1511011580000 364
1511011580000 364
1511011580000 364
1511011580000 364
1511011580000 365
1511011580000 365
1511011580000 365
1511011580000 365
1511011580000 366
1511011580000 366
1511011580000 366
1511011580000 366
1511011580000 366
1511011580000 367
1511011580000 367
1511011580000 367
1511011580000 371
1511011580000 371
1511011580000 377
1511011580000 377
1511011580000 380
1511011580000 380
1511011580000 381
1511011580000 381
1511011580000 386
1511011580000 386
1511011580000 388
1511011580000 390
1511011580000 390
1511011580000 391
1511011580000 391
1511011580000 391
1511011580000 391
1511011580000 391
1511011580000 391
1511011580000 391
1511011580000 391
1511011580000 392
1511011580000 392
1511011580000 393
1511011580000 393
1511011580000 393
1511011580000 394
1511011580000 397
1511011580000 397
1511011580000 399
1511011580000 400
1511011580000 400
1511011580000 401
1511011580000 402
1511011580000 402
1511011580000 409
1511011580000 413
1511011580000 413
1511011580000 423
1511011580000 423
1511011580000 424
1511011580000 439
1511011580000 440
1511011580000 459
1511011580000 460
1511011580000 771
1511011580000 772
1511011580000 773
1511011580000 773
1511011580000 774
1511011580000 775
1511011580000 830
1511011580000 830
1511011590000 298
1511011590000 299
1511011590000 299
1511011590000 300
1511011590000 300
1511011590000 300
1511011590000 300
1511011590000 300
1511011590000 300
1511011590000 300
1511011590000 300
1511011590000 300
1511011590000 300
1511011590000 300
1511011590000 300
1511011590000 300
1511011590000 300
1511011590000 300
1511011590000 300
1511011590000 300
1511011590000 300
1511011590000 301
1511011590000 301
1511011590000 301
1511011590000 301
1511011590000 301
1511011590000 301
1511011590000 301
1511011590000 301
1511011590000 301
1511011590000 301
1511011590000 301
1511011590000 301
1511011590000 301
1511011590000 301
1511011590000 301
1511011590000 301
1511011590000 301
1511011590000 301
1511011590000 301
1511011590000 301
1511011590000 301
1511011590000 301
1511011590000 302
1511011590000 302
1511011590000 302
1511011590000 302
1511011590000 302
1511011590000 302
1511011590000 302
1511011590000 302
1511011590000 302
1511011590000 302
1511011590000 303
1511011590000 303
1511011590000 303
1511011590000 303
1511011590000 303
1511011590000 303
1511011590000 303
1511011590000 303
1511011590000 303
1511011590000 303
1511011590000 303
1511011590000 303
1511011590000 303
1511011590000 304
1511011590000 304
1511011590000 305
1511011590000 305
1511011590000 305
1511011590000 305
1511011590000 305
1511011590000 305
1511011590000 305
1511011590000 305
1511011590000 305
1511011590000 305
1511011590000 306
1511011590000 306
1511011590000 306
1511011590000 306
1511011590000 306
1511011590000 306
1511011590000 306
1511011590000 306
1511011590000 306
1511011590000 306
1511011590000 306
1511011590000 306
1511011590000 306
1511011590000 306
1511011590000 306
1511011590000 307
1511011590000 307
1511011590000 307
1511011590000 307
1511011590000 307
1511011590000 307
1511011590000 307
1511011600000 296
1511011600000 296
1511011600000 296
1511011600000 296
1511011600000 296
1511011600000 296
1511011600000 296
1511011600000 296
1511011600000 296
1511011600000 297
1511011600000 297
1511011600000 297
1511011600000 297
1511011600000 297
1511011600000 297
1511011600000 297
1511011600000 297
1511011600000 297
1511011600000 297
1511011600000 297
1511011600000 297
1511011600000 297
1511011600000 297
1511011600000 297
1511011600000 297
1511011600000 297
1511011600000 297
1511011600000 298
1511011600000 298
1511011600000 298
1511011600000 298
1511011600000 298
1511011600000 298
1511011600000 298
1511011600000 298
1511011600000 298
1511011600000 298
1511011600000 298
1511011600000 298
1511011600000 298
1511011600000 298
1511011600000 298
1511011600000 298
1511011600000 298
1511011600000 298
1511011600000 298
1511011600000 298
1511011600000 298
1511011600000 298
1511011600000 299
1511011600000 299
1511011600000 300
1511011600000 300
1511011600000 300
1511011600000 300
1511011600000 300
1511011600000 300
1511011600000 301
1511011600000 302
1511011600000 303
1511011600000 303
1511011600000 303
1511011600000 303
1511011600000 303
1511011600000 303
1511011600000 303
1511011600000 304
1511011600000 304
1511011600000 304
1511011600000 557
1511011600000 562
1511011600000 562
1511011600000 562
1511011600000 565
1511011600000 566
1511011600000 566
1511011600000 567
1511011600000 569
1511011600000 572
1511011600000 573
1511011600000 573
1511011600000 574
1511011600000 575
1511011600000 578
1511011600000 579
1511011600000 580
1511011600000 583
1511011600000 583
1511011600000 583
1511011600000 588
1511011600000 599
1511011600000 599
1511011600000 600
1511011600000 600
1511011600000 600
1511011600000 600
1511011600000 601
1511011600000 602
1511011600000 603
1511011600000 615
1511011610000 331
1511011610000 332
1511011610000 332
1511011610000 332
1511011610000 332
1511011610000 332
1511011610000 332
1511011610000 332
1511011610000 332
1511011610000 332
1511011610000 332
1511011610000 332
1511011610000 332
1511011610000 333
1511011610000 333
1511011610000 333
1511011610000 333
1511011610000 333
1511011610000 333
1511011610000 333
1511011610000 333
1511011610000 333
1511011610000 333
1511011610000 333
1511011610000 333
1511011610000 333
1511011610000 333
1511011610000 334
1511011610000 334
1511011610000 334
1511011610000 334
1511011610000 334
1511011610000 334
1511011610000 334
1511011610000 334
1511011610000 334
1511011610000 334
1511011610000 334
1511011610000 334
1511011610000 334
1511011610000 334
1511011610000 334
1511011610000 334
1511011610000 334
1511011610000 334
1511011610000 334
1511011610000 334
1511011610000 334
1511011610000 334
1511011610000 335
1511011610000 335
1511011610000 335
1511011610000 335
1511011610000 335
1511011610000 335
1511011610000 335
1511011610000 335
1511011610000 335
1511011610000 335
1511011610000 335
1511011610000 335
1511011610000 335
1511011610000 335
1511011610000 335
1511011610000 335
1511011610000 335
1511011610000 335
1511011610000 335
1511011610000 335
1511011610000 335
1511011610000 335
1511011610000 335
1511011610000 335
1511011610000 335
1511011610000 335
1511011610000 336
1511011610000 336
1511011610000 336
1511011610000 337
1511011610000 337
1511011610000 337
1511011610000 337
1511011610000 337
1511011610000 337
1511011610000 337
1511011610000 337
1511011610000 337
1511011610000 337
1511011610000 337
1511011610000 337
1511011610000 337
1511011610000 337
1511011610000 337
1511011610000 337
1511011610000 337
1511011610000 337
1511011610000 337
1511011610000 337
1511011610000 337
1511011610000 338
1511011620000 326
1511011620000 326
1511011620000 326
1511011620000 326
1511011620000 326
1511011620000 326
1511011620000 326
1511011620000 326
1511011620000 326
1511011620000 327
1511011620000 327
1511011620000 327
1511011620000 327
1511011620000 327
1511011620000 327
1511011620000 327
1511011620000 327
1511011620000 327
1511011620000 327
1511011620000 327
1511011620000 327
1511011620000 327
1511011620000 327
1511011620000 327
1511011620000 327
1511011620000 328
1511011620000 328
1511011620000 328
1511011620000 328
1511011620000 328
1511011620000 328
1511011620000 328
1511011620000 328
1511011620000 328
1511011620000 328
1511011620000 328
1511011620000 328
1511011620000 328
1511011620000 328
1511011620000 328
1511011620000 328
1511011620000 328
1511011620000 328
1511011620000 328
1511011620000 328
1511011620000 328
1511011620000 328
1511011620000 328
1511011620000 328
1511011620000 328
1511011620000 329
1511011620000 329
1511011620000 329
1511011620000 329
1511011620000 329
1511011620000 329
1511011620000 330
1511011620000 330
1511011620000 330
1511011620000 330
1511011620000 330
1511011620000 330
1511011620000 330
1511011620000 330
1511011620000 330
1511011620000 330
1511011620000 330
1511011620000 331
1511011620000 371
1511011620000 646
1511011620000 655
1511011620000 656
1511011620000 657
1511011620000 657
1511011620000 660
1511011620000 662
1511011620000 662
1511011620000 662
1511011620000 664
1511011620000 664
1511011620000 665
1511011620000 667
1511011620000 669
1511011620000 670
1511011620000 670
1511011620000 677
1511011620000 678
1511011620000 681
1511011620000 681
1511011620000 682
1511011620000 685
1511011620000 685
1511011620000 686
1511011620000 687
1511011620000 701
1511011620000 702
1511011620000 710
1511011620000 710
1511011620000 715
1511011620000 716
1511011630000 1123
1511011630000 1124
1511011630000 365
1511011630000 365
1511011630000 365
1511011630000 366
1511011630000 366
1511011630000 366
1511011630000 366
1511011630000 366
1511011630000 366
1511011630000 366
1511011630000 366
1511011630000 366
1511011630000 366
1511011630000 366
1511011630000 366
1511011630000 366
1511011630000 366
1511011630000 366
1511011630000 366
1511011630000 366
1511011630000 366
1511011630000 366
1511011630000 367
1511011630000 367
1511011630000 367
1511011630000 367
1511011630000 367
1511011630000 367
1511011630000 367
1511011630000 367
1511011630000 367
1511011630000 367
1511011630000 367
1511011630000 367
1511011630000 367
1511011630000 367
1511011630000 367
1511011630000 368
1511011630000 368
1511011630000 368
1511011630000 368
1511011630000 368
1511011630000 368
1511011630000 368
1511011630000 368
1511011630000 368
1511011630000 369
1511011630000 369
1511011630000 369
1511011630000 369
1511011630000 369
1511011630000 369
1511011630000 369
1511011630000 653
1511011630000 654
1511011630000 656
1511011630000 656
1511011630000 656
1511011630000 656
1511011630000 666
1511011630000 667
1511011630000 668
1511011630000 669
1511011630000 670
1511011630000 673
1511011630000 674
1511011630000 675
1511011630000 676
1511011630000 676
1511011630000 677
1511011630000 677
1511011630000 678
1511011630000 678
1511011630000 681
1511011630000 684
1511011630000 686
1511011630000 688
1511011630000 691
1511011630000 695
1511011630000 699
1511011630000 704
1511011630000 704
1511011630000 705
1511011630000 705
1511011630000 705
1511011630000 708
1511011630000 709
1511011630000 711
1511011630000 712
1511011630000 712
1511011630000 712
1511011630000 714
1511011630000 714
1511011630000 715
1511011630000 716
1511011630000 716
1511011630000 717
1511011630000 805
1511011640000 306
1511011640000 306
1511011640000 306
1511011640000 306
1511011640000 306
1511011640000 306
1511011640000 306
1511011640000 306
1511011640000 306
1511011640000 306
1511011640000 306
1511011640000 306
1511011640000 306
1511011640000 306
1511011640000 306
1511011640000 306
1511011640000 306
1511011640000 306
1511011640000 306
1511011640000 306
1511011640000 307
1511011640000 307
1511011640000 307
1511011640000 307
1511011640000 307
1511011640000 307
1511011640000 307
1511011640000 308
1511011640000 308
1511011640000 308
1511011640000 308
1511011640000 308
1511011640000 308
1511011640000 308
1511011640000 308
1511011640000 308
1511011640000 308
1511011640000 309
1511011640000 309
1511011640000 309
1511011640000 309
1511011640000 309
1511011640000 309
1511011640000 309
1511011640000 309
1511011640000 309
1511011640000 310
1511011640000 310
1511011640000 310
1511011640000 310
1511011640000 310
1511011640000 310
1511011640000 310
1511011640000 310
1511011640000 311
1511011640000 311
1511011640000 311
1511011640000 311
1511011640000 311
1511011640000 311
1511011640000 311
1511011640000 311
1511011640000 311
1511011640000 311
1511011640000 311
1511011640000 311
1511011640000 311
1511011640000 311
1511011640000 311
1511011640000 311
1511011640000 312
1511011640000 312
1511011640000 312
1511011640000 312
1511011640000 312
1511011640000 312
1511011640000 312
1511011640000 312
1511011640000 312
1511011640000 312
1511011640000 312
1511011640000 313
1511011640000 313
1511011640000 313
1511011640000 313
1511011640000 313
1511011640000 314
1511011640000 314
1511011640000 314
1511011640000 314
1511011640000 314
1511011640000 314
1511011640000 314
1511011640000 315
1511011640000 315
1511011640000 316
1511011640000 317
1511011640000 318
1511011640000 341
1511011640000 341
1511011650000 286
1511011650000 286
1511011650000 286
1511011650000 286
1511011650000 286
1511011650000 286
1511011650000 286
1511011650000 286
1511011650000 286
1511011650000 286
1511011650000 286
1511011650000 286
1511011650000 286
1511011650000 286
1511011650000 286
1511011650000 286
1511011650000 286
1511011650000 287
1511011650000 287
1511011650000 287
1511011650000 287
1511011650000 287
1511011650000 287
1511011650000 287
1511011650000 287
1511011650000 287
1511011650000 287
1511011650000 287
1511011650000 287
1511011650000 287
1511011650000 287
1511011650000 287
1511011650000 287
1511011650000 287
1511011650000 287
1511011650000 287
1511011650000 287
1511011650000 287
1511011650000 288
1511011650000 288
1511011650000 288
1511011650000 288
1511011650000 288
1511011650000 288
1511011650000 288
1511011650000 288
1511011650000 288
1511011650000 288
1511011650000 288
1511011650000 288
1511011650000 297
1511011650000 298
1511011650000 299
1511011650000 417
1511011650000 419
1511011650000 420
1511011650000 421
1511011650000 425
1511011650000 426
1511011650000 427
1511011650000 428
1511011650000 428
1511011650000 429
1511011650000 430
1511011650000 433
1511011650000 433
1511011650000 433
1511011650000 438
1511011650000 439
1511011650000 439
1511011650000 440
1511011650000 440
1511011650000 440
1511011650000 441
1511011650000 441
1511011650000 442
1511011650000 445
1511011650000 447
1511011650000 448
1511011650000 448
1511011650000 450
1511011650000 451
1511011650000 451
1511011650000 451
1511011650000 458
1511011650000 458
1511011650000 461
1511011650000 466
1511011650000 475
1511011650000 476
1511011650000 477
1511011650000 477
1511011650000 491
1511011650000 491
1511011650000 507
1511011650000 508
1511011650000 510
1511011650000 511
1511011650000 512
1511011650000 513
1511011660000 335
1511011660000 335
1511011660000 335
1511011660000 335
1511011660000 335
1511011660000 335
1511011660000 335
1511011660000 335
1511011660000 336
1511011660000 336
1511011660000 336
1511011660000 336
1511011660000 336
1511011660000 336
1511011660000 336
1511011660000 336
1511011660000 337
1511011660000 337
1511011660000 337
1511011660000 337
1511011660000 337
1511011660000 337
1511011660000 337
1511011660000 337
1511011660000 337
1511011660000 337
1511011660000 337
1511011660000 337
1511011660000 337
1511011660000 337
1511011660000 337
1511011660000 337
1511011660000 337
1511011660000 337
1511011660000 337
1511011660000 338
1511011660000 338
1511011660000 338
1511011660000 338
1511011660000 338
1511011660000 338
1511011660000 338
1511011660000 338
1511011660000 338
1511011660000 338
1511011660000 338
1511011660000 338
1511011660000 338
1511011660000 339
1511011660000 339
1511011660000 339
1511011660000 339
1511011660000 339
1511011660000 339
1511011660000 339
1511011660000 339
1511011660000 339
1511011660000 339
1511011660000 340
1511011660000 384
1511011660000 483
1511011660000 485
1511011660000 488
1511011660000 488
1511011660000 489
1511011660000 489
1511011660000 491
1511011660000 492
1511011660000 493
1511011660000 496
1511011660000 496
1511011660000 496
1511011660000 497
1511011660000 497
1511011660000 498
1511011660000 498
1511011660000 498
1511011660000 499
1511011660000 499
1511011660000 504
1511011660000 506
1511011660000 507
1511011660000 508
1511011660000 514
1511011660000 515
1511011660000 516
1511011660000 517
1511011660000 521
1511011660000 522
1511011660000 523
1511011660000 523
1511011660000 523
1511011660000 523
1511011660000 524
1511011660000 524
1511011660000 524
1511011660000 561
1511011660000 561
1511011660000 574
1511011660000 575
1511011670000 328
1511011670000 328
1511011670000 328
1511011670000 328
1511011670000 328
1511011670000 328
1511011670000 328
1511011670000 328
1511011670000 328
1511011670000 328
1511011670000 328
1511011670000 329
1511011670000 329
1511011670000 329
1511011670000 329
1511011670000 329
1511011670000 329
1511011670000 329
1511011670000 329
1511011670000 329
1511011670000 329
1511011670000 329
1511011670000 329
1511011670000 329
1511011670000 329
1511011670000 329
1511011670000 329
1511011670000 329
1511011670000 329
1511011670000 329
1511011670000 330
1511011670000 330
1511011670000 330
1511011670000 330
1511011670000 330
1511011670000 331
1511011670000 331
1511011670000 331
1511011670000 331
1511011670000 331
1511011670000 331
1511011670000 331
1511011670000 331
1511011670000 331
1511011670000 331
1511011670000 331
1511011670000 331
1511011670000 331
1511011670000 332
1511011670000 332
1511011670000 333
1511011670000 333
1511011670000 333
1511011670000 334
1511011670000 334
1511011670000 338
1511011670000 338
1511011670000 356
1511011670000 357
1511011670000 357
1511011670000 584
1511011670000 585
1511011670000 586
1511011670000 591
1511011670000 606
1511011670000 607
1511011670000 652
1511011670000 656
1511011670000 657
1511011670000 660
1511011670000 661
1511011670000 661
1511011670000 661
1511011670000 663
1511011670000 664
1511011670000 664
1511011670000 664
1511011670000 665
1511011670000 666
1511011670000 666
1511011670000 668
1511011670000 670
1511011670000 670
1511011670000 670
1511011670000 671
1511011670000 672
1511011670000 672
1511011670000 674
1511011670000 679
1511011670000 680
1511011670000 680
1511011670000 681
1511011670000 681
1511011670000 681
1511011670000 681
1511011670000 681
1511011670000 687
1511011670000 688
1511011670000 689
1511011670000 692
1511011680000 324
1511011680000 324
1511011680000 324
1511011680000 325
1511011680000 325
1511011680000 325
1511011680000 325
1511011680000 325
1511011680000 325
1511011680000 325
1511011680000 325
1511011680000 325
1511011680000 325
1511011680000 325
1511011680000 325
1511011680000 325
1511011680000 325
1511011680000 326
1511011680000 326
1511011680000 326
1511011680000 326
1511011680000 326
1511011680000 326
1511011680000 326
1511011680000 326
1511011680000 326
1511011680000 326
1511011680000 326
1511011680000 326
1511011680000 326
1511011680000 326
1511011680000 326
1511011680000 326
1511011680000 326
1511011680000 326
1511011680000 326
1511011680000 326
1511011680000 326
1511011680000 326
1511011680000 326
1511011680000 326
1511011680000 326
1511011680000 326
1511011680000 327
1511011680000 327
1511011680000 327
1511011680000 327
1511011680000 327
1511011680000 327
1511011680000 327
1511011680000 327
1511011680000 327
1511011680000 327
1511011680000 327
1511011680000 328
1511011680000 328
1511011680000 328
1511011680000 328
1511011680000 328
1511011680000 328
1511011680000 328
1511011680000 328
1511011680000 329
1511011680000 329
1511011680000 626
1511011680000 630
1511011680000 631
1511011680000 632
1511011680000 633
1511011680000 636
1511011680000 636
1511011680000 636
1511011680000 637
1511011680000 638
1511011680000 638
1511011680000 644
1511011680000 645
1511011680000 645
1511011680000 645
1511011680000 646
1511011680000 646
1511011680000 646
1511011680000 648
1511011680000 649
1511011680000 649
1511011680000 652
1511011680000 655
1511011680000 655
1511011680000 656
1511011680000 656
1511011680000 657
1511011680000 658
1511011680000 660
1511011680000 666
1511011680000 666
1511011680000 667
1511011680000 677
1511011680000 680
1511011680000 680
1511011680000 701
1511011690000 333
1511011690000 334
1511011690000 334
1511011690000 334
1511011690000 334
1511011690000 334
1511011690000 334
1511011690000 334
1511011690000 334
1511011690000 334
1511011690000 334
1511011690000 334
1511011690000 334
1511011690000 334
1511011690000 334
1511011690000 334
1511011690000 334
1511011690000 334
1511011690000 334
1511011690000 334
1511011690000 335
1511011690000 335
1511011690000 335
1511011690000 335
1511011690000 335
1511011690000 335
1511011690000 335
1511011690000 335
1511011690000 335
1511011690000 335
1511011690000 335
1511011690000 335
1511011690000 335
1511011690000 335
1511011690000 335
1511011690000 335
1511011690000 335
1511011690000 335
1511011690000 335
1511011690000 335
1511011690000 335
1511011690000 335
1511011690000 335
1511011690000 335
1511011690000 335
1511011690000 335
1511011690000 335
1511011690000 335
1511011690000 335
1511011690000 335
1511011690000 335
1511011690000 335
1511011690000 335
1511011690000 335
1511011690000 335
1511011690000 335
1511011690000 335
1511011690000 335
1511011690000 335
1511011690000 335
1511011690000 335
1511011690000 336
1511011690000 336
1511011690000 336
1511011690000 336
1511011690000 336
1511011690000 336
1511011690000 336
1511011690000 336
1511011690000 336
1511011690000 336
1511011690000 336
1511011690000 336
1511011690000 336
1511011690000 336
1511011690000 336
1511011690000 336
1511011690000 336
1511011690000 336
1511011690000 336
1511011690000 336
1511011690000 336
1511011690000 336
1511011690000 336
1511011690000 337
1511011690000 337
1511011690000 337
1511011690000 337
1511011690000 337
1511011690000 337
1511011690000 370
1511011690000 370
1511011690000 370
1511011690000 371
1511011690000 371
1511011690000 371
1511011690000 372
1511011690000 376
1511011690000 377
1511011690000 379
1511011700000 302
1511011700000 302
1511011700000 302
1511011700000 302
1511011700000 302
1511011700000 302
1511011700000 302
1511011700000 302
1511011700000 303
1511011700000 303
1511011700000 303
1511011700000 303
1511011700000 303
1511011700000 303
1511011700000 303
1511011700000 303
1511011700000 303
1511011700000 303
1511011700000 303
1511011700000 303
1511011700000 303
1511011700000 303
1511011700000 303
1511011700000 303
1511011700000 303
1511011700000 303
1511011700000 303
1511011700000 303
1511011700000 303
1511011700000 303
1511011700000 303
1511011700000 303
1511011700000 304
1511011700000 304
1511011700000 304
1511011700000 304
1511011700000 304
1511011700000 304
1511011700000 304
1511011700000 304
1511011700000 304
1511011700000 304
1511011700000 304
1511011700000 304
1511011700000 304
1511011700000 304
1511011700000 304
1511011700000 304
1511011700000 304
1511011700000 304
1511011700000 304
1511011700000 305
1511011700000 305
1511011700000 305
1511011700000 305
1511011700000 305
1511011700000 305
1511011700000 305
1511011700000 305
1511011700000 305
1511011700000 560
1511011700000 560
1511011700000 561
1511011700000 566
1511011700000 567
1511011700000 569
1511011700000 570
1511011700000 571
1511011700000 571
1511011700000 571
1511011700000 571
1511011700000 572
1511011700000 573
1511011700000 574
1511011700000 575
1511011700000 575
1511011700000 577
1511011700000 578
1511011700000 578
1511011700000 579
1511011700000 581
1511011700000 581
1511011700000 582
1511011700000 584
1511011700000 585
1511011700000 585
1511011700000 585
1511011700000 586
1511011700000 586
1511011700000 587
1511011700000 589
1511011700000 591
1511011700000 591
1511011700000 595
1511011700000 596
1511011700000 597
1511011700000 612
1511011700000 613
1511011700000 653
1511011700000 653
1511011710000 305
1511011710000 306
1511011710000 306
1511011710000 306
1511011710000 306
1511011710000 306
1511011710000 306
1511011710000 306
1511011710000 306
1511011710000 306
1511011710000 306
1511011710000 306
1511011710000 306
1511011710000 306
1511011710000 306
1511011710000 306
1511011710000 306
1511011710000 306
1511011710000 306
1511011710000 306
1511011710000 306
1511011710000 306
1511011710000 306
1511011710000 307
1511011710000 307
1511011710000 307
1511011710000 307
1511011710000 307
1511011710000 307
1511011710000 307
1511011710000 307
1511011710000 307
1511011710000 307
1511011710000 307
1511011710000 307
1511011710000 307
1511011710000 307
1511011710000 307
1511011710000 307
1511011710000 307
1511011710000 307
1511011710000 307
1511011710000 307
1511011710000 307
1511011710000 307
1511011710000 307
1511011710000 307
1511011710000 307
1511011710000 307
1511011710000 307
1511011710000 307
1511011710000 307
1511011710000 307
1511011710000 307
1511011710000 307
1511011710000 307
1511011710000 307
1511011710000 307
1511011710000 307
1511011710000 307
1511011710000 307
1511011710000 308
1511011710000 308
1511011710000 308
1511011710000 308
1511011710000 308
1511011710000 308
1511011710000 308
1511011710000 308
1511011710000 308
1511011710000 308
1511011710000 308
1511011710000 308
1511011710000 308
1511011710000 308
1511011710000 308
1511011710000 308
1511011710000 308
1511011710000 308
1511011710000 308
1511011710000 308
1511011710000 308
1511011710000 308
1511011710000 308
1511011710000 309
1511011710000 309
1511011710000 309
1511011710000 309
1511011710000 309
1511011710000 309
1511011710000 309
1511011710000 319
1511011710000 320
1511011710000 324
1511011710000 325
1511011710000 339
1511011710000 340
1511011710000 368
1511011710000 369
1511011710000 369
1511011720000 332
1511011720000 333
1511011720000 333
1511011720000 333
1511011720000 333
1511011720000 333
1511011720000 333
1511011720000 333
1511011720000 333
1511011720000 333
1511011720000 334
1511011720000 334
1511011720000 334
1511011720000 334
1511011720000 334
1511011720000 334
1511011720000 334
1511011720000 334
1511011720000 334
1511011720000 334
1511011720000 334
1511011720000 334
1511011720000 334
1511011720000 334
1511011720000 334
1511011720000 335
1511011720000 335
1511011720000 335
1511011720000 336
1511011720000 336
1511011720000 336
1511011720000 336
1511011720000 336
1511011720000 337
1511011720000 337
1511011720000 337
1511011720000 338
1511011720000 339
1511011720000 340
1511011720000 340
1511011720000 340
1511011720000 340
1511011720000 340
1511011720000 340
1511011720000 340
1511011720000 340
1511011720000 341
1511011720000 341
1511011720000 341
1511011720000 342
1511011720000 342
1511011720000 342
1511011720000 342
1511011720000 342
1511011720000 343
1511011720000 343
1511011720000 343
1511011720000 343
1511011720000 344
1511011720000 369
1511011720000 369
1511011720000 369
1511011720000 370
1511011720000 378
1511011720000 378
1511011720000 592
1511011720000 597
1511011720000 600
1511011720000 601
1511011720000 601
1511011720000 601
1511011720000 602
1511011720000 602
1511011720000 602
1511011720000 602
1511011720000 603
1511011720000 603
1511011720000 603
1511011720000 604
1511011720000 607
1511011720000 608
1511011720000 608
1511011720000 612
1511011720000 613
1511011720000 613
1511011720000 613
1511011720000 614
1511011720000 616
1511011720000 616
1511011720000 616
1511011720000 616
1511011720000 617
1511011720000 617
1511011720000 618
1511011720000 622
1511011720000 625
1511011720000 625
1511011720000 626
1511011720000 627
1511011720000 641
1511011730000 1009
1511011730000 329
1511011730000 329
1511011730000 329
1511011730000 329
1511011730000 329
1511011730000 330
1511011730000 330
1511011730000 330
1511011730000 330
1511011730000 330
1511011730000 330
1511011730000 330
1511011730000 330
1511011730000 330
1511011730000 330
1511011730000 330
1511011730000 330
1511011730000 330
1511011730000 330
1511011730000 330
1511011730000 330
1511011730000 330
1511011730000 330
1511011730000 330
1511011730000 330
1511011730000 330
1511011730000 330
1511011730000 330
1511011730000 330
1511011730000 330
1511011730000 330
1511011730000 330
1511011730000 331
1511011730000 331
1511011730000 331
1511011730000 331
1511011730000 331
1511011730000 331
1511011730000 331
1511011730000 331
1511011730000 331
1511011730000 331
1511011730000 331
1511011730000 331
1511011730000 331
1511011730000 331
1511011730000 331
1511011730000 331
1511011730000 331
1511011730000 332
1511011730000 332
1511011730000 332
1511011730000 332
1511011730000 332
1511011730000 332
1511011730000 332
1511011730000 332
1511011730000 332
1511011730000 332
1511011730000 335
1511011730000 345
1511011730000 346
1511011730000 588
1511011730000 588
1511011730000 589
1511011730000 590
1511011730000 591
1511011730000 594
1511011730000 596
1511011730000 597
1511011730000 597
1511011730000 600
1511011730000 600
1511011730000 601
1511011730000 602
1511011730000 602
1511011730000 602
1511011730000 603
1511011730000 603
1511011730000 603
1511011730000 603
1511011730000 603
1511011730000 604
1511011730000 604
1511011730000 605
1511011730000 607
1511011730000 608
1511011730000 610
1511011730000 615
1511011730000 615
1511011730000 616
1511011730000 623
1511011730000 624
1511011730000 624
1511011730000 624
1511011730000 625
1511011730000 638
1511011730000 638
1511011730000 639
1511011740000 1016
1511011740000 1043
1511011740000 1044
1511011740000 1044
1511011740000 317
1511011740000 317
1511011740000 317
1511011740000 317
1511011740000 317
1511011740000 317
1511011740000 317
1511011740000 317
1511011740000 317
1511011740000 317
1511011740000 317
1511011740000 317
1511011740000 317
1511011740000 317
1511011740000 318
1511011740000 318
1511011740000 318
1511011740000 318
1511011740000 318
1511011740000 318
1511011740000 318
1511011740000 318
1511011740000 318
1511011740000 318
1511011740000 318
1511011740000 318
1511011740000 318
1511011740000 318
1511011740000 318
1511011740000 318
1511011740000 318
1511011740000 318
1511011740000 318
1511011740000 318
1511011740000 318
1511011740000 318
1511011740000 318
1511011740000 318
1511011740000 318
1511011740000 318
1511011740000 318
1511011740000 318
1511011740000 318
1511011740000 318
1511011740000 318
1511011740000 318
1511011740000 318
1511011740000 319
1511011740000 319
1511011740000 319
1511011740000 331
1511011740000 332
1511011740000 333
1511011740000 334
1511011740000 334
1511011740000 334
1511011740000 335
1511011740000 335
1511011740000 336
1511011740000 559
1511011740000 560
1511011740000 568
1511011740000 574
1511011740000 587
1511011740000 588
1511011740000 598
1511011740000 599
1511011740000 614
1511011740000 615
1511011740000 616
1511011740000 621
1511011740000 621
1511011740000 627
1511011740000 628
1511011740000 631
1511011740000 638
1511011740000 641
1511011740000 641
1511011740000 642
1511011740000 642
1511011740000 646
1511011740000 647
1511011740000 650
1511011740000 653
1511011740000 655
1511011740000 655
1511011740000 655
1511011740000 658
1511011740000 660
1511011740000 660
1511011740000 664
1511011740000 664
1511011740000 692
1511011740000 697
1511011740000 697
1511011740000 995
1511011750000 314
1511011750000 314
1511011750000 314
1511011750000 314
1511011750000 314
1511011750000 314
1511011750000 314
1511011750000 314
1511011750000 314
1511011750000 314
1511011750000 314
1511011750000 314
1511011750000 314
1511011750000 314
1511011750000 314
1511011750000 314
1511011750000 314
1511011750000 314
1511011750000 315
1511011750000 315
1511011750000 315
1511011750000 315
1511011750000 315
1511011750000 315
1511011750000 315
1511011750000 315
1511011750000 315
1511011750000 315
1511011750000 315
1511011750000 315
1511011750000 315
1511011750000 315
1511011750000 315
1511011750000 315
1511011750000 315
1511011750000 315
1511011750000 315
1511011750000 315
1511011750000 315
1511011750000 315
1511011750000 315
1511011750000 315
1511011750000 315
1511011750000 315
1511011750000 316
1511011750000 316
1511011750000 316
1511011750000 316
1511011750000 316
1511011750000 316
1511011750000 316
1511011750000 316
1511011750000 316
1511011750000 316
1511011750000 316
1511011750000 316
1511011750000 316
1511011750000 316
1511011750000 316
1511011750000 316
1511011750000 316
1511011750000 316
1511011750000 316
1511011750000 316
1511011750000 316
1511011750000 316
1511011750000 316
1511011750000 316
1511011750000 316
1511011750000 316
1511011750000 316
1511011750000 316
1511011750000 316
1511011750000 316
1511011750000 317
1511011750000 317
1511011750000 317
1511011750000 317
1511011750000 317
1511011750000 317
1511011750000 317
1511011750000 317
1511011750000 317
1511011750000 317
1511011750000 317
1511011750000 317
1511011750000 317
1511011750000 317
1511011750000 317
1511011750000 317
1511011750000 317
1511011750000 317
1511011750000 317
1511011750000 317
1511011750000 317
1511011750000 317
1511011750000 317
1511011750000 318
1511011750000 318
1511011750000 318
1511011760000 310
1511011760000 310
1511011760000 311
1511011760000 311
1511011760000 311
1511011760000 311
1511011760000 311
1511011760000 311
1511011760000 311
1511011760000 311
1511011760000 311
1511011760000 311
1511011760000 311
1511011760000 311
1511011760000 311
1511011760000 311
1511011760000 311
1511011760000 311
1511011760000 311
1511011760000 311
1511011760000 311
1511011760000 311
1511011760000 311
1511011760000 311
1511011760000 311
1511011760000 311
1511011760000 311
1511011760000 311
1511011760000 311
1511011760000 311
1511011760000 311
1511011760000 311
1511011760000 311
1511011760000 312
1511011760000 312
1511011760000 312
1511011760000 312
1511011760000 312
1511011760000 312
1511011760000 312
1511011760000 312
1511011760000 312
1511011760000 312
1511011760000 312
1511011760000 312
1511011760000 312
1511011760000 312
1511011760000 312
1511011760000 312
1511011760000 312
1511011760000 312
1511011760000 312
1511011760000 312
1511011760000 312
1511011760000 312
1511011760000 312
1511011760000 312
1511011760000 312
1511011760000 312
1511011760000 312
1511011760000 312
1511011760000 313
1511011760000 313
1511011760000 313
1511011760000 313
1511011760000 313
1511011760000 313
1511011760000 313
1511011760000 313
1511011760000 313
1511011760000 314
1511011760000 314
1511011760000 314
1511011760000 314
1511011760000 314
1511011760000 314
1511011760000 314
1511011760000 314
1511011760000 315
1511011760000 316
1511011760000 316
1511011760000 317
1511011760000 318
1511011760000 318
1511011760000 318
1511011760000 318
1511011760000 318
1511011760000 319
1511011760000 319
1511011760000 319
1511011760000 323
1511011760000 326
1511011760000 327
1511011760000 327
1511011760000 327
1511011760000 332
1511011760000 333
1511011760000 334
1511011760000 345
1511011760000 346
1511011770000 297
1511011770000 297
1511011770000 297
1511011770000 297
1511011770000 297
1511011770000 297
1511011770000 297
1511011770000 297
1511011770000 297
1511011770000 297
1511011770000 297
1511011770000 297
1511011770000 297
1511011770000 297
1511011770000 297
1511011770000 297
1511011770000 297
1511011770000 297
1511011770000 298
1511011770000 298
1511011770000 298
1511011770000 298
1511011770000 298
1511011770000 298
1511011770000 298
1511011770000 298
1511011770000 298
1511011770000 298
1511011770000 298
1511011770000 298
1511011770000 298
1511011770000 298
1511011770000 298
1511011770000 298
1511011770000 299
1511011770000 299
1511011770000 299
1511011770000 299
1511011770000 299
1511011770000 299
1511011770000 299
1511011770000 299
1511011770000 299
1511011770000 299
1511011770000 301
1511011770000 301
1511011770000 306
1511011770000 306
1511011770000 331
1511011770000 332
1511011770000 631
1511011770000 631
1511011770000 632
1511011770000 632
1511011770000 634
1511011770000 639
1511011770000 641
1511011770000 641
1511011770000 644
1511011770000 645
1511011770000 645
1511011770000 645
1511011770000 645
1511011770000 656
1511011770000 656
1511011770000 657
1511011770000 657
1511011770000 657
1511011770000 657
1511011770000 658
1511011770000 658
1511011770000 658
1511011770000 659
1511011770000 659
1511011770000 660
1511011770000 660
1511011770000 661
1511011770000 661
1511011770000 661
1511011770000 661
1511011770000 661
1511011770000 662
1511011770000 662
1511011770000 662
1511011770000 662
1511011770000 662
1511011770000 663
1511011770000 677
1511011770000 683
1511011770000 683
1511011770000 685
1511011770000 686
1511011770000 690
1511011770000 690
1511011770000 696
1511011770000 703
1511011770000 728
1511011770000 736
1511011770000 751
1511011770000 752
1511011780000 301
1511011780000 301
1511011780000 301
1511011780000 301
1511011780000 301
1511011780000 301
1511011780000 301
1511011780000 301
1511011780000 301
1511011780000 301
1511011780000 301
1511011780000 301
1511011780000 301
1511011780000 301
1511011780000 301
1511011780000 301
1511011780000 302
1511011780000 302
1511011780000 302
1511011780000 302
1511011780000 302
1511011780000 302
1511011780000 302
1511011780000 302
1511011780000 302
1511011780000 302
1511011780000 302
1511011780000 302
1511011780000 302
1511011780000 302
1511011780000 302
1511011780000 302
1511011780000 302
1511011780000 302
1511011780000 302
1511011780000 302
1511011780000 302
1511011780000 302
1511011780000 302
1511011780000 302
1511011780000 302
1511011780000 302
1511011780000 302
1511011780000 302
1511011780000 302
1511011780000 302
1511011780000 302
1511011780000 302
1511011780000 302
1511011780000 302
1511011780000 302
1511011780000 302
1511011780000 302
1511011780000 302
1511011780000 302
1511011780000 302
1511011780000 302
1511011780000 302
1511011780000 302
1511011780000 302
1511011780000 303
1511011780000 303
1511011780000 303
1511011780000 303
1511011780000 303
1511011780000 303
1511011780000 303
1511011780000 304
1511011780000 304
1511011780000 304
1511011780000 304
1511011780000 304
1511011780000 304
1511011780000 304
1511011780000 304
1511011780000 304
1511011780000 304
1511011780000 304
1511011780000 304
1511011780000 304
1511011780000 304
1511011780000 305
1511011780000 321
1511011780000 322
1511011780000 322
1511011780000 322
1511011780000 323
1511011780000 323
1511011780000 330
1511011780000 330
1511011780000 330
1511011780000 331
1511011780000 672
1511011780000 674
1511011780000 674
1511011780000 681
1511011780000 682
1511011780000 684
1511011780000 685
1511011780000 755
1511011790000 315
1511011790000 315
1511011790000 315
1511011790000 315
1511011790000 315
1511011790000 315
1511011790000 315
1511011790000 316
1511011790000 316
1511011790000 316
1511011790000 316
1511011790000 316
1511011790000 316
1511011790000 316
1511011790000 316
1511011790000 316
1511011790000 316
1511011790000 316
1511011790000 316
1511011790000 316
1511011790000 316
1511011790000 316
1511011790000 316
1511011790000 316
1511011790000 316
1511011790000 316
1511011790000 316
1511011790000 316
1511011790000 316
1511011790000 316
1511011790000 316
1511011790000 317
1511011790000 317
1511011790000 317
1511011790000 317
1511011790000 317
1511011790000 317
1511011790000 317
1511011790000 317
1511011790000 317
1511011790000 317
1511011790000 317
1511011790000 317
1511011790000 317
1511011790000 317
1511011790000 317
1511011790000 317
1511011790000 317
1511011790000 318
1511011790000 318
1511011790000 318
1511011790000 318
1511011790000 318
1511011790000 318
1511011790000 318
1511011790000 318
1511011790000 318
1511011790000 318
1511011790000 318
1511011790000 319
1511011790000 319
1511011790000 319
1511011790000 319
1511011790000 425
1511011790000 428
1511011790000 429
1511011790000 429
1511011790000 429
1511011790000 429
1511011790000 433
1511011790000 434
1511011790000 435
1511011790000 436
1511011790000 436
1511011790000 437
1511011790000 438
1511011790000 438
1511011790000 441
1511011790000 441
1511011790000 441
1511011790000 444
1511011790000 444
1511011790000 445
1511011790000 446
1511011790000 448
1511011790000 448
1511011790000 448
1511011790000 449
1511011790000 452
1511011790000 453
1511011790000 464
1511011790000 464
1511011790000 470
1511011790000 471
1511011790000 471
1511011790000 475
1511011790000 492
1511011790000 493
1511011790000 494
1511011790000 495
1511011800000 330
1511011800000 330
1511011800000 330
1511011800000 331
1511011800000 331
1511011800000 331
1511011800000 331
1511011800000 331
1511011800000 331
1511011800000 331
1511011800000 331
1511011800000 331
1511011800000 331
1511011800000 331
1511011800000 331
1511011800000 331
1511011800000 331
1511011800000 331
1511011800000 331
1511011800000 331
1511011800000 331
1511011800000 331
1511011800000 331
1511011800000 331
1511011800000 331
1511011800000 331
1511011800000 332
1511011800000 332
1511011800000 332
1511011800000 332
1511011800000 332
1511011800000 332
1511011800000 332
1511011800000 332
1511011800000 332
1511011800000 332
1511011800000 332
1511011800000 332
1511011800000 332
1511011800000 332
1511011800000 332
1511011800000 333
1511011800000 335
1511011800000 335
1511011800000 335
1511011800000 335
1511011800000 335
1511011800000 336
1511011800000 337
1511011800000 520
1511011800000 524
1511011800000 527
1511011800000 527
1511011800000 528
1511011800000 528
1511011800000 529
1511011800000 529
1511011800000 530
1511011800000 531
1511011800000 531
1511011800000 533
1511011800000 533
1511011800000 534
1511011800000 534
1511011800000 535
1511011800000 535
1511011800000 535
1511011800000 535
1511011800000 540
1511011800000 541
1511011800000 541
1511011800000 542
1511011800000 545
1511011800000 545
1511011800000 545
1511011800000 547
1511011800000 549
1511011800000 550
1511011800000 550
1511011800000 551
1511011800000 551
1511011800000 551
1511011800000 552
1511011800000 560
1511011800000 562
1511011800000 563
1511011800000 563
1511011800000 565
1511011800000 565
1511011800000 566
1511011800000 568
1511011800000 568
1511011800000 571
1511011800000 581
1511011800000 582
1511011800000 583
1511011800000 616
1511011800000 616
1511011800000 665
1511011800000 666
1511011810000 332
1511011810000 333
1511011810000 334
1511011810000 335
1511011810000 335
1511011810000 336
1511011810000 337
1511011810000 337
1511011810000 337
1511011810000 338
1511011810000 338
1511011810000 339
1511011810000 340
1511011810000 340
1511011810000 340
1511011810000 341
1511011810000 341
1511011810000 341
1511011810000 341
1511011810000 341
1511011810000 341
1511011810000 342
1511011810000 342
1511011810000 342
1511011810000 343
1511011810000 343
1511011810000 344
1511011810000 344
1511011810000 345
1511011810000 346
1511011810000 347
1511011810000 348
1511011810000 348
1511011810000 348
1511011810000 348
1511011810000 348
1511011810000 348
1511011810000 349
1511011810000 350
1511011810000 350
1511011810000 351
1511011810000 352
1511011810000 352
1511011810000 353
1511011810000 354
1511011810000 355
1511011810000 355
1511011810000 355
1511011810000 356
1511011810000 356
1511011810000 356
1511011810000 357
1511011810000 357
1511011810000 357
1511011810000 358
1511011810000 358
1511011810000 358
1511011810000 359
1511011810000 359
1511011810000 360
1511011810000 360
1511011810000 369
1511011810000 369
1511011810000 389
1511011810000 723
1511011810000 723
1511011810000 725
1511011810000 728
1511011810000 730
1511011810000 730
1511011810000 731
1511011810000 731
1511011810000 731
1511011810000 732
1511011810000 732
1511011810000 732
1511011810000 733
1511011810000 734
1511011810000 734
1511011810000 734
1511011810000 734
1511011810000 734
1511011810000 735
1511011810000 736
1511011810000 736
1511011810000 736
1511011810000 737
1511011810000 737
1511011810000 737
1511011810000 737
1511011810000 739
1511011810000 740
1511011810000 740
1511011810000 744
1511011810000 746
1511011810000 746
1511011810000 751
1511011810000 751
1511011810000 753
1511011810000 754
1511011820000 343
1511011820000 343
1511011820000 343
1511011820000 343
1511011820000 343
1511011820000 343
1511011820000 343
1511011820000 343
1511011820000 343
1511011820000 343
1511011820000 343
1511011820000 344
1511011820000 344
1511011820000 344
1511011820000 344
1511011820000 344
1511011820000 344
1511011820000 344
1511011820000 344
1511011820000 344
1511011820000 344
1511011820000 344
1511011820000 345
1511011820000 345
1511011820000 348
1511011820000 352
1511011820000 352
1511011820000 353
1511011820000 354
1511011820000 355
1511011820000 355
1511011820000 356
1511011820000 356
1511011820000 357
1511011820000 357
1511011820000 359
1511011820000 361
1511011820000 361
1511011820000 364
1511011820000 365
1511011820000 369
1511011820000 370
1511011820000 372
1511011820000 681
1511011820000 685
1511011820000 686
1511011820000 686
1511011820000 686
1511011820000 687
1511011820000 690
1511011820000 690
1511011820000 694
1511011820000 694
1511011820000 697
1511011820000 698
1511011820000 699
1511011820000 699
1511011820000 702
1511011820000 702
1511011820000 703
1511011820000 704
1511011820000 704
1511011820000 708
1511011820000 709
1511011820000 709
1511011820000 710
1511011820000 711
1511011820000 718
1511011820000 718
1511011820000 721
1511011820000 723
1511011820000 724
1511011820000 725
1511011820000 726
1511011820000 727
1511011820000 728
1511011820000 728
1511011820000 729
1511011820000 730
1511011820000 730
1511011820000 730
1511011820000 730
1511011820000 730
1511011820000 731
1511011820000 731
1511011820000 731
1511011820000 731
1511011820000 731
1511011820000 733
1511011820000 734
1511011820000 734
1511011820000 734
1511011820000 735
1511011820000 736
1511011820000 738
1511011820000 739
1511011820000 742
1511011820000 742
1511011820000 748
1511011820000 749
1511011830000 -7966
1511011830000 -7966
1511011830000 -7966
1511011830000 -7966
1511011830000 -7966
1511011830000 -7966
1511011830000 -7966
1511011830000 -7989
1511011830000 -7990
1511011830000 -7990
1511011830000 -7990
1511011830000 -7990
1511011830000 -7990
1511011830000 -7990
1511011830000 -7990
1511011830000 -7990
1511011830000 -7990
1511011830000 -7990
1511011830000 -7990
1511011830000 -7990
1511011830000 -7990
1511011830000 -7990
1511011830000 -7991
1511011830000 -7991
1511011830000 -7991
1511011830000 -7992
1511011830000 -7992
1511011830000 -7992
1511011830000 -7992
1511011830000 -7992
1511011830000 -7992
1511011830000 -7992
1511011830000 -7992
1511011830000 -7992
1511011830000 -7992
1511011830000 -7992
1511011830000 -7992
1511011830000 -7992
1511011830000 -7992
1511011830000 -7992
1511011830000 -7992
1511011830000 -7992
1511011830000 -7992
1511011830000 -7992
1511011830000 -7992
1511011830000 -7992
1511011830000 -7993
1511011830000 -7993
1511011830000 -7993
1511011830000 -7993
1511011830000 -7993
1511011830000 -7993
1511011830000 -7993
1511011830000 -7993
1511011830000 -7993
1511011830000 -7993
1511011830000 -7993
1511011830000 -7993
1511011830000 -7993
1511011830000 -7993
1511011830000 -7993
1511011830000 -7993
1511011830000 -7993
1511011830000 -7993
1511011830000 -7993
1511011830000 -7993
1511011830000 -7994
1511011830000 -7995
1511011830000 -7995
1511011830000 -7995
1511011830000 -7999
1511011830000 -8966
1511011830000 -8989
1511011830000 -8989
1511011830000 -8990
1511011830000 -8990
1511011830000 -8990
1511011830000 -8991
1511011830000 -8991
1511011830000 -8991
1511011830000 -8991
1511011830000 -8991
1511011830000 -8992
1511011830000 -8992
1511011830000 -8992
1511011830000 -8992
1511011830000 -8992
1511011830000 -8992
1511011830000 -8992
1511011830000 -8992
1511011830000 -8992
1511011830000 -8992
1511011830000 -8992
1511011830000 -8992
1511011830000 -8992
1511011830000 -8992
1511011830000 -8993
1511011830000 -8994
1511011830000 -8995
1511011830000 -8996
