1511998380000 386
1511998380000 386
1511998380000 386
1511998380000 386
1511998380000 387
1511998380000 387
1511998380000 387
1511998380000 387
1511998380000 387
1511998380000 387
1511998380000 387
1511998380000 387
1511998380000 387
1511998380000 387
1511998380000 387
1511998380000 387
1511998380000 387
1511998380000 387
1511998380000 387
1511998380000 387
1511998380000 387
1511998380000 387
1511998380000 387
1511998380000 387
1511998380000 387
1511998380000 387
1511998380000 387
1511998380000 387
1511998380000 387
1511998380000 387
1511998380000 388
1511998380000 388
1511998380000 388
1511998380000 388
1511998380000 388
1511998380000 388
1511998380000 388
1511998380000 388
1511998380000 388
1511998380000 388
1511998380000 388
1511998380000 388
1511998380000 388
1511998380000 388
1511998380000 388
1511998380000 388
1511998380000 388
1511998380000 388
1511998380000 388
1511998380000 388
1511998380000 388
1511998380000 388
1511998380000 388
1511998380000 388
1511998380000 388
1511998380000 388
1511998380000 388
1511998380000 388
1511998380000 388
1511998380000 388
1511998380000 388
1511998380000 388
1511998380000 388
1511998380000 389
1511998380000 389
1511998380000 389
1511998380000 389
1511998380000 389
1511998380000 389
1511998380000 389
1511998380000 389
1511998380000 389
1511998380000 389
1511998380000 389
1511998380000 389
1511998380000 389
1511998380000 389
1511998380000 389
1511998380000 389
1511998380000 389
1511998380000 389
1511998380000 389
1511998380000 389
1511998380000 389
1511998380000 389
1511998380000 389
1511998380000 390
1511998380000 390
1511998380000 390
1511998380000 390
1511998380000 390
1511998380000 390
1511998380000 390
1511998380000 390
1511998380000 390
1511998380000 390
1511998380000 390
1511998380000 391
1511998380000 391
1511998380000 391
1511998390000 307
1511998390000 307
1511998390000 307
1511998390000 307
1511998390000 307
1511998390000 307
1511998390000 307
1511998390000 308
1511998390000 308
1511998390000 308
1511998390000 308
1511998390000 308
1511998390000 308
1511998390000 308
1511998390000 308
1511998390000 308
1511998390000 308
1511998390000 308
1511998390000 308
1511998390000 308
1511998390000 308
1511998390000 308
1511998390000 308
1511998390000 309
1511998390000 309
1511998390000 309
1511998390000 309
1511998390000 309
1511998390000 309
1511998390000 309
1511998390000 309
1511998390000 309
1511998390000 309
1511998390000 309
1511998390000 309
1511998390000 309
1511998390000 309
1511998390000 309
1511998390000 309
1511998390000 310
1511998390000 310
1511998390000 310
1511998390000 310
1511998390000 310
1511998390000 310
1511998390000 310
1511998390000 310
1511998390000 310
1511998390000 310
1511998390000 310
1511998390000 310
1511998390000 310
1511998390000 310
1511998390000 310
1511998390000 310
1511998390000 310
1511998390000 310
1511998390000 311
1511998390000 311
1511998390000 311
1511998390000 311
1511998390000 311
1511998390000 311
1511998390000 311
1511998390000 311
1511998390000 311
1511998390000 311
1511998390000 311
1511998390000 311
1511998390000 311
1511998390000 311
1511998390000 311
1511998390000 311
1511998390000 311
1511998390000 311
1511998390000 311
1511998390000 312
1511998390000 312
1511998390000 312
1511998390000 312
1511998390000 312
1511998390000 312
1511998390000 312
1511998390000 312
1511998390000 312
1511998390000 312
1511998390000 312
1511998390000 312
1511998390000 313
1511998390000 313
1511998390000 313
1511998390000 327
1511998390000 327
1511998390000 328
1511998390000 328
1511998390000 328
1511998390000 329
1511998390000 329
1511998390000 339
1511998390000 339
1511998400000 337
1511998400000 337
1511998400000 337
1511998400000 337
1511998400000 337
1511998400000 337
1511998400000 337
1511998400000 337
1511998400000 337
1511998400000 337
1511998400000 338
1511998400000 338
1511998400000 338
1511998400000 338
1511998400000 338
1511998400000 338
1511998400000 338
1511998400000 338
1511998400000 338
1511998400000 338
1511998400000 338
1511998400000 338
1511998400000 339
1511998400000 339
1511998400000 339
1511998400000 339
1511998400000 339
1511998400000 339
1511998400000 339
1511998400000 339
1511998400000 339
1511998400000 339
1511998400000 339
1511998400000 339
1511998400000 339
1511998400000 339
1511998400000 339
1511998400000 339
1511998400000 339
1511998400000 339
1511998400000 339
1511998400000 339
1511998400000 339
1511998400000 340
1511998400000 340
1511998400000 340
1511998400000 340
1511998400000 340
1511998400000 340
1511998400000 340
1511998400000 340
1511998400000 341
1511998400000 341
1511998400000 341
1511998400000 341
1511998400000 341
1511998400000 341
1511998400000 341
1511998400000 341
1511998400000 341
1511998400000 341
1511998400000 341
1511998400000 341
1511998400000 342
1511998400000 342
1511998400000 342
1511998400000 342
1511998400000 342
1511998400000 342
1511998400000 343
1511998400000 343
1511998400000 343
1511998400000 343
1511998400000 343
1511998400000 343
1511998400000 343
1511998400000 343
1511998400000 343
1511998400000 343
1511998400000 343
1511998400000 343
1511998400000 343
1511998400000 343
1511998400000 343
1511998400000 343
1511998400000 343
1511998400000 344
1511998400000 344
1511998400000 344
1511998400000 344
1511998400000 344
1511998400000 344
1511998400000 344
1511998400000 344
1511998400000 344
1511998400000 344
1511998400000 345
1511998400000 345
1511998400000 345
1511998400000 345
1511998410000 401
1511998410000 401
1511998410000 401
1511998410000 401
1511998410000 401
1511998410000 401
1511998410000 401
1511998410000 401
1511998410000 401
1511998410000 401
1511998410000 401
1511998410000 401
1511998410000 401
1511998410000 401
1511998410000 401
1511998410000 401
1511998410000 401
1511998410000 401
1511998410000 401
1511998410000 401
1511998410000 401
1511998410000 401
1511998410000 401
1511998410000 402
1511998410000 402
1511998410000 402
1511998410000 402
1511998410000 402
1511998410000 402
1511998410000 402
1511998410000 402
1511998410000 402
1511998410000 402
1511998410000 402
1511998410000 402
1511998410000 402
1511998410000 402
1511998410000 402
1511998410000 402
1511998410000 402
1511998410000 402
1511998410000 402
1511998410000 402
1511998410000 402
1511998410000 402
1511998410000 402
1511998410000 402
1511998410000 402
1511998410000 402
1511998410000 402
1511998410000 402
1511998410000 402
1511998410000 402
1511998410000 402
1511998410000 402
1511998410000 402
1511998410000 402
1511998410000 403
1511998410000 403
1511998410000 403
1511998410000 403
1511998410000 403
1511998410000 403
1511998410000 403
1511998410000 403
1511998410000 403
1511998410000 403
1511998410000 403
1511998410000 403
1511998410000 403
1511998410000 403
1511998410000 403
1511998410000 403
1511998410000 403
1511998410000 403
1511998410000 403
1511998410000 403
1511998410000 403
1511998410000 403
1511998410000 403
1511998410000 403
1511998410000 403
1511998410000 404
1511998410000 404
1511998410000 404
1511998410000 404
1511998410000 404
1511998410000 404
1511998410000 404
1511998410000 404
1511998410000 404
1511998410000 404
1511998410000 404
1511998410000 404
1511998410000 404
1511998410000 404
1511998410000 404
1511998410000 404
1511998410000 404
1511998410000 405
1511998420000 307
1511998420000 307
1511998420000 307
1511998420000 307
1511998420000 308
1511998420000 308
1511998420000 308
1511998420000 308
1511998420000 308
1511998420000 308
1511998420000 308
1511998420000 308
1511998420000 308
1511998420000 308
1511998420000 308
1511998420000 308
1511998420000 308
1511998420000 308
1511998420000 308
1511998420000 308
1511998420000 308
1511998420000 308
1511998420000 308
1511998420000 308
1511998420000 308
1511998420000 308
1511998420000 308
1511998420000 308
1511998420000 308
1511998420000 308
1511998420000 308
1511998420000 308
1511998420000 308
1511998420000 308
1511998420000 308
1511998420000 308
1511998420000 308
1511998420000 308
1511998420000 308
1511998420000 308
1511998420000 308
1511998420000 308
1511998420000 308
1511998420000 308
1511998420000 308
1511998420000 309
1511998420000 309
1511998420000 309
1511998420000 309
1511998420000 309
1511998420000 309
1511998420000 309
1511998420000 309
1511998420000 309
1511998420000 309
1511998420000 309
1511998420000 309
1511998420000 309
1511998420000 309
1511998420000 309
1511998420000 309
1511998420000 309
1511998420000 309
1511998420000 309
1511998420000 309
1511998420000 309
1511998420000 309
1511998420000 310
1511998420000 310
1511998420000 310
1511998420000 310
1511998420000 310
1511998420000 310
1511998420000 310
1511998420000 310
1511998420000 310
1511998420000 310
1511998420000 310
1511998420000 310
1511998420000 310
1511998420000 310
1511998420000 310
1511998420000 310
1511998420000 310
1511998420000 310
1511998420000 310
1511998420000 310
1511998420000 310
1511998420000 310
1511998420000 310
1511998420000 311
1511998420000 311
1511998420000 311
1511998420000 311
1511998420000 323
1511998420000 326
1511998420000 327
1511998420000 327
1511998420000 327
1511998420000 328
1511998430000 296
1511998430000 296
1511998430000 296
1511998430000 296
1511998430000 296
1511998430000 296
1511998430000 296
1511998430000 296
1511998430000 296
1511998430000 296
1511998430000 296
1511998430000 296
1511998430000 296
1511998430000 296
1511998430000 296
1511998430000 296
1511998430000 296
1511998430000 296
1511998430000 296
1511998430000 296
1511998430000 296
1511998430000 296
1511998430000 296
1511998430000 297
1511998430000 297
1511998430000 297
1511998430000 297
1511998430000 297
1511998430000 297
1511998430000 297
1511998430000 297
1511998430000 297
1511998430000 297
1511998430000 297
1511998430000 297
1511998430000 297
1511998430000 297
1511998430000 297
1511998430000 297
1511998430000 297
1511998430000 297
1511998430000 297
1511998430000 297
1511998430000 297
1511998430000 297
1511998430000 297
1511998430000 298
1511998430000 298
1511998430000 298
1511998430000 298
1511998430000 298
1511998430000 298
1511998430000 298
1511998430000 298
1511998430000 298
1511998430000 298
1511998430000 298
1511998430000 298
1511998430000 298
1511998430000 298
1511998430000 298
1511998430000 298
1511998430000 298
1511998430000 298
1511998430000 298
1511998430000 298
1511998430000 298
1511998430000 298
1511998430000 298
1511998430000 298
1511998430000 298
1511998430000 298
1511998430000 298
1511998430000 298
1511998430000 298
1511998430000 299
1511998430000 299
1511998430000 299
1511998430000 299
1511998430000 299
1511998430000 299
1511998430000 299
1511998430000 299
1511998430000 299
1511998430000 299
1511998430000 299
1511998430000 299
1511998430000 299
1511998430000 299
1511998430000 299
1511998430000 299
1511998430000 299
1511998430000 300
1511998430000 319
1511998430000 320
1511998430000 320
1511998430000 322
1511998430000 322
1511998430000 323
1511998430000 323
1511998440000 338
1511998440000 338
1511998440000 338
1511998440000 338
1511998440000 338
1511998440000 338
1511998440000 338
1511998440000 338
1511998440000 338
1511998440000 338
1511998440000 338
1511998440000 338
1511998440000 338
1511998440000 338
1511998440000 338
1511998440000 338
1511998440000 338
1511998440000 338
1511998440000 338
1511998440000 338
1511998440000 338
1511998440000 338
1511998440000 338
1511998440000 338
1511998440000 338
1511998440000 338
1511998440000 339
1511998440000 339
1511998440000 339
1511998440000 339
1511998440000 339
1511998440000 339
1511998440000 339
1511998440000 339
1511998440000 339
1511998440000 339
1511998440000 339
1511998440000 339
1511998440000 339
1511998440000 339
1511998440000 339
1511998440000 339
1511998440000 339
1511998440000 339
1511998440000 339
1511998440000 339
1511998440000 339
1511998440000 339
1511998440000 339
1511998440000 339
1511998440000 339
1511998440000 339
1511998440000 339
1511998440000 339
1511998440000 339
1511998440000 339
1511998440000 339
1511998440000 340
1511998440000 340
1511998440000 340
1511998440000 340
1511998440000 340
1511998440000 340
1511998440000 340
1511998440000 340
1511998440000 340
1511998440000 340
1511998440000 340
1511998440000 340
1511998440000 340
1511998440000 340
1511998440000 340
1511998440000 340
1511998440000 340
1511998440000 340
1511998440000 340
1511998440000 340
1511998440000 340
1511998440000 340
1511998440000 340
1511998440000 340
1511998440000 340
1511998440000 340
1511998440000 340
1511998440000 340
1511998440000 340
1511998440000 341
1511998440000 341
1511998440000 341
1511998440000 341
1511998440000 341
1511998440000 341
1511998440000 341
1511998440000 341
1511998440000 341
1511998440000 341
1511998440000 341
1511998440000 341
1511998440000 341
1511998440000 341
1511998450000 351
1511998450000 351
1511998450000 351
1511998450000 351
1511998450000 351
1511998450000 351
1511998450000 351
1511998450000 351
1511998450000 351
1511998450000 351
1511998450000 351
1511998450000 351
1511998450000 351
1511998450000 351
1511998450000 352
1511998450000 352
1511998450000 352
1511998450000 352
1511998450000 352
1511998450000 352
1511998450000 352
1511998450000 352
1511998450000 352
1511998450000 352
1511998450000 352
1511998450000 352
1511998450000 352
1511998450000 352
1511998450000 352
1511998450000 352
1511998450000 352
1511998450000 352
1511998450000 352
1511998450000 352
1511998450000 352
1511998450000 352
1511998450000 352
1511998450000 352
1511998450000 352
1511998450000 352
1511998450000 353
1511998450000 353
1511998450000 353
1511998450000 353
1511998450000 353
1511998450000 353
1511998450000 353
1511998450000 353
1511998450000 353
1511998450000 353
1511998450000 353
1511998450000 353
1511998450000 353
1511998450000 353
1511998450000 353
1511998450000 353
1511998450000 353
1511998450000 353
1511998450000 353
1511998450000 353
1511998450000 353
1511998450000 353
1511998450000 353
1511998450000 353
1511998450000 353
1511998450000 354
1511998450000 354
1511998450000 354
1511998450000 354
1511998450000 354
1511998450000 354
1511998450000 354
1511998450000 354
1511998450000 354
1511998450000 354
1511998450000 354
1511998450000 354
1511998450000 354
1511998450000 354
1511998450000 354
1511998450000 354
1511998450000 354
1511998450000 354
1511998450000 354
1511998450000 354
1511998450000 354
1511998450000 355
1511998450000 355
1511998450000 355
1511998450000 355
1511998450000 355
1511998450000 355
1511998450000 379
1511998450000 380
1511998450000 380
1511998450000 380
1511998450000 380
1511998450000 380
1511998450000 381
1511998450000 382
1511998460000 296
1511998460000 296
1511998460000 296
1511998460000 296
1511998460000 296
1511998460000 296
1511998460000 296
1511998460000 296
1511998460000 296
1511998460000 296
1511998460000 296
1511998460000 296
1511998460000 296
1511998460000 296
1511998460000 296
1511998460000 296
1511998460000 296
1511998460000 296
1511998460000 296
1511998460000 296
1511998460000 296
1511998460000 297
1511998460000 297
1511998460000 297
1511998460000 297
1511998460000 297
1511998460000 297
1511998460000 297
1511998460000 297
1511998460000 297
1511998460000 297
1511998460000 297
1511998460000 297
1511998460000 297
1511998460000 297
1511998460000 297
1511998460000 297
1511998460000 297
1511998460000 297
1511998460000 297
1511998460000 297
1511998460000 297
1511998460000 297
1511998460000 297
1511998460000 297
1511998460000 297
1511998460000 297
1511998460000 297
1511998460000 297
1511998460000 297
1511998460000 297
1511998460000 297
1511998460000 297
1511998460000 298
1511998460000 298
1511998460000 298
1511998460000 298
1511998460000 298
1511998460000 298
1511998460000 298
1511998460000 298
1511998460000 298
1511998460000 298
1511998460000 298
1511998460000 298
1511998460000 298
1511998460000 298
1511998460000 298
1511998460000 298
1511998460000 298
1511998460000 298
1511998460000 298
1511998460000 298
1511998460000 298
1511998460000 298
1511998460000 299
1511998460000 299
1511998460000 299
1511998460000 299
1511998460000 299
1511998460000 299
1511998460000 299
1511998460000 299
1511998460000 299
1511998460000 299
1511998460000 299
1511998460000 299
1511998460000 299
1511998460000 299
1511998460000 299
1511998460000 299
1511998460000 299
1511998460000 299
1511998460000 299
1511998460000 299
1511998460000 299
1511998460000 300
1511998460000 300
1511998460000 300
1511998460000 300
1511998470000 338
1511998470000 338
1511998470000 338
1511998470000 338
1511998470000 338
1511998470000 338
1511998470000 338
1511998470000 339
1511998470000 339
1511998470000 339
1511998470000 339
1511998470000 339
1511998470000 339
1511998470000 339
1511998470000 339
1511998470000 339
1511998470000 339
1511998470000 339
1511998470000 339
1511998470000 339
1511998470000 339
1511998470000 339
1511998470000 340
1511998470000 340
1511998470000 340
1511998470000 340
1511998470000 340
1511998470000 340
1511998470000 340
1511998470000 340
1511998470000 340
1511998470000 340
1511998470000 340
1511998470000 340
1511998470000 340
1511998470000 340
1511998470000 340
1511998470000 340
1511998470000 340
1511998470000 340
1511998470000 340
1511998470000 340
1511998470000 340
1511998470000 340
1511998470000 340
1511998470000 340
1511998470000 340
1511998470000 340
1511998470000 340
1511998470000 340
1511998470000 340
1511998470000 341
1511998470000 341
1511998470000 341
1511998470000 341
1511998470000 341
1511998470000 341
1511998470000 341
1511998470000 341
1511998470000 341
1511998470000 341
1511998470000 341
1511998470000 342
1511998470000 342
1511998470000 342
1511998470000 342
1511998470000 342
1511998470000 342
1511998470000 342
1511998470000 342
1511998470000 342
1511998470000 342
1511998470000 342
1511998470000 342
1511998470000 342
1511998470000 342
1511998470000 342
1511998470000 342
1511998470000 342
1511998470000 342
1511998470000 342
1511998470000 342
1511998470000 342
1511998470000 342
1511998470000 342
1511998470000 343
1511998470000 343
1511998470000 343
1511998470000 343
1511998470000 343
1511998470000 343
1511998470000 343
1511998470000 343
1511998470000 343
1511998470000 343
1511998470000 343
1511998470000 343
1511998470000 343
1511998470000 344
1511998470000 344
1511998480000 362
1511998480000 362
1511998480000 362
1511998480000 362
1511998480000 362
1511998480000 362
1511998480000 363
1511998480000 363
1511998480000 363
1511998480000 363
1511998480000 363
1511998480000 363
1511998480000 363
1511998480000 363
1511998480000 363
1511998480000 363
1511998480000 363
1511998480000 363
1511998480000 363
1511998480000 363
1511998480000 363
1511998480000 363
1511998480000 363
1511998480000 363
1511998480000 363
1511998480000 363
1511998480000 363
1511998480000 363
1511998480000 363
1511998480000 363
1511998480000 363
1511998480000 363
1511998480000 363
1511998480000 363
1511998480000 363
1511998480000 363
1511998480000 363
1511998480000 363
1511998480000 363
1511998480000 363
1511998480000 364
1511998480000 364
1511998480000 364
1511998480000 364
1511998480000 364
1511998480000 364
1511998480000 364
1511998480000 364
1511998480000 364
1511998480000 364
1511998480000 364
1511998480000 364
1511998480000 364
1511998480000 364
1511998480000 364
1511998480000 364
1511998480000 364
1511998480000 364
1511998480000 364
1511998480000 364
1511998480000 364
1511998480000 364
1511998480000 364
1511998480000 364
1511998480000 364
1511998480000 364
1511998480000 364
1511998480000 364
1511998480000 364
1511998480000 364
1511998480000 364
1511998480000 364
1511998480000 364
1511998480000 365
1511998480000 365
1511998480000 365
1511998480000 365
1511998480000 365
1511998480000 365
1511998480000 365
1511998480000 365
1511998480000 365
1511998480000 365
1511998480000 365
1511998480000 365
1511998480000 365
1511998480000 365
1511998480000 365
1511998480000 366
1511998480000 366
1511998480000 366
1511998480000 366
1511998480000 382
1511998480000 382
1511998480000 383
1511998480000 383
1511998480000 383
1511998480000 383
1511998480000 383
1511998480000 384
1511998490000 328
1511998490000 328
1511998490000 328
1511998490000 328
1511998490000 328
1511998490000 328
1511998490000 328
1511998490000 328
1511998490000 328
1511998490000 328
1511998490000 328
1511998490000 328
1511998490000 328
1511998490000 328
1511998490000 328
1511998490000 328
1511998490000 328
1511998490000 328
1511998490000 328
1511998490000 328
1511998490000 328
1511998490000 328
1511998490000 328
1511998490000 328
1511998490000 328
1511998490000 329
1511998490000 329
1511998490000 329
1511998490000 329
1511998490000 329
1511998490000 329
1511998490000 329
1511998490000 329
1511998490000 329
1511998490000 329
1511998490000 329
1511998490000 329
1511998490000 329
1511998490000 329
1511998490000 329
1511998490000 329
1511998490000 329
1511998490000 329
1511998490000 329
1511998490000 329
1511998490000 329
1511998490000 329
1511998490000 329
1511998490000 329
1511998490000 329
1511998490000 329
1511998490000 329
1511998490000 329
1511998490000 329
1511998490000 329
1511998490000 329
1511998490000 329
1511998490000 329
1511998490000 329
1511998490000 329
1511998490000 330
1511998490000 330
1511998490000 330
1511998490000 330
1511998490000 330
1511998490000 330
1511998490000 330
1511998490000 330
1511998490000 330
1511998490000 330
1511998490000 330
1511998490000 330
1511998490000 331
1511998490000 331
1511998490000 331
1511998490000 331
1511998490000 331
1511998490000 331
1511998490000 331
1511998490000 331
1511998490000 331
1511998490000 331
1511998490000 331
1511998490000 331
1511998490000 331
1511998490000 331
1511998490000 331
1511998490000 331
1511998490000 331
1511998490000 331
1511998490000 331
1511998490000 331
1511998490000 332
1511998490000 332
1511998490000 332
1511998490000 332
1511998490000 332
1511998490000 332
1511998490000 332
1511998490000 332
1511998500000 330
1511998500000 330
1511998500000 330
1511998500000 330
1511998500000 330
1511998500000 330
1511998500000 330
1511998500000 330
1511998500000 330
1511998500000 330
1511998500000 330
1511998500000 330
1511998500000 330
1511998500000 330
1511998500000 330
1511998500000 331
1511998500000 331
1511998500000 331
1511998500000 331
1511998500000 331
1511998500000 331
1511998500000 331
1511998500000 331
1511998500000 331
1511998500000 331
1511998500000 331
1511998500000 331
1511998500000 331
1511998500000 331
1511998500000 331
1511998500000 331
1511998500000 331
1511998500000 331
1511998500000 331
1511998500000 331
1511998500000 331
1511998500000 331
1511998500000 331
1511998500000 331
1511998500000 331
1511998500000 331
1511998500000 331
1511998500000 331
1511998500000 331
1511998500000 331
1511998500000 331
1511998500000 332
1511998500000 332
1511998500000 332
1511998500000 332
1511998500000 332
1511998500000 332
1511998500000 332
1511998500000 332
1511998500000 332
1511998500000 332
1511998500000 332
1511998500000 332
1511998500000 332
1511998500000 332
1511998500000 332
1511998500000 332
1511998500000 332
1511998500000 332
1511998500000 332
1511998500000 332
1511998500000 332
1511998500000 332
1511998500000 332
1511998500000 332
1511998500000 332
1511998500000 332
1511998500000 332
1511998500000 333
1511998500000 333
1511998500000 333
1511998500000 333
1511998500000 333
1511998500000 333
1511998500000 333
1511998500000 333
1511998500000 333
1511998500000 333
1511998500000 333
1511998500000 333
1511998500000 333
1511998500000 333
1511998500000 334
1511998500000 334
1511998500000 334
1511998500000 334
1511998500000 335
1511998500000 335
1511998500000 357
1511998500000 357
1511998500000 358
1511998500000 358
1511998500000 358
1511998500000 358
1511998500000 359
1511998510000 368
1511998510000 368
1511998510000 368
1511998510000 368
1511998510000 368
1511998510000 368
1511998510000 368
1511998510000 368
1511998510000 368
1511998510000 368
1511998510000 368
1511998510000 368
1511998510000 368
1511998510000 368
1511998510000 368
1511998510000 368
1511998510000 368
1511998510000 368
1511998510000 368
1511998510000 368
1511998510000 368
1511998510000 368
1511998510000 368
1511998510000 369
1511998510000 369
1511998510000 369
1511998510000 369
1511998510000 369
1511998510000 369
1511998510000 369
1511998510000 369
1511998510000 369
1511998510000 369
1511998510000 369
1511998510000 369
1511998510000 369
1511998510000 369
1511998510000 369
1511998510000 369
1511998510000 369
1511998510000 369
1511998510000 369
1511998510000 369
1511998510000 369
1511998510000 369
1511998510000 369
1511998510000 369
1511998510000 369
1511998510000 369
1511998510000 369
1511998510000 369
1511998510000 369
1511998510000 369
1511998510000 369
1511998510000 369
1511998510000 369
1511998510000 369
1511998510000 370
1511998510000 370
1511998510000 370
1511998510000 370
1511998510000 370
1511998510000 370
1511998510000 370
1511998510000 370
1511998510000 370
1511998510000 370
1511998510000 370
1511998510000 370
1511998510000 370
1511998510000 370
1511998510000 370
1511998510000 370
1511998510000 370
1511998510000 370
1511998510000 370
1511998510000 370
1511998510000 371
1511998510000 371
1511998510000 371
1511998510000 371
1511998510000 371
1511998510000 371
1511998510000 371
1511998510000 372
1511998510000 378
1511998510000 379
1511998510000 379
1511998510000 379
1511998510000 379
1511998510000 380
1511998510000 380
1511998510000 380
1511998510000 390
1511998510000 391
1511998510000 391
1511998510000 392
1511998510000 393
1511998510000 393
1511998510000 393
1511998520000 323
1511998520000 323
1511998520000 323
1511998520000 324
1511998520000 326
1511998520000 326
1511998520000 326
1511998520000 326
1511998520000 326
1511998520000 326
1511998520000 326
1511998520000 326
1511998520000 326
1511998520000 327
1511998520000 327
1511998520000 327
1511998520000 327
1511998520000 327
1511998520000 327
1511998520000 327
1511998520000 327
1511998520000 327
1511998520000 327
1511998520000 327
1511998520000 327
1511998520000 327
1511998520000 327
1511998520000 327
1511998520000 327
1511998520000 327
1511998520000 327
1511998520000 327
1511998520000 327
1511998520000 328
1511998520000 328
1511998520000 328
1511998520000 328
1511998520000 328
1511998520000 328
1511998520000 328
1511998520000 328
1511998520000 328
1511998520000 328
1511998520000 328
1511998520000 328
1511998520000 328
1511998520000 328
1511998520000 328
1511998520000 328
1511998520000 329
1511998520000 329
1511998520000 329
1511998520000 329
1511998520000 329
1511998520000 329
1511998520000 329
1511998520000 329
1511998520000 329
1511998520000 329
1511998520000 329
1511998520000 329
1511998520000 329
1511998520000 329
1511998520000 329
1511998520000 329
1511998520000 329
1511998520000 329
1511998520000 329
1511998520000 329
1511998520000 330
1511998520000 330
1511998520000 330
1511998520000 330
1511998520000 330
1511998520000 330
1511998520000 330
1511998520000 330
1511998520000 330
1511998520000 330
1511998520000 330
1511998520000 330
1511998520000 330
1511998520000 330
1511998520000 330
1511998520000 330
1511998520000 330
1511998520000 330
1511998520000 330
1511998520000 330
1511998520000 330
1511998520000 330
1511998520000 330
1511998520000 330
1511998520000 330
1511998520000 330
1511998520000 331
1511998520000 331
1511998520000 331
1511998520000 331
1511998520000 331
1511998530000 325
1511998530000 325
1511998530000 325
1511998530000 326
1511998530000 326
1511998530000 326
1511998530000 326
1511998530000 326
1511998530000 326
1511998530000 326
1511998530000 326
1511998530000 326
1511998530000 326
1511998530000 326
1511998530000 326
1511998530000 326
1511998530000 326
1511998530000 326
1511998530000 326
1511998530000 326
1511998530000 326
1511998530000 326
1511998530000 326
1511998530000 326
1511998530000 326
1511998530000 326
1511998530000 327
1511998530000 327
1511998530000 327
1511998530000 327
1511998530000 327
1511998530000 327
1511998530000 327
1511998530000 327
1511998530000 327
1511998530000 327
1511998530000 327
1511998530000 327
1511998530000 327
1511998530000 327
1511998530000 327
1511998530000 328
1511998530000 328
1511998530000 328
1511998530000 328
1511998530000 328
1511998530000 328
1511998530000 328
1511998530000 328
1511998530000 328
1511998530000 328
1511998530000 328
1511998530000 328
1511998530000 328
1511998530000 329
1511998530000 329
1511998530000 329
1511998530000 329
1511998530000 330
1511998530000 330
1511998530000 330
1511998530000 330
1511998530000 330
1511998530000 330
1511998530000 330
1511998530000 331
1511998530000 331
1511998530000 331
1511998530000 331
1511998530000 331
1511998530000 331
1511998530000 331
1511998530000 331
1511998530000 331
1511998530000 331
1511998530000 331
1511998530000 331
1511998530000 331
1511998530000 332
1511998530000 332
1511998530000 332
1511998530000 332
1511998530000 332
1511998530000 332
1511998530000 332
1511998530000 332
1511998530000 332
1511998530000 332
1511998530000 332
1511998530000 333
1511998530000 333
1511998530000 338
1511998530000 338
1511998530000 339
1511998530000 339
1511998530000 339
1511998530000 339
1511998530000 340
1511998530000 340
1511998530000 341
1511998540000 360
1511998540000 360
1511998540000 360
1511998540000 360
1511998540000 360
1511998540000 360
1511998540000 360
1511998540000 360
1511998540000 360
1511998540000 360
1511998540000 360
1511998540000 360
1511998540000 360
1511998540000 360
1511998540000 360
1511998540000 360
1511998540000 360
1511998540000 360
1511998540000 360
1511998540000 360
1511998540000 360
1511998540000 360
1511998540000 360
1511998540000 360
1511998540000 361
1511998540000 361
1511998540000 361
1511998540000 361
1511998540000 361
1511998540000 361
1511998540000 361
1511998540000 361
1511998540000 361
1511998540000 361
1511998540000 361
1511998540000 361
1511998540000 361
1511998540000 361
1511998540000 361
1511998540000 361
1511998540000 361
1511998540000 361
1511998540000 361
1511998540000 361
1511998540000 362
1511998540000 362
1511998540000 362
1511998540000 362
1511998540000 362
1511998540000 362
1511998540000 362
1511998540000 362
1511998540000 362
1511998540000 362
1511998540000 362
1511998540000 362
1511998540000 362
1511998540000 362
1511998540000 363
1511998540000 363
1511998540000 363
1511998540000 364
1511998540000 364
1511998540000 365
1511998540000 365
1511998540000 365
1511998540000 365
1511998540000 365
1511998540000 365
1511998540000 365
1511998540000 365
1511998540000 366
1511998540000 366
1511998540000 366
1511998540000 376
1511998540000 376
1511998540000 376
1511998540000 378
1511998540000 378
1511998540000 379
1511998540000 379
1511998540000 379
1511998540000 379
1511998540000 379
1511998540000 380
1511998540000 387
1511998540000 387
1511998540000 387
1511998540000 388
1511998540000 389
1511998540000 389
1511998540000 389
1511998540000 389
1511998540000 390
1511998540000 390
1511998540000 390
1511998540000 390
1511998540000 390
1511998540000 392
1511998540000 392
1511998550000 327
1511998550000 327
1511998550000 327
1511998550000 327
1511998550000 327
1511998550000 327
1511998550000 327
1511998550000 327
1511998550000 327
1511998550000 327
1511998550000 327
1511998550000 327
1511998550000 327
1511998550000 327
1511998550000 327
1511998550000 327
1511998550000 327
1511998550000 327
1511998550000 328
1511998550000 328
1511998550000 328
1511998550000 328
1511998550000 328
1511998550000 328
1511998550000 328
1511998550000 328
1511998550000 328
1511998550000 328
1511998550000 328
1511998550000 328
1511998550000 328
1511998550000 328
1511998550000 328
1511998550000 328
1511998550000 328
1511998550000 328
1511998550000 328
1511998550000 328
1511998550000 328
1511998550000 328
1511998550000 328
1511998550000 328
1511998550000 328
1511998550000 328
1511998550000 328
1511998550000 328
1511998550000 328
1511998550000 328
1511998550000 328
1511998550000 328
1511998550000 328
1511998550000 328
1511998550000 328
1511998550000 328
1511998550000 328
1511998550000 328
1511998550000 328
1511998550000 329
1511998550000 329
1511998550000 329
1511998550000 329
1511998550000 329
1511998550000 329
1511998550000 329
1511998550000 329
1511998550000 329
1511998550000 329
1511998550000 329
1511998550000 329
1511998550000 329
1511998550000 329
1511998550000 329
1511998550000 329
1511998550000 329
1511998550000 329
1511998550000 329
1511998550000 330
1511998550000 330
1511998550000 330
1511998550000 330
1511998550000 330
1511998550000 330
1511998550000 330
1511998550000 330
1511998550000 330
1511998550000 330
1511998550000 330
1511998550000 330
1511998550000 330
1511998550000 330
1511998550000 330
1511998550000 330
1511998550000 330
1511998550000 330
1511998550000 330
1511998550000 330
1511998550000 331
1511998550000 331
1511998550000 331
1511998550000 331
1511998560000 337
1511998560000 337
1511998560000 337
1511998560000 337
1511998560000 337
1511998560000 337
1511998560000 337
1511998560000 337
1511998560000 338
1511998560000 338
1511998560000 338
1511998560000 338
1511998560000 338
1511998560000 338
1511998560000 338
1511998560000 338
1511998560000 338
1511998560000 338
1511998560000 338
1511998560000 338
1511998560000 338
1511998560000 338
1511998560000 338
1511998560000 338
1511998560000 338
1511998560000 338
1511998560000 338
1511998560000 338
1511998560000 338
1511998560000 338
1511998560000 338
1511998560000 338
1511998560000 338
1511998560000 338
1511998560000 338
1511998560000 338
1511998560000 338
1511998560000 338
1511998560000 338
1511998560000 338
1511998560000 338
1511998560000 338
1511998560000 338
1511998560000 338
1511998560000 338
1511998560000 338
1511998560000 338
1511998560000 338
1511998560000 338
1511998560000 338
1511998560000 338
1511998560000 338
1511998560000 339
1511998560000 339
1511998560000 339
1511998560000 339
1511998560000 339
1511998560000 339
1511998560000 339
1511998560000 339
1511998560000 339
1511998560000 339
1511998560000 339
1511998560000 339
1511998560000 339
1511998560000 339
1511998560000 339
1511998560000 339
1511998560000 339
1511998560000 339
1511998560000 339
1511998560000 339
1511998560000 339
1511998560000 339
1511998560000 339
1511998560000 339
1511998560000 339
1511998560000 339
1511998560000 340
1511998560000 340
1511998560000 340
1511998560000 340
1511998560000 340
1511998560000 340
1511998560000 340
1511998560000 340
1511998560000 340
1511998560000 340
1511998560000 340
1511998560000 340
1511998560000 340
1511998560000 340
1511998560000 340
1511998560000 340
1511998560000 340
1511998560000 340
1511998560000 340
1511998560000 341
1511998560000 347
1511998560000 347
1511998570000 290
1511998570000 290
1511998570000 290
1511998570000 291
1511998570000 291
1511998570000 291
1511998570000 291
1511998570000 291
1511998570000 291
1511998570000 291
1511998570000 291
1511998570000 291
1511998570000 291
1511998570000 291
1511998570000 291
1511998570000 291
1511998570000 291
1511998570000 291
1511998570000 291
1511998570000 291
1511998570000 292
1511998570000 292
1511998570000 292
1511998570000 292
1511998570000 292
1511998570000 292
1511998570000 292
1511998570000 292
1511998570000 292
1511998570000 292
1511998570000 292
1511998570000 292
1511998570000 292
1511998570000 292
1511998570000 292
1511998570000 292
1511998570000 292
1511998570000 292
1511998570000 292
1511998570000 292
1511998570000 292
1511998570000 292
1511998570000 292
1511998570000 292
1511998570000 292
1511998570000 292
1511998570000 292
1511998570000 293
1511998570000 293
1511998570000 293
1511998570000 293
1511998570000 293
1511998570000 293
1511998570000 293
1511998570000 293
1511998570000 293
1511998570000 293
1511998570000 293
1511998570000 293
1511998570000 293
1511998570000 293
1511998570000 293
1511998570000 293
1511998570000 293
1511998570000 293
1511998570000 293
1511998570000 293
1511998570000 293
1511998570000 293
1511998570000 293
1511998570000 293
1511998570000 293
1511998570000 293
1511998570000 293
1511998570000 293
1511998570000 293
1511998570000 293
1511998570000 293
1511998570000 293
1511998570000 294
1511998570000 294
1511998570000 294
1511998570000 294
1511998570000 294
1511998570000 294
1511998570000 294
1511998570000 294
1511998570000 294
1511998570000 294
1511998570000 294
1511998570000 294
1511998570000 294
1511998570000 294
1511998570000 294
1511998570000 294
1511998570000 294
1511998570000 295
1511998570000 295
1511998570000 295
1511998570000 333
1511998580000 329
1511998580000 330
1511998580000 330
1511998580000 330
1511998580000 330
1511998580000 330
1511998580000 330
1511998580000 330
1511998580000 330
1511998580000 330
1511998580000 330
1511998580000 330
1511998580000 330
1511998580000 330
1511998580000 330
1511998580000 330
1511998580000 330
1511998580000 330
1511998580000 330
1511998580000 330
1511998580000 330
1511998580000 330
1511998580000 330
1511998580000 330
1511998580000 331
1511998580000 331
1511998580000 331
1511998580000 331
1511998580000 331
1511998580000 331
1511998580000 331
1511998580000 331
1511998580000 331
1511998580000 331
1511998580000 331
1511998580000 331
1511998580000 331
1511998580000 331
1511998580000 331
1511998580000 331
1511998580000 331
1511998580000 331
1511998580000 331
1511998580000 331
1511998580000 331
1511998580000 331
1511998580000 331
1511998580000 331
1511998580000 331
1511998580000 331
1511998580000 331
1511998580000 331
1511998580000 331
1511998580000 331
1511998580000 331
1511998580000 332
1511998580000 332
1511998580000 332
1511998580000 332
1511998580000 332
1511998580000 332
1511998580000 332
1511998580000 332
1511998580000 332
1511998580000 332
1511998580000 332
1511998580000 332
1511998580000 332
1511998580000 332
1511998580000 332
1511998580000 332
1511998580000 332
1511998580000 332
1511998580000 332
1511998580000 332
1511998580000 332
1511998580000 332
1511998580000 332
1511998580000 332
1511998580000 332
1511998580000 332
1511998580000 332
1511998580000 332
1511998580000 332
1511998580000 333
1511998580000 333
1511998580000 333
1511998580000 333
1511998580000 333
1511998580000 333
1511998580000 333
1511998580000 333
1511998580000 333
1511998580000 333
1511998580000 333
1511998580000 333
1511998580000 333
1511998580000 333
1511998580000 333
1511998580000 334
1511998590000 366
1511998590000 366
1511998590000 366
1511998590000 366
1511998590000 366
1511998590000 366
1511998590000 366
1511998590000 366
1511998590000 366
1511998590000 367
1511998590000 367
1511998590000 367
1511998590000 367
1511998590000 367
1511998590000 367
1511998590000 367
1511998590000 367
1511998590000 367
1511998590000 367
1511998590000 367
1511998590000 367
1511998590000 367
1511998590000 367
1511998590000 367
1511998590000 367
1511998590000 367
1511998590000 367
1511998590000 367
1511998590000 367
1511998590000 367
1511998590000 367
1511998590000 367
1511998590000 367
1511998590000 367
1511998590000 367
1511998590000 367
1511998590000 367
1511998590000 367
1511998590000 367
1511998590000 367
1511998590000 367
1511998590000 368
1511998590000 368
1511998590000 368
1511998590000 368
1511998590000 368
1511998590000 368
1511998590000 368
1511998590000 368
1511998590000 368
1511998590000 368
1511998590000 368
1511998590000 368
1511998590000 368
1511998590000 368
1511998590000 368
1511998590000 368
1511998590000 368
1511998590000 368
1511998590000 368
1511998590000 368
1511998590000 368
1511998590000 368
1511998590000 368
1511998590000 368
1511998590000 368
1511998590000 368
1511998590000 368
1511998590000 368
1511998590000 368
1511998590000 368
1511998590000 368
1511998590000 368
1511998590000 368
1511998590000 369
1511998590000 369
1511998590000 369
1511998590000 369
1511998590000 369
1511998590000 369
1511998590000 369
1511998590000 369
1511998590000 369
1511998590000 369
1511998590000 369
1511998590000 369
1511998590000 369
1511998590000 369
1511998590000 370
1511998590000 370
1511998590000 370
1511998590000 370
1511998590000 370
1511998590000 371
1511998590000 371
1511998590000 371
1511998590000 396
1511998590000 396
1511998590000 397
1511998590000 397
1511998600000 315
1511998600000 315
1511998600000 315
1511998600000 315
1511998600000 315
1511998600000 315
1511998600000 315
1511998600000 315
1511998600000 315
1511998600000 315
1511998600000 315
1511998600000 315
1511998600000 315
1511998600000 316
1511998600000 316
1511998600000 316
1511998600000 316
1511998600000 316
1511998600000 316
1511998600000 316
1511998600000 316
1511998600000 316
1511998600000 316
1511998600000 316
1511998600000 316
1511998600000 316
1511998600000 316
1511998600000 316
1511998600000 316
1511998600000 316
1511998600000 316
1511998600000 316
1511998600000 316
1511998600000 316
1511998600000 316
1511998600000 316
1511998600000 316
1511998600000 316
1511998600000 316
1511998600000 316
1511998600000 316
1511998600000 316
1511998600000 316
1511998600000 317
1511998600000 317
1511998600000 317
1511998600000 317
1511998600000 317
1511998600000 317
1511998600000 317
1511998600000 317
1511998600000 317
1511998600000 317
1511998600000 317
1511998600000 317
1511998600000 317
1511998600000 317
1511998600000 317
1511998600000 317
1511998600000 317
1511998600000 317
1511998600000 317
1511998600000 317
1511998600000 317
1511998600000 318
1511998600000 318
1511998600000 318
1511998600000 318
1511998600000 318
1511998600000 318
1511998600000 318
1511998600000 318
1511998600000 318
1511998600000 318
1511998600000 318
1511998600000 318
1511998600000 318
1511998600000 318
1511998600000 318
1511998600000 318
1511998600000 318
1511998600000 318
1511998600000 318
1511998600000 318
1511998600000 318
1511998600000 318
1511998600000 318
1511998600000 318
1511998600000 318
1511998600000 318
1511998600000 318
1511998600000 318
1511998600000 319
1511998600000 319
1511998600000 319
1511998600000 319
1511998600000 319
1511998600000 319
1511998600000 319
1511998600000 319
1511998610000 335
1511998610000 335
1511998610000 335
1511998610000 335
1511998610000 335
1511998610000 335
1511998610000 336
1511998610000 336
1511998610000 336
1511998610000 336
1511998610000 336
1511998610000 336
1511998610000 336
1511998610000 336
1511998610000 336
1511998610000 336
1511998610000 336
1511998610000 336
1511998610000 336
1511998610000 336
1511998610000 336
1511998610000 336
1511998610000 336
1511998610000 336
1511998610000 336
1511998610000 336
1511998610000 336
1511998610000 336
1511998610000 336
1511998610000 336
1511998610000 336
1511998610000 336
1511998610000 336
1511998610000 336
1511998610000 337
1511998610000 337
1511998610000 337
1511998610000 337
1511998610000 337
1511998610000 337
1511998610000 337
1511998610000 337
1511998610000 337
1511998610000 337
1511998610000 337
1511998610000 337
1511998610000 337
1511998610000 337
1511998610000 337
1511998610000 337
1511998610000 337
1511998610000 337
1511998610000 337
1511998610000 337
1511998610000 337
1511998610000 337
1511998610000 337
1511998610000 337
1511998610000 338
1511998610000 338
1511998610000 338
1511998610000 338
1511998610000 338
1511998610000 338
1511998610000 338
1511998610000 339
1511998610000 339
1511998610000 339
1511998610000 339
1511998610000 339
1511998610000 339
1511998610000 339
1511998610000 339
1511998610000 339
1511998610000 339
1511998610000 339
1511998610000 339
1511998610000 340
1511998610000 340
1511998610000 340
1511998610000 340
1511998610000 340
1511998610000 340
1511998610000 340
1511998610000 340
1511998610000 340
1511998610000 340
1511998610000 340
1511998610000 340
1511998610000 340
1511998610000 340
1511998610000 341
1511998610000 341
1511998610000 341
1511998610000 341
1511998610000 341
1511998610000 341
1511998610000 341
1511998610000 341
1511998610000 342
1511998620000 415
1511998620000 415
1511998620000 415
1511998620000 415
1511998620000 415
1511998620000 415
1511998620000 416
1511998620000 416
1511998620000 416
1511998620000 416
1511998620000 416
1511998620000 416
1511998620000 416
1511998620000 416
1511998620000 416
1511998620000 416
1511998620000 416
1511998620000 416
1511998620000 416
1511998620000 416
1511998620000 416
1511998620000 416
1511998620000 416
1511998620000 416
1511998620000 416
1511998620000 416
1511998620000 416
1511998620000 417
1511998620000 417
1511998620000 417
1511998620000 417
1511998620000 417
1511998620000 417
1511998620000 417
1511998620000 417
1511998620000 417
1511998620000 417
1511998620000 417
1511998620000 417
1511998620000 417
1511998620000 417
1511998620000 417
1511998620000 417
1511998620000 417
1511998620000 417
1511998620000 417
1511998620000 417
1511998620000 417
1511998620000 417
1511998620000 417
1511998620000 418
1511998620000 418
1511998620000 418
1511998620000 418
1511998620000 418
1511998620000 418
1511998620000 418
1511998620000 418
1511998620000 418
1511998620000 418
1511998620000 418
1511998620000 418
1511998620000 418
1511998620000 418
1511998620000 418
1511998620000 418
1511998620000 418
1511998620000 418
1511998620000 418
1511998620000 418
1511998620000 418
1511998620000 418
1511998620000 418
1511998620000 418
1511998620000 418
1511998620000 419
1511998620000 419
1511998620000 419
1511998620000 419
1511998620000 419
1511998620000 419
1511998620000 419
1511998620000 419
1511998620000 419
1511998620000 419
1511998620000 419
1511998620000 419
1511998620000 419
1511998620000 419
1511998620000 419
1511998620000 419
1511998620000 419
1511998620000 420
1511998620000 420
1511998620000 420
1511998620000 420
1511998620000 421
1511998620000 421
1511998620000 421
1511998620000 422
1511998630000 311
1511998630000 311
1511998630000 311
1511998630000 311
1511998630000 312
1511998630000 312
1511998630000 312
1511998630000 312
1511998630000 312
1511998630000 312
1511998630000 312
1511998630000 312
1511998630000 312
1511998630000 312
1511998630000 312
1511998630000 312
1511998630000 312
1511998630000 312
1511998630000 312
1511998630000 312
1511998630000 312
1511998630000 312
1511998630000 312
1511998630000 312
1511998630000 312
1511998630000 312
1511998630000 313
1511998630000 313
1511998630000 313
1511998630000 313
1511998630000 313
1511998630000 313
1511998630000 313
1511998630000 313
1511998630000 313
1511998630000 313
1511998630000 313
1511998630000 313
1511998630000 313
1511998630000 313
1511998630000 313
1511998630000 313
1511998630000 313
1511998630000 313
1511998630000 313
1511998630000 313
1511998630000 313
1511998630000 313
1511998630000 313
1511998630000 313
1511998630000 313
1511998630000 313
1511998630000 313
1511998630000 313
1511998630000 313
1511998630000 313
1511998630000 314
1511998630000 314
1511998630000 314
1511998630000 314
1511998630000 315
1511998630000 315
1511998630000 315
1511998630000 315
1511998630000 315
1511998630000 315
1511998630000 315
1511998630000 315
1511998630000 315
1511998630000 315
1511998630000 315
1511998630000 315
1511998630000 315
1511998630000 315
1511998630000 315
1511998630000 315
1511998630000 315
1511998630000 315
1511998630000 315
1511998630000 315
1511998630000 315
1511998630000 316
1511998630000 316
1511998630000 316
1511998630000 316
1511998630000 316
1511998630000 316
1511998630000 316
1511998630000 316
1511998630000 316
1511998630000 316
1511998630000 316
1511998630000 316
1511998630000 316
1511998630000 317
1511998630000 317
1511998630000 317
1511998630000 317
1511998630000 317
1511998630000 318
1511998640000 340
1511998640000 341
1511998640000 341
1511998640000 341
1511998640000 341
1511998640000 341
1511998640000 341
1511998640000 342
1511998640000 342
1511998640000 342
1511998640000 342
1511998640000 342
1511998640000 342
1511998640000 342
1511998640000 342
1511998640000 342
1511998640000 342
1511998640000 342
1511998640000 342
1511998640000 342
1511998640000 342
1511998640000 342
1511998640000 342
1511998640000 343
1511998640000 343
1511998640000 343
1511998640000 343
1511998640000 343
1511998640000 343
1511998640000 343
1511998640000 343
1511998640000 343
1511998640000 343
1511998640000 343
1511998640000 343
1511998640000 343
1511998640000 344
1511998640000 344
1511998640000 344
1511998640000 344
1511998640000 344
1511998640000 344
1511998640000 344
1511998640000 344
1511998640000 344
1511998640000 344
1511998640000 344
1511998640000 344
1511998640000 344
1511998640000 344
1511998640000 344
1511998640000 344
1511998640000 344
1511998640000 344
1511998640000 345
1511998640000 345
1511998640000 345
1511998640000 345
1511998640000 345
1511998640000 345
1511998640000 345
1511998640000 345
1511998640000 345
1511998640000 345
1511998640000 345
1511998640000 346
1511998640000 346
1511998640000 346
1511998640000 346
1511998640000 346
1511998640000 346
1511998640000 346
1511998640000 346
1511998640000 346
1511998640000 346
1511998640000 346
1511998640000 346
1511998640000 346
1511998640000 346
1511998640000 346
1511998640000 346
1511998640000 346
1511998640000 346
1511998640000 346
1511998640000 346
1511998640000 346
1511998640000 346
1511998640000 347
1511998640000 347
1511998640000 347
1511998640000 347
1511998640000 347
1511998640000 347
1511998640000 347
1511998640000 347
1511998640000 347
1511998640000 347
1511998640000 347
1511998640000 347
1511998640000 348
1511998650000 342
1511998650000 342
1511998650000 342
1511998650000 342
1511998650000 342
1511998650000 342
1511998650000 342
1511998650000 342
1511998650000 342
1511998650000 342
1511998650000 342
1511998650000 342
1511998650000 342
1511998650000 342
1511998650000 343
1511998650000 343
1511998650000 343
1511998650000 343
1511998650000 343
1511998650000 343
1511998650000 343
1511998650000 343
1511998650000 343
1511998650000 343
1511998650000 343
1511998650000 343
1511998650000 343
1511998650000 343
1511998650000 343
1511998650000 343
1511998650000 343
1511998650000 343
1511998650000 343
1511998650000 343
1511998650000 343
1511998650000 343
1511998650000 343
1511998650000 343
1511998650000 343
1511998650000 343
1511998650000 343
1511998650000 343
1511998650000 343
1511998650000 343
1511998650000 344
1511998650000 344
1511998650000 344
1511998650000 344
1511998650000 344
1511998650000 344
1511998650000 344
1511998650000 344
1511998650000 344
1511998650000 344
1511998650000 344
1511998650000 344
1511998650000 345
1511998650000 345
1511998650000 345
1511998650000 345
1511998650000 345
1511998650000 345
1511998650000 345
1511998650000 345
1511998650000 345
1511998650000 345
1511998650000 345
1511998650000 345
1511998650000 345
1511998650000 345
1511998650000 345
1511998650000 345
1511998650000 345
1511998650000 345
1511998650000 346
1511998650000 346
1511998650000 346
1511998650000 346
1511998650000 346
1511998650000 346
1511998650000 346
1511998650000 346
1511998650000 346
1511998650000 346
1511998650000 346
1511998650000 346
1511998650000 346
1511998650000 346
1511998650000 346
1511998650000 347
1511998650000 347
1511998650000 347
1511998650000 347
1511998650000 347
1511998650000 349
1511998650000 349
1511998650000 349
1511998650000 349
1511998650000 350
1511998650000 350
1511998660000 325
1511998660000 325
1511998660000 325
1511998660000 325
1511998660000 325
1511998660000 325
1511998660000 325
1511998660000 325
1511998660000 325
1511998660000 325
1511998660000 325
1511998660000 325
1511998660000 325
1511998660000 325
1511998660000 325
1511998660000 325
1511998660000 325
1511998660000 325
1511998660000 325
1511998660000 325
1511998660000 325
1511998660000 325
1511998660000 326
1511998660000 326
1511998660000 326
1511998660000 326
1511998660000 326
1511998660000 326
1511998660000 326
1511998660000 326
1511998660000 326
1511998660000 326
1511998660000 326
1511998660000 326
1511998660000 326
1511998660000 326
1511998660000 326
1511998660000 326
1511998660000 326
1511998660000 326
1511998660000 326
1511998660000 326
1511998660000 326
1511998660000 326
1511998660000 326
1511998660000 326
1511998660000 326
1511998660000 326
1511998660000 326
1511998660000 326
1511998660000 326
1511998660000 326
1511998660000 326
1511998660000 326
1511998660000 326
1511998660000 327
1511998660000 327
1511998660000 327
1511998660000 327
1511998660000 327
1511998660000 327
1511998660000 327
1511998660000 327
1511998660000 327
1511998660000 327
1511998660000 327
1511998660000 327
1511998660000 327
1511998660000 327
1511998660000 327
1511998660000 327
1511998660000 327
1511998660000 327
1511998660000 327
1511998660000 327
1511998660000 328
1511998660000 328
1511998660000 328
1511998660000 328
1511998660000 328
1511998660000 328
1511998660000 328
1511998660000 328
1511998660000 328
1511998660000 328
1511998660000 328
1511998660000 328
1511998660000 328
1511998660000 328
1511998660000 328
1511998660000 328
1511998660000 328
1511998660000 328
1511998660000 328
1511998660000 328
1511998660000 328
1511998660000 328
1511998660000 328
1511998660000 329
1511998660000 329
1511998670000 340
1511998670000 340
1511998670000 340
1511998670000 340
1511998670000 340
1511998670000 341
1511998670000 341
1511998670000 341
1511998670000 341
1511998670000 341
1511998670000 341
1511998670000 341
1511998670000 341
1511998670000 341
1511998670000 341
1511998670000 341
1511998670000 341
1511998670000 341
1511998670000 341
1511998670000 341
1511998670000 341
1511998670000 341
1511998670000 341
1511998670000 341
1511998670000 341
1511998670000 341
1511998670000 341
1511998670000 341
1511998670000 341
1511998670000 341
1511998670000 342
1511998670000 342
1511998670000 342
1511998670000 342
1511998670000 342
1511998670000 342
1511998670000 342
1511998670000 342
1511998670000 342
1511998670000 342
1511998670000 342
1511998670000 342
1511998670000 342
1511998670000 342
1511998670000 343
1511998670000 343
1511998670000 343
1511998670000 343
1511998670000 343
1511998670000 343
1511998670000 343
1511998670000 343
1511998670000 343
1511998670000 343
1511998670000 343
1511998670000 343
1511998670000 343
1511998670000 343
1511998670000 343
1511998670000 343
1511998670000 343
1511998670000 343
1511998670000 343
1511998670000 343
1511998670000 343
1511998670000 343
1511998670000 343
1511998670000 343
1511998670000 343
1511998670000 343
1511998670000 343
1511998670000 343
1511998670000 343
1511998670000 343
1511998670000 344
1511998670000 344
1511998670000 344
1511998670000 344
1511998670000 344
1511998670000 344
1511998670000 344
1511998670000 344
1511998670000 344
1511998670000 344
1511998670000 344
1511998670000 344
1511998670000 344
1511998670000 344
1511998670000 344
1511998670000 344
1511998670000 344
1511998670000 344
1511998670000 344
1511998670000 344
1511998670000 344
1511998670000 344
1511998670000 345
1511998670000 345
1511998670000 345
1511998670000 345
1511998680000 371
1511998680000 371
1511998680000 371
1511998680000 371
1511998680000 371
1511998680000 371
1511998680000 372
1511998680000 372
1511998680000 372
1511998680000 372
1511998680000 372
1511998680000 372
1511998680000 372
1511998680000 372
1511998680000 373
1511998680000 373
1511998680000 373
1511998680000 373
1511998680000 373
1511998680000 373
1511998680000 373
1511998680000 373
1511998680000 373
1511998680000 373
1511998680000 374
1511998680000 374
1511998680000 374
1511998680000 374
1511998680000 374
1511998680000 374
1511998680000 374
1511998680000 374
1511998680000 374
1511998680000 374
1511998680000 374
1511998680000 375
1511998680000 375
1511998680000 375
1511998680000 375
1511998680000 375
1511998680000 375
1511998680000 375
1511998680000 375
1511998680000 376
1511998680000 376
1511998680000 376
1511998680000 376
1511998680000 376
1511998680000 377
1511998680000 377
1511998680000 377
1511998680000 377
1511998680000 377
1511998680000 377
1511998680000 377
1511998680000 378
1511998680000 378
1511998680000 378
1511998680000 378
1511998680000 378
1511998680000 378
1511998680000 379
1511998680000 379
1511998680000 379
1511998680000 379
1511998680000 379
1511998680000 379
1511998680000 379
1511998680000 379
1511998680000 379
1511998680000 379
1511998680000 379
1511998680000 379
1511998680000 380
1511998680000 380
1511998680000 380
1511998680000 380
1511998680000 380
1511998680000 380
1511998680000 380
1511998680000 380
1511998680000 380
1511998680000 380
1511998680000 380
1511998680000 380
1511998680000 380
1511998680000 380
1511998680000 380
1511998680000 381
1511998680000 381
1511998680000 381
1511998680000 381
1511998680000 381
1511998680000 381
1511998680000 381
1511998680000 381
1511998680000 390
1511998680000 391
1511998680000 391
1511998680000 392
1511998690000 338
1511998690000 338
1511998690000 338
1511998690000 338
1511998690000 338
1511998690000 338
1511998690000 338
1511998690000 338
1511998690000 339
1511998690000 339
1511998690000 339
1511998690000 339
1511998690000 339
1511998690000 339
1511998690000 339
1511998690000 339
1511998690000 339
1511998690000 339
1511998690000 339
1511998690000 339
1511998690000 339
1511998690000 339
1511998690000 339
1511998690000 339
1511998690000 339
1511998690000 339
1511998690000 339
1511998690000 339
1511998690000 339
1511998690000 339
1511998690000 339
1511998690000 339
1511998690000 339
1511998690000 340
1511998690000 340
1511998690000 340
1511998690000 340
1511998690000 340
1511998690000 340
1511998690000 340
1511998690000 340
1511998690000 340
1511998690000 340
1511998690000 340
1511998690000 340
1511998690000 340
1511998690000 340
1511998690000 340
1511998690000 340
1511998690000 340
1511998690000 340
1511998690000 340
1511998690000 340
1511998690000 340
1511998690000 340
1511998690000 340
1511998690000 340
1511998690000 340
1511998690000 340
1511998690000 341
1511998690000 341
1511998690000 341
1511998690000 341
1511998690000 341
1511998690000 341
1511998690000 341
1511998690000 341
1511998690000 341
1511998690000 341
1511998690000 341
1511998690000 341
1511998690000 341
1511998690000 341
1511998690000 341
1511998690000 341
1511998690000 341
1511998690000 341
1511998690000 341
1511998690000 341
1511998690000 341
1511998690000 341
1511998690000 341
1511998690000 342
1511998690000 342
1511998690000 342
1511998690000 342
1511998690000 342
1511998690000 342
1511998690000 342
1511998690000 342
1511998690000 342
1511998690000 342
1511998690000 342
1511998690000 343
1511998690000 358
1511998690000 358
1511998690000 359
1511998690000 359
1511998690000 359
1511998690000 359
1511998700000 309
1511998700000 309
1511998700000 310
1511998700000 310
1511998700000 310
1511998700000 310
1511998700000 310
1511998700000 310
1511998700000 310
1511998700000 310
1511998700000 310
1511998700000 310
1511998700000 310
1511998700000 310
1511998700000 311
1511998700000 311
1511998700000 311
1511998700000 311
1511998700000 311
1511998700000 311
1511998700000 311
1511998700000 311
1511998700000 311
1511998700000 311
1511998700000 311
1511998700000 312
1511998700000 312
1511998700000 312
1511998700000 312
1511998700000 312
1511998700000 312
1511998700000 312
1511998700000 312
1511998700000 312
1511998700000 312
1511998700000 312
1511998700000 312
1511998700000 312
1511998700000 313
1511998700000 313
1511998700000 313
1511998700000 313
1511998700000 313
1511998700000 313
1511998700000 313
1511998700000 313
1511998700000 313
1511998700000 313
1511998700000 313
1511998700000 313
1511998700000 314
1511998700000 314
1511998700000 314
1511998700000 314
1511998700000 314
1511998700000 314
1511998700000 314
1511998700000 314
1511998700000 315
1511998700000 315
1511998700000 315
1511998700000 315
1511998700000 315
1511998700000 315
1511998700000 315
1511998700000 316
1511998700000 316
1511998700000 316
1511998700000 316
1511998700000 316
1511998700000 316
1511998700000 316
1511998700000 316
1511998700000 316
1511998700000 316
1511998700000 317
1511998700000 317
1511998700000 317
1511998700000 317
1511998700000 318
1511998700000 318
1511998700000 318
1511998700000 318
1511998700000 319
1511998700000 319
1511998700000 319
1511998700000 319
1511998700000 319
1511998700000 319
1511998700000 320
1511998700000 321
1511998700000 321
1511998700000 321
1511998700000 322
1511998700000 322
1511998700000 322
1511998700000 323
1511998700000 324
1511998700000 336
1511998700000 337
1511998710000 326
1511998710000 326
1511998710000 327
1511998710000 327
1511998710000 327
1511998710000 327
1511998710000 327
1511998710000 327
1511998710000 327
1511998710000 327
1511998710000 327
1511998710000 327
1511998710000 327
1511998710000 327
1511998710000 327
1511998710000 327
1511998710000 327
1511998710000 327
1511998710000 327
1511998710000 327
1511998710000 327
1511998710000 327
1511998710000 327
1511998710000 327
1511998710000 327
1511998710000 327
1511998710000 327
1511998710000 327
1511998710000 328
1511998710000 328
1511998710000 328
1511998710000 328
1511998710000 328
1511998710000 328
1511998710000 328
1511998710000 328
1511998710000 328
1511998710000 328
1511998710000 328
1511998710000 328
1511998710000 328
1511998710000 328
1511998710000 328
1511998710000 328
1511998710000 328
1511998710000 328
1511998710000 328
1511998710000 328
1511998710000 328
1511998710000 328
1511998710000 328
1511998710000 328
1511998710000 328
1511998710000 329
1511998710000 329
1511998710000 329
1511998710000 329
1511998710000 329
1511998710000 329
1511998710000 329
1511998710000 329
1511998710000 329
1511998710000 329
1511998710000 329
1511998710000 329
1511998710000 329
1511998710000 329
1511998710000 329
1511998710000 329
1511998710000 330
1511998710000 330
1511998710000 330
1511998710000 330
1511998710000 330
1511998710000 330
1511998710000 330
1511998710000 330
1511998710000 330
1511998710000 330
1511998710000 330
1511998710000 330
1511998710000 330
1511998710000 330
1511998710000 330
1511998710000 330
1511998710000 330
1511998710000 330
1511998710000 330
1511998710000 330
1511998710000 330
1511998710000 330
1511998710000 330
1511998710000 331
1511998710000 331
1511998710000 331
1511998710000 331
1511998710000 331
1511998710000 342
1511998710000 342
1511998710000 342
1511998720000 328
1511998720000 328
1511998720000 328
1511998720000 328
1511998720000 329
1511998720000 329
1511998720000 329
1511998720000 329
1511998720000 329
1511998720000 329
1511998720000 329
1511998720000 329
1511998720000 329
1511998720000 329
1511998720000 329
1511998720000 329
1511998720000 329
1511998720000 329
1511998720000 329
1511998720000 329
1511998720000 329
1511998720000 329
1511998720000 329
1511998720000 329
1511998720000 329
1511998720000 329
1511998720000 329
1511998720000 329
1511998720000 329
1511998720000 329
1511998720000 329
1511998720000 329
1511998720000 329
1511998720000 329
1511998720000 329
1511998720000 329
1511998720000 329
1511998720000 329
1511998720000 329
1511998720000 329
1511998720000 329
1511998720000 329
1511998720000 330
1511998720000 330
1511998720000 330
1511998720000 330
1511998720000 330
1511998720000 330
1511998720000 330
1511998720000 330
1511998720000 330
1511998720000 330
1511998720000 330
1511998720000 330
1511998720000 330
1511998720000 330
1511998720000 330
1511998720000 330
1511998720000 330
1511998720000 330
1511998720000 330
1511998720000 330
1511998720000 330
1511998720000 330
1511998720000 330
1511998720000 330
1511998720000 330
1511998720000 330
1511998720000 331
1511998720000 331
1511998720000 331
1511998720000 331
1511998720000 331
1511998720000 331
1511998720000 331
1511998720000 331
1511998720000 331
1511998720000 331
1511998720000 331
1511998720000 331
1511998720000 331
1511998720000 331
1511998720000 331
1511998720000 331
1511998720000 331
1511998720000 331
1511998720000 331
1511998720000 331
1511998720000 331
1511998720000 331
1511998720000 331
1511998720000 331
1511998720000 332
1511998720000 332
1511998720000 332
1511998720000 332
1511998720000 332
1511998720000 333
1511998720000 333
1511998720000 334
1511998730000 348
1511998730000 348
1511998730000 348
1511998730000 348
1511998730000 348
1511998730000 348
1511998730000 348
1511998730000 348
1511998730000 348
1511998730000 348
1511998730000 349
1511998730000 349
1511998730000 349
1511998730000 349
1511998730000 349
1511998730000 349
1511998730000 349
1511998730000 349
1511998730000 349
1511998730000 349
1511998730000 349
1511998730000 349
1511998730000 349
1511998730000 349
1511998730000 349
1511998730000 349
1511998730000 349
1511998730000 349
1511998730000 349
1511998730000 349
1511998730000 349
1511998730000 349
1511998730000 349
1511998730000 349
1511998730000 349
1511998730000 349
1511998730000 349
1511998730000 349
1511998730000 349
1511998730000 349
1511998730000 349
1511998730000 349
1511998730000 349
1511998730000 349
1511998730000 349
1511998730000 349
1511998730000 349
1511998730000 350
1511998730000 350
1511998730000 350
1511998730000 350
1511998730000 350
1511998730000 350
1511998730000 350
1511998730000 350
1511998730000 350
1511998730000 350
1511998730000 350
1511998730000 350
1511998730000 350
1511998730000 350
1511998730000 350
1511998730000 351
1511998730000 351
1511998730000 351
1511998730000 351
1511998730000 351
1511998730000 351
1511998730000 351
1511998730000 351
1511998730000 351
1511998730000 351
1511998730000 351
1511998730000 351
1511998730000 351
1511998730000 351
1511998730000 351
1511998730000 351
1511998730000 351
1511998730000 351
1511998730000 351
1511998730000 351
1511998730000 351
1511998730000 351
1511998730000 352
1511998730000 352
1511998730000 352
1511998730000 352
1511998730000 352
1511998730000 352
1511998730000 352
1511998730000 352
1511998730000 353
1511998730000 365
1511998730000 366
1511998730000 366
1511998730000 367
1511998730000 367
1511998730000 367
1511998730000 367
1511998740000 348
1511998740000 348
1511998740000 349
1511998740000 349
1511998740000 349
1511998740000 349
1511998740000 349
1511998740000 349
1511998740000 349
1511998740000 349
1511998740000 349
1511998740000 349
1511998740000 349
1511998740000 349
1511998740000 349
1511998740000 349
1511998740000 349
1511998740000 349
1511998740000 349
1511998740000 349
1511998740000 349
1511998740000 349
1511998740000 349
1511998740000 349
1511998740000 349
1511998740000 349
1511998740000 349
1511998740000 349
1511998740000 349
1511998740000 349
1511998740000 350
1511998740000 350
1511998740000 350
1511998740000 350
1511998740000 350
1511998740000 350
1511998740000 350
1511998740000 350
1511998740000 350
1511998740000 350
1511998740000 350
1511998740000 350
1511998740000 350
1511998740000 350
1511998740000 350
1511998740000 350
1511998740000 350
1511998740000 350
1511998740000 350
1511998740000 350
1511998740000 350
1511998740000 350
1511998740000 350
1511998740000 350
1511998740000 351
1511998740000 351
1511998740000 351
1511998740000 351
1511998740000 351
1511998740000 351
1511998740000 351
1511998740000 351
1511998740000 351
1511998740000 351
1511998740000 351
1511998740000 351
1511998740000 351
1511998740000 351
1511998740000 351
1511998740000 351
1511998740000 351
1511998740000 351
1511998740000 352
1511998740000 352
1511998740000 352
1511998740000 352
1511998740000 352
1511998740000 352
1511998740000 352
1511998740000 352
1511998740000 352
1511998740000 352
1511998740000 352
1511998740000 352
1511998740000 352
1511998740000 352
1511998740000 352
1511998740000 352
1511998740000 352
1511998740000 352
1511998740000 352
1511998740000 352
1511998740000 352
1511998740000 352
1511998740000 353
1511998740000 353
1511998740000 353
1511998740000 353
1511998740000 353
1511998740000 354
1511998750000 313
1511998750000 313
1511998750000 313
1511998750000 313
1511998750000 313
1511998750000 313
1511998750000 313
1511998750000 313
1511998750000 313
1511998750000 313
1511998750000 313
1511998750000 313
1511998750000 313
1511998750000 313
1511998750000 313
1511998750000 313
1511998750000 313
1511998750000 313
1511998750000 313
1511998750000 313
1511998750000 314
1511998750000 314
1511998750000 314
1511998750000 314
1511998750000 314
1511998750000 314
1511998750000 314
1511998750000 314
1511998750000 314
1511998750000 314
1511998750000 314
1511998750000 314
1511998750000 314
1511998750000 314
1511998750000 314
1511998750000 314
1511998750000 314
1511998750000 314
1511998750000 314
1511998750000 314
1511998750000 314
1511998750000 314
1511998750000 314
1511998750000 314
1511998750000 314
1511998750000 314
1511998750000 315
1511998750000 315
1511998750000 315
1511998750000 315
1511998750000 315
1511998750000 315
1511998750000 315
1511998750000 315
1511998750000 315
1511998750000 315
1511998750000 315
1511998750000 315
1511998750000 315
1511998750000 315
1511998750000 315
1511998750000 315
1511998750000 315
1511998750000 315
1511998750000 315
1511998750000 315
1511998750000 315
1511998750000 315
1511998750000 315
1511998750000 315
1511998750000 315
1511998750000 315
1511998750000 315
1511998750000 316
1511998750000 316
1511998750000 316
1511998750000 316
1511998750000 316
1511998750000 316
1511998750000 316
1511998750000 316
1511998750000 316
1511998750000 316
1511998750000 316
1511998750000 316
1511998750000 316
1511998750000 316
1511998750000 316
1511998750000 316
1511998750000 316
1511998750000 317
1511998750000 317
1511998750000 317
1511998750000 317
1511998750000 317
1511998750000 318
1511998750000 337
1511998750000 338
1511998750000 339
1511998750000 339
1511998760000 370
1511998760000 370
1511998760000 370
1511998760000 370
1511998760000 370
1511998760000 370
1511998760000 370
1511998760000 370
1511998760000 370
1511998760000 370
1511998760000 370
1511998760000 370
1511998760000 370
1511998760000 370
1511998760000 370
1511998760000 370
1511998760000 370
1511998760000 370
1511998760000 370
1511998760000 370
1511998760000 370
1511998760000 370
1511998760000 370
1511998760000 370
1511998760000 370
1511998760000 370
1511998760000 370
1511998760000 370
1511998760000 370
1511998760000 370
1511998760000 371
1511998760000 371
1511998760000 371
1511998760000 371
1511998760000 371
1511998760000 371
1511998760000 371
1511998760000 371
1511998760000 371
1511998760000 371
1511998760000 371
1511998760000 371
1511998760000 371
1511998760000 371
1511998760000 371
1511998760000 371
1511998760000 371
1511998760000 371
1511998760000 371
1511998760000 371
1511998760000 371
1511998760000 371
1511998760000 371
1511998760000 371
1511998760000 371
1511998760000 371
1511998760000 371
1511998760000 372
1511998760000 372
1511998760000 372
1511998760000 372
1511998760000 372
1511998760000 372
1511998760000 372
1511998760000 372
1511998760000 372
1511998760000 372
1511998760000 372
1511998760000 372
1511998760000 372
1511998760000 372
1511998760000 373
1511998760000 373
1511998760000 373
1511998760000 373
1511998760000 373
1511998760000 373
1511998760000 373
1511998760000 373
1511998760000 373
1511998760000 373
1511998760000 373
1511998760000 373
1511998760000 373
1511998760000 373
1511998760000 373
1511998760000 373
1511998760000 373
1511998760000 373
1511998760000 373
1511998760000 374
1511998760000 374
1511998760000 374
1511998760000 374
1511998760000 374
1511998760000 374
1511998760000 374
1511998760000 374
1511998760000 374
1511998760000 374
1511998770000 327
1511998770000 328
1511998770000 328
1511998770000 328
1511998770000 328
1511998770000 328
1511998770000 328
1511998770000 328
1511998770000 328
1511998770000 328
1511998770000 328
1511998770000 328
1511998770000 328
1511998770000 328
1511998770000 328
1511998770000 328
1511998770000 328
1511998770000 328
1511998770000 328
1511998770000 328
1511998770000 328
1511998770000 328
1511998770000 328
1511998770000 329
1511998770000 329
1511998770000 329
1511998770000 329
1511998770000 329
1511998770000 329
1511998770000 329
1511998770000 329
1511998770000 329
1511998770000 329
1511998770000 329
1511998770000 329
1511998770000 329
1511998770000 329
1511998770000 329
1511998770000 329
1511998770000 329
1511998770000 329
1511998770000 329
1511998770000 329
1511998770000 329
1511998770000 330
1511998770000 330
1511998770000 330
1511998770000 330
1511998770000 330
1511998770000 330
1511998770000 330
1511998770000 330
1511998770000 330
1511998770000 330
1511998770000 330
1511998770000 330
1511998770000 331
1511998770000 331
1511998770000 331
1511998770000 331
1511998770000 331
1511998770000 331
1511998770000 331
1511998770000 331
1511998770000 331
1511998770000 332
1511998770000 332
1511998770000 332
1511998770000 332
1511998770000 332
1511998770000 332
1511998770000 332
1511998770000 332
1511998770000 332
1511998770000 332
1511998770000 332
1511998770000 332
1511998770000 332
1511998770000 332
1511998770000 332
1511998770000 332
1511998770000 333
1511998770000 333
1511998770000 333
1511998770000 333
1511998770000 333
1511998770000 333
1511998770000 333
1511998770000 333
1511998770000 333
1511998770000 333
1511998770000 334
1511998770000 334
1511998770000 334
1511998770000 334
1511998770000 334
1511998770000 335
1511998770000 341
1511998770000 341
1511998770000 359
1511998780000 -1888
1511998780000 -1962
1511998780000 -1976
1511998780000 -1976
1511998780000 -1977
1511998780000 -1987
1511998780000 -1987
1511998780000 -1987
1511998780000 -1989
1511998780000 -1989
1511998780000 -1990
1511998780000 -1990
1511998780000 -1990
1511998780000 -1991
1511998780000 -2912
1511998780000 -2912
1511998780000 -2912
1511998780000 -2913
1511998780000 -2913
1511998780000 -2914
1511998780000 -2915
1511998780000 -2915
1511998780000 -2962
1511998780000 -2962
1511998780000 -2963
1511998780000 -2963
1511998780000 -2963
1511998780000 -2964
1511998780000 -2964
1511998780000 -2964
1511998780000 -2968
1511998780000 -2972
1511998780000 -2972
1511998780000 -2972
1511998780000 -2980
1511998780000 -2981
1511998780000 -2981
1511998780000 -2981
1511998780000 -2981
1511998780000 -2982
1511998780000 -2982
1511998780000 -2983
1511998780000 -2984
1511998780000 -2985
1511998780000 -2985
1511998780000 -2985
1511998780000 -2985
1511998780000 -2986
1511998780000 -2986
1511998780000 -2986
1511998780000 -2987
1511998780000 -2987
1511998780000 -2987
1511998780000 -2988
1511998780000 -2988
1511998780000 -2988
1511998780000 -2988
1511998780000 -2988
1511998780000 -2988
1511998780000 -2989
1511998780000 -2990
1511998780000 -2990
1511998780000 -2990
1511998780000 -2990
1511998780000 -2990
1511998780000 -2990
1511998780000 -2991
1511998780000 -2991
1511998780000 -2991
1511998780000 -2991
1511998780000 -2991
1511998780000 -2991
1511998780000 -2991
1511998780000 -2991
1511998780000 -2991
1511998780000 -2991
1511998780000 -2991
1511998780000 -2991
1511998780000 -2991
1511998780000 -2991
1511998780000 -2991
1511998780000 -2991
1511998780000 -3933
1511998780000 -3934
1511998780000 -3961
1511998780000 -3963
1511998780000 -3986
1511998780000 -3986
1511998780000 -3987
1511998780000 -3987
1511998780000 -3987
1511998780000 -3988
1511998780000 -3990
1511998780000 -3990
1511998780000 -3990
1511998780000 -3990
1511998780000 -3990
1511998780000 -3991
1511998780000 -3991
1511998780000 -3991
