1511015980000 4234
1511015980000 4236
1511015980000 4237
1511015980000 4247
1511015980000 4249
1511015980000 4249
1511015980000 4250
1511015980000 4253
1511015980000 4253
1511015980000 4254
1511015980000 4255
1511015980000 4258
1511015980000 4258
1511015980000 4260
1511015980000 4260
1511015980000 4262
1511015980000 4269
1511015980000 4269
1511015980000 4272
1511015980000 4273
1511015980000 4279
1511015980000 4279
1511015980000 4286
1511015980000 4287
1511015980000 4289
1511015980000 4289
1511015980000 4292
1511015980000 4295
1511015980000 4297
1511015980000 4298
1511015980000 4302
1511015980000 4303
1511015980000 4303
1511015980000 4304
1511015980000 4304
1511015980000 4304
1511015980000 4305
1511015980000 4305
1511015980000 4305
1511015980000 4305
1511015980000 4306
1511015980000 4308
1511015980000 4309
1511015980000 4314
1511015980000 4316
1511015980000 4316
1511015980000 4316
1511015980000 4316
1511015980000 4318
1511015980000 4321
1511015980000 4321
1511015980000 4321
1511015980000 4321
1511015980000 4324
1511015980000 4327
1511015980000 4332
1511015980000 4332
1511015980000 4337
1511015980000 4337
1511015980000 4338
1511015980000 4338
1511015980000 4338
1511015980000 4338
1511015980000 4339
1511015980000 4339
1511015980000 4340
1511015980000 4347
1511015980000 4359
1511015980000 4361
1511015980000 4362
1511015980000 4362
1511015980000 4362
1511015980000 4366
1511015980000 4393
1511015980000 4398
1511015980000 4398
1511015980000 4403
1511015980000 4405
1511015980000 4409
1511015980000 4409
1511015980000 4412
1511015980000 4423
1511015980000 4424
1511015980000 4438
1511015980000 4438
1511015980000 4474
1511015980000 4474
1511015980000 4484
1511015980000 4497
1511015980000 4705
1511015980000 4723
1511015980000 4735
1511015980000 4774
1511015980000 4797
1511015980000 4814
1511015980000 4852
1511015980000 4853
1511015980000 4853
1511015980000 4894
1511015980000 4895
1511015990000 709
1511015990000 709
1511015990000 709
1511015990000 709
1511015990000 709
1511015990000 710
1511015990000 710
1511015990000 710
1511015990000 710
1511015990000 710
1511015990000 710
1511015990000 710
1511015990000 710
1511015990000 710
1511015990000 711
1511015990000 711
1511015990000 711
1511015990000 711
1511015990000 711
1511015990000 711
1511015990000 711
1511015990000 711
1511015990000 711
1511015990000 711
1511015990000 711
1511015990000 712
1511015990000 712
1511015990000 712
1511015990000 712
1511015990000 712
1511015990000 712
1511015990000 712
1511015990000 712
1511015990000 712
1511015990000 712
1511015990000 712
1511015990000 712
1511015990000 712
1511015990000 712
1511015990000 712
1511015990000 712
1511015990000 712
1511015990000 712
1511015990000 712
1511015990000 712
1511015990000 712
1511015990000 712
1511015990000 712
1511015990000 712
1511015990000 712
1511015990000 712
1511015990000 713
1511015990000 713
1511015990000 713
1511015990000 713
1511015990000 713
1511015990000 713
1511015990000 713
1511015990000 713
1511015990000 713
1511015990000 713
1511015990000 713
1511015990000 713
1511015990000 713
1511015990000 713
1511015990000 713
1511015990000 714
1511015990000 714
1511015990000 714
1511015990000 714
1511015990000 714
1511015990000 714
1511015990000 714
1511015990000 714
1511015990000 714
1511015990000 714
1511015990000 714
1511015990000 714
1511015990000 714
1511015990000 714
1511015990000 714
1511015990000 714
1511015990000 715
1511015990000 715
1511015990000 715
1511015990000 715
1511015990000 715
1511015990000 715
1511015990000 716
1511015990000 716
1511015990000 716
1511015990000 716
1511015990000 719
1511015990000 719
1511015990000 719
1511015990000 719
1511015990000 719
1511015990000 719
1511015990000 719
1511015990000 720
1511016000000 705
1511016000000 705
1511016000000 706
1511016000000 706
1511016000000 706
1511016000000 706
1511016000000 706
1511016000000 706
1511016000000 706
1511016000000 706
1511016000000 707
1511016000000 707
1511016000000 707
1511016000000 707
1511016000000 707
1511016000000 707
1511016000000 707
1511016000000 707
1511016000000 707
1511016000000 708
1511016000000 708
1511016000000 708
1511016000000 708
1511016000000 708
1511016000000 708
1511016000000 708
1511016000000 708
1511016000000 708
1511016000000 708
1511016000000 708
1511016000000 708
1511016000000 708
1511016000000 708
1511016000000 708
1511016000000 708
1511016000000 708
1511016000000 708
1511016000000 708
1511016000000 708
1511016000000 708
1511016000000 708
1511016000000 709
1511016000000 709
1511016000000 709
1511016000000 709
1511016000000 709
1511016000000 709
1511016000000 709
1511016000000 709
1511016000000 709
1511016000000 709
1511016000000 709
1511016000000 709
1511016000000 709
1511016000000 709
1511016000000 709
1511016000000 709
1511016000000 709
1511016000000 710
1511016000000 710
1511016000000 710
1511016000000 710
1511016000000 710
1511016000000 710
1511016000000 710
1511016000000 710
1511016000000 710
1511016000000 710
1511016000000 710
1511016000000 710
1511016000000 710
1511016000000 710
1511016000000 710
1511016000000 711
1511016000000 711
1511016000000 711
1511016000000 711
1511016000000 711
1511016000000 711
1511016000000 711
1511016000000 712
1511016000000 712
1511016000000 712
1511016000000 712
1511016000000 712
1511016000000 712
1511016000000 712
1511016000000 712
1511016000000 712
1511016000000 712
1511016000000 712
1511016000000 713
1511016000000 713
1511016000000 713
1511016000000 713
1511016000000 717
1511016000000 718
1511016000000 718
1511016000000 720
1511016000000 722
1511016010000 733
1511016010000 733
1511016010000 733
1511016010000 734
1511016010000 734
1511016010000 734
1511016010000 734
1511016010000 734
1511016010000 734
1511016010000 734
1511016010000 734
1511016010000 734
1511016010000 735
1511016010000 735
1511016010000 735
1511016010000 735
1511016010000 735
1511016010000 735
1511016010000 735
1511016010000 735
1511016010000 735
1511016010000 735
1511016010000 735
1511016010000 735
1511016010000 735
1511016010000 735
1511016010000 735
1511016010000 736
1511016010000 736
1511016010000 736
1511016010000 736
1511016010000 736
1511016010000 736
1511016010000 736
1511016010000 736
1511016010000 736
1511016010000 736
1511016010000 736
1511016010000 736
1511016010000 736
1511016010000 736
1511016010000 736
1511016010000 736
1511016010000 736
1511016010000 736
1511016010000 736
1511016010000 736
1511016010000 736
1511016010000 736
1511016010000 736
1511016010000 736
1511016010000 737
1511016010000 737
1511016010000 737
1511016010000 737
1511016010000 737
1511016010000 737
1511016010000 737
1511016010000 737
1511016010000 737
1511016010000 737
1511016010000 737
1511016010000 737
1511016010000 737
1511016010000 737
1511016010000 737
1511016010000 737
1511016010000 737
1511016010000 737
1511016010000 737
1511016010000 737
1511016010000 737
1511016010000 737
1511016010000 737
1511016010000 737
1511016010000 737
1511016010000 737
1511016010000 737
1511016010000 737
1511016010000 737
1511016010000 737
1511016010000 738
1511016010000 738
1511016010000 738
1511016010000 738
1511016010000 738
1511016010000 738
1511016010000 738
1511016010000 739
1511016010000 739
1511016010000 739
1511016010000 739
1511016010000 739
1511016010000 740
1511016010000 740
1511016010000 740
1511016010000 740
1511016010000 740
1511016010000 740
1511016010000 740
1511016020000 775
1511016020000 775
1511016020000 776
1511016020000 776
1511016020000 776
1511016020000 776
1511016020000 777
1511016020000 777
1511016020000 777
1511016020000 777
1511016020000 777
1511016020000 777
1511016020000 777
1511016020000 777
1511016020000 777
1511016020000 777
1511016020000 777
1511016020000 777
1511016020000 777
1511016020000 777
1511016020000 777
1511016020000 777
1511016020000 778
1511016020000 778
1511016020000 778
1511016020000 778
1511016020000 778
1511016020000 778
1511016020000 778
1511016020000 778
1511016020000 778
1511016020000 778
1511016020000 778
1511016020000 778
1511016020000 778
1511016020000 778
1511016020000 778
1511016020000 778
1511016020000 778
1511016020000 778
1511016020000 778
1511016020000 778
1511016020000 778
1511016020000 778
1511016020000 778
1511016020000 778
1511016020000 778
1511016020000 778
1511016020000 778
1511016020000 778
1511016020000 778
1511016020000 778
1511016020000 778
1511016020000 778
1511016020000 778
1511016020000 778
1511016020000 778
1511016020000 778
1511016020000 778
1511016020000 778
1511016020000 779
1511016020000 779
1511016020000 779
1511016020000 779
1511016020000 779
1511016020000 779
1511016020000 779
1511016020000 779
1511016020000 779
1511016020000 779
1511016020000 779
1511016020000 779
1511016020000 779
1511016020000 779
1511016020000 779
1511016020000 779
1511016020000 779
1511016020000 779
1511016020000 779
1511016020000 779
1511016020000 779
1511016020000 779
1511016020000 779
1511016020000 779
1511016020000 779
1511016020000 779
1511016020000 780
1511016020000 780
1511016020000 780
1511016020000 780
1511016020000 780
1511016020000 780
1511016020000 780
1511016020000 780
1511016020000 780
1511016020000 780
1511016020000 780
1511016020000 780
1511016020000 780
1511016020000 781
1511016030000 725
1511016030000 725
1511016030000 725
1511016030000 725
1511016030000 726
1511016030000 726
1511016030000 726
1511016030000 726
1511016030000 726
1511016030000 726
1511016030000 726
1511016030000 727
1511016030000 727
1511016030000 727
1511016030000 727
1511016030000 727
1511016030000 727
1511016030000 727
1511016030000 727
1511016030000 727
1511016030000 727
1511016030000 727
1511016030000 727
1511016030000 727
1511016030000 727
1511016030000 727
1511016030000 728
1511016030000 728
1511016030000 728
1511016030000 728
1511016030000 728
1511016030000 728
1511016030000 728
1511016030000 728
1511016030000 728
1511016030000 728
1511016030000 728
1511016030000 728
1511016030000 728
1511016030000 728
1511016030000 728
1511016030000 728
1511016030000 728
1511016030000 728
1511016030000 729
1511016030000 729
1511016030000 729
1511016030000 729
1511016030000 729
1511016030000 729
1511016030000 729
1511016030000 729
1511016030000 729
1511016030000 729
1511016030000 729
1511016030000 729
1511016030000 729
1511016030000 729
1511016030000 729
1511016030000 729
1511016030000 729
1511016030000 729
1511016030000 729
1511016030000 729
1511016030000 729
1511016030000 729
1511016030000 730
1511016030000 730
1511016030000 730
1511016030000 730
1511016030000 730
1511016030000 730
1511016030000 730
1511016030000 730
1511016030000 730
1511016030000 730
1511016030000 731
1511016030000 731
1511016030000 731
1511016030000 731
1511016030000 731
1511016030000 731
1511016030000 731
1511016030000 731
1511016030000 732
1511016030000 732
1511016030000 732
1511016030000 732
1511016030000 732
1511016030000 732
1511016030000 732
1511016030000 732
1511016030000 732
1511016030000 732
1511016030000 732
1511016030000 733
1511016030000 763
1511016030000 764
1511016030000 764
1511016030000 773
1511016040000 735
1511016040000 735
1511016040000 736
1511016040000 736
1511016040000 736
1511016040000 736
1511016040000 736
1511016040000 736
1511016040000 736
1511016040000 736
1511016040000 737
1511016040000 737
1511016040000 737
1511016040000 737
1511016040000 737
1511016040000 737
1511016040000 737
1511016040000 738
1511016040000 738
1511016040000 738
1511016040000 738
1511016040000 738
1511016040000 738
1511016040000 738
1511016040000 738
1511016040000 738
1511016040000 738
1511016040000 738
1511016040000 738
1511016040000 738
1511016040000 738
1511016040000 738
1511016040000 738
1511016040000 738
1511016040000 738
1511016040000 738
1511016040000 738
1511016040000 738
1511016040000 738
1511016040000 739
1511016040000 739
1511016040000 739
1511016040000 739
1511016040000 739
1511016040000 739
1511016040000 739
1511016040000 739
1511016040000 739
1511016040000 739
1511016040000 739
1511016040000 739
1511016040000 739
1511016040000 739
1511016040000 739
1511016040000 739
1511016040000 739
1511016040000 739
1511016040000 739
1511016040000 739
1511016040000 739
1511016040000 739
1511016040000 739
1511016040000 739
1511016040000 739
1511016040000 739
1511016040000 739
1511016040000 739
1511016040000 740
1511016040000 740
1511016040000 740
1511016040000 740
1511016040000 740
1511016040000 740
1511016040000 740
1511016040000 740
1511016040000 740
1511016040000 740
1511016040000 740
1511016040000 740
1511016040000 740
1511016040000 740
1511016040000 740
1511016040000 741
1511016040000 741
1511016040000 741
1511016040000 742
1511016040000 742
1511016040000 742
1511016040000 742
1511016040000 742
1511016040000 742
1511016040000 742
1511016040000 742
1511016040000 742
1511016040000 742
1511016040000 742
1511016040000 783
1511016040000 783
1511016040000 785
1511016040000 785
1511016050000 730
1511016050000 731
1511016050000 731
1511016050000 731
1511016050000 731
1511016050000 731
1511016050000 731
1511016050000 731
1511016050000 732
1511016050000 732
1511016050000 732
1511016050000 732
1511016050000 732
1511016050000 732
1511016050000 732
1511016050000 732
1511016050000 732
1511016050000 732
1511016050000 732
1511016050000 732
1511016050000 733
1511016050000 733
1511016050000 733
1511016050000 733
1511016050000 733
1511016050000 733
1511016050000 733
1511016050000 733
1511016050000 733
1511016050000 733
1511016050000 733
1511016050000 733
1511016050000 733
1511016050000 733
1511016050000 733
1511016050000 733
1511016050000 733
1511016050000 733
1511016050000 733
1511016050000 733
1511016050000 733
1511016050000 733
1511016050000 733
1511016050000 733
1511016050000 733
1511016050000 733
1511016050000 733
1511016050000 734
1511016050000 734
1511016050000 734
1511016050000 734
1511016050000 734
1511016050000 734
1511016050000 734
1511016050000 734
1511016050000 734
1511016050000 734
1511016050000 734
1511016050000 734
1511016050000 734
1511016050000 734
1511016050000 734
1511016050000 734
1511016050000 734
1511016050000 734
1511016050000 734
1511016050000 734
1511016050000 734
1511016050000 734
1511016050000 734
1511016050000 735
1511016050000 735
1511016050000 735
1511016050000 735
1511016050000 735
1511016050000 735
1511016050000 735
1511016050000 735
1511016050000 735
1511016050000 735
1511016050000 735
1511016050000 735
1511016050000 735
1511016050000 735
1511016050000 735
1511016050000 735
1511016050000 736
1511016050000 736
1511016050000 736
1511016050000 736
1511016050000 736
1511016050000 736
1511016050000 736
1511016050000 736
1511016050000 736
1511016050000 736
1511016050000 737
1511016050000 737
1511016050000 737
1511016050000 737
1511016060000 693
1511016060000 693
1511016060000 693
1511016060000 693
1511016060000 694
1511016060000 694
1511016060000 694
1511016060000 694
1511016060000 694
1511016060000 695
1511016060000 695
1511016060000 695
1511016060000 695
1511016060000 695
1511016060000 695
1511016060000 695
1511016060000 695
1511016060000 695
1511016060000 695
1511016060000 695
1511016060000 695
1511016060000 695
1511016060000 695
1511016060000 695
1511016060000 695
1511016060000 696
1511016060000 696
1511016060000 696
1511016060000 696
1511016060000 696
1511016060000 696
1511016060000 696
1511016060000 696
1511016060000 696
1511016060000 696
1511016060000 696
1511016060000 696
1511016060000 696
1511016060000 696
1511016060000 696
1511016060000 697
1511016060000 697
1511016060000 697
1511016060000 697
1511016060000 697
1511016060000 697
1511016060000 697
1511016060000 697
1511016060000 697
1511016060000 697
1511016060000 697
1511016060000 697
1511016060000 697
1511016060000 697
1511016060000 697
1511016060000 697
1511016060000 697
1511016060000 697
1511016060000 697
1511016060000 697
1511016060000 697
1511016060000 697
1511016060000 697
1511016060000 697
1511016060000 697
1511016060000 697
1511016060000 697
1511016060000 697
1511016060000 697
1511016060000 697
1511016060000 697
1511016060000 697
1511016060000 698
1511016060000 698
1511016060000 698
1511016060000 698
1511016060000 698
1511016060000 698
1511016060000 698
1511016060000 698
1511016060000 698
1511016060000 698
1511016060000 698
1511016060000 698
1511016060000 698
1511016060000 698
1511016060000 698
1511016060000 698
1511016060000 698
1511016060000 699
1511016060000 699
1511016060000 699
1511016060000 699
1511016060000 699
1511016060000 699
1511016060000 699
1511016060000 700
1511016060000 700
1511016060000 712
1511016060000 712
1511016070000 711
1511016070000 711
1511016070000 711
1511016070000 711
1511016070000 712
1511016070000 712
1511016070000 712
1511016070000 712
1511016070000 712
1511016070000 712
1511016070000 712
1511016070000 712
1511016070000 712
1511016070000 712
1511016070000 712
1511016070000 712
1511016070000 712
1511016070000 712
1511016070000 712
1511016070000 712
1511016070000 712
1511016070000 712
1511016070000 712
1511016070000 712
1511016070000 712
1511016070000 712
1511016070000 712
1511016070000 713
1511016070000 713
1511016070000 713
1511016070000 713
1511016070000 713
1511016070000 713
1511016070000 713
1511016070000 713
1511016070000 713
1511016070000 713
1511016070000 713
1511016070000 713
1511016070000 713
1511016070000 713
1511016070000 713
1511016070000 713
1511016070000 713
1511016070000 713
1511016070000 713
1511016070000 713
1511016070000 713
1511016070000 713
1511016070000 713
1511016070000 713
1511016070000 713
1511016070000 713
1511016070000 713
1511016070000 713
1511016070000 713
1511016070000 713
1511016070000 713
1511016070000 713
1511016070000 714
1511016070000 714
1511016070000 714
1511016070000 714
1511016070000 714
1511016070000 714
1511016070000 714
1511016070000 714
1511016070000 714
1511016070000 714
1511016070000 714
1511016070000 714
1511016070000 714
1511016070000 714
1511016070000 714
1511016070000 714
1511016070000 714
1511016070000 714
1511016070000 714
1511016070000 714
1511016070000 714
1511016070000 714
1511016070000 714
1511016070000 715
1511016070000 715
1511016070000 715
1511016070000 715
1511016070000 715
1511016070000 715
1511016070000 715
1511016070000 715
1511016070000 715
1511016070000 715
1511016070000 715
1511016070000 715
1511016070000 715
1511016070000 715
1511016070000 715
1511016070000 715
1511016070000 715
1511016070000 718
1511016080000 737
1511016080000 737
1511016080000 738
1511016080000 738
1511016080000 738
1511016080000 738
1511016080000 738
1511016080000 738
1511016080000 738
1511016080000 738
1511016080000 738
1511016080000 738
1511016080000 738
1511016080000 738
1511016080000 738
1511016080000 738
1511016080000 738
1511016080000 738
1511016080000 738
1511016080000 739
1511016080000 739
1511016080000 739
1511016080000 739
1511016080000 739
1511016080000 739
1511016080000 739
1511016080000 739
1511016080000 739
1511016080000 739
1511016080000 739
1511016080000 739
1511016080000 739
1511016080000 739
1511016080000 739
1511016080000 739
1511016080000 739
1511016080000 739
1511016080000 739
1511016080000 739
1511016080000 739
1511016080000 739
1511016080000 739
1511016080000 739
1511016080000 739
1511016080000 739
1511016080000 739
1511016080000 739
1511016080000 739
1511016080000 739
1511016080000 739
1511016080000 739
1511016080000 739
1511016080000 739
1511016080000 739
1511016080000 739
1511016080000 739
1511016080000 739
1511016080000 739
1511016080000 739
1511016080000 739
1511016080000 739
1511016080000 739
1511016080000 739
1511016080000 739
1511016080000 739
1511016080000 739
1511016080000 739
1511016080000 739
1511016080000 740
1511016080000 740
1511016080000 740
1511016080000 740
1511016080000 740
1511016080000 740
1511016080000 740
1511016080000 740
1511016080000 740
1511016080000 740
1511016080000 740
1511016080000 740
1511016080000 740
1511016080000 740
1511016080000 741
1511016080000 741
1511016080000 741
1511016080000 741
1511016080000 741
1511016080000 741
1511016080000 741
1511016080000 741
1511016080000 741
1511016080000 741
1511016080000 741
1511016080000 741
1511016080000 741
1511016080000 742
1511016080000 742
1511016080000 742
1511016080000 745
1511016080000 746
1511016090000 720
1511016090000 720
1511016090000 720
1511016090000 721
1511016090000 721
1511016090000 721
1511016090000 721
1511016090000 721
1511016090000 721
1511016090000 721
1511016090000 721
1511016090000 721
1511016090000 721
1511016090000 721
1511016090000 721
1511016090000 721
1511016090000 721
1511016090000 721
1511016090000 721
1511016090000 722
1511016090000 722
1511016090000 722
1511016090000 722
1511016090000 722
1511016090000 722
1511016090000 722
1511016090000 722
1511016090000 722
1511016090000 722
1511016090000 723
1511016090000 723
1511016090000 723
1511016090000 723
1511016090000 723
1511016090000 723
1511016090000 723
1511016090000 723
1511016090000 723
1511016090000 723
1511016090000 723
1511016090000 723
1511016090000 723
1511016090000 724
1511016090000 724
1511016090000 724
1511016090000 724
1511016090000 724
1511016090000 724
1511016090000 724
1511016090000 724
1511016090000 724
1511016090000 724
1511016090000 724
1511016090000 724
1511016090000 724
1511016090000 724
1511016090000 725
1511016090000 725
1511016090000 725
1511016090000 725
1511016090000 725
1511016090000 725
1511016090000 725
1511016090000 725
1511016090000 725
1511016090000 725
1511016090000 725
1511016090000 726
1511016090000 726
1511016090000 726
1511016090000 727
1511016090000 727
1511016090000 727
1511016090000 727
1511016090000 727
1511016090000 729
1511016090000 729
1511016090000 729
1511016090000 729
1511016090000 729
1511016090000 729
1511016090000 729
1511016090000 729
1511016090000 729
1511016090000 730
1511016090000 730
1511016090000 730
1511016090000 730
1511016090000 730
1511016090000 742
1511016090000 742
1511016090000 743
1511016090000 744
1511016090000 744
1511016090000 744
1511016090000 745
1511016090000 746
1511016090000 747
1511016090000 747
1511016090000 750
1511016100000 1059
1511016100000 1059
1511016100000 1061
1511016100000 1063
1511016100000 1064
1511016100000 1065
1511016100000 1066
1511016100000 1066
1511016100000 1067
1511016100000 1067
1511016100000 1068
1511016100000 1069
1511016100000 1069
1511016100000 1069
1511016100000 1072
1511016100000 1073
1511016100000 1073
1511016100000 1074
1511016100000 1075
1511016100000 1076
1511016100000 1079
1511016100000 1079
1511016100000 1079
1511016100000 1080
1511016100000 1082
1511016100000 1083
1511016100000 1083
1511016100000 1084
1511016100000 1084
1511016100000 1085
1511016100000 1086
1511016100000 1089
1511016100000 1090
1511016100000 668
1511016100000 668
1511016100000 668
1511016100000 668
1511016100000 668
1511016100000 668
1511016100000 668
1511016100000 669
1511016100000 669
1511016100000 669
1511016100000 669
1511016100000 670
1511016100000 672
1511016100000 672
1511016100000 672
1511016100000 672
1511016100000 673
1511016100000 673
1511016100000 673
1511016100000 673
1511016100000 673
1511016100000 673
1511016100000 674
1511016100000 674
1511016100000 674
1511016100000 674
1511016100000 674
1511016100000 675
1511016100000 676
1511016100000 676
1511016100000 677
1511016100000 677
1511016100000 678
1511016100000 678
1511016100000 678
1511016100000 679
1511016100000 679
1511016100000 679
1511016100000 679
1511016100000 679
1511016100000 679
1511016100000 679
1511016100000 680
1511016100000 681
1511016100000 681
1511016100000 681
1511016100000 682
1511016100000 682
1511016100000 682
1511016100000 684
1511016100000 685
1511016100000 685
1511016100000 685
1511016100000 688
1511016100000 688
1511016100000 688
1511016100000 689
1511016100000 689
1511016100000 689
1511016100000 689
1511016100000 690
1511016100000 696
1511016100000 697
1511016100000 697
1511016100000 697
1511016100000 698
1511016100000 698
1511016110000 1010
1511016110000 1015
1511016110000 1018
1511016110000 1019
1511016110000 1020
1511016110000 1021
1511016110000 1025
1511016110000 1026
1511016110000 1026
1511016110000 1026
1511016110000 1027
1511016110000 1027
1511016110000 1027
1511016110000 1027
1511016110000 1028
1511016110000 1031
1511016110000 1031
1511016110000 1031
1511016110000 1031
1511016110000 1032
1511016110000 1034
1511016110000 1034
1511016110000 1035
1511016110000 1035
1511016110000 1036
1511016110000 1036
1511016110000 1036
1511016110000 1036
1511016110000 1037
1511016110000 1037
1511016110000 1038
1511016110000 1039
1511016110000 1044
1511016110000 1045
1511016110000 1048
1511016110000 1048
1511016110000 1050
1511016110000 1050
1511016110000 1053
1511016110000 1054
1511016110000 1098
1511016110000 756
1511016110000 756
1511016110000 756
1511016110000 756
1511016110000 756
1511016110000 756
1511016110000 756
1511016110000 756
1511016110000 756
1511016110000 756
1511016110000 756
1511016110000 756
1511016110000 756
1511016110000 756
1511016110000 757
1511016110000 757
1511016110000 757
1511016110000 757
1511016110000 757
1511016110000 757
1511016110000 757
1511016110000 758
1511016110000 758
1511016110000 758
1511016110000 758
1511016110000 758
1511016110000 758
1511016110000 758
1511016110000 758
1511016110000 758
1511016110000 758
1511016110000 758
1511016110000 758
1511016110000 758
1511016110000 758
1511016110000 758
1511016110000 759
1511016110000 759
1511016110000 759
1511016110000 759
1511016110000 759
1511016110000 759
1511016110000 759
1511016110000 759
1511016110000 759
1511016110000 759
1511016110000 759
1511016110000 759
1511016110000 759
1511016110000 759
1511016110000 759
1511016110000 760
1511016110000 760
1511016110000 760
1511016110000 760
1511016110000 760
1511016110000 764
1511016110000 766
1511016110000 767
1511016120000 1002
1511016120000 1015
1511016120000 1036
1511016120000 1040
1511016120000 1046
1511016120000 1046
1511016120000 1047
1511016120000 1052
1511016120000 1053
1511016120000 1053
1511016120000 1053
1511016120000 1053
1511016120000 1054
1511016120000 1055
1511016120000 1056
1511016120000 1058
1511016120000 1058
1511016120000 1058
1511016120000 1058
1511016120000 1059
1511016120000 1060
1511016120000 1060
1511016120000 1060
1511016120000 1061
1511016120000 1061
1511016120000 1061
1511016120000 1062
1511016120000 1062
1511016120000 1062
1511016120000 1065
1511016120000 1065
1511016120000 1065
1511016120000 1066
1511016120000 1067
1511016120000 1071
1511016120000 1073
1511016120000 1074
1511016120000 1076
1511016120000 1446
1511016120000 1446
1511016120000 1448
1511016120000 1448
1511016120000 1455
1511016120000 1456
1511016120000 1456
1511016120000 1457
1511016120000 1457
1511016120000 1457
1511016120000 1458
1511016120000 1458
1511016120000 1458
1511016120000 1473
1511016120000 1480
1511016120000 691
1511016120000 691
1511016120000 691
1511016120000 691
1511016120000 691
1511016120000 691
1511016120000 691
1511016120000 691
1511016120000 691
1511016120000 691
1511016120000 691
1511016120000 691
1511016120000 691
1511016120000 691
1511016120000 691
1511016120000 691
1511016120000 691
1511016120000 691
1511016120000 691
1511016120000 691
1511016120000 691
1511016120000 691
1511016120000 691
1511016120000 691
1511016120000 691
1511016120000 691
1511016120000 691
1511016120000 692
1511016120000 692
1511016120000 692
1511016120000 692
1511016120000 692
1511016120000 692
1511016120000 692
1511016120000 692
1511016120000 692
1511016120000 692
1511016120000 692
1511016120000 692
1511016120000 692
1511016120000 692
1511016120000 692
1511016120000 692
1511016120000 692
1511016120000 692
1511016120000 693
1511016120000 693
1511016130000 1000
1511016130000 1004
1511016130000 1009
1511016130000 1010
1511016130000 1013
1511016130000 1014
1511016130000 1015
1511016130000 1015
1511016130000 1018
1511016130000 1019
1511016130000 1021
1511016130000 1021
1511016130000 1021
1511016130000 1024
1511016130000 1024
1511016130000 1025
1511016130000 1026
1511016130000 1027
1511016130000 1027
1511016130000 1027
1511016130000 1029
1511016130000 1029
1511016130000 1030
1511016130000 1031
1511016130000 1031
1511016130000 1032
1511016130000 1032
1511016130000 1032
1511016130000 1032
1511016130000 1032
1511016130000 1033
1511016130000 1033
1511016130000 1033
1511016130000 1034
1511016130000 1035
1511016130000 1035
1511016130000 1036
1511016130000 1036
1511016130000 1037
1511016130000 1040
1511016130000 1040
1511016130000 1041
1511016130000 1041
1511016130000 1042
1511016130000 1047
1511016130000 1057
1511016130000 682
1511016130000 683
1511016130000 683
1511016130000 683
1511016130000 683
1511016130000 683
1511016130000 683
1511016130000 683
1511016130000 683
1511016130000 683
1511016130000 683
1511016130000 683
1511016130000 683
1511016130000 683
1511016130000 683
1511016130000 683
1511016130000 683
1511016130000 683
1511016130000 683
1511016130000 683
1511016130000 683
1511016130000 683
1511016130000 683
1511016130000 683
1511016130000 683
1511016130000 683
1511016130000 683
1511016130000 683
1511016130000 683
1511016130000 683
1511016130000 684
1511016130000 684
1511016130000 684
1511016130000 684
1511016130000 684
1511016130000 684
1511016130000 684
1511016130000 684
1511016130000 684
1511016130000 684
1511016130000 684
1511016130000 684
1511016130000 684
1511016130000 684
1511016130000 684
1511016130000 684
1511016130000 684
1511016130000 684
1511016130000 684
1511016130000 684
1511016130000 684
1511016130000 684
1511016130000 685
1511016130000 998
1511016140000 709
1511016140000 709
1511016140000 709
1511016140000 709
1511016140000 709
1511016140000 709
1511016140000 709
1511016140000 710
1511016140000 710
1511016140000 710
1511016140000 710
1511016140000 710
1511016140000 710
1511016140000 710
1511016140000 710
1511016140000 710
1511016140000 711
1511016140000 711
1511016140000 711
1511016140000 711
1511016140000 711
1511016140000 711
1511016140000 711
1511016140000 711
1511016140000 711
1511016140000 711
1511016140000 711
1511016140000 711
1511016140000 711
1511016140000 711
1511016140000 711
1511016140000 712
1511016140000 712
1511016140000 712
1511016140000 712
1511016140000 712
1511016140000 712
1511016140000 712
1511016140000 712
1511016140000 712
1511016140000 712
1511016140000 712
1511016140000 712
1511016140000 712
1511016140000 712
1511016140000 712
1511016140000 712
1511016140000 712
1511016140000 713
1511016140000 713
1511016140000 713
1511016140000 713
1511016140000 713
1511016140000 713
1511016140000 713
1511016140000 714
1511016140000 714
1511016140000 714
1511016140000 714
1511016140000 714
1511016140000 714
1511016140000 714
1511016140000 714
1511016140000 714
1511016140000 714
1511016140000 714
1511016140000 714
1511016140000 715
1511016140000 727
1511016140000 734
1511016140000 737
1511016140000 739
1511016140000 739
1511016140000 739
1511016140000 739
1511016140000 741
1511016140000 741
1511016140000 742
1511016140000 744
1511016140000 744
1511016140000 745
1511016140000 745
1511016140000 745
1511016140000 746
1511016140000 748
1511016140000 751
1511016140000 755
1511016140000 756
1511016140000 758
1511016140000 758
1511016140000 759
1511016140000 760
1511016140000 760
1511016140000 761
1511016140000 763
1511016140000 765
1511016140000 766
1511016140000 768
1511016140000 768
1511016140000 768
1511016150000 693
1511016150000 693
1511016150000 694
1511016150000 694
1511016150000 694
1511016150000 694
1511016150000 694
1511016150000 694
1511016150000 695
1511016150000 695
1511016150000 695
1511016150000 695
1511016150000 695
1511016150000 695
1511016150000 695
1511016150000 695
1511016150000 695
1511016150000 695
1511016150000 695
1511016150000 695
1511016150000 695
1511016150000 695
1511016150000 695
1511016150000 695
1511016150000 695
1511016150000 696
1511016150000 696
1511016150000 696
1511016150000 696
1511016150000 696
1511016150000 696
1511016150000 696
1511016150000 696
1511016150000 696
1511016150000 696
1511016150000 696
1511016150000 696
1511016150000 696
1511016150000 696
1511016150000 696
1511016150000 696
1511016150000 697
1511016150000 697
1511016150000 697
1511016150000 697
1511016150000 697
1511016150000 697
1511016150000 697
1511016150000 697
1511016150000 697
1511016150000 697
1511016150000 697
1511016150000 697
1511016150000 697
1511016150000 697
1511016150000 697
1511016150000 697
1511016150000 697
1511016150000 697
1511016150000 697
1511016150000 697
1511016150000 698
1511016150000 698
1511016150000 698
1511016150000 698
1511016150000 698
1511016150000 698
1511016150000 698
1511016150000 698
1511016150000 698
1511016150000 698
1511016150000 698
1511016150000 698
1511016150000 698
1511016150000 698
1511016150000 698
1511016150000 698
1511016150000 698
1511016150000 698
1511016150000 698
1511016150000 698
1511016150000 699
1511016150000 699
1511016150000 699
1511016150000 699
1511016150000 699
1511016150000 699
1511016150000 699
1511016150000 699
1511016150000 699
1511016150000 699
1511016150000 699
1511016150000 700
1511016150000 700
1511016150000 700
1511016150000 700
1511016150000 700
1511016150000 700
1511016150000 700
1511016150000 700
1511016160000 1226
1511016160000 692
1511016160000 692
1511016160000 693
1511016160000 693
1511016160000 693
1511016160000 693
1511016160000 694
1511016160000 694
1511016160000 694
1511016160000 694
1511016160000 694
1511016160000 694
1511016160000 694
1511016160000 694
1511016160000 694
1511016160000 694
1511016160000 694
1511016160000 694
1511016160000 694
1511016160000 694
1511016160000 694
1511016160000 694
1511016160000 694
1511016160000 694
1511016160000 694
1511016160000 694
1511016160000 695
1511016160000 695
1511016160000 695
1511016160000 695
1511016160000 695
1511016160000 695
1511016160000 695
1511016160000 695
1511016160000 695
1511016160000 695
1511016160000 695
1511016160000 695
1511016160000 695
1511016160000 695
1511016160000 695
1511016160000 695
1511016160000 695
1511016160000 696
1511016160000 760
1511016160000 769
1511016160000 771
1511016160000 772
1511016160000 773
1511016160000 773
1511016160000 774
1511016160000 774
1511016160000 776
1511016160000 776
1511016160000 777
1511016160000 777
1511016160000 777
1511016160000 778
1511016160000 778
1511016160000 778
1511016160000 778
1511016160000 779
1511016160000 779
1511016160000 779
1511016160000 780
1511016160000 781
1511016160000 781
1511016160000 781
1511016160000 781
1511016160000 781
1511016160000 782
1511016160000 782
1511016160000 782
1511016160000 782
1511016160000 782
1511016160000 782
1511016160000 783
1511016160000 784
1511016160000 784
1511016160000 786
1511016160000 786
1511016160000 787
1511016160000 787
1511016160000 788
1511016160000 796
1511016160000 796
1511016160000 797
1511016160000 797
1511016160000 799
1511016160000 799
1511016160000 799
1511016160000 803
1511016160000 803
1511016160000 807
1511016160000 815
1511016160000 816
1511016160000 817
1511016160000 817
1511016160000 817
1511016170000 725
1511016170000 725
1511016170000 725
1511016170000 725
1511016170000 725
1511016170000 725
1511016170000 725
1511016170000 725
1511016170000 725
1511016170000 725
1511016170000 726
1511016170000 726
1511016170000 726
1511016170000 726
1511016170000 726
1511016170000 726
1511016170000 726
1511016170000 726
1511016170000 726
1511016170000 726
1511016170000 726
1511016170000 726
1511016170000 726
1511016170000 726
1511016170000 726
1511016170000 726
1511016170000 726
1511016170000 726
1511016170000 726
1511016170000 726
1511016170000 726
1511016170000 726
1511016170000 726
1511016170000 726
1511016170000 726
1511016170000 726
1511016170000 726
1511016170000 726
1511016170000 727
1511016170000 727
1511016170000 727
1511016170000 727
1511016170000 727
1511016170000 727
1511016170000 727
1511016170000 727
1511016170000 727
1511016170000 727
1511016170000 727
1511016170000 727
1511016170000 727
1511016170000 727
1511016170000 727
1511016170000 727
1511016170000 727
1511016170000 727
1511016170000 727
1511016170000 727
1511016170000 727
1511016170000 727
1511016170000 727
1511016170000 727
1511016170000 727
1511016170000 727
1511016170000 727
1511016170000 727
1511016170000 727
1511016170000 727
1511016170000 727
1511016170000 727
1511016170000 727
1511016170000 728
1511016170000 728
1511016170000 728
1511016170000 728
1511016170000 728
1511016170000 728
1511016170000 728
1511016170000 728
1511016170000 728
1511016170000 728
1511016170000 728
1511016170000 728
1511016170000 730
1511016170000 732
1511016170000 732
1511016170000 732
1511016170000 732
1511016170000 732
1511016170000 732
1511016170000 732
1511016170000 732
1511016170000 733
1511016170000 741
1511016170000 741
1511016170000 750
1511016170000 750
1511016170000 750
1511016170000 750
1511016170000 750
1511016180000 670
1511016180000 670
1511016180000 670
1511016180000 671
1511016180000 671
1511016180000 671
1511016180000 671
1511016180000 671
1511016180000 671
1511016180000 671
1511016180000 671
1511016180000 671
1511016180000 671
1511016180000 671
1511016180000 671
1511016180000 672
1511016180000 672
1511016180000 672
1511016180000 672
1511016180000 672
1511016180000 672
1511016180000 672
1511016180000 672
1511016180000 672
1511016180000 672
1511016180000 672
1511016180000 672
1511016180000 672
1511016180000 672
1511016180000 672
1511016180000 672
1511016180000 672
1511016180000 672
1511016180000 672
1511016180000 672
1511016180000 672
1511016180000 672
1511016180000 672
1511016180000 672
1511016180000 672
1511016180000 672
1511016180000 672
1511016180000 672
1511016180000 672
1511016180000 672
1511016180000 673
1511016180000 673
1511016180000 673
1511016180000 673
1511016180000 673
1511016180000 673
1511016180000 673
1511016180000 673
1511016180000 673
1511016180000 673
1511016180000 673
1511016180000 673
1511016180000 673
1511016180000 673
1511016180000 673
1511016180000 673
1511016180000 673
1511016180000 673
1511016180000 673
1511016180000 673
1511016180000 673
1511016180000 673
1511016180000 673
1511016180000 673
1511016180000 673
1511016180000 673
1511016180000 673
1511016180000 673
1511016180000 673
1511016180000 673
1511016180000 673
1511016180000 673
1511016180000 673
1511016180000 673
1511016180000 673
1511016180000 673
1511016180000 673
1511016180000 674
1511016180000 674
1511016180000 674
1511016180000 674
1511016180000 675
1511016180000 675
1511016180000 675
1511016180000 675
1511016180000 675
1511016180000 675
1511016180000 677
1511016180000 677
1511016180000 677
1511016180000 678
1511016180000 691
1511016180000 691
1511016180000 692
1511016180000 692
1511016190000 1171
1511016190000 702
1511016190000 702
1511016190000 702
1511016190000 702
1511016190000 702
1511016190000 702
1511016190000 702
1511016190000 703
1511016190000 703
1511016190000 703
1511016190000 703
1511016190000 703
1511016190000 703
1511016190000 703
1511016190000 703
1511016190000 703
1511016190000 703
1511016190000 703
1511016190000 703
1511016190000 703
1511016190000 703
1511016190000 703
1511016190000 703
1511016190000 704
1511016190000 704
1511016190000 704
1511016190000 704
1511016190000 704
1511016190000 704
1511016190000 704
1511016190000 704
1511016190000 704
1511016190000 704
1511016190000 704
1511016190000 704
1511016190000 704
1511016190000 704
1511016190000 704
1511016190000 704
1511016190000 704
1511016190000 704
1511016190000 704
1511016190000 704
1511016190000 704
1511016190000 704
1511016190000 704
1511016190000 704
1511016190000 704
1511016190000 704
1511016190000 704
1511016190000 704
1511016190000 704
1511016190000 704
1511016190000 704
1511016190000 705
1511016190000 705
1511016190000 705
1511016190000 705
1511016190000 705
1511016190000 705
1511016190000 728
1511016190000 733
1511016190000 744
1511016190000 745
1511016190000 761
1511016190000 762
1511016190000 762
1511016190000 763
1511016190000 763
1511016190000 764
1511016190000 765
1511016190000 766
1511016190000 766
1511016190000 767
1511016190000 767
1511016190000 767
1511016190000 768
1511016190000 769
1511016190000 769
1511016190000 770
1511016190000 770
1511016190000 772
1511016190000 772
1511016190000 773
1511016190000 773
1511016190000 774
1511016190000 774
1511016190000 776
1511016190000 778
1511016190000 778
1511016190000 778
1511016190000 784
1511016190000 785
1511016190000 786
1511016190000 787
1511016190000 803
1511016190000 808
1511016190000 808
1511016190000 809
1511016200000 728
1511016200000 728
1511016200000 728
1511016200000 728
1511016200000 728
1511016200000 728
1511016200000 728
1511016200000 728
1511016200000 728
1511016200000 728
1511016200000 728
1511016200000 728
1511016200000 728
1511016200000 728
1511016200000 728
1511016200000 728
1511016200000 728
1511016200000 728
1511016200000 729
1511016200000 729
1511016200000 729
1511016200000 729
1511016200000 729
1511016200000 729
1511016200000 729
1511016200000 729
1511016200000 729
1511016200000 729
1511016200000 729
1511016200000 729
1511016200000 729
1511016200000 729
1511016200000 729
1511016200000 729
1511016200000 729
1511016200000 729
1511016200000 729
1511016200000 729
1511016200000 729
1511016200000 729
1511016200000 729
1511016200000 729
1511016200000 729
1511016200000 729
1511016200000 729
1511016200000 729
1511016200000 729
1511016200000 729
1511016200000 729
1511016200000 729
1511016200000 730
1511016200000 730
1511016200000 730
1511016200000 730
1511016200000 730
1511016200000 730
1511016200000 730
1511016200000 785
1511016200000 785
1511016200000 787
1511016200000 788
1511016200000 790
1511016200000 791
1511016200000 791
1511016200000 794
1511016200000 795
1511016200000 795
1511016200000 796
1511016200000 796
1511016200000 796
1511016200000 797
1511016200000 799
1511016200000 799
1511016200000 799
1511016200000 799
1511016200000 801
1511016200000 801
1511016200000 801
1511016200000 801
1511016200000 802
1511016200000 803
1511016200000 805
1511016200000 806
1511016200000 806
1511016200000 806
1511016200000 807
1511016200000 807
1511016200000 807
1511016200000 807
1511016200000 807
1511016200000 809
1511016200000 810
1511016200000 811
1511016200000 812
1511016200000 812
1511016200000 815
1511016200000 823
1511016200000 867
1511016200000 868
1511016200000 870
1511016210000 700
1511016210000 701
1511016210000 701
1511016210000 701
1511016210000 701
1511016210000 701
1511016210000 701
1511016210000 701
1511016210000 701
1511016210000 701
1511016210000 701
1511016210000 701
1511016210000 701
1511016210000 702
1511016210000 702
1511016210000 702
1511016210000 702
1511016210000 702
1511016210000 702
1511016210000 702
1511016210000 703
1511016210000 703
1511016210000 703
1511016210000 703
1511016210000 703
1511016210000 703
1511016210000 703
1511016210000 703
1511016210000 703
1511016210000 703
1511016210000 703
1511016210000 703
1511016210000 704
1511016210000 704
1511016210000 704
1511016210000 704
1511016210000 706
1511016210000 709
1511016210000 709
1511016210000 711
1511016210000 711
1511016210000 711
1511016210000 711
1511016210000 711
1511016210000 712
1511016210000 712
1511016210000 712
1511016210000 713
1511016210000 714
1511016210000 714
1511016210000 716
1511016210000 716
1511016210000 718
1511016210000 718
1511016210000 720
1511016210000 720
1511016210000 722
1511016210000 723
1511016210000 723
1511016210000 723
1511016210000 723
1511016210000 723
1511016210000 723
1511016210000 723
1511016210000 723
1511016210000 724
1511016210000 724
1511016210000 725
1511016210000 725
1511016210000 725
1511016210000 725
1511016210000 730
1511016210000 730
1511016210000 730
1511016210000 730
1511016210000 730
1511016210000 730
1511016210000 731
1511016210000 732
1511016210000 734
1511016210000 735
1511016210000 735
1511016210000 735
1511016210000 736
1511016210000 736
1511016210000 737
1511016210000 740
1511016210000 740
1511016210000 745
1511016210000 746
1511016210000 746
1511016210000 746
1511016210000 760
1511016210000 760
1511016210000 798
1511016210000 798
1511016210000 799
1511016210000 805
1511016210000 805
1511016210000 807
1511016220000 1350
1511016220000 698
1511016220000 698
1511016220000 698
1511016220000 699
1511016220000 699
1511016220000 699
1511016220000 699
1511016220000 699
1511016220000 699
1511016220000 699
1511016220000 699
1511016220000 699
1511016220000 699
1511016220000 699
1511016220000 699
1511016220000 699
1511016220000 699
1511016220000 699
1511016220000 699
1511016220000 699
1511016220000 699
1511016220000 699
1511016220000 699
1511016220000 699
1511016220000 699
1511016220000 699
1511016220000 699
1511016220000 699
1511016220000 699
1511016220000 699
1511016220000 699
1511016220000 699
1511016220000 699
1511016220000 699
1511016220000 699
1511016220000 700
1511016220000 700
1511016220000 700
1511016220000 700
1511016220000 700
1511016220000 700
1511016220000 700
1511016220000 700
1511016220000 700
1511016220000 938
1511016220000 938
1511016220000 938
1511016220000 939
1511016220000 940
1511016220000 941
1511016220000 942
1511016220000 943
1511016220000 943
1511016220000 943
1511016220000 945
1511016220000 945
1511016220000 946
1511016220000 947
1511016220000 947
1511016220000 947
1511016220000 947
1511016220000 949
1511016220000 949
1511016220000 949
1511016220000 950
1511016220000 950
1511016220000 950
1511016220000 950
1511016220000 951
1511016220000 951
1511016220000 951
1511016220000 951
1511016220000 952
1511016220000 952
1511016220000 952
1511016220000 953
1511016220000 954
1511016220000 954
1511016220000 955
1511016220000 955
1511016220000 955
1511016220000 955
1511016220000 957
1511016220000 957
1511016220000 957
1511016220000 958
1511016220000 958
1511016220000 958
1511016220000 959
1511016220000 959
1511016220000 959
1511016220000 964
1511016220000 965
1511016220000 967
1511016220000 967
1511016220000 968
1511016220000 977
1511016220000 981
1511016220000 981
1511016230000 705
1511016230000 705
1511016230000 705
1511016230000 705
1511016230000 705
1511016230000 705
1511016230000 706
1511016230000 706
1511016230000 706
1511016230000 706
1511016230000 706
1511016230000 706
1511016230000 706
1511016230000 706
1511016230000 706
1511016230000 706
1511016230000 706
1511016230000 706
1511016230000 706
1511016230000 706
1511016230000 706
1511016230000 706
1511016230000 706
1511016230000 706
1511016230000 706
1511016230000 706
1511016230000 706
1511016230000 707
1511016230000 707
1511016230000 707
1511016230000 707
1511016230000 707
1511016230000 707
1511016230000 707
1511016230000 707
1511016230000 707
1511016230000 707
1511016230000 707
1511016230000 707
1511016230000 707
1511016230000 707
1511016230000 707
1511016230000 707
1511016230000 707
1511016230000 707
1511016230000 707
1511016230000 707
1511016230000 707
1511016230000 707
1511016230000 707
1511016230000 707
1511016230000 707
1511016230000 707
1511016230000 707
1511016230000 707
1511016230000 707
1511016230000 707
1511016230000 707
1511016230000 707
1511016230000 707
1511016230000 707
1511016230000 707
1511016230000 707
1511016230000 707
1511016230000 707
1511016230000 707
1511016230000 707
1511016230000 707
1511016230000 707
1511016230000 707
1511016230000 707
1511016230000 707
1511016230000 707
1511016230000 707
1511016230000 707
1511016230000 708
1511016230000 708
1511016230000 708
1511016230000 708
1511016230000 708
1511016230000 708
1511016230000 708
1511016230000 708
1511016230000 708
1511016230000 708
1511016230000 708
1511016230000 708
1511016230000 708
1511016230000 708
1511016230000 708
1511016230000 708
1511016230000 708
1511016230000 709
1511016230000 888
1511016230000 888
1511016230000 888
1511016230000 894
1511016230000 896
1511016230000 897
1511016230000 902
1511016240000 681
1511016240000 681
1511016240000 681
1511016240000 682
1511016240000 682
1511016240000 682
1511016240000 682
1511016240000 683
1511016240000 683
1511016240000 683
1511016240000 683
1511016240000 683
1511016240000 683
1511016240000 683
1511016240000 683
1511016240000 683
1511016240000 683
1511016240000 683
1511016240000 683
1511016240000 684
1511016240000 684
1511016240000 684
1511016240000 684
1511016240000 684
1511016240000 684
1511016240000 684
1511016240000 684
1511016240000 684
1511016240000 684
1511016240000 684
1511016240000 684
1511016240000 684
1511016240000 684
1511016240000 684
1511016240000 684
1511016240000 684
1511016240000 684
1511016240000 684
1511016240000 684
1511016240000 684
1511016240000 684
1511016240000 685
1511016240000 685
1511016240000 685
1511016240000 685
1511016240000 685
1511016240000 685
1511016240000 685
1511016240000 685
1511016240000 685
1511016240000 685
1511016240000 685
1511016240000 685
1511016240000 685
1511016240000 685
1511016240000 685
1511016240000 685
1511016240000 685
1511016240000 685
1511016240000 685
1511016240000 685
1511016240000 685
1511016240000 686
1511016240000 686
1511016240000 686
1511016240000 686
1511016240000 686
1511016240000 686
1511016240000 686
1511016240000 686
1511016240000 686
1511016240000 687
1511016240000 687
1511016240000 687
1511016240000 687
1511016240000 687
1511016240000 687
1511016240000 687
1511016240000 687
1511016240000 687
1511016240000 687
1511016240000 687
1511016240000 687
1511016240000 687
1511016240000 687
1511016240000 687
1511016240000 687
1511016240000 688
1511016240000 688
1511016240000 688
1511016240000 688
1511016240000 688
1511016240000 689
1511016240000 689
1511016240000 689
1511016240000 689
1511016240000 689
1511016240000 689
1511016240000 689
1511016240000 689
1511016250000 733
1511016250000 733
1511016250000 733
1511016250000 734
1511016250000 734
1511016250000 734
1511016250000 734
1511016250000 734
1511016250000 734
1511016250000 734
1511016250000 734
1511016250000 734
1511016250000 735
1511016250000 735
1511016250000 735
1511016250000 735
1511016250000 735
1511016250000 735
1511016250000 735
1511016250000 735
1511016250000 735
1511016250000 735
1511016250000 736
1511016250000 736
1511016250000 736
1511016250000 736
1511016250000 736
1511016250000 736
1511016250000 736
1511016250000 736
1511016250000 736
1511016250000 736
1511016250000 736
1511016250000 736
1511016250000 736
1511016250000 737
1511016250000 737
1511016250000 737
1511016250000 737
1511016250000 737
1511016250000 737
1511016250000 737
1511016250000 737
1511016250000 737
1511016250000 738
1511016250000 738
1511016250000 738
1511016250000 739
1511016250000 757
1511016250000 758
1511016250000 759
1511016250000 760
1511016250000 761
1511016250000 763
1511016250000 763
1511016250000 765
1511016250000 765
1511016250000 766
1511016250000 766
1511016250000 767
1511016250000 768
1511016250000 768
1511016250000 770
1511016250000 773
1511016250000 773
1511016250000 773
1511016250000 778
1511016250000 778
1511016250000 778
1511016250000 779
1511016250000 779
1511016250000 780
1511016250000 780
1511016250000 781
1511016250000 783
1511016250000 783
1511016250000 785
1511016250000 785
1511016250000 785
1511016250000 786
1511016250000 786
1511016250000 786
1511016250000 790
1511016250000 790
1511016250000 791
1511016250000 791
1511016250000 792
1511016250000 792
1511016250000 793
1511016250000 795
1511016250000 795
1511016250000 799
1511016250000 799
1511016250000 800
1511016250000 801
1511016250000 803
1511016250000 806
1511016250000 807
1511016250000 814
1511016250000 815
1511016260000 717
1511016260000 718
1511016260000 719
1511016260000 719
1511016260000 719
1511016260000 719
1511016260000 719
1511016260000 719
1511016260000 719
1511016260000 720
1511016260000 720
1511016260000 720
1511016260000 720
1511016260000 720
1511016260000 720
1511016260000 720
1511016260000 720
1511016260000 720
1511016260000 720
1511016260000 720
1511016260000 720
1511016260000 720
1511016260000 720
1511016260000 721
1511016260000 721
1511016260000 721
1511016260000 721
1511016260000 721
1511016260000 721
1511016260000 721
1511016260000 721
1511016260000 721
1511016260000 721
1511016260000 721
1511016260000 721
1511016260000 721
1511016260000 721
1511016260000 721
1511016260000 721
1511016260000 722
1511016260000 722
1511016260000 722
1511016260000 722
1511016260000 722
1511016260000 722
1511016260000 722
1511016260000 722
1511016260000 722
1511016260000 722
1511016260000 722
1511016260000 722
1511016260000 722
1511016260000 722
1511016260000 722
1511016260000 722
1511016260000 722
1511016260000 722
1511016260000 722
1511016260000 722
1511016260000 723
1511016260000 723
1511016260000 723
1511016260000 723
1511016260000 723
1511016260000 723
1511016260000 723
1511016260000 723
1511016260000 723
1511016260000 723
1511016260000 723
1511016260000 723
1511016260000 723
1511016260000 723
1511016260000 723
1511016260000 723
1511016260000 724
1511016260000 724
1511016260000 724
1511016260000 724
1511016260000 724
1511016260000 724
1511016260000 724
1511016260000 724
1511016260000 724
1511016260000 724
1511016260000 724
1511016260000 724
1511016260000 724
1511016260000 724
1511016260000 724
1511016260000 725
1511016260000 725
1511016260000 725
1511016260000 725
1511016260000 725
1511016260000 725
1511016260000 725
1511016260000 725
1511016260000 725
1511016260000 726
1511016270000 1102
1511016270000 1102
1511016270000 1106
1511016270000 1106
1511016270000 1107
1511016270000 1107
1511016270000 1108
1511016270000 1109
1511016270000 1111
1511016270000 1111
1511016270000 1113
1511016270000 1113
1511016270000 1120
1511016270000 1122
1511016270000 735
1511016270000 735
1511016270000 735
1511016270000 735
1511016270000 735
1511016270000 735
1511016270000 736
1511016270000 736
1511016270000 736
1511016270000 736
1511016270000 736
1511016270000 736
1511016270000 736
1511016270000 736
1511016270000 736
1511016270000 736
1511016270000 736
1511016270000 736
1511016270000 736
1511016270000 736
1511016270000 736
1511016270000 736
1511016270000 736
1511016270000 736
1511016270000 736
1511016270000 736
1511016270000 736
1511016270000 736
1511016270000 736
1511016270000 736
1511016270000 737
1511016270000 737
1511016270000 737
1511016270000 737
1511016270000 737
1511016270000 737
1511016270000 737
1511016270000 737
1511016270000 737
1511016270000 737
1511016270000 737
1511016270000 737
1511016270000 737
1511016270000 737
1511016270000 737
1511016270000 738
1511016270000 738
1511016270000 738
1511016270000 738
1511016270000 738
1511016270000 738
1511016270000 738
1511016270000 738
1511016270000 738
1511016270000 738
1511016270000 738
1511016270000 738
1511016270000 738
1511016270000 738
1511016270000 738
1511016270000 738
1511016270000 738
1511016270000 738
1511016270000 738
1511016270000 738
1511016270000 738
1511016270000 738
1511016270000 739
1511016270000 739
1511016270000 739
1511016270000 739
1511016270000 739
1511016270000 739
1511016270000 739
1511016270000 739
1511016270000 740
1511016270000 740
1511016270000 740
1511016270000 740
1511016270000 740
1511016270000 740
1511016270000 740
1511016270000 740
1511016270000 740
1511016270000 744
1511016270000 745
1511016280000 728
1511016280000 728
1511016280000 729
1511016280000 729
1511016280000 730
1511016280000 730
1511016280000 730
1511016280000 730
1511016280000 731
1511016280000 731
1511016280000 731
1511016280000 732
1511016280000 732
1511016280000 732
1511016280000 732
1511016280000 732
1511016280000 733
1511016280000 733
1511016280000 733
1511016280000 733
1511016280000 733
1511016280000 733
1511016280000 733
1511016280000 733
1511016280000 733
1511016280000 733
1511016280000 733
1511016280000 733
1511016280000 733
1511016280000 733
1511016280000 733
1511016280000 734
1511016280000 734
1511016280000 734
1511016280000 734
1511016280000 734
1511016280000 734
1511016280000 734
1511016280000 734
1511016280000 734
1511016280000 734
1511016280000 734
1511016280000 734
1511016280000 734
1511016280000 734
1511016280000 734
1511016280000 735
1511016280000 735
1511016280000 735
1511016280000 736
1511016280000 736
1511016280000 736
1511016280000 736
1511016280000 736
1511016280000 736
1511016280000 736
1511016280000 736
1511016280000 736
1511016280000 736
1511016280000 736
1511016280000 736
1511016280000 736
1511016280000 736
1511016280000 736
1511016280000 736
1511016280000 736
1511016280000 736
1511016280000 736
1511016280000 736
1511016280000 737
1511016280000 737
1511016280000 737
1511016280000 737
1511016280000 737
1511016280000 737
1511016280000 737
1511016280000 737
1511016280000 737
1511016280000 737
1511016280000 737
1511016280000 737
1511016280000 737
1511016280000 738
1511016280000 738
1511016280000 738
1511016280000 738
1511016280000 739
1511016280000 739
1511016280000 739
1511016280000 740
1511016280000 740
1511016280000 741
1511016280000 741
1511016280000 741
1511016280000 741
1511016280000 741
1511016280000 745
1511016280000 746
1511016280000 756
1511016280000 757
1511016290000 1057
1511016290000 1058
1511016290000 1062
1511016290000 1062
1511016290000 1062
1511016290000 1063
1511016290000 1063
1511016290000 1063
1511016290000 1063
1511016290000 1064
1511016290000 1065
1511016290000 1065
1511016290000 1065
1511016290000 1065
1511016290000 1066
1511016290000 1066
1511016290000 1066
1511016290000 1066
1511016290000 1067
1511016290000 1067
1511016290000 1068
1511016290000 1068
1511016290000 1068
1511016290000 1069
1511016290000 1069
1511016290000 1069
1511016290000 1070
1511016290000 1073
1511016290000 1076
1511016290000 1076
1511016290000 1077
1511016290000 1079
1511016290000 1079
1511016290000 1080
1511016290000 1080
1511016290000 1082
1511016290000 1082
1511016290000 1093
1511016290000 1095
1511016290000 1096
1511016290000 1448
1511016290000 1452
1511016290000 1453
1511016290000 1454
1511016290000 1455
1511016290000 1458
1511016290000 1458
1511016290000 1459
1511016290000 1461
1511016290000 1462
1511016290000 1471
1511016290000 1474
1511016290000 1474
1511016290000 1478
1511016290000 717
1511016290000 717
1511016290000 718
1511016290000 718
1511016290000 718
1511016290000 718
1511016290000 719
1511016290000 719
1511016290000 719
1511016290000 719
1511016290000 719
1511016290000 719
1511016290000 719
1511016290000 719
1511016290000 719
1511016290000 719
1511016290000 719
1511016290000 719
1511016290000 720
1511016290000 720
1511016290000 720
1511016290000 720
1511016290000 720
1511016290000 720
1511016290000 720
1511016290000 720
1511016290000 720
1511016290000 720
1511016290000 721
1511016290000 721
1511016290000 721
1511016290000 721
1511016290000 721
1511016290000 721
1511016290000 721
1511016290000 722
1511016290000 722
1511016290000 722
1511016290000 722
1511016290000 722
1511016290000 722
1511016290000 722
1511016290000 723
1511016290000 746
1511016290000 746
1511016290000 746
1511016300000 722
1511016300000 722
1511016300000 722
1511016300000 722
1511016300000 722
1511016300000 722
1511016300000 722
1511016300000 722
1511016300000 722
1511016300000 722
1511016300000 722
1511016300000 723
1511016300000 723
1511016300000 723
1511016300000 723
1511016300000 723
1511016300000 724
1511016300000 724
1511016300000 724
1511016300000 724
1511016300000 724
1511016300000 724
1511016300000 724
1511016300000 724
1511016300000 724
1511016300000 725
1511016300000 725
1511016300000 725
1511016300000 725
1511016300000 725
1511016300000 725
1511016300000 725
1511016300000 725
1511016300000 725
1511016300000 725
1511016300000 725
1511016300000 725
1511016300000 725
1511016300000 725
1511016300000 725
1511016300000 725
1511016300000 725
1511016300000 725
1511016300000 725
1511016300000 725
1511016300000 725
1511016300000 725
1511016300000 725
1511016300000 725
1511016300000 725
1511016300000 725
1511016300000 725
1511016300000 725
1511016300000 725
1511016300000 726
1511016300000 726
1511016300000 726
1511016300000 726
1511016300000 726
1511016300000 726
1511016300000 726
1511016300000 726
1511016300000 726
1511016300000 726
1511016300000 726
1511016300000 726
1511016300000 726
1511016300000 726
1511016300000 726
1511016300000 726
1511016300000 726
1511016300000 727
1511016300000 727
1511016300000 727
1511016300000 727
1511016300000 727
1511016300000 727
1511016300000 727
1511016300000 728
1511016300000 728
1511016300000 728
1511016300000 728
1511016300000 728
1511016300000 728
1511016300000 728
1511016300000 728
1511016300000 729
1511016300000 729
1511016300000 729
1511016300000 731
1511016300000 731
1511016300000 731
1511016300000 733
1511016300000 733
1511016300000 734
1511016300000 735
1511016300000 738
1511016300000 740
1511016300000 743
1511016300000 744
1511016310000 753
1511016310000 753
1511016310000 753
1511016310000 753
1511016310000 753
1511016310000 753
1511016310000 754
1511016310000 754
1511016310000 754
1511016310000 754
1511016310000 754
1511016310000 754
1511016310000 754
1511016310000 754
1511016310000 754
1511016310000 754
1511016310000 754
1511016310000 754
1511016310000 754
1511016310000 754
1511016310000 754
1511016310000 754
1511016310000 755
1511016310000 755
1511016310000 755
1511016310000 755
1511016310000 755
1511016310000 755
1511016310000 755
1511016310000 755
1511016310000 755
1511016310000 755
1511016310000 755
1511016310000 755
1511016310000 755
1511016310000 755
1511016310000 755
1511016310000 755
1511016310000 755
1511016310000 755
1511016310000 756
1511016310000 756
1511016310000 756
1511016310000 756
1511016310000 756
1511016310000 756
1511016310000 756
1511016310000 756
1511016310000 756
1511016310000 756
1511016310000 756
1511016310000 756
1511016310000 756
1511016310000 756
1511016310000 756
1511016310000 756
1511016310000 756
1511016310000 756
1511016310000 756
1511016310000 757
1511016310000 757
1511016310000 757
1511016310000 757
1511016310000 757
1511016310000 757
1511016310000 757
1511016310000 757
1511016310000 757
1511016310000 757
1511016310000 757
1511016310000 757
1511016310000 757
1511016310000 757
1511016310000 758
1511016310000 758
1511016310000 758
1511016310000 758
1511016310000 758
1511016310000 758
1511016310000 758
1511016310000 832
1511016310000 832
1511016310000 832
1511016310000 832
1511016310000 832
1511016310000 832
1511016310000 834
1511016310000 834
1511016310000 835
1511016310000 836
1511016310000 837
1511016310000 857
1511016310000 869
1511016310000 870
1511016310000 872
1511016310000 873
1511016310000 875
1511016310000 880
1511016310000 881
1511016310000 882
1511016320000 1301
1511016320000 1310
1511016320000 741
1511016320000 741
1511016320000 741
1511016320000 741
1511016320000 741
1511016320000 741
1511016320000 741
1511016320000 741
1511016320000 741
1511016320000 741
1511016320000 741
1511016320000 741
1511016320000 741
1511016320000 741
1511016320000 742
1511016320000 742
1511016320000 742
1511016320000 742
1511016320000 742
1511016320000 742
1511016320000 742
1511016320000 742
1511016320000 742
1511016320000 742
1511016320000 742
1511016320000 742
1511016320000 742
1511016320000 742
1511016320000 742
1511016320000 742
1511016320000 742
1511016320000 742
1511016320000 742
1511016320000 742
1511016320000 742
1511016320000 742
1511016320000 742
1511016320000 742
1511016320000 742
1511016320000 742
1511016320000 742
1511016320000 742
1511016320000 742
1511016320000 742
1511016320000 742
1511016320000 742
1511016320000 742
1511016320000 743
1511016320000 743
1511016320000 743
1511016320000 743
1511016320000 743
1511016320000 743
1511016320000 743
1511016320000 743
1511016320000 743
1511016320000 868
1511016320000 878
1511016320000 879
1511016320000 888
1511016320000 888
1511016320000 888
1511016320000 889
1511016320000 889
1511016320000 890
1511016320000 890
1511016320000 890
1511016320000 890
1511016320000 891
1511016320000 891
1511016320000 891
1511016320000 891
1511016320000 892
1511016320000 893
1511016320000 893
1511016320000 893
1511016320000 894
1511016320000 895
1511016320000 895
1511016320000 896
1511016320000 896
1511016320000 897
1511016320000 897
1511016320000 898
1511016320000 899
1511016320000 899
1511016320000 900
1511016320000 900
1511016320000 901
1511016320000 901
1511016320000 902
1511016320000 902
1511016320000 903
1511016320000 903
1511016320000 905
1511016320000 910
1511016320000 919
1511016320000 940
1511016330000 726
1511016330000 726
1511016330000 726
1511016330000 727
1511016330000 727
1511016330000 727
1511016330000 727
1511016330000 727
1511016330000 727
1511016330000 727
1511016330000 727
1511016330000 727
1511016330000 728
1511016330000 728
1511016330000 728
1511016330000 728
1511016330000 728
1511016330000 728
1511016330000 728
1511016330000 728
1511016330000 728
1511016330000 728
1511016330000 728
1511016330000 729
1511016330000 729
1511016330000 729
1511016330000 729
1511016330000 729
1511016330000 729
1511016330000 729
1511016330000 729
1511016330000 729
1511016330000 729
1511016330000 729
1511016330000 729
1511016330000 730
1511016330000 730
1511016330000 730
1511016330000 730
1511016330000 730
1511016330000 730
1511016330000 730
1511016330000 730
1511016330000 730
1511016330000 730
1511016330000 730
1511016330000 731
1511016330000 731
1511016330000 731
1511016330000 731
1511016330000 731
1511016330000 731
1511016330000 731
1511016330000 731
1511016330000 731
1511016330000 731
1511016330000 731
1511016330000 731
1511016330000 731
1511016330000 731
1511016330000 731
1511016330000 731
1511016330000 731
1511016330000 732
1511016330000 732
1511016330000 732
1511016330000 732
1511016330000 732
1511016330000 732
1511016330000 732
1511016330000 732
1511016330000 732
1511016330000 732
1511016330000 732
1511016330000 732
1511016330000 732
1511016330000 732
1511016330000 732
1511016330000 732
1511016330000 732
1511016330000 733
1511016330000 733
1511016330000 733
1511016330000 733
1511016330000 733
1511016330000 733
1511016330000 733
1511016330000 733
1511016330000 733
1511016330000 733
1511016330000 733
1511016330000 733
1511016330000 733
1511016330000 734
1511016330000 734
1511016330000 734
1511016330000 734
1511016330000 734
1511016330000 734
1511016330000 734
1511016340000 -1396
1511016340000 -1401
1511016340000 -1408
1511016340000 -1961
1511016340000 -1968
1511016340000 -1968
1511016340000 -1968
1511016340000 -1970
1511016340000 -1976
1511016340000 -1985
1511016340000 -1986
1511016340000 -1987
1511016340000 -1988
1511016340000 -1990
1511016340000 -1991
1511016340000 -1993
1511016340000 -1993
1511016340000 -1993
1511016340000 -1994
1511016340000 -1994
1511016340000 -1994
1511016340000 -1996
1511016340000 -1996
1511016340000 -1996
1511016340000 -1997
1511016340000 -1997
1511016340000 -1997
1511016340000 -1997
1511016340000 -1997
1511016340000 -1997
1511016340000 -1997
1511016340000 -1997
1511016340000 -1997
1511016340000 -1997
1511016340000 -1997
1511016340000 -1997
1511016340000 -1997
1511016340000 -1998
1511016340000 -1998
1511016340000 -1998
1511016340000 -1998
1511016340000 -1999
1511016340000 -2189
1511016340000 -2190
1511016340000 -2206
1511016340000 -2207
1511016340000 -2207
1511016340000 -2207
1511016340000 -2364
1511016340000 -2378
1511016340000 -2378
1511016340000 -2378
1511016340000 -2379
1511016340000 -2381
1511016340000 -2382
1511016340000 -2382
1511016340000 -2382
1511016340000 -2382
1511016340000 -2388
1511016340000 -2388
1511016340000 -2389
1511016340000 -2389
1511016340000 -2392
1511016340000 -2395
1511016340000 -2398
1511016340000 -2399
1511016340000 -2403
1511016340000 -2417
1511016340000 -2424
1511016340000 -2984
1511016340000 -2984
1511016340000 -2984
1511016340000 -2984
1511016340000 -2988
1511016340000 -2988
1511016340000 -2989
1511016340000 -2990
1511016340000 -2990
1511016340000 -2992
1511016340000 -2994
1511016340000 -2994
1511016340000 -2994
1511016340000 -2995
1511016340000 -2996
1511016340000 -2996
1511016340000 -2997
1511016340000 -2997
1511016340000 -2997
1511016340000 -2997
1511016340000 -2997
1511016340000 -2998
1511016340000 -2998
1511016340000 -2998
1511016340000 -2998
1511016340000 -3207
1511016340000 -3363
1511016340000 -3381
1511016340000 -3403
1511016340000 -3404
1511016340000 -3421
