1511014280000 1630
1511014280000 1637
1511014280000 1637
1511014280000 1641
1511014280000 1648
1511014280000 1662
1511014280000 1672
1511014280000 1675
1511014280000 1677
1511014280000 1678
1511014280000 1686
1511014280000 1686
1511014280000 1693
1511014280000 1697
1511014280000 1697
1511014280000 1697
1511014280000 1697
1511014280000 1697
1511014280000 1697
1511014280000 1697
1511014280000 1699
1511014280000 1699
1511014280000 1699
1511014280000 1700
1511014280000 1700
1511014280000 1701
1511014280000 1702
1511014280000 1702
1511014280000 1703
1511014280000 1703
1511014280000 1706
1511014280000 1706
1511014280000 1707
1511014280000 1710
1511014280000 1710
1511014280000 1711
1511014280000 1711
1511014280000 1715
1511014280000 1715
1511014280000 1719
1511014280000 1720
1511014280000 1724
1511014280000 1727
1511014280000 1731
1511014280000 1734
1511014280000 1735
1511014280000 1746
1511014280000 1746
1511014280000 1747
1511014280000 1747
1511014280000 1747
1511014280000 1748
1511014280000 1754
1511014280000 1754
1511014280000 1754
1511014280000 1754
1511014280000 1755
1511014280000 1760
1511014280000 1767
1511014280000 1771
1511014280000 1775
1511014280000 1800
1511014280000 1800
1511014280000 1819
1511014280000 1822
1511014280000 1829
1511014280000 1840
1511014280000 1857
1511014280000 2013
1511014280000 2044
1511014280000 2053
1511014280000 2053
1511014280000 2062
1511014280000 2089
1511014280000 2121
1511014280000 2129
1511014280000 2133
1511014280000 2137
1511014280000 2458
1511014280000 2557
1511014280000 2673
1511014280000 2688
1511014280000 2722
1511014280000 2793
1511014280000 2796
1511014280000 2800
1511014280000 2857
1511014280000 2859
1511014280000 2894
1511014280000 2896
1511014280000 2898
1511014280000 2900
1511014280000 2909
1511014280000 2998
1511014280000 3015
1511014280000 3060
1511014280000 3158
1511014280000 3158
1511014280000 3344
1511014280000 3345
1511014290000 275
1511014290000 275
1511014290000 275
1511014290000 276
1511014290000 277
1511014290000 277
1511014290000 277
1511014290000 278
1511014290000 278
1511014290000 278
1511014290000 278
1511014290000 278
1511014290000 278
1511014290000 278
1511014290000 278
1511014290000 278
1511014290000 278
1511014290000 279
1511014290000 279
1511014290000 279
1511014290000 279
1511014290000 279
1511014290000 279
1511014290000 279
1511014290000 279
1511014290000 279
1511014290000 279
1511014290000 279
1511014290000 279
1511014290000 280
1511014290000 280
1511014290000 280
1511014290000 280
1511014290000 280
1511014290000 280
1511014290000 280
1511014290000 280
1511014290000 280
1511014290000 280
1511014290000 280
1511014290000 280
1511014290000 280
1511014290000 281
1511014290000 281
1511014290000 281
1511014290000 281
1511014290000 281
1511014290000 281
1511014290000 281
1511014290000 281
1511014290000 281
1511014290000 282
1511014290000 282
1511014290000 282
1511014290000 282
1511014290000 282
1511014290000 282
1511014290000 282
1511014290000 282
1511014290000 282
1511014290000 283
1511014290000 283
1511014290000 283
1511014290000 283
1511014290000 283
1511014290000 283
1511014290000 284
1511014290000 284
1511014290000 285
1511014290000 285
1511014290000 285
1511014290000 285
1511014290000 285
1511014290000 285
1511014290000 285
1511014290000 285
1511014290000 285
1511014290000 286
1511014290000 286
1511014290000 287
1511014290000 287
1511014290000 287
1511014290000 287
1511014290000 288
1511014290000 289
1511014290000 291
1511014290000 291
1511014290000 291
1511014290000 291
1511014290000 293
1511014290000 293
1511014290000 293
1511014290000 294
1511014290000 294
1511014290000 301
1511014290000 302
1511014290000 302
1511014290000 302
1511014290000 322
1511014290000 322
1511014300000 296
1511014300000 296
1511014300000 296
1511014300000 296
1511014300000 296
1511014300000 296
1511014300000 296
1511014300000 296
1511014300000 296
1511014300000 296
1511014300000 296
1511014300000 296
1511014300000 296
1511014300000 296
1511014300000 296
1511014300000 296
1511014300000 297
1511014300000 297
1511014300000 297
1511014300000 297
1511014300000 297
1511014300000 297
1511014300000 297
1511014300000 297
1511014300000 297
1511014300000 297
1511014300000 297
1511014300000 297
1511014300000 297
1511014300000 297
1511014300000 297
1511014300000 297
1511014300000 298
1511014300000 299
1511014300000 553
1511014300000 558
1511014300000 558
1511014300000 559
1511014300000 559
1511014300000 559
1511014300000 560
1511014300000 560
1511014300000 560
1511014300000 561
1511014300000 561
1511014300000 562
1511014300000 562
1511014300000 563
1511014300000 563
1511014300000 563
1511014300000 563
1511014300000 563
1511014300000 564
1511014300000 564
1511014300000 565
1511014300000 565
1511014300000 565
1511014300000 565
1511014300000 565
1511014300000 566
1511014300000 566
1511014300000 566
1511014300000 566
1511014300000 566
1511014300000 566
1511014300000 566
1511014300000 567
1511014300000 567
1511014300000 567
1511014300000 568
1511014300000 568
1511014300000 569
1511014300000 569
1511014300000 569
1511014300000 569
1511014300000 570
1511014300000 570
1511014300000 570
1511014300000 570
1511014300000 570
1511014300000 571
1511014300000 571
1511014300000 571
1511014300000 572
1511014300000 572
1511014300000 573
1511014300000 574
1511014300000 574
1511014300000 574
1511014300000 577
1511014300000 578
1511014300000 579
1511014300000 632
1511014300000 634
1511014300000 634
1511014300000 636
1511014300000 637
1511014300000 638
1511014300000 641
1511014300000 641
1511014310000 292
1511014310000 292
1511014310000 292
1511014310000 293
1511014310000 293
1511014310000 293
1511014310000 293
1511014310000 293
1511014310000 293
1511014310000 293
1511014310000 294
1511014310000 294
1511014310000 294
1511014310000 294
1511014310000 294
1511014310000 294
1511014310000 294
1511014310000 294
1511014310000 294
1511014310000 295
1511014310000 295
1511014310000 295
1511014310000 295
1511014310000 295
1511014310000 295
1511014310000 295
1511014310000 295
1511014310000 295
1511014310000 295
1511014310000 295
1511014310000 296
1511014310000 296
1511014310000 296
1511014310000 296
1511014310000 296
1511014310000 296
1511014310000 296
1511014310000 296
1511014310000 296
1511014310000 297
1511014310000 297
1511014310000 297
1511014310000 297
1511014310000 297
1511014310000 297
1511014310000 297
1511014310000 297
1511014310000 297
1511014310000 297
1511014310000 297
1511014310000 297
1511014310000 298
1511014310000 298
1511014310000 298
1511014310000 298
1511014310000 298
1511014310000 298
1511014310000 298
1511014310000 298
1511014310000 298
1511014310000 298
1511014310000 298
1511014310000 298
1511014310000 298
1511014310000 299
1511014310000 299
1511014310000 299
1511014310000 299
1511014310000 299
1511014310000 299
1511014310000 299
1511014310000 299
1511014310000 299
1511014310000 299
1511014310000 299
1511014310000 299
1511014310000 299
1511014310000 299
1511014310000 299
1511014310000 299
1511014310000 301
1511014310000 301
1511014310000 302
1511014310000 302
1511014310000 302
1511014310000 302
1511014310000 302
1511014310000 302
1511014310000 302
1511014310000 303
1511014310000 303
1511014310000 303
1511014310000 303
1511014310000 304
1511014310000 306
1511014310000 335
1511014310000 336
1511014310000 336
1511014310000 336
1511014310000 337
1511014320000 291
1511014320000 291
1511014320000 291
1511014320000 291
1511014320000 291
1511014320000 291
1511014320000 291
1511014320000 292
1511014320000 292
1511014320000 292
1511014320000 292
1511014320000 292
1511014320000 292
1511014320000 292
1511014320000 292
1511014320000 292
1511014320000 292
1511014320000 484
1511014320000 485
1511014320000 485
1511014320000 486
1511014320000 486
1511014320000 487
1511014320000 487
1511014320000 487
1511014320000 488
1511014320000 488
1511014320000 489
1511014320000 489
1511014320000 489
1511014320000 490
1511014320000 490
1511014320000 490
1511014320000 491
1511014320000 491
1511014320000 492
1511014320000 492
1511014320000 492
1511014320000 493
1511014320000 493
1511014320000 493
1511014320000 493
1511014320000 493
1511014320000 494
1511014320000 494
1511014320000 494
1511014320000 494
1511014320000 495
1511014320000 495
1511014320000 496
1511014320000 496
1511014320000 496
1511014320000 496
1511014320000 496
1511014320000 497
1511014320000 498
1511014320000 498
1511014320000 499
1511014320000 500
1511014320000 501
1511014320000 501
1511014320000 501
1511014320000 502
1511014320000 502
1511014320000 503
1511014320000 503
1511014320000 503
1511014320000 505
1511014320000 505
1511014320000 505
1511014320000 505
1511014320000 506
1511014320000 506
1511014320000 507
1511014320000 508
1511014320000 508
1511014320000 508
1511014320000 509
1511014320000 509
1511014320000 509
1511014320000 511
1511014320000 511
1511014320000 511
1511014320000 512
1511014320000 512
1511014320000 512
1511014320000 513
1511014320000 518
1511014320000 518
1511014320000 518
1511014320000 520
1511014320000 520
1511014320000 520
1511014320000 580
1511014320000 582
1511014320000 582
1511014320000 583
1511014320000 583
1511014320000 584
1511014320000 600
1511014330000 256
1511014330000 257
1511014330000 257
1511014330000 257
1511014330000 257
1511014330000 257
1511014330000 257
1511014330000 257
1511014330000 257
1511014330000 257
1511014330000 257
1511014330000 257
1511014330000 258
1511014330000 258
1511014330000 258
1511014330000 258
1511014330000 259
1511014330000 259
1511014330000 259
1511014330000 259
1511014330000 259
1511014330000 259
1511014330000 259
1511014330000 259
1511014330000 259
1511014330000 259
1511014330000 259
1511014330000 259
1511014330000 259
1511014330000 259
1511014330000 259
1511014330000 259
1511014330000 260
1511014330000 260
1511014330000 260
1511014330000 260
1511014330000 260
1511014330000 260
1511014330000 260
1511014330000 260
1511014330000 260
1511014330000 260
1511014330000 261
1511014330000 261
1511014330000 261
1511014330000 261
1511014330000 261
1511014330000 261
1511014330000 261
1511014330000 261
1511014330000 261
1511014330000 262
1511014330000 262
1511014330000 262
1511014330000 262
1511014330000 262
1511014330000 262
1511014330000 262
1511014330000 262
1511014330000 262
1511014330000 262
1511014330000 262
1511014330000 262
1511014330000 262
1511014330000 262
1511014330000 262
1511014330000 262
1511014330000 262
1511014330000 262
1511014330000 262
1511014330000 263
1511014330000 263
1511014330000 263
1511014330000 263
1511014330000 263
1511014330000 263
1511014330000 264
1511014330000 264
1511014330000 264
1511014330000 264
1511014330000 265
1511014330000 265
1511014330000 265
1511014330000 265
1511014330000 266
1511014330000 267
1511014330000 267
1511014330000 268
1511014330000 268
1511014330000 270
1511014330000 271
1511014330000 275
1511014330000 285
1511014330000 285
1511014330000 290
1511014330000 291
1511014330000 291
1511014330000 292
1511014330000 293
1511014330000 298
1511014340000 300
1511014340000 300
1511014340000 301
1511014340000 301
1511014340000 301
1511014340000 301
1511014340000 301
1511014340000 301
1511014340000 301
1511014340000 301
1511014340000 301
1511014340000 301
1511014340000 302
1511014340000 302
1511014340000 302
1511014340000 302
1511014340000 302
1511014340000 302
1511014340000 302
1511014340000 302
1511014340000 302
1511014340000 302
1511014340000 302
1511014340000 302
1511014340000 303
1511014340000 303
1511014340000 303
1511014340000 303
1511014340000 303
1511014340000 303
1511014340000 303
1511014340000 303
1511014340000 303
1511014340000 303
1511014340000 303
1511014340000 303
1511014340000 303
1511014340000 303
1511014340000 303
1511014340000 303
1511014340000 303
1511014340000 303
1511014340000 303
1511014340000 304
1511014340000 304
1511014340000 304
1511014340000 304
1511014340000 304
1511014340000 304
1511014340000 305
1511014340000 305
1511014340000 305
1511014340000 305
1511014340000 305
1511014340000 305
1511014340000 305
1511014340000 305
1511014340000 305
1511014340000 305
1511014340000 305
1511014340000 305
1511014340000 305
1511014340000 305
1511014340000 305
1511014340000 305
1511014340000 305
1511014340000 305
1511014340000 306
1511014340000 306
1511014340000 306
1511014340000 306
1511014340000 306
1511014340000 306
1511014340000 307
1511014340000 307
1511014340000 307
1511014340000 307
1511014340000 307
1511014340000 307
1511014340000 307
1511014340000 307
1511014340000 307
1511014340000 307
1511014340000 307
1511014340000 307
1511014340000 307
1511014340000 308
1511014340000 308
1511014340000 308
1511014340000 308
1511014340000 309
1511014340000 310
1511014340000 310
1511014340000 311
1511014340000 311
1511014340000 319
1511014340000 319
1511014340000 320
1511014340000 320
1511014340000 329
1511014350000 313
1511014350000 314
1511014350000 314
1511014350000 314
1511014350000 314
1511014350000 315
1511014350000 315
1511014350000 315
1511014350000 315
1511014350000 315
1511014350000 315
1511014350000 315
1511014350000 315
1511014350000 315
1511014350000 315
1511014350000 315
1511014350000 315
1511014350000 315
1511014350000 315
1511014350000 315
1511014350000 315
1511014350000 315
1511014350000 315
1511014350000 315
1511014350000 315
1511014350000 315
1511014350000 316
1511014350000 316
1511014350000 316
1511014350000 316
1511014350000 316
1511014350000 316
1511014350000 316
1511014350000 316
1511014350000 316
1511014350000 316
1511014350000 316
1511014350000 316
1511014350000 317
1511014350000 317
1511014350000 317
1511014350000 317
1511014350000 317
1511014350000 317
1511014350000 317
1511014350000 317
1511014350000 317
1511014350000 317
1511014350000 317
1511014350000 317
1511014350000 317
1511014350000 317
1511014350000 317
1511014350000 318
1511014350000 318
1511014350000 318
1511014350000 318
1511014350000 318
1511014350000 318
1511014350000 318
1511014350000 319
1511014350000 319
1511014350000 319
1511014350000 319
1511014350000 320
1511014350000 320
1511014350000 320
1511014350000 320
1511014350000 321
1511014350000 323
1511014350000 324
1511014350000 325
1511014350000 591
1511014350000 601
1511014350000 603
1511014350000 603
1511014350000 609
1511014350000 612
1511014350000 612
1511014350000 614
1511014350000 615
1511014350000 615
1511014350000 616
1511014350000 616
1511014350000 616
1511014350000 624
1511014350000 626
1511014350000 628
1511014350000 629
1511014350000 634
1511014350000 635
1511014350000 636
1511014350000 637
1511014350000 637
1511014350000 644
1511014350000 645
1511014350000 658
1511014350000 659
1511014350000 669
1511014350000 670
1511014360000 321
1511014360000 321
1511014360000 321
1511014360000 322
1511014360000 322
1511014360000 322
1511014360000 322
1511014360000 322
1511014360000 322
1511014360000 322
1511014360000 322
1511014360000 322
1511014360000 322
1511014360000 322
1511014360000 322
1511014360000 322
1511014360000 322
1511014360000 322
1511014360000 322
1511014360000 323
1511014360000 323
1511014360000 323
1511014360000 323
1511014360000 323
1511014360000 323
1511014360000 323
1511014360000 323
1511014360000 324
1511014360000 324
1511014360000 561
1511014360000 561
1511014360000 566
1511014360000 568
1511014360000 570
1511014360000 570
1511014360000 571
1511014360000 573
1511014360000 573
1511014360000 574
1511014360000 575
1511014360000 577
1511014360000 577
1511014360000 579
1511014360000 579
1511014360000 579
1511014360000 579
1511014360000 580
1511014360000 582
1511014360000 582
1511014360000 585
1511014360000 585
1511014360000 586
1511014360000 587
1511014360000 587
1511014360000 587
1511014360000 588
1511014360000 589
1511014360000 590
1511014360000 590
1511014360000 591
1511014360000 591
1511014360000 591
1511014360000 593
1511014360000 593
1511014360000 593
1511014360000 595
1511014360000 595
1511014360000 595
1511014360000 596
1511014360000 596
1511014360000 596
1511014360000 597
1511014360000 597
1511014360000 597
1511014360000 597
1511014360000 597
1511014360000 598
1511014360000 598
1511014360000 598
1511014360000 598
1511014360000 598
1511014360000 598
1511014360000 598
1511014360000 599
1511014360000 599
1511014360000 601
1511014360000 601
1511014360000 601
1511014360000 601
1511014360000 602
1511014360000 602
1511014360000 602
1511014360000 603
1511014360000 603
1511014360000 604
1511014360000 604
1511014360000 605
1511014360000 606
1511014360000 606
1511014360000 611
1511014370000 319
1511014370000 319
1511014370000 320
1511014370000 320
1511014370000 320
1511014370000 320
1511014370000 320
1511014370000 320
1511014370000 320
1511014370000 320
1511014370000 320
1511014370000 320
1511014370000 320
1511014370000 321
1511014370000 321
1511014370000 322
1511014370000 322
1511014370000 323
1511014370000 323
1511014370000 323
1511014370000 323
1511014370000 324
1511014370000 324
1511014370000 324
1511014370000 324
1511014370000 562
1511014370000 562
1511014370000 563
1511014370000 568
1511014370000 568
1511014370000 569
1511014370000 570
1511014370000 572
1511014370000 575
1511014370000 575
1511014370000 575
1511014370000 576
1511014370000 576
1511014370000 576
1511014370000 577
1511014370000 579
1511014370000 579
1511014370000 582
1511014370000 583
1511014370000 584
1511014370000 584
1511014370000 584
1511014370000 585
1511014370000 585
1511014370000 586
1511014370000 587
1511014370000 587
1511014370000 587
1511014370000 587
1511014370000 587
1511014370000 587
1511014370000 588
1511014370000 588
1511014370000 588
1511014370000 588
1511014370000 588
1511014370000 588
1511014370000 589
1511014370000 589
1511014370000 590
1511014370000 591
1511014370000 591
1511014370000 592
1511014370000 593
1511014370000 593
1511014370000 593
1511014370000 594
1511014370000 595
1511014370000 595
1511014370000 595
1511014370000 595
1511014370000 595
1511014370000 595
1511014370000 595
1511014370000 596
1511014370000 596
1511014370000 596
1511014370000 596
1511014370000 604
1511014370000 605
1511014370000 606
1511014370000 606
1511014370000 606
1511014370000 611
1511014370000 612
1511014370000 619
1511014370000 622
1511014370000 623
1511014370000 624
1511014370000 626
1511014370000 627
1511014370000 628
1511014370000 630
1511014370000 638
1511014370000 641
1511014380000 294
1511014380000 294
1511014380000 294
1511014380000 294
1511014380000 294
1511014380000 294
1511014380000 295
1511014380000 295
1511014380000 295
1511014380000 295
1511014380000 296
1511014380000 296
1511014380000 296
1511014380000 350
1511014380000 350
1511014380000 352
1511014380000 354
1511014380000 354
1511014380000 354
1511014380000 357
1511014380000 358
1511014380000 360
1511014380000 360
1511014380000 360
1511014380000 360
1511014380000 360
1511014380000 360
1511014380000 362
1511014380000 363
1511014380000 363
1511014380000 363
1511014380000 364
1511014380000 364
1511014380000 364
1511014380000 364
1511014380000 365
1511014380000 366
1511014380000 367
1511014380000 367
1511014380000 368
1511014380000 377
1511014380000 377
1511014380000 377
1511014380000 377
1511014380000 382
1511014380000 382
1511014380000 387
1511014380000 387
1511014380000 387
1511014380000 389
1511014380000 389
1511014380000 389
1511014380000 389
1511014380000 389
1511014380000 390
1511014380000 392
1511014380000 392
1511014380000 392
1511014380000 392
1511014380000 393
1511014380000 393
1511014380000 394
1511014380000 394
1511014380000 394
1511014380000 394
1511014380000 394
1511014380000 394
1511014380000 395
1511014380000 395
1511014380000 395
1511014380000 396
1511014380000 396
1511014380000 396
1511014380000 396
1511014380000 397
1511014380000 397
1511014380000 397
1511014380000 398
1511014380000 398
1511014380000 400
1511014380000 403
1511014380000 404
1511014380000 404
1511014380000 405
1511014380000 405
1511014380000 464
1511014380000 464
1511014380000 464
1511014380000 464
1511014380000 464
1511014380000 465
1511014380000 468
1511014380000 468
1511014380000 469
1511014380000 470
1511014380000 470
1511014380000 485
1511014380000 486
1511014380000 489
1511014380000 489
1511014390000 295
1511014390000 295
1511014390000 295
1511014390000 295
1511014390000 295
1511014390000 295
1511014390000 295
1511014390000 295
1511014390000 295
1511014390000 295
1511014390000 295
1511014390000 296
1511014390000 296
1511014390000 296
1511014390000 296
1511014390000 296
1511014390000 296
1511014390000 296
1511014390000 296
1511014390000 296
1511014390000 296
1511014390000 296
1511014390000 296
1511014390000 296
1511014390000 296
1511014390000 296
1511014390000 297
1511014390000 297
1511014390000 297
1511014390000 297
1511014390000 297
1511014390000 297
1511014390000 297
1511014390000 297
1511014390000 297
1511014390000 297
1511014390000 297
1511014390000 298
1511014390000 298
1511014390000 298
1511014390000 298
1511014390000 298
1511014390000 298
1511014390000 299
1511014390000 299
1511014390000 299
1511014390000 299
1511014390000 299
1511014390000 299
1511014390000 299
1511014390000 299
1511014390000 299
1511014390000 299
1511014390000 299
1511014390000 299
1511014390000 299
1511014390000 299
1511014390000 299
1511014390000 299
1511014390000 299
1511014390000 299
1511014390000 299
1511014390000 299
1511014390000 299
1511014390000 299
1511014390000 299
1511014390000 299
1511014390000 299
1511014390000 300
1511014390000 300
1511014390000 300
1511014390000 300
1511014390000 300
1511014390000 300
1511014390000 300
1511014390000 300
1511014390000 300
1511014390000 300
1511014390000 301
1511014390000 301
1511014390000 301
1511014390000 301
1511014390000 301
1511014390000 301
1511014390000 301
1511014390000 301
1511014390000 301
1511014390000 301
1511014390000 301
1511014390000 302
1511014390000 302
1511014390000 302
1511014390000 302
1511014390000 317
1511014390000 317
1511014390000 317
1511014390000 320
1511014390000 320
1511014390000 328
1511014390000 329
1511014400000 296
1511014400000 297
1511014400000 297
1511014400000 297
1511014400000 297
1511014400000 297
1511014400000 297
1511014400000 297
1511014400000 297
1511014400000 297
1511014400000 297
1511014400000 297
1511014400000 297
1511014400000 297
1511014400000 297
1511014400000 297
1511014400000 297
1511014400000 297
1511014400000 297
1511014400000 297
1511014400000 297
1511014400000 297
1511014400000 297
1511014400000 297
1511014400000 297
1511014400000 297
1511014400000 298
1511014400000 298
1511014400000 298
1511014400000 298
1511014400000 298
1511014400000 298
1511014400000 298
1511014400000 298
1511014400000 298
1511014400000 298
1511014400000 298
1511014400000 298
1511014400000 298
1511014400000 298
1511014400000 298
1511014400000 298
1511014400000 298
1511014400000 298
1511014400000 298
1511014400000 299
1511014400000 299
1511014400000 299
1511014400000 299
1511014400000 300
1511014400000 300
1511014400000 301
1511014400000 303
1511014400000 304
1511014400000 305
1511014400000 305
1511014400000 305
1511014400000 305
1511014400000 305
1511014400000 305
1511014400000 305
1511014400000 305
1511014400000 305
1511014400000 305
1511014400000 307
1511014400000 308
1511014400000 308
1511014400000 308
1511014400000 308
1511014400000 308
1511014400000 308
1511014400000 308
1511014400000 309
1511014400000 309
1511014400000 317
1511014400000 318
1511014400000 320
1511014400000 320
1511014400000 321
1511014400000 332
1511014400000 332
1511014400000 332
1511014400000 332
1511014400000 332
1511014400000 332
1511014400000 333
1511014400000 336
1511014400000 336
1511014400000 350
1511014400000 350
1511014400000 350
1511014400000 353
1511014400000 356
1511014400000 356
1511014400000 360
1511014400000 361
1511014400000 689
1511014400000 689
1511014400000 689
1511014400000 690
1511014410000 280
1511014410000 281
1511014410000 281
1511014410000 281
1511014410000 281
1511014410000 281
1511014410000 281
1511014410000 281
1511014410000 281
1511014410000 281
1511014410000 281
1511014410000 281
1511014410000 281
1511014410000 281
1511014410000 281
1511014410000 281
1511014410000 281
1511014410000 281
1511014410000 281
1511014410000 281
1511014410000 282
1511014410000 282
1511014410000 282
1511014410000 282
1511014410000 282
1511014410000 282
1511014410000 282
1511014410000 282
1511014410000 282
1511014410000 282
1511014410000 282
1511014410000 282
1511014410000 282
1511014410000 282
1511014410000 282
1511014410000 282
1511014410000 282
1511014410000 283
1511014410000 283
1511014410000 283
1511014410000 283
1511014410000 283
1511014410000 283
1511014410000 283
1511014410000 283
1511014410000 283
1511014410000 283
1511014410000 283
1511014410000 283
1511014410000 283
1511014410000 284
1511014410000 284
1511014410000 284
1511014410000 284
1511014410000 284
1511014410000 284
1511014410000 285
1511014410000 285
1511014410000 285
1511014410000 285
1511014410000 285
1511014410000 285
1511014410000 286
1511014410000 286
1511014410000 286
1511014410000 286
1511014410000 286
1511014410000 286
1511014410000 286
1511014410000 286
1511014410000 286
1511014410000 286
1511014410000 286
1511014410000 286
1511014410000 287
1511014410000 287
1511014410000 287
1511014410000 287
1511014410000 287
1511014410000 288
1511014410000 288
1511014410000 288
1511014410000 289
1511014410000 289
1511014410000 290
1511014410000 290
1511014410000 291
1511014410000 312
1511014410000 313
1511014410000 313
1511014410000 313
1511014410000 314
1511014410000 317
1511014410000 317
1511014410000 320
1511014410000 320
1511014410000 320
1511014410000 321
1511014410000 326
1511014410000 326
1511014420000 282
1511014420000 282
1511014420000 282
1511014420000 282
1511014420000 282
1511014420000 283
1511014420000 283
1511014420000 283
1511014420000 283
1511014420000 283
1511014420000 283
1511014420000 283
1511014420000 283
1511014420000 283
1511014420000 284
1511014420000 284
1511014420000 284
1511014420000 284
1511014420000 284
1511014420000 284
1511014420000 284
1511014420000 284
1511014420000 284
1511014420000 284
1511014420000 284
1511014420000 284
1511014420000 284
1511014420000 284
1511014420000 284
1511014420000 284
1511014420000 284
1511014420000 284
1511014420000 285
1511014420000 285
1511014420000 285
1511014420000 285
1511014420000 285
1511014420000 285
1511014420000 285
1511014420000 285
1511014420000 285
1511014420000 285
1511014420000 285
1511014420000 286
1511014420000 286
1511014420000 286
1511014420000 286
1511014420000 286
1511014420000 286
1511014420000 286
1511014420000 286
1511014420000 286
1511014420000 286
1511014420000 286
1511014420000 286
1511014420000 286
1511014420000 287
1511014420000 287
1511014420000 287
1511014420000 287
1511014420000 287
1511014420000 287
1511014420000 287
1511014420000 287
1511014420000 287
1511014420000 287
1511014420000 287
1511014420000 287
1511014420000 288
1511014420000 288
1511014420000 288
1511014420000 288
1511014420000 288
1511014420000 288
1511014420000 288
1511014420000 288
1511014420000 288
1511014420000 288
1511014420000 288
1511014420000 288
1511014420000 289
1511014420000 289
1511014420000 289
1511014420000 289
1511014420000 289
1511014420000 289
1511014420000 289
1511014420000 289
1511014420000 289
1511014420000 289
1511014420000 289
1511014420000 289
1511014420000 289
1511014420000 290
1511014420000 290
1511014420000 290
1511014420000 291
1511014420000 292
1511014420000 294
1511014420000 295
1511014430000 299
1511014430000 299
1511014430000 299
1511014430000 299
1511014430000 299
1511014430000 299
1511014430000 299
1511014430000 300
1511014430000 300
1511014430000 300
1511014430000 300
1511014430000 300
1511014430000 300
1511014430000 300
1511014430000 300
1511014430000 300
1511014430000 300
1511014430000 300
1511014430000 300
1511014430000 300
1511014430000 300
1511014430000 300
1511014430000 300
1511014430000 300
1511014430000 301
1511014430000 301
1511014430000 301
1511014430000 301
1511014430000 301
1511014430000 301
1511014430000 301
1511014430000 301
1511014430000 301
1511014430000 301
1511014430000 301
1511014430000 301
1511014430000 301
1511014430000 301
1511014430000 301
1511014430000 301
1511014430000 301
1511014430000 301
1511014430000 301
1511014430000 301
1511014430000 301
1511014430000 302
1511014430000 302
1511014430000 302
1511014430000 302
1511014430000 302
1511014430000 302
1511014430000 302
1511014430000 302
1511014430000 302
1511014430000 302
1511014430000 302
1511014430000 302
1511014430000 302
1511014430000 302
1511014430000 302
1511014430000 302
1511014430000 302
1511014430000 302
1511014430000 302
1511014430000 302
1511014430000 302
1511014430000 302
1511014430000 302
1511014430000 303
1511014430000 303
1511014430000 303
1511014430000 303
1511014430000 303
1511014430000 303
1511014430000 303
1511014430000 303
1511014430000 303
1511014430000 303
1511014430000 304
1511014430000 312
1511014430000 313
1511014430000 313
1511014430000 313
1511014430000 313
1511014430000 314
1511014430000 314
1511014430000 315
1511014430000 315
1511014430000 315
1511014430000 315
1511014430000 317
1511014430000 318
1511014430000 318
1511014430000 318
1511014430000 318
1511014430000 318
1511014430000 318
1511014430000 319
1511014430000 319
1511014430000 324
1511014440000 228
1511014440000 232
1511014440000 232
1511014440000 232
1511014440000 233
1511014440000 240
1511014440000 242
1511014440000 242
1511014440000 242
1511014440000 243
1511014440000 243
1511014440000 243
1511014440000 243
1511014440000 243
1511014440000 243
1511014440000 243
1511014440000 243
1511014440000 243
1511014440000 244
1511014440000 248
1511014440000 248
1511014440000 248
1511014440000 249
1511014440000 249
1511014440000 250
1511014440000 251
1511014440000 252
1511014440000 253
1511014440000 253
1511014440000 253
1511014440000 253
1511014440000 253
1511014440000 253
1511014440000 254
1511014440000 254
1511014440000 256
1511014440000 256
1511014440000 256
1511014440000 257
1511014440000 258
1511014440000 258
1511014440000 259
1511014440000 259
1511014440000 263
1511014440000 263
1511014440000 263
1511014440000 268
1511014440000 268
1511014440000 269
1511014440000 269
1511014440000 269
1511014440000 269
1511014440000 270
1511014440000 270
1511014440000 272
1511014440000 272
1511014440000 272
1511014440000 272
1511014440000 272
1511014440000 272
1511014440000 272
1511014440000 272
1511014440000 273
1511014440000 273
1511014440000 273
1511014440000 273
1511014440000 273
1511014440000 273
1511014440000 274
1511014440000 274
1511014440000 274
1511014440000 274
1511014440000 274
1511014440000 274
1511014440000 275
1511014440000 275
1511014440000 275
1511014440000 276
1511014440000 276
1511014440000 276
1511014440000 276
1511014440000 276
1511014440000 276
1511014440000 276
1511014440000 276
1511014440000 276
1511014440000 277
1511014440000 277
1511014440000 277
1511014440000 277
1511014440000 277
1511014440000 277
1511014440000 277
1511014440000 278
1511014440000 278
1511014440000 278
1511014440000 278
1511014440000 280
1511014440000 281
1511014440000 282
1511014450000 287
1511014450000 288
1511014450000 289
1511014450000 289
1511014450000 289
1511014450000 289
1511014450000 289
1511014450000 289
1511014450000 290
1511014450000 290
1511014450000 290
1511014450000 290
1511014450000 290
1511014450000 291
1511014450000 291
1511014450000 291
1511014450000 291
1511014450000 291
1511014450000 291
1511014450000 292
1511014450000 292
1511014450000 292
1511014450000 292
1511014450000 292
1511014450000 292
1511014450000 292
1511014450000 292
1511014450000 292
1511014450000 292
1511014450000 292
1511014450000 292
1511014450000 292
1511014450000 293
1511014450000 293
1511014450000 293
1511014450000 293
1511014450000 293
1511014450000 294
1511014450000 294
1511014450000 294
1511014450000 294
1511014450000 294
1511014450000 294
1511014450000 294
1511014450000 294
1511014450000 294
1511014450000 295
1511014450000 295
1511014450000 295
1511014450000 296
1511014450000 296
1511014450000 296
1511014450000 296
1511014450000 296
1511014450000 297
1511014450000 297
1511014450000 297
1511014450000 298
1511014450000 668
1511014450000 668
1511014450000 669
1511014450000 672
1511014450000 674
1511014450000 675
1511014450000 675
1511014450000 676
1511014450000 676
1511014450000 676
1511014450000 677
1511014450000 679
1511014450000 680
1511014450000 680
1511014450000 680
1511014450000 680
1511014450000 680
1511014450000 680
1511014450000 680
1511014450000 681
1511014450000 681
1511014450000 681
1511014450000 682
1511014450000 684
1511014450000 685
1511014450000 685
1511014450000 685
1511014450000 685
1511014450000 689
1511014450000 690
1511014450000 692
1511014450000 693
1511014450000 696
1511014450000 696
1511014450000 696
1511014450000 696
1511014450000 696
1511014450000 697
1511014450000 701
1511014450000 718
1511014450000 720
1511014450000 720
1511014460000 1182
1511014460000 1182
1511014460000 1188
1511014460000 1193
1511014460000 1202
1511014460000 1202
1511014460000 1204
1511014460000 1205
1511014460000 1205
1511014460000 1205
1511014460000 1207
1511014460000 1208
1511014460000 1212
1511014460000 454
1511014460000 455
1511014460000 455
1511014460000 455
1511014460000 455
1511014460000 457
1511014460000 457
1511014460000 458
1511014460000 458
1511014460000 460
1511014460000 461
1511014460000 461
1511014460000 461
1511014460000 462
1511014460000 463
1511014460000 469
1511014460000 471
1511014460000 471
1511014460000 486
1511014460000 486
1511014460000 487
1511014460000 488
1511014460000 488
1511014460000 488
1511014460000 493
1511014460000 496
1511014460000 517
1511014460000 701
1511014460000 706
1511014460000 712
1511014460000 713
1511014460000 714
1511014460000 715
1511014460000 716
1511014460000 789
1511014460000 790
1511014460000 790
1511014460000 790
1511014460000 790
1511014460000 793
1511014460000 793
1511014460000 794
1511014460000 794
1511014460000 794
1511014460000 795
1511014460000 795
1511014460000 798
1511014460000 799
1511014460000 799
1511014460000 800
1511014460000 800
1511014460000 800
1511014460000 801
1511014460000 801
1511014460000 801
1511014460000 801
1511014460000 802
1511014460000 802
1511014460000 803
1511014460000 803
1511014460000 803
1511014460000 803
1511014460000 803
1511014460000 803
1511014460000 804
1511014460000 804
1511014460000 804
1511014460000 805
1511014460000 805
1511014460000 807
1511014460000 807
1511014460000 808
1511014460000 808
1511014460000 808
1511014460000 808
1511014460000 809
1511014460000 811
1511014460000 816
1511014460000 817
1511014460000 819
1511014460000 820
1511014460000 821
1511014460000 825
1511014460000 825
1511014460000 826
1511014460000 830
1511014460000 831
1511014470000 296
1511014470000 296
1511014470000 296
1511014470000 296
1511014470000 297
1511014470000 297
1511014470000 297
1511014470000 297
1511014470000 297
1511014470000 297
1511014470000 297
1511014470000 297
1511014470000 298
1511014470000 478
1511014470000 478
1511014470000 479
1511014470000 479
1511014470000 479
1511014470000 479
1511014470000 479
1511014470000 479
1511014470000 480
1511014470000 480
1511014470000 481
1511014470000 481
1511014470000 482
1511014470000 483
1511014470000 483
1511014470000 485
1511014470000 488
1511014470000 488
1511014470000 492
1511014470000 492
1511014470000 492
1511014470000 493
1511014470000 493
1511014470000 493
1511014470000 493
1511014470000 493
1511014470000 494
1511014470000 494
1511014470000 494
1511014470000 495
1511014470000 495
1511014470000 495
1511014470000 495
1511014470000 495
1511014470000 495
1511014470000 498
1511014470000 501
1511014470000 501
1511014470000 501
1511014470000 502
1511014470000 506
1511014470000 507
1511014470000 507
1511014470000 507
1511014470000 507
1511014470000 507
1511014470000 507
1511014470000 508
1511014470000 508
1511014470000 508
1511014470000 508
1511014470000 508
1511014470000 508
1511014470000 510
1511014470000 510
1511014470000 511
1511014470000 511
1511014470000 513
1511014470000 513
1511014470000 514
1511014470000 515
1511014470000 515
1511014470000 515
1511014470000 515
1511014470000 516
1511014470000 516
1511014470000 516
1511014470000 516
1511014470000 516
1511014470000 517
1511014470000 517
1511014470000 517
1511014470000 517
1511014470000 518
1511014470000 519
1511014470000 522
1511014470000 522
1511014470000 524
1511014470000 527
1511014470000 528
1511014470000 528
1511014470000 534
1511014470000 535
1511014470000 537
1511014470000 539
1511014470000 549
1511014470000 550
1511014480000 279
1511014480000 279
1511014480000 279
1511014480000 279
1511014480000 279
1511014480000 279
1511014480000 279
1511014480000 279
1511014480000 279
1511014480000 279
1511014480000 279
1511014480000 279
1511014480000 279
1511014480000 279
1511014480000 279
1511014480000 279
1511014480000 280
1511014480000 280
1511014480000 280
1511014480000 280
1511014480000 280
1511014480000 280
1511014480000 280
1511014480000 280
1511014480000 280
1511014480000 280
1511014480000 280
1511014480000 280
1511014480000 280
1511014480000 281
1511014480000 281
1511014480000 281
1511014480000 281
1511014480000 281
1511014480000 281
1511014480000 281
1511014480000 281
1511014480000 281
1511014480000 281
1511014480000 281
1511014480000 281
1511014480000 281
1511014480000 281
1511014480000 282
1511014480000 282
1511014480000 282
1511014480000 283
1511014480000 283
1511014480000 283
1511014480000 283
1511014480000 284
1511014480000 295
1511014480000 297
1511014480000 297
1511014480000 301
1511014480000 302
1511014480000 589
1511014480000 592
1511014480000 592
1511014480000 599
1511014480000 602
1511014480000 602
1511014480000 602
1511014480000 603
1511014480000 603
1511014480000 606
1511014480000 606
1511014480000 618
1511014480000 619
1511014480000 619
1511014480000 619
1511014480000 619
1511014480000 619
1511014480000 619
1511014480000 620
1511014480000 623
1511014480000 623
1511014480000 623
1511014480000 623
1511014480000 624
1511014480000 625
1511014480000 627
1511014480000 627
1511014480000 633
1511014480000 639
1511014480000 639
1511014480000 640
1511014480000 641
1511014480000 641
1511014480000 642
1511014480000 642
1511014480000 642
1511014480000 642
1511014480000 643
1511014480000 644
1511014480000 645
1511014480000 665
1511014480000 666
1511014480000 668
1511014480000 668
1511014490000 270
1511014490000 270
1511014490000 270
1511014490000 270
1511014490000 270
1511014490000 271
1511014490000 271
1511014490000 271
1511014490000 271
1511014490000 271
1511014490000 271
1511014490000 271
1511014490000 271
1511014490000 271
1511014490000 271
1511014490000 271
1511014490000 271
1511014490000 271
1511014490000 271
1511014490000 271
1511014490000 271
1511014490000 271
1511014490000 271
1511014490000 271
1511014490000 272
1511014490000 272
1511014490000 272
1511014490000 272
1511014490000 272
1511014490000 272
1511014490000 272
1511014490000 272
1511014490000 272
1511014490000 272
1511014490000 272
1511014490000 272
1511014490000 272
1511014490000 273
1511014490000 273
1511014490000 273
1511014490000 273
1511014490000 273
1511014490000 273
1511014490000 273
1511014490000 273
1511014490000 273
1511014490000 273
1511014490000 273
1511014490000 273
1511014490000 273
1511014490000 273
1511014490000 273
1511014490000 273
1511014490000 274
1511014490000 274
1511014490000 274
1511014490000 274
1511014490000 274
1511014490000 274
1511014490000 274
1511014490000 275
1511014490000 275
1511014490000 275
1511014490000 275
1511014490000 275
1511014490000 275
1511014490000 275
1511014490000 275
1511014490000 275
1511014490000 275
1511014490000 275
1511014490000 275
1511014490000 275
1511014490000 275
1511014490000 275
1511014490000 275
1511014490000 275
1511014490000 275
1511014490000 275
1511014490000 275
1511014490000 275
1511014490000 275
1511014490000 275
1511014490000 276
1511014490000 276
1511014490000 276
1511014490000 276
1511014490000 276
1511014490000 276
1511014490000 276
1511014490000 276
1511014490000 276
1511014490000 277
1511014490000 282
1511014490000 282
1511014490000 282
1511014490000 282
1511014490000 282
1511014490000 283
1511014490000 283
1511014500000 280
1511014500000 280
1511014500000 281
1511014500000 281
1511014500000 281
1511014500000 281
1511014500000 284
1511014500000 347
1511014500000 347
1511014500000 347
1511014500000 347
1511014500000 348
1511014500000 349
1511014500000 350
1511014500000 350
1511014500000 351
1511014500000 355
1511014500000 363
1511014500000 363
1511014500000 364
1511014500000 364
1511014500000 364
1511014500000 364
1511014500000 364
1511014500000 365
1511014500000 365
1511014500000 365
1511014500000 365
1511014500000 365
1511014500000 365
1511014500000 365
1511014500000 365
1511014500000 366
1511014500000 366
1511014500000 367
1511014500000 367
1511014500000 367
1511014500000 368
1511014500000 368
1511014500000 369
1511014500000 370
1511014500000 370
1511014500000 371
1511014500000 372
1511014500000 372
1511014500000 373
1511014500000 373
1511014500000 374
1511014500000 374
1511014500000 374
1511014500000 374
1511014500000 374
1511014500000 375
1511014500000 375
1511014500000 375
1511014500000 375
1511014500000 375
1511014500000 375
1511014500000 376
1511014500000 376
1511014500000 376
1511014500000 378
1511014500000 380
1511014500000 380
1511014500000 381
1511014500000 385
1511014500000 385
1511014500000 386
1511014500000 388
1511014500000 388
1511014500000 388
1511014500000 389
1511014500000 390
1511014500000 390
1511014500000 390
1511014500000 390
1511014500000 390
1511014500000 392
1511014500000 393
1511014500000 393
1511014500000 394
1511014500000 395
1511014500000 395
1511014500000 397
1511014500000 400
1511014500000 400
1511014500000 400
1511014500000 400
1511014500000 402
1511014500000 415
1511014500000 415
1511014500000 421
1511014500000 470
1511014500000 470
1511014500000 470
1511014500000 470
1511014500000 471
1511014500000 473
1511014500000 491
1511014500000 491
1511014510000 273
1511014510000 273
1511014510000 273
1511014510000 273
1511014510000 273
1511014510000 273
1511014510000 273
1511014510000 273
1511014510000 274
1511014510000 274
1511014510000 274
1511014510000 274
1511014510000 274
1511014510000 274
1511014510000 274
1511014510000 274
1511014510000 274
1511014510000 274
1511014510000 274
1511014510000 274
1511014510000 274
1511014510000 274
1511014510000 274
1511014510000 274
1511014510000 274
1511014510000 274
1511014510000 275
1511014510000 275
1511014510000 275
1511014510000 275
1511014510000 275
1511014510000 275
1511014510000 275
1511014510000 275
1511014510000 275
1511014510000 275
1511014510000 275
1511014510000 275
1511014510000 275
1511014510000 275
1511014510000 275
1511014510000 275
1511014510000 275
1511014510000 276
1511014510000 276
1511014510000 276
1511014510000 276
1511014510000 276
1511014510000 276
1511014510000 276
1511014510000 276
1511014510000 276
1511014510000 276
1511014510000 276
1511014510000 276
1511014510000 276
1511014510000 276
1511014510000 276
1511014510000 276
1511014510000 276
1511014510000 276
1511014510000 276
1511014510000 276
1511014510000 276
1511014510000 276
1511014510000 276
1511014510000 277
1511014510000 277
1511014510000 277
1511014510000 277
1511014510000 277
1511014510000 277
1511014510000 277
1511014510000 277
1511014510000 277
1511014510000 277
1511014510000 277
1511014510000 277
1511014510000 277
1511014510000 277
1511014510000 277
1511014510000 277
1511014510000 278
1511014510000 278
1511014510000 278
1511014510000 278
1511014510000 278
1511014510000 278
1511014510000 278
1511014510000 278
1511014510000 278
1511014510000 278
1511014510000 278
1511014510000 278
1511014510000 278
1511014510000 278
1511014510000 279
1511014510000 279
1511014510000 281
1511014510000 282
1511014520000 304
1511014520000 304
1511014520000 304
1511014520000 304
1511014520000 304
1511014520000 304
1511014520000 304
1511014520000 305
1511014520000 305
1511014520000 305
1511014520000 305
1511014520000 305
1511014520000 305
1511014520000 305
1511014520000 305
1511014520000 305
1511014520000 305
1511014520000 306
1511014520000 306
1511014520000 306
1511014520000 306
1511014520000 306
1511014520000 306
1511014520000 306
1511014520000 306
1511014520000 306
1511014520000 306
1511014520000 306
1511014520000 306
1511014520000 306
1511014520000 306
1511014520000 306
1511014520000 306
1511014520000 306
1511014520000 306
1511014520000 307
1511014520000 307
1511014520000 307
1511014520000 307
1511014520000 307
1511014520000 307
1511014520000 307
1511014520000 307
1511014520000 307
1511014520000 308
1511014520000 309
1511014520000 309
1511014520000 310
1511014520000 310
1511014520000 314
1511014520000 317
1511014520000 318
1511014520000 318
1511014520000 319
1511014520000 595
1511014520000 597
1511014520000 599
1511014520000 604
1511014520000 606
1511014520000 606
1511014520000 608
1511014520000 610
1511014520000 611
1511014520000 612
1511014520000 613
1511014520000 614
1511014520000 616
1511014520000 616
1511014520000 616
1511014520000 616
1511014520000 617
1511014520000 618
1511014520000 618
1511014520000 618
1511014520000 619
1511014520000 619
1511014520000 620
1511014520000 623
1511014520000 623
1511014520000 624
1511014520000 624
1511014520000 628
1511014520000 630
1511014520000 632
1511014520000 632
1511014520000 633
1511014520000 633
1511014520000 636
1511014520000 639
1511014520000 640
1511014520000 640
1511014520000 641
1511014520000 641
1511014520000 645
1511014520000 648
1511014520000 655
1511014520000 662
1511014520000 663
1511014520000 667
1511014520000 668
1511014530000 275
1511014530000 276
1511014530000 276
1511014530000 276
1511014530000 276
1511014530000 276
1511014530000 276
1511014530000 276
1511014530000 276
1511014530000 276
1511014530000 276
1511014530000 276
1511014530000 276
1511014530000 276
1511014530000 276
1511014530000 276
1511014530000 276
1511014530000 277
1511014530000 277
1511014530000 277
1511014530000 277
1511014530000 277
1511014530000 277
1511014530000 277
1511014530000 277
1511014530000 277
1511014530000 277
1511014530000 277
1511014530000 277
1511014530000 277
1511014530000 277
1511014530000 277
1511014530000 277
1511014530000 277
1511014530000 277
1511014530000 277
1511014530000 277
1511014530000 277
1511014530000 277
1511014530000 277
1511014530000 277
1511014530000 278
1511014530000 278
1511014530000 278
1511014530000 278
1511014530000 278
1511014530000 278
1511014530000 278
1511014530000 278
1511014530000 278
1511014530000 278
1511014530000 278
1511014530000 278
1511014530000 278
1511014530000 278
1511014530000 278
1511014530000 278
1511014530000 279
1511014530000 279
1511014530000 279
1511014530000 279
1511014530000 279
1511014530000 279
1511014530000 279
1511014530000 279
1511014530000 279
1511014530000 279
1511014530000 279
1511014530000 279
1511014530000 279
1511014530000 279
1511014530000 280
1511014530000 280
1511014530000 280
1511014530000 280
1511014530000 280
1511014530000 280
1511014530000 280
1511014530000 280
1511014530000 280
1511014530000 281
1511014530000 281
1511014530000 281
1511014530000 282
1511014530000 282
1511014530000 282
1511014530000 282
1511014530000 282
1511014530000 282
1511014530000 282
1511014530000 282
1511014530000 282
1511014530000 282
1511014530000 282
1511014530000 283
1511014530000 283
1511014530000 283
1511014530000 283
1511014530000 283
1511014530000 284
1511014540000 280
1511014540000 280
1511014540000 280
1511014540000 280
1511014540000 280
1511014540000 280
1511014540000 281
1511014540000 281
1511014540000 281
1511014540000 281
1511014540000 281
1511014540000 281
1511014540000 282
1511014540000 282
1511014540000 282
1511014540000 282
1511014540000 282
1511014540000 282
1511014540000 282
1511014540000 282
1511014540000 282
1511014540000 282
1511014540000 282
1511014540000 282
1511014540000 282
1511014540000 282
1511014540000 282
1511014540000 282
1511014540000 283
1511014540000 283
1511014540000 283
1511014540000 283
1511014540000 283
1511014540000 283
1511014540000 283
1511014540000 283
1511014540000 283
1511014540000 283
1511014540000 283
1511014540000 283
1511014540000 283
1511014540000 283
1511014540000 283
1511014540000 283
1511014540000 283
1511014540000 283
1511014540000 283
1511014540000 283
1511014540000 284
1511014540000 284
1511014540000 284
1511014540000 284
1511014540000 284
1511014540000 284
1511014540000 284
1511014540000 284
1511014540000 284
1511014540000 284
1511014540000 284
1511014540000 284
1511014540000 284
1511014540000 284
1511014540000 284
1511014540000 284
1511014540000 284
1511014540000 284
1511014540000 285
1511014540000 285
1511014540000 285
1511014540000 285
1511014540000 285
1511014540000 285
1511014540000 285
1511014540000 285
1511014540000 285
1511014540000 285
1511014540000 286
1511014540000 286
1511014540000 286
1511014540000 286
1511014540000 286
1511014540000 286
1511014540000 286
1511014540000 286
1511014540000 286
1511014540000 286
1511014540000 287
1511014540000 287
1511014540000 287
1511014540000 287
1511014540000 290
1511014540000 290
1511014540000 291
1511014540000 481
1511014540000 481
1511014540000 481
1511014540000 481
1511014540000 481
1511014540000 488
1511014540000 488
1511014550000 272
1511014550000 272
1511014550000 272
1511014550000 272
1511014550000 272
1511014550000 272
1511014550000 272
1511014550000 272
1511014550000 272
1511014550000 272
1511014550000 272
1511014550000 272
1511014550000 272
1511014550000 272
1511014550000 273
1511014550000 273
1511014550000 273
1511014550000 273
1511014550000 273
1511014550000 273
1511014550000 273
1511014550000 274
1511014550000 274
1511014550000 274
1511014550000 274
1511014550000 274
1511014550000 274
1511014550000 274
1511014550000 274
1511014550000 274
1511014550000 274
1511014550000 274
1511014550000 274
1511014550000 275
1511014550000 275
1511014550000 275
1511014550000 275
1511014550000 275
1511014550000 275
1511014550000 275
1511014550000 275
1511014550000 275
1511014550000 275
1511014550000 275
1511014550000 276
1511014550000 276
1511014550000 276
1511014550000 276
1511014550000 276
1511014550000 277
1511014550000 277
1511014550000 277
1511014550000 277
1511014550000 277
1511014550000 277
1511014550000 277
1511014550000 277
1511014550000 277
1511014550000 278
1511014550000 278
1511014550000 278
1511014550000 278
1511014550000 278
1511014550000 279
1511014550000 279
1511014550000 279
1511014550000 279
1511014550000 280
1511014550000 280
1511014550000 280
1511014550000 280
1511014550000 280
1511014550000 280
1511014550000 280
1511014550000 280
1511014550000 280
1511014550000 281
1511014550000 281
1511014550000 281
1511014550000 281
1511014550000 281
1511014550000 282
1511014550000 282
1511014550000 283
1511014550000 283
1511014550000 283
1511014550000 283
1511014550000 284
1511014550000 284
1511014550000 285
1511014550000 286
1511014550000 286
1511014550000 286
1511014550000 286
1511014550000 287
1511014550000 291
1511014550000 295
1511014550000 296
1511014550000 305
1511014550000 306
1511014560000 1009
1511014560000 1009
1511014560000 1011
1511014560000 1012
1511014560000 1012
1511014560000 1012
1511014560000 1012
1511014560000 1013
1511014560000 1014
1511014560000 1014
1511014560000 1014
1511014560000 1015
1511014560000 1015
1511014560000 1016
1511014560000 1018
1511014560000 1026
1511014560000 1026
1511014560000 1029
1511014560000 1029
1511014560000 1030
1511014560000 1045
1511014560000 1046
1511014560000 1050
1511014560000 305
1511014560000 306
1511014560000 306
1511014560000 306
1511014560000 306
1511014560000 306
1511014560000 306
1511014560000 306
1511014560000 307
1511014560000 307
1511014560000 307
1511014560000 307
1511014560000 307
1511014560000 307
1511014560000 308
1511014560000 308
1511014560000 308
1511014560000 308
1511014560000 608
1511014560000 608
1511014560000 609
1511014560000 609
1511014560000 609
1511014560000 610
1511014560000 610
1511014560000 611
1511014560000 611
1511014560000 611
1511014560000 613
1511014560000 613
1511014560000 614
1511014560000 614
1511014560000 614
1511014560000 615
1511014560000 615
1511014560000 615
1511014560000 617
1511014560000 618
1511014560000 618
1511014560000 618
1511014560000 618
1511014560000 618
1511014560000 619
1511014560000 620
1511014560000 620
1511014560000 621
1511014560000 621
1511014560000 621
1511014560000 622
1511014560000 622
1511014560000 622
1511014560000 622
1511014560000 622
1511014560000 623
1511014560000 623
1511014560000 624
1511014560000 624
1511014560000 624
1511014560000 624
1511014560000 626
1511014560000 626
1511014560000 627
1511014560000 627
1511014560000 627
1511014560000 627
1511014560000 627
1511014560000 631
1511014560000 632
1511014560000 645
1511014560000 646
1511014560000 653
1511014560000 654
1511014560000 655
1511014560000 656
1511014560000 659
1511014560000 660
1511014560000 691
1511014570000 249
1511014570000 249
1511014570000 249
1511014570000 249
1511014570000 250
1511014570000 250
1511014570000 250
1511014570000 250
1511014570000 250
1511014570000 250
1511014570000 250
1511014570000 250
1511014570000 250
1511014570000 251
1511014570000 251
1511014570000 253
1511014570000 253
1511014570000 253
1511014570000 253
1511014570000 253
1511014570000 260
1511014570000 268
1511014570000 268
1511014570000 281
1511014570000 281
1511014570000 281
1511014570000 284
1511014570000 284
1511014570000 285
1511014570000 285
1511014570000 288
1511014570000 289
1511014570000 289
1511014570000 289
1511014570000 289
1511014570000 289
1511014570000 290
1511014570000 290
1511014570000 291
1511014570000 292
1511014570000 292
1511014570000 292
1511014570000 295
1511014570000 296
1511014570000 296
1511014570000 296
1511014570000 296
1511014570000 296
1511014570000 297
1511014570000 299
1511014570000 299
1511014570000 299
1511014570000 300
1511014570000 300
1511014570000 303
1511014570000 303
1511014570000 303
1511014570000 304
1511014570000 305
1511014570000 305
1511014570000 305
1511014570000 305
1511014570000 305
1511014570000 306
1511014570000 306
1511014570000 306
1511014570000 306
1511014570000 307
1511014570000 307
1511014570000 307
1511014570000 307
1511014570000 307
1511014570000 308
1511014570000 309
1511014570000 309
1511014570000 310
1511014570000 343
1511014570000 343
1511014570000 343
1511014570000 343
1511014570000 343
1511014570000 343
1511014570000 344
1511014570000 344
1511014570000 679
1511014570000 680
1511014570000 682
1511014570000 682
1511014570000 691
1511014570000 691
1511014570000 691
1511014570000 692
1511014570000 696
1511014570000 700
1511014570000 700
1511014570000 700
1511014570000 700
1511014570000 704
1511014570000 708
1511014570000 708
1511014580000 278
1511014580000 279
1511014580000 279
1511014580000 279
1511014580000 279
1511014580000 279
1511014580000 279
1511014580000 280
1511014580000 280
1511014580000 280
1511014580000 280
1511014580000 280
1511014580000 280
1511014580000 280
1511014580000 280
1511014580000 280
1511014580000 280
1511014580000 280
1511014580000 280
1511014580000 281
1511014580000 281
1511014580000 281
1511014580000 281
1511014580000 281
1511014580000 281
1511014580000 281
1511014580000 282
1511014580000 282
1511014580000 282
1511014580000 282
1511014580000 282
1511014580000 282
1511014580000 282
1511014580000 282
1511014580000 282
1511014580000 282
1511014580000 283
1511014580000 283
1511014580000 283
1511014580000 283
1511014580000 283
1511014580000 283
1511014580000 283
1511014580000 283
1511014580000 283
1511014580000 283
1511014580000 283
1511014580000 283
1511014580000 283
1511014580000 284
1511014580000 284
1511014580000 284
1511014580000 285
1511014580000 285
1511014580000 285
1511014580000 285
1511014580000 285
1511014580000 285
1511014580000 285
1511014580000 430
1511014580000 430
1511014580000 431
1511014580000 431
1511014580000 431
1511014580000 432
1511014580000 432
1511014580000 432
1511014580000 432
1511014580000 432
1511014580000 432
1511014580000 432
1511014580000 432
1511014580000 432
1511014580000 434
1511014580000 434
1511014580000 436
1511014580000 437
1511014580000 440
1511014580000 441
1511014580000 441
1511014580000 444
1511014580000 444
1511014580000 447
1511014580000 451
1511014580000 451
1511014580000 459
1511014580000 459
1511014580000 459
1511014580000 459
1511014580000 459
1511014580000 460
1511014580000 467
1511014580000 467
1511014580000 468
1511014580000 469
1511014580000 473
1511014580000 474
1511014580000 475
1511014580000 477
1511014580000 478
1511014590000 297
1511014590000 297
1511014590000 297
1511014590000 297
1511014590000 297
1511014590000 297
1511014590000 297
1511014590000 297
1511014590000 297
1511014590000 297
1511014590000 297
1511014590000 297
1511014590000 298
1511014590000 298
1511014590000 298
1511014590000 298
1511014590000 298
1511014590000 298
1511014590000 298
1511014590000 298
1511014590000 298
1511014590000 298
1511014590000 298
1511014590000 298
1511014590000 299
1511014590000 299
1511014590000 299
1511014590000 299
1511014590000 299
1511014590000 299
1511014590000 299
1511014590000 299
1511014590000 299
1511014590000 299
1511014590000 299
1511014590000 299
1511014590000 299
1511014590000 299
1511014590000 299
1511014590000 300
1511014590000 300
1511014590000 300
1511014590000 300
1511014590000 300
1511014590000 300
1511014590000 300
1511014590000 300
1511014590000 300
1511014590000 300
1511014590000 300
1511014590000 300
1511014590000 300
1511014590000 300
1511014590000 300
1511014590000 300
1511014590000 300
1511014590000 300
1511014590000 300
1511014590000 300
1511014590000 300
1511014590000 300
1511014590000 300
1511014590000 300
1511014590000 300
1511014590000 300
1511014590000 300
1511014590000 300
1511014590000 300
1511014590000 300
1511014590000 300
1511014590000 300
1511014590000 300
1511014590000 300
1511014590000 300
1511014590000 301
1511014590000 301
1511014590000 301
1511014590000 302
1511014590000 302
1511014590000 302
1511014590000 302
1511014590000 302
1511014590000 302
1511014590000 337
1511014590000 337
1511014590000 339
1511014590000 340
1511014590000 342
1511014590000 624
1511014590000 624
1511014590000 630
1511014590000 637
1511014590000 638
1511014590000 638
1511014590000 638
1511014590000 638
1511014590000 639
1511014590000 639
1511014590000 639
1511014590000 639
1511014600000 289
1511014600000 289
1511014600000 289
1511014600000 289
1511014600000 289
1511014600000 289
1511014600000 289
1511014600000 289
1511014600000 290
1511014600000 312
1511014600000 313
1511014600000 313
1511014600000 314
1511014600000 314
1511014600000 314
1511014600000 322
1511014600000 322
1511014600000 323
1511014600000 323
1511014600000 324
1511014600000 324
1511014600000 324
1511014600000 324
1511014600000 324
1511014600000 326
1511014600000 327
1511014600000 327
1511014600000 327
1511014600000 327
1511014600000 327
1511014600000 327
1511014600000 327
1511014600000 328
1511014600000 328
1511014600000 328
1511014600000 329
1511014600000 331
1511014600000 331
1511014600000 331
1511014600000 332
1511014600000 332
1511014600000 332
1511014600000 333
1511014600000 333
1511014600000 334
1511014600000 334
1511014600000 334
1511014600000 335
1511014600000 335
1511014600000 335
1511014600000 335
1511014600000 335
1511014600000 335
1511014600000 335
1511014600000 335
1511014600000 335
1511014600000 335
1511014600000 336
1511014600000 336
1511014600000 336
1511014600000 336
1511014600000 337
1511014600000 337
1511014600000 337
1511014600000 337
1511014600000 338
1511014600000 338
1511014600000 338
1511014600000 339
1511014600000 339
1511014600000 340
1511014600000 340
1511014600000 341
1511014600000 343
1511014600000 343
1511014600000 344
1511014600000 344
1511014600000 345
1511014600000 345
1511014600000 345
1511014600000 345
1511014600000 345
1511014600000 345
1511014600000 345
1511014600000 346
1511014600000 346
1511014600000 350
1511014600000 351
1511014600000 351
1511014600000 352
1511014600000 354
1511014600000 354
1511014600000 354
1511014600000 354
1511014600000 355
1511014600000 355
1511014600000 355
1511014600000 356
1511014600000 357
1511014600000 357
1511014610000 273
1511014610000 273
1511014610000 274
1511014610000 274
1511014610000 274
1511014610000 274
1511014610000 274
1511014610000 274
1511014610000 274
1511014610000 274
1511014610000 274
1511014610000 274
1511014610000 274
1511014610000 274
1511014610000 274
1511014610000 274
1511014610000 274
1511014610000 274
1511014610000 274
1511014610000 274
1511014610000 274
1511014610000 275
1511014610000 275
1511014610000 275
1511014610000 275
1511014610000 275
1511014610000 275
1511014610000 275
1511014610000 275
1511014610000 275
1511014610000 275
1511014610000 275
1511014610000 275
1511014610000 275
1511014610000 276
1511014610000 276
1511014610000 276
1511014610000 276
1511014610000 276
1511014610000 276
1511014610000 276
1511014610000 276
1511014610000 276
1511014610000 276
1511014610000 277
1511014610000 277
1511014610000 277
1511014610000 277
1511014610000 277
1511014610000 277
1511014610000 277
1511014610000 277
1511014610000 277
1511014610000 277
1511014610000 277
1511014610000 277
1511014610000 277
1511014610000 278
1511014610000 278
1511014610000 278
1511014610000 278
1511014610000 278
1511014610000 278
1511014610000 278
1511014610000 278
1511014610000 278
1511014610000 278
1511014610000 278
1511014610000 278
1511014610000 278
1511014610000 278
1511014610000 278
1511014610000 278
1511014610000 278
1511014610000 278
1511014610000 278
1511014610000 278
1511014610000 278
1511014610000 278
1511014610000 278
1511014610000 279
1511014610000 279
1511014610000 279
1511014610000 279
1511014610000 279
1511014610000 279
1511014610000 279
1511014610000 279
1511014610000 279
1511014610000 279
1511014610000 280
1511014610000 280
1511014610000 280
1511014610000 280
1511014610000 280
1511014610000 280
1511014610000 280
1511014610000 280
1511014610000 280
1511014610000 310
1511014620000 286
1511014620000 286
1511014620000 286
1511014620000 286
1511014620000 286
1511014620000 286
1511014620000 286
1511014620000 286
1511014620000 286
1511014620000 287
1511014620000 287
1511014620000 287
1511014620000 287
1511014620000 287
1511014620000 287
1511014620000 287
1511014620000 287
1511014620000 287
1511014620000 287
1511014620000 287
1511014620000 287
1511014620000 287
1511014620000 287
1511014620000 288
1511014620000 288
1511014620000 288
1511014620000 288
1511014620000 288
1511014620000 288
1511014620000 288
1511014620000 288
1511014620000 288
1511014620000 288
1511014620000 288
1511014620000 288
1511014620000 288
1511014620000 288
1511014620000 288
1511014620000 288
1511014620000 288
1511014620000 288
1511014620000 288
1511014620000 288
1511014620000 289
1511014620000 289
1511014620000 289
1511014620000 289
1511014620000 289
1511014620000 289
1511014620000 289
1511014620000 289
1511014620000 289
1511014620000 289
1511014620000 289
1511014620000 289
1511014620000 289
1511014620000 289
1511014620000 289
1511014620000 289
1511014620000 289
1511014620000 289
1511014620000 289
1511014620000 289
1511014620000 290
1511014620000 290
1511014620000 290
1511014620000 290
1511014620000 290
1511014620000 290
1511014620000 290
1511014620000 290
1511014620000 290
1511014620000 290
1511014620000 290
1511014620000 290
1511014620000 290
1511014620000 290
1511014620000 290
1511014620000 290
1511014620000 290
1511014620000 290
1511014620000 290
1511014620000 290
1511014620000 290
1511014620000 290
1511014620000 290
1511014620000 290
1511014620000 290
1511014620000 290
1511014620000 291
1511014620000 291
1511014620000 291
1511014620000 291
1511014620000 343
1511014620000 344
1511014620000 349
1511014620000 350
1511014620000 353
1511014620000 355
1511014620000 356
1511014630000 301
1511014630000 302
1511014630000 302
1511014630000 302
1511014630000 302
1511014630000 302
1511014630000 302
1511014630000 302
1511014630000 302
1511014630000 302
1511014630000 302
1511014630000 302
1511014630000 302
1511014630000 302
1511014630000 302
1511014630000 302
1511014630000 302
1511014630000 303
1511014630000 303
1511014630000 303
1511014630000 303
1511014630000 303
1511014630000 303
1511014630000 303
1511014630000 303
1511014630000 303
1511014630000 303
1511014630000 303
1511014630000 303
1511014630000 303
1511014630000 303
1511014630000 303
1511014630000 303
1511014630000 303
1511014630000 303
1511014630000 303
1511014630000 303
1511014630000 303
1511014630000 303
1511014630000 303
1511014630000 303
1511014630000 303
1511014630000 303
1511014630000 303
1511014630000 303
1511014630000 303
1511014630000 303
1511014630000 304
1511014630000 304
1511014630000 304
1511014630000 304
1511014630000 304
1511014630000 304
1511014630000 304
1511014630000 304
1511014630000 304
1511014630000 304
1511014630000 305
1511014630000 305
1511014630000 305
1511014630000 305
1511014630000 305
1511014630000 305
1511014630000 305
1511014630000 305
1511014630000 305
1511014630000 305
1511014630000 306
1511014630000 307
1511014630000 307
1511014630000 307
1511014630000 307
1511014630000 308
1511014630000 308
1511014630000 308
1511014630000 308
1511014630000 308
1511014630000 308
1511014630000 308
1511014630000 309
1511014630000 309
1511014630000 309
1511014630000 309
1511014630000 309
1511014630000 309
1511014630000 309
1511014630000 310
1511014630000 310
1511014630000 310
1511014630000 311
1511014630000 311
1511014630000 311
1511014630000 311
1511014630000 311
1511014630000 312
1511014630000 313
1511014630000 321
1511014630000 321
1511014630000 321
1511014630000 321
1511014640000 -2789
1511014640000 -2992
1511014640000 -3237
1511014640000 -3353
1511014640000 -3369
1511014640000 -3374
1511014640000 -3374
1511014640000 -3375
1511014640000 -3384
1511014640000 -3386
1511014640000 -3390
1511014640000 -3393
1511014640000 -3400
1511014640000 -3401
1511014640000 -3401
1511014640000 -3401
1511014640000 -3401
1511014640000 -3402
1511014640000 -3403
1511014640000 -3406
1511014640000 -3408
1511014640000 -3408
1511014640000 -3414
1511014640000 -3418
1511014640000 -3492
1511014640000 -3609
1511014640000 -3610
1511014640000 -3619
1511014640000 -3633
1511014640000 -3638
1511014640000 -3639
1511014640000 -3639
1511014640000 -3648
1511014640000 -3649
1511014640000 -3674
1511014640000 -3690
1511014640000 -3705
1511014640000 -3769
1511014640000 -3769
1511014640000 -3771
1511014640000 -3772
1511014640000 -3777
1511014640000 -3781
1511014640000 -3781
1511014640000 -3781
1511014640000 -3786
1511014640000 -3786
1511014640000 -3787
1511014640000 -3788
1511014640000 -3790
1511014640000 -3987
1511014640000 -4248
1511014640000 -4492
1511014640000 -4616
1511014640000 -4633
1511014640000 -4635
1511014640000 -4641
1511014640000 -4642
1511014640000 -4642
1511014640000 -4643
1511014640000 -4648
1511014640000 -4649
1511014640000 -4650
1511014640000 -4650
1511014640000 -4682
1511014640000 -4690
1511014640000 -4690
1511014640000 -4690
1511014640000 -4690
1511014640000 -4690
1511014640000 -4691
1511014640000 -4691
1511014640000 -4692
1511014640000 -4705
1511014640000 -4716
1511014640000 -4716
1511014640000 -4789
1511014640000 -4791
1511014640000 -4793
1511014640000 -4793
1511014640000 -4803
1511014640000 -4811
1511014640000 -4812
1511014640000 -4812
1511014640000 -4824
1511014640000 -4824
1511014640000 -4829
1511014640000 -4832
1511014640000 -4832
1511014640000 -4838
1511014640000 -4842
1511014640000 -4845
1511014640000 -4846
1511014640000 -4846
1511014640000 -4847
1511014640000 -4850
1511014640000 -4858
1511014640000 -4958
1511014640000 -5456
1511014640000 -5819
