1511016410000 668
1511016410000 668
1511016410000 669
1511016410000 669
1511016410000 669
1511016410000 669
1511016410000 669
1511016410000 669
1511016410000 669
1511016410000 669
1511016410000 669
1511016410000 669
1511016410000 669
1511016410000 669
1511016410000 669
1511016410000 669
1511016410000 670
1511016410000 670
1511016410000 670
1511016410000 670
1511016410000 670
1511016410000 670
1511016410000 670
1511016410000 670
1511016410000 670
1511016410000 670
1511016410000 670
1511016410000 670
1511016410000 670
1511016410000 670
1511016410000 670
1511016410000 670
1511016410000 670
1511016410000 670
1511016410000 671
1511016410000 671
1511016410000 671
1511016410000 671
1511016410000 671
1511016410000 671
1511016410000 671
1511016410000 671
1511016410000 671
1511016410000 672
1511016410000 672
1511016410000 672
1511016410000 672
1511016410000 672
1511016410000 672
1511016410000 672
1511016410000 672
1511016410000 672
1511016410000 672
1511016410000 672
1511016410000 672
1511016410000 672
1511016410000 672
1511016410000 672
1511016410000 672
1511016410000 672
1511016410000 672
1511016410000 672
1511016410000 672
1511016410000 672
1511016410000 672
1511016410000 672
1511016410000 672
1511016410000 672
1511016410000 672
1511016410000 672
1511016410000 673
1511016410000 673
1511016410000 673
1511016410000 673
1511016410000 673
1511016410000 673
1511016410000 673
1511016410000 673
1511016410000 673
1511016410000 673
1511016410000 673
1511016410000 673
1511016410000 673
1511016410000 674
1511016410000 674
1511016410000 674
1511016410000 674
1511016410000 674
1511016410000 674
1511016410000 674
1511016410000 677
1511016410000 770
1511016410000 771
1511016410000 771
1511016410000 773
1511016410000 774
1511016410000 774
1511016410000 775
1511016410000 776
1511016410000 776
1511016420000 691
1511016420000 691
1511016420000 691
1511016420000 692
1511016420000 692
1511016420000 692
1511016420000 692
1511016420000 692
1511016420000 692
1511016420000 692
1511016420000 692
1511016420000 692
1511016420000 692
1511016420000 692
1511016420000 692
1511016420000 692
1511016420000 692
1511016420000 692
1511016420000 692
1511016420000 692
1511016420000 692
1511016420000 692
1511016420000 693
1511016420000 693
1511016420000 693
1511016420000 693
1511016420000 693
1511016420000 693
1511016420000 693
1511016420000 693
1511016420000 693
1511016420000 693
1511016420000 693
1511016420000 693
1511016420000 693
1511016420000 693
1511016420000 693
1511016420000 693
1511016420000 693
1511016420000 693
1511016420000 693
1511016420000 693
1511016420000 694
1511016420000 694
1511016420000 694
1511016420000 694
1511016420000 694
1511016420000 694
1511016420000 694
1511016420000 694
1511016420000 694
1511016420000 694
1511016420000 694
1511016420000 694
1511016420000 694
1511016420000 694
1511016420000 694
1511016420000 694
1511016420000 694
1511016420000 694
1511016420000 694
1511016420000 694
1511016420000 694
1511016420000 694
1511016420000 694
1511016420000 694
1511016420000 694
1511016420000 694
1511016420000 695
1511016420000 695
1511016420000 695
1511016420000 695
1511016420000 695
1511016420000 696
1511016420000 696
1511016420000 696
1511016420000 696
1511016420000 696
1511016420000 696
1511016420000 696
1511016420000 696
1511016420000 696
1511016420000 696
1511016420000 696
1511016420000 697
1511016420000 697
1511016420000 697
1511016420000 697
1511016420000 697
1511016420000 697
1511016420000 697
1511016420000 698
1511016420000 698
1511016420000 698
1511016420000 698
1511016420000 698
1511016420000 698
1511016420000 698
1511016420000 698
1511016420000 698
1511016430000 742
1511016430000 742
1511016430000 742
1511016430000 742
1511016430000 742
1511016430000 742
1511016430000 742
1511016430000 742
1511016430000 743
1511016430000 743
1511016430000 743
1511016430000 743
1511016430000 743
1511016430000 743
1511016430000 743
1511016430000 743
1511016430000 743
1511016430000 743
1511016430000 743
1511016430000 743
1511016430000 743
1511016430000 743
1511016430000 743
1511016430000 743
1511016430000 743
1511016430000 744
1511016430000 744
1511016430000 744
1511016430000 744
1511016430000 744
1511016430000 744
1511016430000 744
1511016430000 744
1511016430000 744
1511016430000 744
1511016430000 744
1511016430000 744
1511016430000 744
1511016430000 744
1511016430000 744
1511016430000 744
1511016430000 744
1511016430000 744
1511016430000 744
1511016430000 744
1511016430000 744
1511016430000 744
1511016430000 744
1511016430000 744
1511016430000 744
1511016430000 744
1511016430000 744
1511016430000 745
1511016430000 745
1511016430000 745
1511016430000 745
1511016430000 745
1511016430000 745
1511016430000 745
1511016430000 745
1511016430000 745
1511016430000 745
1511016430000 745
1511016430000 745
1511016430000 745
1511016430000 745
1511016430000 745
1511016430000 745
1511016430000 745
1511016430000 745
1511016430000 745
1511016430000 745
1511016430000 746
1511016430000 746
1511016430000 746
1511016430000 746
1511016430000 747
1511016430000 747
1511016430000 747
1511016430000 747
1511016430000 747
1511016430000 747
1511016430000 747
1511016430000 747
1511016430000 747
1511016430000 747
1511016430000 747
1511016430000 747
1511016430000 747
1511016430000 747
1511016430000 747
1511016430000 747
1511016430000 748
1511016430000 748
1511016430000 748
1511016430000 748
1511016430000 748
1511016430000 748
1511016430000 749
1511016430000 752
1511016440000 727
1511016440000 728
1511016440000 728
1511016440000 728
1511016440000 728
1511016440000 728
1511016440000 728
1511016440000 728
1511016440000 728
1511016440000 728
1511016440000 728
1511016440000 728
1511016440000 728
1511016440000 728
1511016440000 729
1511016440000 729
1511016440000 729
1511016440000 729
1511016440000 729
1511016440000 729
1511016440000 729
1511016440000 729
1511016440000 729
1511016440000 729
1511016440000 729
1511016440000 729
1511016440000 729
1511016440000 729
1511016440000 729
1511016440000 729
1511016440000 730
1511016440000 730
1511016440000 730
1511016440000 730
1511016440000 730
1511016440000 730
1511016440000 730
1511016440000 730
1511016440000 730
1511016440000 730
1511016440000 730
1511016440000 730
1511016440000 730
1511016440000 730
1511016440000 730
1511016440000 730
1511016440000 730
1511016440000 730
1511016440000 730
1511016440000 730
1511016440000 730
1511016440000 731
1511016440000 731
1511016440000 731
1511016440000 731
1511016440000 731
1511016440000 731
1511016440000 731
1511016440000 731
1511016440000 731
1511016440000 731
1511016440000 731
1511016440000 731
1511016440000 731
1511016440000 731
1511016440000 731
1511016440000 731
1511016440000 731
1511016440000 731
1511016440000 732
1511016440000 732
1511016440000 732
1511016440000 732
1511016440000 732
1511016440000 733
1511016440000 733
1511016440000 733
1511016440000 733
1511016440000 733
1511016440000 733
1511016440000 733
1511016440000 733
1511016440000 733
1511016440000 733
1511016440000 733
1511016440000 733
1511016440000 733
1511016440000 733
1511016440000 733
1511016440000 734
1511016440000 734
1511016440000 734
1511016440000 734
1511016440000 734
1511016440000 734
1511016440000 734
1511016440000 735
1511016440000 735
1511016440000 750
1511016440000 750
1511016450000 740
1511016450000 741
1511016450000 741
1511016450000 741
1511016450000 741
1511016450000 742
1511016450000 742
1511016450000 742
1511016450000 742
1511016450000 742
1511016450000 742
1511016450000 742
1511016450000 742
1511016450000 742
1511016450000 742
1511016450000 742
1511016450000 742
1511016450000 742
1511016450000 742
1511016450000 742
1511016450000 742
1511016450000 742
1511016450000 742
1511016450000 743
1511016450000 743
1511016450000 743
1511016450000 743
1511016450000 743
1511016450000 743
1511016450000 743
1511016450000 743
1511016450000 743
1511016450000 743
1511016450000 743
1511016450000 743
1511016450000 743
1511016450000 743
1511016450000 743
1511016450000 743
1511016450000 743
1511016450000 743
1511016450000 743
1511016450000 743
1511016450000 743
1511016450000 743
1511016450000 743
1511016450000 743
1511016450000 743
1511016450000 743
1511016450000 743
1511016450000 743
1511016450000 743
1511016450000 743
1511016450000 743
1511016450000 743
1511016450000 743
1511016450000 744
1511016450000 744
1511016450000 744
1511016450000 744
1511016450000 744
1511016450000 744
1511016450000 744
1511016450000 744
1511016450000 744
1511016450000 744
1511016450000 744
1511016450000 744
1511016450000 744
1511016450000 744
1511016450000 744
1511016450000 745
1511016450000 746
1511016450000 746
1511016450000 746
1511016450000 746
1511016450000 746
1511016450000 746
1511016450000 746
1511016450000 746
1511016450000 746
1511016450000 746
1511016450000 746
1511016450000 746
1511016450000 747
1511016450000 747
1511016450000 747
1511016450000 747
1511016450000 747
1511016450000 747
1511016450000 747
1511016450000 747
1511016450000 747
1511016450000 747
1511016450000 748
1511016450000 748
1511016450000 748
1511016450000 748
1511016450000 748
1511016450000 749
1511016460000 681
1511016460000 682
1511016460000 682
1511016460000 682
1511016460000 682
1511016460000 682
1511016460000 682
1511016460000 682
1511016460000 682
1511016460000 682
1511016460000 682
1511016460000 682
1511016460000 682
1511016460000 682
1511016460000 682
1511016460000 682
1511016460000 683
1511016460000 683
1511016460000 683
1511016460000 683
1511016460000 683
1511016460000 683
1511016460000 683
1511016460000 683
1511016460000 683
1511016460000 683
1511016460000 683
1511016460000 683
1511016460000 683
1511016460000 683
1511016460000 683
1511016460000 683
1511016460000 683
1511016460000 683
1511016460000 683
1511016460000 683
1511016460000 683
1511016460000 683
1511016460000 683
1511016460000 683
1511016460000 683
1511016460000 683
1511016460000 683
1511016460000 684
1511016460000 684
1511016460000 684
1511016460000 684
1511016460000 684
1511016460000 684
1511016460000 684
1511016460000 684
1511016460000 684
1511016460000 684
1511016460000 684
1511016460000 684
1511016460000 684
1511016460000 684
1511016460000 684
1511016460000 684
1511016460000 684
1511016460000 684
1511016460000 684
1511016460000 684
1511016460000 684
1511016460000 684
1511016460000 684
1511016460000 684
1511016460000 684
1511016460000 684
1511016460000 684
1511016460000 684
1511016460000 684
1511016460000 684
1511016460000 685
1511016460000 685
1511016460000 685
1511016460000 685
1511016460000 685
1511016460000 685
1511016460000 685
1511016460000 685
1511016460000 685
1511016460000 685
1511016460000 685
1511016460000 685
1511016460000 685
1511016460000 685
1511016460000 685
1511016460000 685
1511016460000 685
1511016460000 685
1511016460000 686
1511016460000 686
1511016460000 686
1511016460000 686
1511016460000 686
1511016460000 686
1511016460000 686
1511016460000 686
1511016460000 687
1511016470000 731
1511016470000 731
1511016470000 731
1511016470000 731
1511016470000 731
1511016470000 731
1511016470000 732
1511016470000 732
1511016470000 732
1511016470000 732
1511016470000 732
1511016470000 733
1511016470000 733
1511016470000 733
1511016470000 733
1511016470000 733
1511016470000 733
1511016470000 733
1511016470000 733
1511016470000 733
1511016470000 733
1511016470000 733
1511016470000 733
1511016470000 733
1511016470000 733
1511016470000 733
1511016470000 733
1511016470000 733
1511016470000 733
1511016470000 733
1511016470000 733
1511016470000 733
1511016470000 734
1511016470000 734
1511016470000 734
1511016470000 734
1511016470000 734
1511016470000 734
1511016470000 734
1511016470000 734
1511016470000 734
1511016470000 734
1511016470000 734
1511016470000 734
1511016470000 734
1511016470000 734
1511016470000 734
1511016470000 734
1511016470000 734
1511016470000 734
1511016470000 734
1511016470000 734
1511016470000 734
1511016470000 734
1511016470000 734
1511016470000 734
1511016470000 734
1511016470000 734
1511016470000 734
1511016470000 734
1511016470000 735
1511016470000 735
1511016470000 735
1511016470000 735
1511016470000 735
1511016470000 735
1511016470000 735
1511016470000 735
1511016470000 735
1511016470000 735
1511016470000 736
1511016470000 736
1511016470000 736
1511016470000 736
1511016470000 736
1511016470000 736
1511016470000 737
1511016470000 737
1511016470000 737
1511016470000 737
1511016470000 737
1511016470000 737
1511016470000 737
1511016470000 737
1511016470000 737
1511016470000 737
1511016470000 737
1511016470000 738
1511016470000 738
1511016470000 738
1511016470000 738
1511016470000 738
1511016470000 738
1511016470000 738
1511016470000 738
1511016470000 738
1511016470000 739
1511016470000 739
1511016470000 739
1511016470000 740
1511016480000 683
1511016480000 683
1511016480000 684
1511016480000 684
1511016480000 684
1511016480000 684
1511016480000 684
1511016480000 684
1511016480000 684
1511016480000 684
1511016480000 684
1511016480000 684
1511016480000 684
1511016480000 684
1511016480000 684
1511016480000 684
1511016480000 685
1511016480000 685
1511016480000 685
1511016480000 685
1511016480000 685
1511016480000 685
1511016480000 685
1511016480000 685
1511016480000 685
1511016480000 685
1511016480000 685
1511016480000 685
1511016480000 685
1511016480000 685
1511016480000 685
1511016480000 685
1511016480000 685
1511016480000 686
1511016480000 686
1511016480000 686
1511016480000 686
1511016480000 686
1511016480000 686
1511016480000 686
1511016480000 686
1511016480000 686
1511016480000 686
1511016480000 686
1511016480000 686
1511016480000 686
1511016480000 686
1511016480000 686
1511016480000 686
1511016480000 686
1511016480000 686
1511016480000 686
1511016480000 686
1511016480000 686
1511016480000 686
1511016480000 686
1511016480000 686
1511016480000 686
1511016480000 686
1511016480000 686
1511016480000 686
1511016480000 686
1511016480000 686
1511016480000 686
1511016480000 686
1511016480000 686
1511016480000 686
1511016480000 686
1511016480000 686
1511016480000 687
1511016480000 687
1511016480000 687
1511016480000 687
1511016480000 687
1511016480000 688
1511016480000 688
1511016480000 688
1511016480000 688
1511016480000 688
1511016480000 688
1511016480000 688
1511016480000 688
1511016480000 688
1511016480000 688
1511016480000 688
1511016480000 688
1511016480000 688
1511016480000 688
1511016480000 689
1511016480000 689
1511016480000 689
1511016480000 689
1511016480000 689
1511016480000 689
1511016480000 689
1511016480000 689
1511016480000 689
1511016480000 689
1511016480000 690
1511016480000 690
1511016490000 711
1511016490000 711
1511016490000 711
1511016490000 711
1511016490000 711
1511016490000 711
1511016490000 711
1511016490000 712
1511016490000 712
1511016490000 712
1511016490000 712
1511016490000 712
1511016490000 712
1511016490000 712
1511016490000 712
1511016490000 712
1511016490000 712
1511016490000 712
1511016490000 712
1511016490000 712
1511016490000 712
1511016490000 712
1511016490000 712
1511016490000 712
1511016490000 712
1511016490000 712
1511016490000 713
1511016490000 713
1511016490000 713
1511016490000 713
1511016490000 713
1511016490000 713
1511016490000 713
1511016490000 713
1511016490000 713
1511016490000 713
1511016490000 713
1511016490000 713
1511016490000 713
1511016490000 713
1511016490000 713
1511016490000 713
1511016490000 713
1511016490000 713
1511016490000 713
1511016490000 713
1511016490000 713
1511016490000 713
1511016490000 713
1511016490000 713
1511016490000 713
1511016490000 713
1511016490000 713
1511016490000 713
1511016490000 713
1511016490000 713
1511016490000 713
1511016490000 713
1511016490000 713
1511016490000 713
1511016490000 713
1511016490000 713
1511016490000 713
1511016490000 713
1511016490000 713
1511016490000 713
1511016490000 713
1511016490000 714
1511016490000 714
1511016490000 714
1511016490000 714
1511016490000 714
1511016490000 714
1511016490000 714
1511016490000 714
1511016490000 714
1511016490000 714
1511016490000 714
1511016490000 714
1511016490000 714
1511016490000 714
1511016490000 715
1511016490000 715
1511016490000 715
1511016490000 715
1511016490000 715
1511016490000 715
1511016490000 715
1511016490000 715
1511016490000 715
1511016490000 715
1511016490000 715
1511016490000 715
1511016490000 715
1511016490000 715
1511016490000 715
1511016490000 715
1511016490000 716
1511016490000 716
1511016490000 716
1511016500000 676
1511016500000 676
1511016500000 676
1511016500000 677
1511016500000 677
1511016500000 677
1511016500000 677
1511016500000 677
1511016500000 677
1511016500000 677
1511016500000 677
1511016500000 678
1511016500000 678
1511016500000 678
1511016500000 678
1511016500000 678
1511016500000 678
1511016500000 678
1511016500000 678
1511016500000 678
1511016500000 678
1511016500000 678
1511016500000 678
1511016500000 678
1511016500000 679
1511016500000 679
1511016500000 679
1511016500000 679
1511016500000 679
1511016500000 679
1511016500000 679
1511016500000 679
1511016500000 679
1511016500000 679
1511016500000 679
1511016500000 679
1511016500000 679
1511016500000 679
1511016500000 679
1511016500000 679
1511016500000 679
1511016500000 679
1511016500000 679
1511016500000 679
1511016500000 679
1511016500000 679
1511016500000 679
1511016500000 679
1511016500000 679
1511016500000 679
1511016500000 679
1511016500000 679
1511016500000 679
1511016500000 680
1511016500000 680
1511016500000 680
1511016500000 680
1511016500000 680
1511016500000 680
1511016500000 680
1511016500000 680
1511016500000 680
1511016500000 680
1511016500000 680
1511016500000 680
1511016500000 680
1511016500000 680
1511016500000 680
1511016500000 680
1511016500000 680
1511016500000 680
1511016500000 680
1511016500000 681
1511016500000 681
1511016500000 682
1511016500000 682
1511016500000 682
1511016500000 682
1511016500000 682
1511016500000 682
1511016500000 682
1511016500000 682
1511016500000 682
1511016500000 682
1511016500000 682
1511016500000 682
1511016500000 682
1511016500000 682
1511016500000 682
1511016500000 682
1511016500000 682
1511016500000 682
1511016500000 682
1511016500000 683
1511016500000 683
1511016500000 683
1511016500000 683
1511016500000 683
1511016500000 683
1511016500000 684
1511016510000 729
1511016510000 729
1511016510000 729
1511016510000 729
1511016510000 729
1511016510000 729
1511016510000 729
1511016510000 730
1511016510000 730
1511016510000 730
1511016510000 730
1511016510000 730
1511016510000 730
1511016510000 730
1511016510000 730
1511016510000 730
1511016510000 730
1511016510000 730
1511016510000 730
1511016510000 730
1511016510000 730
1511016510000 730
1511016510000 730
1511016510000 730
1511016510000 730
1511016510000 730
1511016510000 730
1511016510000 730
1511016510000 730
1511016510000 730
1511016510000 730
1511016510000 730
1511016510000 730
1511016510000 730
1511016510000 730
1511016510000 730
1511016510000 730
1511016510000 730
1511016510000 730
1511016510000 730
1511016510000 731
1511016510000 731
1511016510000 731
1511016510000 731
1511016510000 731
1511016510000 731
1511016510000 731
1511016510000 731
1511016510000 731
1511016510000 731
1511016510000 731
1511016510000 731
1511016510000 731
1511016510000 731
1511016510000 731
1511016510000 732
1511016510000 732
1511016510000 732
1511016510000 732
1511016510000 732
1511016510000 732
1511016510000 732
1511016510000 732
1511016510000 733
1511016510000 733
1511016510000 733
1511016510000 733
1511016510000 733
1511016510000 733
1511016510000 733
1511016510000 733
1511016510000 733
1511016510000 733
1511016510000 733
1511016510000 733
1511016510000 733
1511016510000 733
1511016510000 734
1511016510000 734
1511016510000 734
1511016510000 734
1511016510000 734
1511016510000 734
1511016510000 734
1511016510000 734
1511016510000 734
1511016510000 734
1511016510000 734
1511016510000 734
1511016510000 735
1511016510000 735
1511016510000 735
1511016510000 735
1511016510000 735
1511016510000 735
1511016510000 735
1511016510000 735
1511016510000 736
1511016510000 746
1511016510000 747
1511016520000 641
1511016520000 641
1511016520000 641
1511016520000 641
1511016520000 641
1511016520000 641
1511016520000 641
1511016520000 641
1511016520000 641
1511016520000 642
1511016520000 642
1511016520000 642
1511016520000 642
1511016520000 642
1511016520000 642
1511016520000 642
1511016520000 642
1511016520000 642
1511016520000 642
1511016520000 642
1511016520000 642
1511016520000 642
1511016520000 642
1511016520000 642
1511016520000 642
1511016520000 642
1511016520000 642
1511016520000 642
1511016520000 642
1511016520000 642
1511016520000 642
1511016520000 643
1511016520000 643
1511016520000 643
1511016520000 643
1511016520000 643
1511016520000 643
1511016520000 643
1511016520000 643
1511016520000 643
1511016520000 643
1511016520000 643
1511016520000 643
1511016520000 643
1511016520000 643
1511016520000 643
1511016520000 643
1511016520000 643
1511016520000 643
1511016520000 643
1511016520000 643
1511016520000 643
1511016520000 643
1511016520000 643
1511016520000 643
1511016520000 643
1511016520000 643
1511016520000 643
1511016520000 643
1511016520000 643
1511016520000 643
1511016520000 643
1511016520000 643
1511016520000 643
1511016520000 643
1511016520000 643
1511016520000 643
1511016520000 643
1511016520000 643
1511016520000 643
1511016520000 643
1511016520000 643
1511016520000 643
1511016520000 643
1511016520000 644
1511016520000 644
1511016520000 644
1511016520000 644
1511016520000 644
1511016520000 644
1511016520000 644
1511016520000 644
1511016520000 644
1511016520000 644
1511016520000 644
1511016520000 644
1511016520000 644
1511016520000 644
1511016520000 644
1511016520000 644
1511016520000 644
1511016520000 645
1511016520000 645
1511016520000 645
1511016520000 645
1511016520000 645
1511016520000 645
1511016520000 645
1511016520000 645
1511016520000 645
1511016530000 682
1511016530000 682
1511016530000 682
1511016530000 682
1511016530000 682
1511016530000 682
1511016530000 682
1511016530000 682
1511016530000 682
1511016530000 682
1511016530000 682
1511016530000 682
1511016530000 682
1511016530000 683
1511016530000 683
1511016530000 683
1511016530000 683
1511016530000 683
1511016530000 683
1511016530000 683
1511016530000 683
1511016530000 683
1511016530000 683
1511016530000 683
1511016530000 683
1511016530000 683
1511016530000 683
1511016530000 683
1511016530000 683
1511016530000 683
1511016530000 683
1511016530000 683
1511016530000 683
1511016530000 683
1511016530000 683
1511016530000 683
1511016530000 683
1511016530000 683
1511016530000 683
1511016530000 683
1511016530000 683
1511016530000 684
1511016530000 684
1511016530000 684
1511016530000 684
1511016530000 684
1511016530000 684
1511016530000 684
1511016530000 684
1511016530000 684
1511016530000 684
1511016530000 684
1511016530000 684
1511016530000 684
1511016530000 684
1511016530000 684
1511016530000 684
1511016530000 684
1511016530000 684
1511016530000 684
1511016530000 684
1511016530000 684
1511016530000 684
1511016530000 684
1511016530000 684
1511016530000 684
1511016530000 684
1511016530000 684
1511016530000 685
1511016530000 685
1511016530000 685
1511016530000 685
1511016530000 685
1511016530000 685
1511016530000 685
1511016530000 685
1511016530000 685
1511016530000 685
1511016530000 685
1511016530000 685
1511016530000 685
1511016530000 685
1511016530000 685
1511016530000 685
1511016530000 685
1511016530000 685
1511016530000 685
1511016530000 685
1511016530000 685
1511016530000 685
1511016530000 686
1511016530000 686
1511016530000 686
1511016530000 686
1511016530000 686
1511016530000 686
1511016530000 686
1511016530000 686
1511016530000 686
1511016530000 686
1511016540000 669
1511016540000 669
1511016540000 669
1511016540000 669
1511016540000 669
1511016540000 669
1511016540000 670
1511016540000 670
1511016540000 670
1511016540000 670
1511016540000 670
1511016540000 670
1511016540000 670
1511016540000 670
1511016540000 670
1511016540000 670
1511016540000 670
1511016540000 670
1511016540000 670
1511016540000 670
1511016540000 670
1511016540000 670
1511016540000 670
1511016540000 670
1511016540000 670
1511016540000 670
1511016540000 670
1511016540000 670
1511016540000 670
1511016540000 670
1511016540000 670
1511016540000 670
1511016540000 670
1511016540000 670
1511016540000 670
1511016540000 670
1511016540000 670
1511016540000 670
1511016540000 670
1511016540000 670
1511016540000 670
1511016540000 670
1511016540000 670
1511016540000 670
1511016540000 670
1511016540000 670
1511016540000 670
1511016540000 670
1511016540000 671
1511016540000 671
1511016540000 671
1511016540000 671
1511016540000 671
1511016540000 671
1511016540000 671
1511016540000 671
1511016540000 671
1511016540000 671
1511016540000 671
1511016540000 671
1511016540000 671
1511016540000 671
1511016540000 671
1511016540000 671
1511016540000 671
1511016540000 671
1511016540000 671
1511016540000 671
1511016540000 671
1511016540000 671
1511016540000 671
1511016540000 671
1511016540000 671
1511016540000 671
1511016540000 672
1511016540000 672
1511016540000 672
1511016540000 672
1511016540000 672
1511016540000 672
1511016540000 672
1511016540000 672
1511016540000 672
1511016540000 672
1511016540000 672
1511016540000 672
1511016540000 672
1511016540000 672
1511016540000 672
1511016540000 672
1511016540000 672
1511016540000 672
1511016540000 672
1511016540000 673
1511016540000 673
1511016540000 673
1511016540000 673
1511016540000 673
1511016540000 673
1511016540000 674
1511016550000 657
1511016550000 658
1511016550000 658
1511016550000 658
1511016550000 658
1511016550000 658
1511016550000 658
1511016550000 658
1511016550000 658
1511016550000 658
1511016550000 658
1511016550000 659
1511016550000 659
1511016550000 659
1511016550000 659
1511016550000 659
1511016550000 659
1511016550000 659
1511016550000 659
1511016550000 659
1511016550000 659
1511016550000 659
1511016550000 659
1511016550000 659
1511016550000 659
1511016550000 660
1511016550000 660
1511016550000 660
1511016550000 660
1511016550000 660
1511016550000 660
1511016550000 660
1511016550000 660
1511016550000 660
1511016550000 660
1511016550000 660
1511016550000 660
1511016550000 660
1511016550000 660
1511016550000 660
1511016550000 660
1511016550000 660
1511016550000 660
1511016550000 661
1511016550000 661
1511016550000 661
1511016550000 661
1511016550000 661
1511016550000 661
1511016550000 661
1511016550000 661
1511016550000 661
1511016550000 661
1511016550000 661
1511016550000 661
1511016550000 661
1511016550000 661
1511016550000 661
1511016550000 661
1511016550000 661
1511016550000 661
1511016550000 661
1511016550000 661
1511016550000 661
1511016550000 661
1511016550000 661
1511016550000 661
1511016550000 661
1511016550000 661
1511016550000 661
1511016550000 661
1511016550000 661
1511016550000 662
1511016550000 662
1511016550000 662
1511016550000 662
1511016550000 662
1511016550000 662
1511016550000 662
1511016550000 662
1511016550000 662
1511016550000 662
1511016550000 662
1511016550000 662
1511016550000 662
1511016550000 662
1511016550000 663
1511016550000 663
1511016550000 663
1511016550000 663
1511016550000 663
1511016550000 663
1511016550000 663
1511016550000 663
1511016550000 663
1511016550000 663
1511016550000 663
1511016550000 663
1511016550000 663
1511016550000 664
1511016560000 697
1511016560000 697
1511016560000 697
1511016560000 697
1511016560000 697
1511016560000 697
1511016560000 697
1511016560000 697
1511016560000 697
1511016560000 697
1511016560000 697
1511016560000 697
1511016560000 697
1511016560000 697
1511016560000 697
1511016560000 697
1511016560000 697
1511016560000 697
1511016560000 697
1511016560000 697
1511016560000 697
1511016560000 697
1511016560000 697
1511016560000 697
1511016560000 697
1511016560000 697
1511016560000 698
1511016560000 698
1511016560000 698
1511016560000 698
1511016560000 698
1511016560000 698
1511016560000 698
1511016560000 698
1511016560000 698
1511016560000 698
1511016560000 698
1511016560000 698
1511016560000 698
1511016560000 698
1511016560000 698
1511016560000 698
1511016560000 698
1511016560000 698
1511016560000 698
1511016560000 698
1511016560000 698
1511016560000 698
1511016560000 698
1511016560000 698
1511016560000 698
1511016560000 698
1511016560000 698
1511016560000 698
1511016560000 698
1511016560000 698
1511016560000 699
1511016560000 699
1511016560000 699
1511016560000 699
1511016560000 699
1511016560000 699
1511016560000 699
1511016560000 699
1511016560000 699
1511016560000 699
1511016560000 699
1511016560000 699
1511016560000 699
1511016560000 699
1511016560000 699
1511016560000 699
1511016560000 699
1511016560000 699
1511016560000 699
1511016560000 699
1511016560000 699
1511016560000 699
1511016560000 699
1511016560000 699
1511016560000 699
1511016560000 699
1511016560000 699
1511016560000 699
1511016560000 699
1511016560000 699
1511016560000 699
1511016560000 700
1511016560000 700
1511016560000 700
1511016560000 700
1511016560000 700
1511016560000 700
1511016560000 700
1511016560000 700
1511016560000 700
1511016560000 700
1511016560000 700
1511016560000 701
1511016560000 701
1511016570000 679
1511016570000 679
1511016570000 679
1511016570000 679
1511016570000 679
1511016570000 679
1511016570000 679
1511016570000 679
1511016570000 679
1511016570000 679
1511016570000 679
1511016570000 679
1511016570000 679
1511016570000 679
1511016570000 679
1511016570000 679
1511016570000 679
1511016570000 679
1511016570000 679
1511016570000 679
1511016570000 679
1511016570000 680
1511016570000 680
1511016570000 680
1511016570000 680
1511016570000 680
1511016570000 680
1511016570000 680
1511016570000 680
1511016570000 680
1511016570000 680
1511016570000 680
1511016570000 680
1511016570000 680
1511016570000 680
1511016570000 680
1511016570000 680
1511016570000 680
1511016570000 680
1511016570000 680
1511016570000 680
1511016570000 680
1511016570000 680
1511016570000 680
1511016570000 680
1511016570000 680
1511016570000 680
1511016570000 680
1511016570000 680
1511016570000 680
1511016570000 680
1511016570000 680
1511016570000 680
1511016570000 680
1511016570000 680
1511016570000 680
1511016570000 680
1511016570000 680
1511016570000 680
1511016570000 680
1511016570000 680
1511016570000 680
1511016570000 681
1511016570000 681
1511016570000 681
1511016570000 681
1511016570000 681
1511016570000 681
1511016570000 681
1511016570000 681
1511016570000 681
1511016570000 681
1511016570000 681
1511016570000 681
1511016570000 681
1511016570000 681
1511016570000 681
1511016570000 681
1511016570000 681
1511016570000 681
1511016570000 682
1511016570000 682
1511016570000 682
1511016570000 682
1511016570000 682
1511016570000 682
1511016570000 682
1511016570000 682
1511016570000 682
1511016570000 682
1511016570000 682
1511016570000 682
1511016570000 682
1511016570000 682
1511016570000 682
1511016570000 682
1511016570000 682
1511016570000 682
1511016570000 683
1511016570000 683
1511016580000 703
1511016580000 703
1511016580000 703
1511016580000 703
1511016580000 703
1511016580000 703
1511016580000 703
1511016580000 703
1511016580000 703
1511016580000 703
1511016580000 703
1511016580000 703
1511016580000 703
1511016580000 704
1511016580000 704
1511016580000 704
1511016580000 704
1511016580000 704
1511016580000 704
1511016580000 704
1511016580000 704
1511016580000 704
1511016580000 704
1511016580000 704
1511016580000 704
1511016580000 704
1511016580000 704
1511016580000 704
1511016580000 704
1511016580000 704
1511016580000 704
1511016580000 704
1511016580000 704
1511016580000 704
1511016580000 704
1511016580000 704
1511016580000 704
1511016580000 704
1511016580000 705
1511016580000 705
1511016580000 705
1511016580000 705
1511016580000 705
1511016580000 705
1511016580000 705
1511016580000 705
1511016580000 705
1511016580000 705
1511016580000 705
1511016580000 705
1511016580000 705
1511016580000 705
1511016580000 705
1511016580000 705
1511016580000 705
1511016580000 705
1511016580000 705
1511016580000 705
1511016580000 705
1511016580000 705
1511016580000 705
1511016580000 705
1511016580000 706
1511016580000 706
1511016580000 706
1511016580000 706
1511016580000 706
1511016580000 706
1511016580000 706
1511016580000 706
1511016580000 706
1511016580000 706
1511016580000 706
1511016580000 706
1511016580000 706
1511016580000 706
1511016580000 706
1511016580000 706
1511016580000 706
1511016580000 706
1511016580000 706
1511016580000 706
1511016580000 706
1511016580000 706
1511016580000 707
1511016580000 707
1511016580000 707
1511016580000 707
1511016580000 707
1511016580000 707
1511016580000 707
1511016580000 707
1511016580000 707
1511016580000 707
1511016580000 707
1511016580000 708
1511016580000 708
1511016580000 731
1511016580000 731
1511016580000 731
1511016590000 648
1511016590000 648
1511016590000 648
1511016590000 649
1511016590000 649
1511016590000 649
1511016590000 649
1511016590000 649
1511016590000 649
1511016590000 649
1511016590000 649
1511016590000 649
1511016590000 649
1511016590000 649
1511016590000 649
1511016590000 649
1511016590000 649
1511016590000 649
1511016590000 649
1511016590000 649
1511016590000 649
1511016590000 649
1511016590000 650
1511016590000 650
1511016590000 650
1511016590000 650
1511016590000 650
1511016590000 650
1511016590000 650
1511016590000 650
1511016590000 650
1511016590000 650
1511016590000 650
1511016590000 650
1511016590000 650
1511016590000 650
1511016590000 650
1511016590000 650
1511016590000 650
1511016590000 650
1511016590000 650
1511016590000 650
1511016590000 650
1511016590000 650
1511016590000 650
1511016590000 650
1511016590000 650
1511016590000 650
1511016590000 650
1511016590000 650
1511016590000 650
1511016590000 650
1511016590000 650
1511016590000 651
1511016590000 651
1511016590000 651
1511016590000 651
1511016590000 651
1511016590000 651
1511016590000 651
1511016590000 651
1511016590000 651
1511016590000 651
1511016590000 651
1511016590000 651
1511016590000 651
1511016590000 651
1511016590000 651
1511016590000 651
1511016590000 652
1511016590000 652
1511016590000 652
1511016590000 652
1511016590000 653
1511016590000 653
1511016590000 653
1511016590000 653
1511016590000 653
1511016590000 653
1511016590000 653
1511016590000 653
1511016590000 653
1511016590000 653
1511016590000 653
1511016590000 653
1511016590000 653
1511016590000 653
1511016590000 653
1511016590000 654
1511016590000 654
1511016590000 654
1511016590000 654
1511016590000 654
1511016590000 654
1511016590000 654
1511016590000 654
1511016590000 654
1511016590000 655
1511016590000 655
1511016590000 655
1511016600000 720
1511016600000 720
1511016600000 720
1511016600000 720
1511016600000 720
1511016600000 720
1511016600000 721
1511016600000 721
1511016600000 721
1511016600000 721
1511016600000 721
1511016600000 721
1511016600000 721
1511016600000 721
1511016600000 721
1511016600000 721
1511016600000 721
1511016600000 721
1511016600000 722
1511016600000 722
1511016600000 722
1511016600000 722
1511016600000 722
1511016600000 722
1511016600000 722
1511016600000 722
1511016600000 722
1511016600000 722
1511016600000 722
1511016600000 722
1511016600000 722
1511016600000 722
1511016600000 722
1511016600000 722
1511016600000 722
1511016600000 722
1511016600000 722
1511016600000 723
1511016600000 723
1511016600000 723
1511016600000 723
1511016600000 723
1511016600000 723
1511016600000 723
1511016600000 723
1511016600000 723
1511016600000 723
1511016600000 723
1511016600000 723
1511016600000 723
1511016600000 723
1511016600000 723
1511016600000 723
1511016600000 723
1511016600000 723
1511016600000 723
1511016600000 723
1511016600000 723
1511016600000 723
1511016600000 723
1511016600000 723
1511016600000 723
1511016600000 723
1511016600000 723
1511016600000 723
1511016600000 723
1511016600000 723
1511016600000 723
1511016600000 723
1511016600000 724
1511016600000 724
1511016600000 724
1511016600000 725
1511016600000 725
1511016600000 725
1511016600000 725
1511016600000 725
1511016600000 725
1511016600000 726
1511016600000 726
1511016600000 726
1511016600000 726
1511016600000 726
1511016600000 726
1511016600000 726
1511016600000 726
1511016600000 726
1511016600000 726
1511016600000 726
1511016600000 726
1511016600000 726
1511016600000 726
1511016600000 726
1511016600000 727
1511016600000 727
1511016600000 727
1511016600000 727
1511016600000 727
1511016600000 727
1511016600000 728
1511016610000 717
1511016610000 717
1511016610000 717
1511016610000 717
1511016610000 717
1511016610000 717
1511016610000 717
1511016610000 717
1511016610000 717
1511016610000 717
1511016610000 717
1511016610000 717
1511016610000 717
1511016610000 717
1511016610000 717
1511016610000 717
1511016610000 717
1511016610000 717
1511016610000 718
1511016610000 718
1511016610000 718
1511016610000 718
1511016610000 718
1511016610000 718
1511016610000 718
1511016610000 718
1511016610000 718
1511016610000 718
1511016610000 718
1511016610000 718
1511016610000 718
1511016610000 718
1511016610000 718
1511016610000 718
1511016610000 718
1511016610000 718
1511016610000 718
1511016610000 718
1511016610000 718
1511016610000 718
1511016610000 718
1511016610000 718
1511016610000 718
1511016610000 718
1511016610000 718
1511016610000 718
1511016610000 718
1511016610000 718
1511016610000 718
1511016610000 718
1511016610000 719
1511016610000 719
1511016610000 719
1511016610000 719
1511016610000 719
1511016610000 719
1511016610000 719
1511016610000 719
1511016610000 719
1511016610000 719
1511016610000 719
1511016610000 719
1511016610000 719
1511016610000 719
1511016610000 719
1511016610000 719
1511016610000 719
1511016610000 719
1511016610000 719
1511016610000 719
1511016610000 719
1511016610000 719
1511016610000 719
1511016610000 719
1511016610000 719
1511016610000 719
1511016610000 719
1511016610000 719
1511016610000 720
1511016610000 720
1511016610000 720
1511016610000 720
1511016610000 720
1511016610000 720
1511016610000 720
1511016610000 720
1511016610000 720
1511016610000 720
1511016610000 720
1511016610000 720
1511016610000 720
1511016610000 720
1511016610000 720
1511016610000 720
1511016610000 720
1511016610000 720
1511016610000 720
1511016610000 721
1511016610000 721
1511016610000 721
1511016620000 655
1511016620000 655
1511016620000 655
1511016620000 655
1511016620000 655
1511016620000 655
1511016620000 655
1511016620000 655
1511016620000 655
1511016620000 655
1511016620000 655
1511016620000 655
1511016620000 655
1511016620000 655
1511016620000 655
1511016620000 655
1511016620000 655
1511016620000 655
1511016620000 656
1511016620000 656
1511016620000 656
1511016620000 656
1511016620000 656
1511016620000 656
1511016620000 656
1511016620000 656
1511016620000 656
1511016620000 656
1511016620000 656
1511016620000 656
1511016620000 656
1511016620000 656
1511016620000 656
1511016620000 656
1511016620000 656
1511016620000 656
1511016620000 656
1511016620000 656
1511016620000 656
1511016620000 656
1511016620000 656
1511016620000 656
1511016620000 656
1511016620000 656
1511016620000 656
1511016620000 656
1511016620000 656
1511016620000 656
1511016620000 656
1511016620000 656
1511016620000 656
1511016620000 656
1511016620000 656
1511016620000 656
1511016620000 656
1511016620000 656
1511016620000 656
1511016620000 656
1511016620000 656
1511016620000 656
1511016620000 656
1511016620000 656
1511016620000 656
1511016620000 656
1511016620000 656
1511016620000 657
1511016620000 657
1511016620000 657
1511016620000 657
1511016620000 657
1511016620000 657
1511016620000 657
1511016620000 657
1511016620000 658
1511016620000 658
1511016620000 658
1511016620000 658
1511016620000 658
1511016620000 658
1511016620000 658
1511016620000 658
1511016620000 658
1511016620000 658
1511016620000 658
1511016620000 658
1511016620000 658
1511016620000 658
1511016620000 658
1511016620000 659
1511016620000 659
1511016620000 659
1511016620000 659
1511016620000 659
1511016620000 660
1511016620000 665
1511016620000 665
1511016620000 665
1511016620000 681
1511016620000 681
1511016620000 681
1511016630000 723
1511016630000 723
1511016630000 723
1511016630000 723
1511016630000 723
1511016630000 723
1511016630000 723
1511016630000 723
1511016630000 724
1511016630000 724
1511016630000 724
1511016630000 724
1511016630000 724
1511016630000 724
1511016630000 724
1511016630000 724
1511016630000 724
1511016630000 724
1511016630000 724
1511016630000 724
1511016630000 724
1511016630000 724
1511016630000 724
1511016630000 724
1511016630000 724
1511016630000 724
1511016630000 724
1511016630000 724
1511016630000 724
1511016630000 724
1511016630000 724
1511016630000 724
1511016630000 724
1511016630000 724
1511016630000 724
1511016630000 724
1511016630000 724
1511016630000 724
1511016630000 724
1511016630000 724
1511016630000 725
1511016630000 725
1511016630000 725
1511016630000 725
1511016630000 725
1511016630000 725
1511016630000 725
1511016630000 725
1511016630000 725
1511016630000 725
1511016630000 725
1511016630000 725
1511016630000 725
1511016630000 725
1511016630000 725
1511016630000 725
1511016630000 725
1511016630000 725
1511016630000 725
1511016630000 725
1511016630000 725
1511016630000 725
1511016630000 725
1511016630000 725
1511016630000 725
1511016630000 725
1511016630000 725
1511016630000 725
1511016630000 725
1511016630000 725
1511016630000 725
1511016630000 725
1511016630000 725
1511016630000 725
1511016630000 726
1511016630000 726
1511016630000 726
1511016630000 726
1511016630000 726
1511016630000 726
1511016630000 726
1511016630000 726
1511016630000 726
1511016630000 726
1511016630000 726
1511016630000 726
1511016630000 726
1511016630000 726
1511016630000 726
1511016630000 726
1511016630000 726
1511016630000 726
1511016630000 727
1511016630000 727
1511016630000 727
1511016630000 727
1511016630000 727
1511016630000 727
1511016630000 727
1511016630000 727
1511016640000 677
1511016640000 677
1511016640000 677
1511016640000 677
1511016640000 677
1511016640000 677
1511016640000 677
1511016640000 677
1511016640000 678
1511016640000 678
1511016640000 678
1511016640000 678
1511016640000 678
1511016640000 678
1511016640000 678
1511016640000 678
1511016640000 678
1511016640000 678
1511016640000 678
1511016640000 678
1511016640000 678
1511016640000 678
1511016640000 678
1511016640000 678
1511016640000 678
1511016640000 679
1511016640000 679
1511016640000 679
1511016640000 679
1511016640000 679
1511016640000 679
1511016640000 679
1511016640000 679
1511016640000 679
1511016640000 679
1511016640000 679
1511016640000 679
1511016640000 679
1511016640000 679
1511016640000 679
1511016640000 679
1511016640000 679
1511016640000 679
1511016640000 679
1511016640000 679
1511016640000 679
1511016640000 679
1511016640000 679
1511016640000 679
1511016640000 679
1511016640000 679
1511016640000 679
1511016640000 679
1511016640000 679
1511016640000 679
1511016640000 679
1511016640000 679
1511016640000 679
1511016640000 679
1511016640000 679
1511016640000 679
1511016640000 679
1511016640000 679
1511016640000 679
1511016640000 679
1511016640000 679
1511016640000 679
1511016640000 679
1511016640000 679
1511016640000 679
1511016640000 681
1511016640000 681
1511016640000 681
1511016640000 681
1511016640000 681
1511016640000 681
1511016640000 681
1511016640000 682
1511016640000 682
1511016640000 682
1511016640000 682
1511016640000 682
1511016640000 682
1511016640000 682
1511016640000 682
1511016640000 682
1511016640000 682
1511016640000 682
1511016640000 682
1511016640000 682
1511016640000 682
1511016640000 682
1511016640000 683
1511016640000 683
1511016640000 683
1511016640000 683
1511016640000 683
1511016640000 683
1511016640000 683
1511016640000 684
1511016650000 1133
1511016650000 1134
1511016650000 1134
1511016650000 1140
1511016650000 1145
1511016650000 1150
1511016650000 1152
1511016650000 1152
1511016650000 1154
1511016650000 1155
1511016650000 1155
1511016650000 1155
1511016650000 1158
1511016650000 1159
1511016650000 1159
1511016650000 1163
1511016650000 1163
1511016650000 1167
1511016650000 1168
1511016650000 1168
1511016650000 1179
1511016650000 1183
1511016650000 1183
1511016650000 1184
1511016650000 1184
1511016650000 1184
1511016650000 1184
1511016650000 1185
1511016650000 1185
1511016650000 1185
1511016650000 1185
1511016650000 1189
1511016650000 1234
1511016650000 1251
1511016650000 1252
1511016650000 1252
1511016650000 1253
1511016650000 745
1511016650000 745
1511016650000 745
1511016650000 745
1511016650000 745
1511016650000 745
1511016650000 745
1511016650000 745
1511016650000 745
1511016650000 745
1511016650000 745
1511016650000 746
1511016650000 746
1511016650000 746
1511016650000 746
1511016650000 746
1511016650000 746
1511016650000 746
1511016650000 746
1511016650000 746
1511016650000 746
1511016650000 746
1511016650000 746
1511016650000 747
1511016650000 747
1511016650000 747
1511016650000 750
1511016650000 769
1511016650000 770
1511016650000 770
1511016650000 780
1511016650000 780
1511016650000 780
1511016650000 784
1511016650000 784
1511016650000 787
1511016650000 788
1511016650000 788
1511016650000 788
1511016650000 791
1511016650000 794
1511016650000 794
1511016650000 795
1511016650000 795
1511016650000 795
1511016650000 796
1511016650000 797
1511016650000 797
1511016650000 797
1511016650000 797
1511016650000 799
1511016650000 802
1511016650000 802
1511016650000 813
1511016650000 814
1511016650000 814
1511016650000 814
1511016650000 815
1511016650000 818
1511016650000 819
1511016650000 827
1511016650000 827
1511016650000 828
1511016660000 681
1511016660000 682
1511016660000 682
1511016660000 682
1511016660000 682
1511016660000 682
1511016660000 682
1511016660000 682
1511016660000 682
1511016660000 682
1511016660000 682
1511016660000 682
1511016660000 682
1511016660000 683
1511016660000 683
1511016660000 683
1511016660000 683
1511016660000 683
1511016660000 683
1511016660000 683
1511016660000 683
1511016660000 683
1511016660000 683
1511016660000 683
1511016660000 683
1511016660000 683
1511016660000 683
1511016660000 683
1511016660000 683
1511016660000 683
1511016660000 684
1511016660000 684
1511016660000 684
1511016660000 684
1511016660000 684
1511016660000 684
1511016660000 684
1511016660000 684
1511016660000 684
1511016660000 684
1511016660000 684
1511016660000 684
1511016660000 684
1511016660000 684
1511016660000 684
1511016660000 684
1511016660000 684
1511016660000 684
1511016660000 684
1511016660000 684
1511016660000 684
1511016660000 684
1511016660000 684
1511016660000 685
1511016660000 685
1511016660000 685
1511016660000 685
1511016660000 685
1511016660000 685
1511016660000 685
1511016660000 686
1511016660000 686
1511016660000 686
1511016660000 686
1511016660000 686
1511016660000 686
1511016660000 686
1511016660000 686
1511016660000 686
1511016660000 687
1511016660000 687
1511016660000 687
1511016660000 687
1511016660000 687
1511016660000 687
1511016660000 688
1511016660000 953
1511016660000 954
1511016660000 955
1511016660000 957
1511016660000 958
1511016660000 959
1511016660000 959
1511016660000 962
1511016660000 964
1511016660000 969
1511016660000 969
1511016660000 969
1511016660000 969
1511016660000 969
1511016660000 969
1511016660000 969
1511016660000 970
1511016660000 970
1511016660000 970
1511016660000 971
1511016660000 971
1511016660000 972
1511016660000 979
1511016660000 980
1511016670000 728
1511016670000 728
1511016670000 728
1511016670000 728
1511016670000 728
1511016670000 728
1511016670000 728
1511016670000 728
1511016670000 729
1511016670000 729
1511016670000 729
1511016670000 729
1511016670000 729
1511016670000 729
1511016670000 729
1511016670000 729
1511016670000 729
1511016670000 729
1511016670000 729
1511016670000 729
1511016670000 729
1511016670000 729
1511016670000 729
1511016670000 729
1511016670000 729
1511016670000 729
1511016670000 729
1511016670000 729
1511016670000 729
1511016670000 729
1511016670000 729
1511016670000 729
1511016670000 729
1511016670000 729
1511016670000 729
1511016670000 729
1511016670000 729
1511016670000 729
1511016670000 729
1511016670000 729
1511016670000 729
1511016670000 729
1511016670000 729
1511016670000 729
1511016670000 729
1511016670000 730
1511016670000 730
1511016670000 730
1511016670000 730
1511016670000 730
1511016670000 730
1511016670000 730
1511016670000 730
1511016670000 730
1511016670000 730
1511016670000 730
1511016670000 730
1511016670000 730
1511016670000 730
1511016670000 730
1511016670000 731
1511016670000 731
1511016670000 731
1511016670000 731
1511016670000 731
1511016670000 731
1511016670000 732
1511016670000 951
1511016670000 952
1511016670000 953
1511016670000 956
1511016670000 957
1511016670000 958
1511016670000 958
1511016670000 959
1511016670000 960
1511016670000 960
1511016670000 960
1511016670000 960
1511016670000 960
1511016670000 961
1511016670000 961
1511016670000 963
1511016670000 964
1511016670000 964
1511016670000 964
1511016670000 965
1511016670000 966
1511016670000 966
1511016670000 968
1511016670000 969
1511016670000 970
1511016670000 971
1511016670000 971
1511016670000 973
1511016670000 974
1511016670000 975
1511016670000 976
1511016670000 977
1511016670000 978
1511016680000 650
1511016680000 650
1511016680000 650
1511016680000 650
1511016680000 650
1511016680000 650
1511016680000 651
1511016680000 651
1511016680000 651
1511016680000 651
1511016680000 651
1511016680000 651
1511016680000 651
1511016680000 651
1511016680000 651
1511016680000 651
1511016680000 651
1511016680000 651
1511016680000 652
1511016680000 652
1511016680000 652
1511016680000 652
1511016680000 652
1511016680000 652
1511016680000 652
1511016680000 652
1511016680000 652
1511016680000 652
1511016680000 652
1511016680000 652
1511016680000 652
1511016680000 652
1511016680000 652
1511016680000 652
1511016680000 652
1511016680000 652
1511016680000 652
1511016680000 652
1511016680000 652
1511016680000 652
1511016680000 652
1511016680000 652
1511016680000 652
1511016680000 652
1511016680000 652
1511016680000 652
1511016680000 652
1511016680000 652
1511016680000 652
1511016680000 652
1511016680000 652
1511016680000 652
1511016680000 652
1511016680000 653
1511016680000 653
1511016680000 653
1511016680000 653
1511016680000 653
1511016680000 653
1511016680000 653
1511016680000 653
1511016680000 653
1511016680000 653
1511016680000 653
1511016680000 653
1511016680000 653
1511016680000 653
1511016680000 653
1511016680000 653
1511016680000 653
1511016680000 653
1511016680000 655
1511016680000 655
1511016680000 655
1511016680000 655
1511016680000 655
1511016680000 655
1511016680000 655
1511016680000 655
1511016680000 655
1511016680000 655
1511016680000 655
1511016680000 655
1511016680000 655
1511016680000 656
1511016680000 656
1511016680000 656
1511016680000 656
1511016680000 656
1511016680000 656
1511016680000 656
1511016680000 656
1511016680000 656
1511016680000 656
1511016680000 656
1511016680000 656
1511016680000 656
1511016680000 657
1511016680000 657
1511016680000 657
1511016690000 706
1511016690000 706
1511016690000 706
1511016690000 706
1511016690000 706
1511016690000 706
1511016690000 706
1511016690000 706
1511016690000 707
1511016690000 707
1511016690000 707
1511016690000 707
1511016690000 707
1511016690000 707
1511016690000 707
1511016690000 707
1511016690000 707
1511016690000 707
1511016690000 707
1511016690000 707
1511016690000 707
1511016690000 707
1511016690000 707
1511016690000 707
1511016690000 707
1511016690000 707
1511016690000 707
1511016690000 707
1511016690000 707
1511016690000 707
1511016690000 707
1511016690000 707
1511016690000 707
1511016690000 707
1511016690000 708
1511016690000 708
1511016690000 708
1511016690000 708
1511016690000 708
1511016690000 708
1511016690000 708
1511016690000 708
1511016690000 708
1511016690000 708
1511016690000 708
1511016690000 708
1511016690000 708
1511016690000 708
1511016690000 708
1511016690000 708
1511016690000 708
1511016690000 708
1511016690000 708
1511016690000 708
1511016690000 708
1511016690000 708
1511016690000 708
1511016690000 708
1511016690000 708
1511016690000 708
1511016690000 708
1511016690000 708
1511016690000 708
1511016690000 708
1511016690000 708
1511016690000 708
1511016690000 708
1511016690000 708
1511016690000 708
1511016690000 708
1511016690000 708
1511016690000 708
1511016690000 709
1511016690000 709
1511016690000 709
1511016690000 709
1511016690000 709
1511016690000 709
1511016690000 709
1511016690000 709
1511016690000 709
1511016690000 709
1511016690000 709
1511016690000 709
1511016690000 709
1511016690000 709
1511016690000 709
1511016690000 709
1511016690000 710
1511016690000 710
1511016690000 710
1511016690000 710
1511016690000 710
1511016690000 710
1511016690000 710
1511016690000 710
1511016690000 720
1511016690000 720
1511016690000 720
1511016690000 781
1511016700000 720
1511016700000 720
1511016700000 720
1511016700000 720
1511016700000 721
1511016700000 721
1511016700000 721
1511016700000 721
1511016700000 721
1511016700000 721
1511016700000 721
1511016700000 721
1511016700000 721
1511016700000 721
1511016700000 721
1511016700000 721
1511016700000 721
1511016700000 721
1511016700000 721
1511016700000 721
1511016700000 721
1511016700000 722
1511016700000 722
1511016700000 722
1511016700000 722
1511016700000 722
1511016700000 722
1511016700000 722
1511016700000 722
1511016700000 722
1511016700000 722
1511016700000 722
1511016700000 722
1511016700000 722
1511016700000 722
1511016700000 722
1511016700000 722
1511016700000 722
1511016700000 722
1511016700000 722
1511016700000 722
1511016700000 722
1511016700000 722
1511016700000 722
1511016700000 722
1511016700000 722
1511016700000 722
1511016700000 722
1511016700000 723
1511016700000 723
1511016700000 723
1511016700000 723
1511016700000 723
1511016700000 723
1511016700000 724
1511016700000 724
1511016700000 724
1511016700000 724
1511016700000 724
1511016700000 724
1511016700000 724
1511016700000 724
1511016700000 724
1511016700000 724
1511016700000 724
1511016700000 724
1511016700000 724
1511016700000 724
1511016700000 724
1511016700000 724
1511016700000 724
1511016700000 724
1511016700000 725
1511016700000 725
1511016700000 725
1511016700000 725
1511016700000 725
1511016700000 725
1511016700000 725
1511016700000 725
1511016700000 725
1511016700000 726
1511016700000 726
1511016700000 726
1511016700000 726
1511016700000 726
1511016700000 726
1511016700000 726
1511016700000 726
1511016700000 726
1511016700000 726
1511016700000 726
1511016700000 726
1511016700000 726
1511016700000 727
1511016700000 727
1511016700000 727
1511016700000 727
1511016700000 727
1511016700000 728
1511016710000 683
1511016710000 683
1511016710000 683
1511016710000 683
1511016710000 683
1511016710000 683
1511016710000 683
1511016710000 683
1511016710000 683
1511016710000 683
1511016710000 683
1511016710000 683
1511016710000 684
1511016710000 684
1511016710000 684
1511016710000 684
1511016710000 684
1511016710000 684
1511016710000 684
1511016710000 684
1511016710000 684
1511016710000 684
1511016710000 684
1511016710000 684
1511016710000 684
1511016710000 684
1511016710000 684
1511016710000 684
1511016710000 684
1511016710000 684
1511016710000 684
1511016710000 684
1511016710000 684
1511016710000 684
1511016710000 684
1511016710000 684
1511016710000 684
1511016710000 684
1511016710000 684
1511016710000 684
1511016710000 684
1511016710000 684
1511016710000 684
1511016710000 684
1511016710000 684
1511016710000 684
1511016710000 684
1511016710000 684
1511016710000 684
1511016710000 684
1511016710000 684
1511016710000 684
1511016710000 684
1511016710000 684
1511016710000 685
1511016710000 685
1511016710000 685
1511016710000 685
1511016710000 685
1511016710000 685
1511016710000 685
1511016710000 685
1511016710000 685
1511016710000 685
1511016710000 685
1511016710000 685
1511016710000 685
1511016710000 685
1511016710000 685
1511016710000 685
1511016710000 685
1511016710000 685
1511016710000 685
1511016710000 685
1511016710000 685
1511016710000 685
1511016710000 686
1511016710000 686
1511016710000 686
1511016710000 686
1511016710000 686
1511016710000 686
1511016710000 686
1511016710000 686
1511016710000 686
1511016710000 686
1511016710000 686
1511016710000 686
1511016710000 686
1511016710000 686
1511016710000 686
1511016710000 686
1511016710000 686
1511016710000 686
1511016710000 686
1511016710000 686
1511016710000 686
1511016710000 686
1511016710000 686
1511016710000 687
1511016720000 725
1511016720000 725
1511016720000 726
1511016720000 726
1511016720000 726
1511016720000 726
1511016720000 726
1511016720000 727
1511016720000 727
1511016720000 727
1511016720000 727
1511016720000 727
1511016720000 727
1511016720000 727
1511016720000 727
1511016720000 727
1511016720000 727
1511016720000 727
1511016720000 727
1511016720000 727
1511016720000 728
1511016720000 728
1511016720000 728
1511016720000 728
1511016720000 728
1511016720000 728
1511016720000 728
1511016720000 728
1511016720000 728
1511016720000 728
1511016720000 728
1511016720000 728
1511016720000 728
1511016720000 728
1511016720000 728
1511016720000 728
1511016720000 728
1511016720000 728
1511016720000 728
1511016720000 728
1511016720000 728
1511016720000 729
1511016720000 729
1511016720000 729
1511016720000 729
1511016720000 729
1511016720000 729
1511016720000 729
1511016720000 729
1511016720000 729
1511016720000 729
1511016720000 729
1511016720000 729
1511016720000 729
1511016720000 729
1511016720000 730
1511016720000 730
1511016720000 730
1511016720000 730
1511016720000 730
1511016720000 730
1511016720000 730
1511016720000 731
1511016720000 731
1511016720000 731
1511016720000 731
1511016720000 731
1511016720000 732
1511016720000 732
1511016720000 732
1511016720000 732
1511016720000 733
1511016720000 733
1511016720000 733
1511016720000 733
1511016720000 733
1511016720000 733
1511016720000 734
1511016720000 734
1511016720000 734
1511016720000 734
1511016720000 734
1511016720000 734
1511016720000 734
1511016720000 735
1511016720000 735
1511016720000 735
1511016720000 735
1511016720000 735
1511016720000 736
1511016720000 736
1511016720000 736
1511016720000 736
1511016720000 736
1511016720000 736
1511016720000 736
1511016720000 736
1511016720000 737
1511016720000 737
1511016720000 737
1511016730000 690
1511016730000 690
1511016730000 690
1511016730000 690
1511016730000 690
1511016730000 690
1511016730000 690
1511016730000 690
1511016730000 690
1511016730000 690
1511016730000 690
1511016730000 690
1511016730000 690
1511016730000 690
1511016730000 690
1511016730000 691
1511016730000 691
1511016730000 691
1511016730000 691
1511016730000 691
1511016730000 691
1511016730000 691
1511016730000 691
1511016730000 691
1511016730000 691
1511016730000 691
1511016730000 691
1511016730000 691
1511016730000 691
1511016730000 691
1511016730000 691
1511016730000 691
1511016730000 691
1511016730000 691
1511016730000 691
1511016730000 691
1511016730000 691
1511016730000 691
1511016730000 691
1511016730000 691
1511016730000 691
1511016730000 691
1511016730000 691
1511016730000 691
1511016730000 691
1511016730000 691
1511016730000 691
1511016730000 691
1511016730000 692
1511016730000 692
1511016730000 692
1511016730000 692
1511016730000 692
1511016730000 692
1511016730000 692
1511016730000 692
1511016730000 692
1511016730000 692
1511016730000 692
1511016730000 692
1511016730000 692
1511016730000 693
1511016730000 693
1511016730000 693
1511016730000 693
1511016730000 693
1511016730000 721
1511016730000 721
1511016730000 721
1511016730000 721
1511016730000 722
1511016730000 774
1511016730000 774
1511016730000 775
1511016730000 777
1511016730000 778
1511016730000 778
1511016730000 778
1511016730000 778
1511016730000 778
1511016730000 782
1511016730000 783
1511016730000 784
1511016730000 784
1511016730000 784
1511016730000 788
1511016730000 788
1511016730000 789
1511016730000 789
1511016730000 789
1511016730000 790
1511016730000 798
1511016730000 798
1511016730000 799
1511016730000 799
1511016730000 800
1511016730000 811
1511016730000 829
1511016730000 830
1511016730000 830
1511016740000 1041
1511016740000 1042
1511016740000 1043
1511016740000 1043
1511016740000 1043
1511016740000 1044
1511016740000 1044
1511016740000 1046
1511016740000 1047
1511016740000 1047
1511016740000 1047
1511016740000 1048
1511016740000 1048
1511016740000 1050
1511016740000 1050
1511016740000 1051
1511016740000 1051
1511016740000 1051
1511016740000 1051
1511016740000 1051
1511016740000 1051
1511016740000 1051
1511016740000 1051
1511016740000 1052
1511016740000 1052
1511016740000 1052
1511016740000 1052
1511016740000 1053
1511016740000 1055
1511016740000 1055
1511016740000 1056
1511016740000 1056
1511016740000 1056
1511016740000 1058
1511016740000 1058
1511016740000 1059
1511016740000 1059
1511016740000 1060
1511016740000 1060
1511016740000 1060
1511016740000 1061
1511016740000 1062
1511016740000 1063
1511016740000 1063
1511016740000 1064
1511016740000 1066
1511016740000 1067
1511016740000 1068
1511016740000 1070
1511016740000 1070
1511016740000 1097
1511016740000 1122
1511016740000 1123
1511016740000 1124
1511016740000 1125
1511016740000 1126
1511016740000 1126
1511016740000 1127
1511016740000 1134
1511016740000 706
1511016740000 706
1511016740000 707
1511016740000 707
1511016740000 707
1511016740000 707
1511016740000 707
1511016740000 707
1511016740000 707
1511016740000 707
1511016740000 707
1511016740000 707
1511016740000 707
1511016740000 707
1511016740000 707
1511016740000 707
1511016740000 708
1511016740000 708
1511016740000 708
1511016740000 708
1511016740000 708
1511016740000 708
1511016740000 708
1511016740000 708
1511016740000 708
1511016740000 708
1511016740000 708
1511016740000 708
1511016740000 708
1511016740000 708
1511016740000 708
1511016740000 708
1511016740000 708
1511016740000 709
1511016740000 709
1511016740000 709
1511016740000 709
1511016740000 709
1511016740000 709
1511016740000 709
1511016740000 710
1511016750000 702
1511016750000 702
1511016750000 702
1511016750000 702
1511016750000 702
1511016750000 702
1511016750000 703
1511016750000 703
1511016750000 703
1511016750000 703
1511016750000 703
1511016750000 703
1511016750000 703
1511016750000 703
1511016750000 703
1511016750000 703
1511016750000 703
1511016750000 703
1511016750000 703
1511016750000 703
1511016750000 703
1511016750000 703
1511016750000 703
1511016750000 703
1511016750000 703
1511016750000 703
1511016750000 703
1511016750000 703
1511016750000 703
1511016750000 703
1511016750000 703
1511016750000 703
1511016750000 703
1511016750000 703
1511016750000 703
1511016750000 703
1511016750000 703
1511016750000 703
1511016750000 704
1511016750000 704
1511016750000 704
1511016750000 704
1511016750000 704
1511016750000 704
1511016750000 704
1511016750000 704
1511016750000 704
1511016750000 704
1511016750000 704
1511016750000 704
1511016750000 704
1511016750000 704
1511016750000 704
1511016750000 704
1511016750000 704
1511016750000 705
1511016750000 705
1511016750000 705
1511016750000 705
1511016750000 705
1511016750000 705
1511016750000 706
1511016750000 781
1511016750000 781
1511016750000 784
1511016750000 784
1511016750000 785
1511016750000 786
1511016750000 786
1511016750000 787
1511016750000 787
1511016750000 787
1511016750000 787
1511016750000 788
1511016750000 788
1511016750000 789
1511016750000 789
1511016750000 790
1511016750000 791
1511016750000 791
1511016750000 791
1511016750000 792
1511016750000 792
1511016750000 793
1511016750000 794
1511016750000 794
1511016750000 795
1511016750000 795
1511016750000 796
1511016750000 799
1511016750000 799
1511016750000 801
1511016750000 803
1511016750000 804
1511016750000 804
1511016750000 805
1511016750000 806
1511016750000 807
1511016750000 815
1511016750000 816
1511016760000 668
1511016760000 669
1511016760000 669
1511016760000 669
1511016760000 669
1511016760000 669
1511016760000 669
1511016760000 669
1511016760000 669
1511016760000 669
1511016760000 669
1511016760000 669
1511016760000 669
1511016760000 669
1511016760000 669
1511016760000 669
1511016760000 669
1511016760000 669
1511016760000 669
1511016760000 669
1511016760000 669
1511016760000 670
1511016760000 670
1511016760000 670
1511016760000 670
1511016760000 670
1511016760000 670
1511016760000 670
1511016760000 670
1511016760000 670
1511016760000 670
1511016760000 670
1511016760000 670
1511016760000 670
1511016760000 670
1511016760000 670
1511016760000 670
1511016760000 670
1511016760000 670
1511016760000 670
1511016760000 670
1511016760000 670
1511016760000 670
1511016760000 670
1511016760000 670
1511016760000 670
1511016760000 670
1511016760000 670
1511016760000 671
1511016760000 671
1511016760000 671
1511016760000 671
1511016760000 671
1511016760000 671
1511016760000 671
1511016760000 671
1511016760000 671
1511016760000 671
1511016760000 671
1511016760000 671
1511016760000 671
1511016760000 671
1511016760000 671
1511016760000 671
1511016760000 671
1511016760000 671
1511016760000 672
1511016760000 672
1511016760000 672
1511016760000 672
1511016760000 929
1511016760000 931
1511016760000 931
1511016760000 936
1511016760000 936
1511016760000 937
1511016760000 938
1511016760000 938
1511016760000 938
1511016760000 938
1511016760000 942
1511016760000 942
1511016760000 942
1511016760000 943
1511016760000 944
1511016760000 945
1511016760000 945
1511016760000 945
1511016760000 945
1511016760000 946
1511016760000 947
1511016760000 947
1511016760000 948
1511016760000 949
1511016760000 955
1511016760000 955
1511016760000 959
1511016760000 960
1511016760000 960
1511016760000 969
1511016770000 -6989
1511016770000 -6989
1511016770000 -6990
1511016770000 -6990
1511016770000 -6990
1511016770000 -6990
1511016770000 -6990
1511016770000 -6990
1511016770000 -6990
1511016770000 -6990
1511016770000 -6990
1511016770000 -6990
1511016770000 -6990
1511016770000 -6991
1511016770000 -6991
1511016770000 -6991
1511016770000 -6991
1511016770000 -6991
1511016770000 -6991
1511016770000 -6991
1511016770000 -6992
1511016770000 -6992
1511016770000 -6993
1511016770000 -6993
1511016770000 -6993
1511016770000 -6993
1511016770000 -6993
1511016770000 -6993
1511016770000 -6993
1511016770000 -6994
1511016770000 -6995
1511016770000 -6995
1511016770000 -6995
1511016770000 -6996
1511016770000 -6996
1511016770000 -6996
1511016770000 -6996
1511016770000 -6996
1511016770000 -6996
1511016770000 -6996
1511016770000 -6996
1511016770000 -6996
1511016770000 -6996
1511016770000 -6996
1511016770000 -6996
1511016770000 -6996
1511016770000 -6996
1511016770000 -6996
1511016770000 -6996
1511016770000 -6996
1511016770000 -6996
1511016770000 -6996
1511016770000 -6996
1511016770000 -6996
1511016770000 -6996
1511016770000 -6996
1511016770000 -6996
1511016770000 -6996
1511016770000 -6996
1511016770000 -6996
1511016770000 -6996
1511016770000 -6996
1511016770000 -6997
1511016770000 -6997
1511016770000 -6997
1511016770000 -6997
1511016770000 -6997
1511016770000 -6997
1511016770000 -6997
1511016770000 -6997
1511016770000 -6998
1511016770000 -6998
1511016770000 -6998
1511016770000 -7762
1511016770000 -7989
1511016770000 -7990
1511016770000 -7990
1511016770000 -7991
1511016770000 -7992
1511016770000 -7993
1511016770000 -7993
1511016770000 -7993
1511016770000 -7996
1511016770000 -7996
1511016770000 -7996
1511016770000 -7996
1511016770000 -7996
1511016770000 -7996
1511016770000 -7996
1511016770000 -7996
1511016770000 -7996
1511016770000 -7996
1511016770000 -7996
1511016770000 -7996
1511016770000 -7996
1511016770000 -7996
1511016770000 -7996
1511016770000 -7996
1511016770000 -7997
1511016770000 -7998
