1511097030000 195
1511097030000 195
1511097030000 195
1511097030000 197
1511097030000 198
1511097030000 674
1511097030000 675
1511097030000 687
1511097030000 687
1511097040000 270
1511097040000 270
1511097040000 270
1511097040000 271
1511097040000 271
1511097040000 271
1511097040000 271
1511097040000 271
1511097040000 271
1511097040000 271
1511097040000 271
1511097040000 271
1511097040000 271
1511097040000 271
1511097040000 271
1511097040000 271
1511097040000 271
1511097040000 271
1511097040000 271
1511097040000 271
1511097040000 271
1511097040000 271
1511097040000 271
1511097040000 271
1511097040000 271
1511097040000 271
1511097040000 271
1511097040000 271
1511097040000 271
1511097040000 271
1511097040000 271
1511097040000 271
1511097040000 271
1511097040000 271
1511097040000 271
1511097040000 271
1511097040000 272
1511097040000 272
1511097040000 272
1511097040000 272
1511097040000 272
1511097040000 272
1511097040000 272
1511097040000 272
1511097040000 272
1511097040000 272
1511097040000 272
1511097040000 272
1511097040000 272
1511097040000 272
1511097040000 272
1511097040000 272
1511097040000 272
1511097040000 272
1511097040000 272
1511097040000 272
1511097040000 272
1511097040000 272
1511097040000 272
1511097040000 272
1511097040000 272
1511097040000 272
1511097040000 272
1511097040000 273
1511097040000 273
1511097040000 273
1511097040000 273
1511097040000 273
1511097040000 273
1511097040000 273
1511097040000 273
1511097040000 273
1511097040000 273
1511097040000 273
1511097040000 273
1511097040000 273
1511097040000 273
1511097040000 273
1511097040000 273
1511097040000 273
1511097040000 273
1511097040000 273
1511097040000 273
1511097040000 274
1511097040000 274
1511097040000 274
1511097040000 274
1511097040000 274
1511097040000 274
1511097040000 274
1511097040000 302
1511097040000 302
1511097040000 302
1511097040000 303
1511097040000 304
1511097040000 304
1511097040000 305
1511097040000 308
1511097040000 308
1511097040000 308
1511097050000 307
1511097050000 307
1511097050000 307
1511097050000 307
1511097050000 307
1511097050000 308
1511097050000 308
1511097050000 308
1511097050000 308
1511097050000 308
1511097050000 308
1511097050000 308
1511097050000 308
1511097050000 308
1511097050000 308
1511097050000 308
1511097050000 308
1511097050000 308
1511097050000 308
1511097050000 308
1511097050000 308
1511097050000 308
1511097050000 308
1511097050000 308
1511097050000 308
1511097050000 308
1511097050000 308
1511097050000 308
1511097050000 308
1511097050000 308
1511097050000 308
1511097050000 309
1511097050000 309
1511097050000 309
1511097050000 309
1511097050000 309
1511097050000 309
1511097050000 309
1511097050000 309
1511097050000 309
1511097050000 309
1511097050000 309
1511097050000 309
1511097050000 309
1511097050000 309
1511097050000 309
1511097050000 309
1511097050000 309
1511097050000 309
1511097050000 309
1511097050000 309
1511097050000 309
1511097050000 309
1511097050000 309
1511097050000 309
1511097050000 310
1511097050000 310
1511097050000 310
1511097050000 310
1511097050000 310
1511097050000 310
1511097050000 310
1511097050000 310
1511097050000 310
1511097050000 310
1511097050000 310
1511097050000 310
1511097050000 310
1511097050000 310
1511097050000 310
1511097050000 310
1511097050000 310
1511097050000 310
1511097050000 310
1511097050000 310
1511097050000 310
1511097050000 310
1511097050000 310
1511097050000 310
1511097050000 310
1511097050000 310
1511097050000 310
1511097050000 311
1511097050000 311
1511097050000 311
1511097050000 311
1511097050000 311
1511097050000 311
1511097050000 311
1511097050000 311
1511097050000 311
1511097050000 311
1511097050000 311
1511097050000 312
1511097050000 312
1511097050000 315
1511097050000 316
1511097050000 316
1511097050000 317
1511097050000 317
1511097060000 304
1511097060000 305
1511097060000 305
1511097060000 305
1511097060000 305
1511097060000 305
1511097060000 305
1511097060000 305
1511097060000 305
1511097060000 305
1511097060000 305
1511097060000 305
1511097060000 305
1511097060000 305
1511097060000 305
1511097060000 305
1511097060000 305
1511097060000 305
1511097060000 305
1511097060000 305
1511097060000 305
1511097060000 305
1511097060000 305
1511097060000 305
1511097060000 305
1511097060000 306
1511097060000 306
1511097060000 306
1511097060000 306
1511097060000 306
1511097060000 306
1511097060000 306
1511097060000 306
1511097060000 306
1511097060000 306
1511097060000 306
1511097060000 306
1511097060000 306
1511097060000 306
1511097060000 306
1511097060000 306
1511097060000 306
1511097060000 306
1511097060000 306
1511097060000 306
1511097060000 306
1511097060000 306
1511097060000 306
1511097060000 306
1511097060000 306
1511097060000 306
1511097060000 306
1511097060000 306
1511097060000 306
1511097060000 306
1511097060000 306
1511097060000 306
1511097060000 307
1511097060000 307
1511097060000 307
1511097060000 307
1511097060000 307
1511097060000 307
1511097060000 307
1511097060000 307
1511097060000 307
1511097060000 307
1511097060000 307
1511097060000 307
1511097060000 307
1511097060000 307
1511097060000 307
1511097060000 307
1511097060000 307
1511097060000 307
1511097060000 307
1511097060000 307
1511097060000 307
1511097060000 307
1511097060000 307
1511097060000 308
1511097060000 308
1511097060000 308
1511097060000 308
1511097060000 308
1511097060000 308
1511097060000 308
1511097060000 308
1511097060000 308
1511097060000 308
1511097060000 308
1511097060000 309
1511097060000 309
1511097060000 316
1511097060000 316
1511097060000 316
1511097060000 317
1511097060000 326
1511097060000 326
1511097060000 327
1511097070000 312
1511097070000 312
1511097070000 313
1511097070000 313
1511097070000 313
1511097070000 313
1511097070000 313
1511097070000 313
1511097070000 313
1511097070000 313
1511097070000 313
1511097070000 313
1511097070000 313
1511097070000 313
1511097070000 313
1511097070000 313
1511097070000 313
1511097070000 313
1511097070000 313
1511097070000 314
1511097070000 314
1511097070000 314
1511097070000 314
1511097070000 314
1511097070000 314
1511097070000 314
1511097070000 314
1511097070000 314
1511097070000 314
1511097070000 314
1511097070000 314
1511097070000 314
1511097070000 314
1511097070000 314
1511097070000 314
1511097070000 314
1511097070000 314
1511097070000 314
1511097070000 314
1511097070000 314
1511097070000 314
1511097070000 314
1511097070000 314
1511097070000 314
1511097070000 314
1511097070000 314
1511097070000 314
1511097070000 314
1511097070000 314
1511097070000 314
1511097070000 314
1511097070000 314
1511097070000 314
1511097070000 314
1511097070000 314
1511097070000 314
1511097070000 314
1511097070000 314
1511097070000 315
1511097070000 315
1511097070000 315
1511097070000 315
1511097070000 315
1511097070000 315
1511097070000 315
1511097070000 315
1511097070000 315
1511097070000 315
1511097070000 315
1511097070000 315
1511097070000 315
1511097070000 315
1511097070000 315
1511097070000 315
1511097070000 315
1511097070000 315
1511097070000 315
1511097070000 315
1511097070000 315
1511097070000 315
1511097070000 315
1511097070000 315
1511097070000 315
1511097070000 315
1511097070000 316
1511097070000 316
1511097070000 316
1511097070000 316
1511097070000 316
1511097070000 316
1511097070000 316
1511097070000 316
1511097070000 316
1511097070000 316
1511097070000 316
1511097070000 316
1511097070000 316
1511097070000 317
1511097070000 317
1511097070000 317
1511097080000 323
1511097080000 324
1511097080000 324
1511097080000 324
1511097080000 324
1511097080000 324
1511097080000 324
1511097080000 324
1511097080000 324
1511097080000 324
1511097080000 324
1511097080000 324
1511097080000 324
1511097080000 324
1511097080000 325
1511097080000 325
1511097080000 325
1511097080000 325
1511097080000 325
1511097080000 325
1511097080000 325
1511097080000 325
1511097080000 325
1511097080000 325
1511097080000 325
1511097080000 325
1511097080000 325
1511097080000 325
1511097080000 325
1511097080000 325
1511097080000 325
1511097080000 325
1511097080000 325
1511097080000 325
1511097080000 325
1511097080000 325
1511097080000 325
1511097080000 325
1511097080000 325
1511097080000 325
1511097080000 325
1511097080000 325
1511097080000 325
1511097080000 326
1511097080000 326
1511097080000 326
1511097080000 326
1511097080000 326
1511097080000 326
1511097080000 326
1511097080000 326
1511097080000 326
1511097080000 326
1511097080000 326
1511097080000 326
1511097080000 326
1511097080000 326
1511097080000 327
1511097080000 327
1511097080000 327
1511097080000 327
1511097080000 327
1511097080000 327
1511097080000 327
1511097080000 327
1511097080000 327
1511097080000 327
1511097080000 327
1511097080000 327
1511097080000 328
1511097080000 328
1511097080000 328
1511097080000 328
1511097080000 328
1511097080000 328
1511097080000 328
1511097080000 328
1511097080000 328
1511097080000 328
1511097080000 328
1511097080000 328
1511097080000 328
1511097080000 328
1511097080000 328
1511097080000 328
1511097080000 328
1511097080000 328
1511097080000 329
1511097080000 329
1511097080000 329
1511097080000 329
1511097080000 329
1511097080000 329
1511097080000 329
1511097080000 330
1511097080000 333
1511097080000 334
1511097080000 335
1511097080000 335
1511097080000 336
1511097090000 335
1511097090000 335
1511097090000 336
1511097090000 336
1511097090000 336
1511097090000 336
1511097090000 336
1511097090000 336
1511097090000 336
1511097090000 336
1511097090000 336
1511097090000 336
1511097090000 336
1511097090000 336
1511097090000 336
1511097090000 336
1511097090000 336
1511097090000 336
1511097090000 336
1511097090000 336
1511097090000 336
1511097090000 336
1511097090000 336
1511097090000 336
1511097090000 337
1511097090000 337
1511097090000 337
1511097090000 337
1511097090000 337
1511097090000 337
1511097090000 337
1511097090000 337
1511097090000 337
1511097090000 337
1511097090000 337
1511097090000 337
1511097090000 337
1511097090000 337
1511097090000 337
1511097090000 337
1511097090000 337
1511097090000 337
1511097090000 337
1511097090000 337
1511097090000 337
1511097090000 338
1511097090000 338
1511097090000 338
1511097090000 338
1511097090000 338
1511097090000 338
1511097090000 338
1511097090000 338
1511097090000 338
1511097090000 338
1511097090000 338
1511097090000 338
1511097090000 338
1511097090000 338
1511097090000 338
1511097090000 339
1511097090000 339
1511097090000 339
1511097090000 339
1511097090000 339
1511097090000 340
1511097090000 340
1511097090000 340
1511097090000 340
1511097090000 340
1511097090000 340
1511097090000 340
1511097090000 340
1511097090000 340
1511097090000 340
1511097090000 340
1511097090000 340
1511097090000 340
1511097090000 340
1511097090000 340
1511097090000 340
1511097090000 340
1511097090000 340
1511097090000 340
1511097090000 340
1511097090000 340
1511097090000 341
1511097090000 341
1511097090000 341
1511097090000 341
1511097090000 341
1511097090000 341
1511097090000 341
1511097090000 341
1511097090000 341
1511097090000 341
1511097090000 342
1511097090000 342
1511097090000 342
1511097090000 342
1511097100000 325
1511097100000 325
1511097100000 325
1511097100000 325
1511097100000 325
1511097100000 325
1511097100000 325
1511097100000 325
1511097100000 325
1511097100000 325
1511097100000 325
1511097100000 326
1511097100000 326
1511097100000 326
1511097100000 326
1511097100000 326
1511097100000 326
1511097100000 326
1511097100000 326
1511097100000 326
1511097100000 326
1511097100000 326
1511097100000 326
1511097100000 326
1511097100000 326
1511097100000 326
1511097100000 326
1511097100000 326
1511097100000 326
1511097100000 326
1511097100000 326
1511097100000 326
1511097100000 326
1511097100000 326
1511097100000 326
1511097100000 326
1511097100000 326
1511097100000 326
1511097100000 326
1511097100000 326
1511097100000 326
1511097100000 326
1511097100000 326
1511097100000 326
1511097100000 326
1511097100000 326
1511097100000 326
1511097100000 326
1511097100000 326
1511097100000 326
1511097100000 326
1511097100000 326
1511097100000 326
1511097100000 326
1511097100000 326
1511097100000 327
1511097100000 327
1511097100000 327
1511097100000 327
1511097100000 327
1511097100000 327
1511097100000 327
1511097100000 327
1511097100000 327
1511097100000 327
1511097100000 327
1511097100000 327
1511097100000 327
1511097100000 327
1511097100000 327
1511097100000 327
1511097100000 327
1511097100000 327
1511097100000 327
1511097100000 327
1511097100000 327
1511097100000 327
1511097100000 327
1511097100000 328
1511097100000 328
1511097100000 328
1511097100000 328
1511097100000 328
1511097100000 328
1511097100000 328
1511097100000 328
1511097100000 328
1511097100000 328
1511097100000 328
1511097100000 328
1511097100000 328
1511097100000 328
1511097100000 328
1511097100000 328
1511097100000 329
1511097100000 335
1511097100000 335
1511097100000 336
1511097100000 336
1511097100000 336
1511097110000 308
1511097110000 308
1511097110000 308
1511097110000 308
1511097110000 308
1511097110000 308
1511097110000 308
1511097110000 308
1511097110000 308
1511097110000 309
1511097110000 309
1511097110000 309
1511097110000 309
1511097110000 309
1511097110000 309
1511097110000 309
1511097110000 309
1511097110000 309
1511097110000 309
1511097110000 309
1511097110000 309
1511097110000 309
1511097110000 309
1511097110000 309
1511097110000 309
1511097110000 309
1511097110000 309
1511097110000 309
1511097110000 309
1511097110000 309
1511097110000 309
1511097110000 309
1511097110000 309
1511097110000 309
1511097110000 309
1511097110000 309
1511097110000 309
1511097110000 309
1511097110000 309
1511097110000 309
1511097110000 309
1511097110000 309
1511097110000 309
1511097110000 309
1511097110000 309
1511097110000 309
1511097110000 309
1511097110000 309
1511097110000 309
1511097110000 309
1511097110000 309
1511097110000 309
1511097110000 309
1511097110000 309
1511097110000 309
1511097110000 309
1511097110000 309
1511097110000 310
1511097110000 310
1511097110000 310
1511097110000 310
1511097110000 310
1511097110000 310
1511097110000 310
1511097110000 310
1511097110000 310
1511097110000 310
1511097110000 310
1511097110000 310
1511097110000 310
1511097110000 310
1511097110000 310
1511097110000 310
1511097110000 310
1511097110000 310
1511097110000 310
1511097110000 310
1511097110000 310
1511097110000 310
1511097110000 311
1511097110000 311
1511097110000 311
1511097110000 311
1511097110000 311
1511097110000 311
1511097110000 311
1511097110000 311
1511097110000 311
1511097110000 311
1511097110000 311
1511097110000 311
1511097110000 311
1511097110000 312
1511097110000 312
1511097110000 312
1511097110000 328
1511097110000 328
1511097110000 329
1511097110000 329
1511097110000 330
1511097120000 327
1511097120000 327
1511097120000 327
1511097120000 327
1511097120000 328
1511097120000 328
1511097120000 328
1511097120000 328
1511097120000 328
1511097120000 328
1511097120000 328
1511097120000 328
1511097120000 328
1511097120000 328
1511097120000 328
1511097120000 328
1511097120000 328
1511097120000 328
1511097120000 328
1511097120000 328
1511097120000 328
1511097120000 328
1511097120000 328
1511097120000 328
1511097120000 328
1511097120000 328
1511097120000 328
1511097120000 328
1511097120000 328
1511097120000 328
1511097120000 328
1511097120000 328
1511097120000 328
1511097120000 328
1511097120000 328
1511097120000 328
1511097120000 328
1511097120000 328
1511097120000 328
1511097120000 329
1511097120000 329
1511097120000 329
1511097120000 329
1511097120000 329
1511097120000 329
1511097120000 329
1511097120000 329
1511097120000 329
1511097120000 329
1511097120000 329
1511097120000 329
1511097120000 329
1511097120000 329
1511097120000 329
1511097120000 329
1511097120000 329
1511097120000 329
1511097120000 329
1511097120000 329
1511097120000 329
1511097120000 329
1511097120000 329
1511097120000 329
1511097120000 329
1511097120000 330
1511097120000 330
1511097120000 330
1511097120000 330
1511097120000 330
1511097120000 330
1511097120000 330
1511097120000 330
1511097120000 330
1511097120000 330
1511097120000 330
1511097120000 330
1511097120000 330
1511097120000 330
1511097120000 330
1511097120000 330
1511097120000 330
1511097120000 330
1511097120000 330
1511097120000 330
1511097120000 330
1511097120000 330
1511097120000 330
1511097120000 330
1511097120000 330
1511097120000 331
1511097120000 331
1511097120000 331
1511097120000 331
1511097120000 331
1511097120000 331
1511097120000 331
1511097120000 331
1511097120000 331
1511097120000 331
1511097120000 332
1511097130000 321
1511097130000 321
1511097130000 321
1511097130000 321
1511097130000 321
1511097130000 321
1511097130000 321
1511097130000 321
1511097130000 321
1511097130000 321
1511097130000 321
1511097130000 321
1511097130000 321
1511097130000 321
1511097130000 321
1511097130000 321
1511097130000 321
1511097130000 321
1511097130000 321
1511097130000 321
1511097130000 321
1511097130000 321
1511097130000 321
1511097130000 321
1511097130000 321
1511097130000 321
1511097130000 321
1511097130000 321
1511097130000 322
1511097130000 322
1511097130000 322
1511097130000 322
1511097130000 322
1511097130000 322
1511097130000 322
1511097130000 322
1511097130000 322
1511097130000 322
1511097130000 322
1511097130000 322
1511097130000 322
1511097130000 322
1511097130000 322
1511097130000 322
1511097130000 322
1511097130000 322
1511097130000 322
1511097130000 322
1511097130000 322
1511097130000 322
1511097130000 322
1511097130000 322
1511097130000 322
1511097130000 322
1511097130000 322
1511097130000 322
1511097130000 322
1511097130000 322
1511097130000 322
1511097130000 322
1511097130000 322
1511097130000 322
1511097130000 323
1511097130000 323
1511097130000 323
1511097130000 323
1511097130000 323
1511097130000 323
1511097130000 323
1511097130000 323
1511097130000 323
1511097130000 323
1511097130000 323
1511097130000 323
1511097130000 323
1511097130000 323
1511097130000 323
1511097130000 323
1511097130000 323
1511097130000 323
1511097130000 323
1511097130000 323
1511097130000 323
1511097130000 323
1511097130000 323
1511097130000 323
1511097130000 323
1511097130000 323
1511097130000 324
1511097130000 324
1511097130000 324
1511097130000 324
1511097130000 324
1511097130000 324
1511097130000 324
1511097130000 328
1511097130000 328
1511097130000 328
1511097130000 328
1511097130000 329
1511097140000 321
1511097140000 322
1511097140000 322
1511097140000 322
1511097140000 322
1511097140000 322
1511097140000 322
1511097140000 322
1511097140000 322
1511097140000 322
1511097140000 322
1511097140000 322
1511097140000 322
1511097140000 322
1511097140000 322
1511097140000 322
1511097140000 322
1511097140000 322
1511097140000 322
1511097140000 323
1511097140000 323
1511097140000 323
1511097140000 323
1511097140000 323
1511097140000 323
1511097140000 323
1511097140000 323
1511097140000 323
1511097140000 323
1511097140000 323
1511097140000 323
1511097140000 323
1511097140000 323
1511097140000 323
1511097140000 323
1511097140000 323
1511097140000 323
1511097140000 323
1511097140000 323
1511097140000 323
1511097140000 323
1511097140000 323
1511097140000 323
1511097140000 323
1511097140000 323
1511097140000 323
1511097140000 323
1511097140000 323
1511097140000 323
1511097140000 323
1511097140000 323
1511097140000 323
1511097140000 323
1511097140000 323
1511097140000 323
1511097140000 323
1511097140000 323
1511097140000 323
1511097140000 323
1511097140000 323
1511097140000 323
1511097140000 324
1511097140000 324
1511097140000 324
1511097140000 324
1511097140000 324
1511097140000 324
1511097140000 324
1511097140000 324
1511097140000 324
1511097140000 324
1511097140000 324
1511097140000 324
1511097140000 324
1511097140000 324
1511097140000 324
1511097140000 324
1511097140000 324
1511097140000 324
1511097140000 324
1511097140000 324
1511097140000 324
1511097140000 324
1511097140000 324
1511097140000 324
1511097140000 324
1511097140000 324
1511097140000 325
1511097140000 325
1511097140000 325
1511097140000 325
1511097140000 325
1511097140000 325
1511097140000 325
1511097140000 325
1511097140000 325
1511097140000 325
1511097140000 325
1511097140000 326
1511097140000 326
1511097150000 334
1511097150000 334
1511097150000 334
1511097150000 334
1511097150000 335
1511097150000 335
1511097150000 335
1511097150000 335
1511097150000 335
1511097150000 335
1511097150000 335
1511097150000 335
1511097150000 335
1511097150000 335
1511097150000 335
1511097150000 335
1511097150000 335
1511097150000 335
1511097150000 335
1511097150000 335
1511097150000 335
1511097150000 336
1511097150000 336
1511097150000 336
1511097150000 336
1511097150000 336
1511097150000 336
1511097150000 336
1511097150000 336
1511097150000 336
1511097150000 336
1511097150000 336
1511097150000 336
1511097150000 336
1511097150000 336
1511097150000 336
1511097150000 336
1511097150000 336
1511097150000 336
1511097150000 336
1511097150000 336
1511097150000 336
1511097150000 336
1511097150000 336
1511097150000 336
1511097150000 336
1511097150000 336
1511097150000 336
1511097150000 336
1511097150000 336
1511097150000 336
1511097150000 336
1511097150000 336
1511097150000 337
1511097150000 337
1511097150000 337
1511097150000 337
1511097150000 337
1511097150000 337
1511097150000 337
1511097150000 337
1511097150000 337
1511097150000 337
1511097150000 337
1511097150000 337
1511097150000 337
1511097150000 337
1511097150000 337
1511097150000 338
1511097150000 338
1511097150000 338
1511097150000 338
1511097150000 338
1511097150000 338
1511097150000 338
1511097150000 338
1511097150000 338
1511097150000 338
1511097150000 338
1511097150000 338
1511097150000 338
1511097150000 338
1511097150000 338
1511097150000 338
1511097150000 338
1511097150000 338
1511097150000 338
1511097150000 338
1511097150000 338
1511097150000 339
1511097150000 339
1511097150000 339
1511097150000 339
1511097150000 346
1511097150000 346
1511097150000 346
1511097150000 346
1511097150000 347
1511097150000 347
1511097150000 347
1511097160000 307
1511097160000 308
1511097160000 308
1511097160000 308
1511097160000 308
1511097160000 308
1511097160000 308
1511097160000 308
1511097160000 308
1511097160000 308
1511097160000 308
1511097160000 308
1511097160000 308
1511097160000 308
1511097160000 308
1511097160000 308
1511097160000 308
1511097160000 308
1511097160000 309
1511097160000 309
1511097160000 309
1511097160000 309
1511097160000 309
1511097160000 309
1511097160000 309
1511097160000 309
1511097160000 309
1511097160000 309
1511097160000 309
1511097160000 309
1511097160000 309
1511097160000 309
1511097160000 309
1511097160000 309
1511097160000 309
1511097160000 309
1511097160000 309
1511097160000 309
1511097160000 309
1511097160000 309
1511097160000 309
1511097160000 309
1511097160000 309
1511097160000 309
1511097160000 309
1511097160000 309
1511097160000 309
1511097160000 309
1511097160000 309
1511097160000 309
1511097160000 309
1511097160000 309
1511097160000 309
1511097160000 309
1511097160000 309
1511097160000 309
1511097160000 309
1511097160000 310
1511097160000 310
1511097160000 310
1511097160000 310
1511097160000 310
1511097160000 310
1511097160000 310
1511097160000 310
1511097160000 310
1511097160000 310
1511097160000 310
1511097160000 310
1511097160000 310
1511097160000 310
1511097160000 310
1511097160000 310
1511097160000 310
1511097160000 310
1511097160000 310
1511097160000 310
1511097160000 310
1511097160000 310
1511097160000 310
1511097160000 310
1511097160000 310
1511097160000 310
1511097160000 311
1511097160000 311
1511097160000 311
1511097160000 311
1511097160000 311
1511097160000 311
1511097160000 311
1511097160000 311
1511097160000 311
1511097160000 311
1511097160000 311
1511097160000 311
1511097160000 311
1511097160000 311
1511097160000 311
1511097160000 312
1511097160000 312
1511097170000 316
1511097170000 316
1511097170000 316
1511097170000 316
1511097170000 316
1511097170000 317
1511097170000 317
1511097170000 317
1511097170000 317
1511097170000 317
1511097170000 317
1511097170000 317
1511097170000 317
1511097170000 317
1511097170000 317
1511097170000 317
1511097170000 317
1511097170000 317
1511097170000 317
1511097170000 317
1511097170000 317
1511097170000 317
1511097170000 317
1511097170000 317
1511097170000 317
1511097170000 317
1511097170000 317
1511097170000 317
1511097170000 317
1511097170000 317
1511097170000 317
1511097170000 317
1511097170000 317
1511097170000 317
1511097170000 317
1511097170000 317
1511097170000 317
1511097170000 317
1511097170000 317
1511097170000 318
1511097170000 318
1511097170000 318
1511097170000 318
1511097170000 318
1511097170000 318
1511097170000 318
1511097170000 318
1511097170000 318
1511097170000 318
1511097170000 318
1511097170000 318
1511097170000 318
1511097170000 318
1511097170000 318
1511097170000 318
1511097170000 318
1511097170000 318
1511097170000 318
1511097170000 318
1511097170000 318
1511097170000 319
1511097170000 319
1511097170000 319
1511097170000 319
1511097170000 319
1511097170000 319
1511097170000 319
1511097170000 319
1511097170000 319
1511097170000 319
1511097170000 319
1511097170000 319
1511097170000 319
1511097170000 319
1511097170000 319
1511097170000 319
1511097170000 319
1511097170000 319
1511097170000 319
1511097170000 319
1511097170000 319
1511097170000 319
1511097170000 319
1511097170000 319
1511097170000 319
1511097170000 319
1511097170000 319
1511097170000 319
1511097170000 319
1511097170000 319
1511097170000 320
1511097170000 320
1511097170000 320
1511097170000 320
1511097170000 320
1511097170000 320
1511097170000 320
1511097170000 320
1511097170000 321
1511097170000 336
1511097180000 289
1511097180000 290
1511097180000 290
1511097180000 290
1511097180000 290
1511097180000 290
1511097180000 290
1511097180000 290
1511097180000 290
1511097180000 290
1511097180000 290
1511097180000 290
1511097180000 290
1511097180000 290
1511097180000 290
1511097180000 290
1511097180000 290
1511097180000 290
1511097180000 290
1511097180000 290
1511097180000 290
1511097180000 290
1511097180000 290
1511097180000 290
1511097180000 290
1511097180000 290
1511097180000 290
1511097180000 290
1511097180000 290
1511097180000 290
1511097180000 290
1511097180000 290
1511097180000 290
1511097180000 290
1511097180000 290
1511097180000 290
1511097180000 290
1511097180000 290
1511097180000 290
1511097180000 290
1511097180000 290
1511097180000 290
1511097180000 290
1511097180000 290
1511097180000 290
1511097180000 290
1511097180000 290
1511097180000 290
1511097180000 290
1511097180000 290
1511097180000 290
1511097180000 290
1511097180000 290
1511097180000 290
1511097180000 291
1511097180000 291
1511097180000 291
1511097180000 291
1511097180000 291
1511097180000 291
1511097180000 291
1511097180000 291
1511097180000 291
1511097180000 291
1511097180000 291
1511097180000 291
1511097180000 291
1511097180000 291
1511097180000 292
1511097180000 292
1511097180000 292
1511097180000 292
1511097180000 292
1511097180000 292
1511097180000 292
1511097180000 292
1511097180000 292
1511097180000 292
1511097180000 292
1511097180000 292
1511097180000 292
1511097180000 292
1511097180000 292
1511097180000 292
1511097180000 292
1511097180000 292
1511097180000 292
1511097180000 292
1511097180000 292
1511097180000 292
1511097180000 292
1511097180000 292
1511097180000 292
1511097180000 292
1511097180000 292
1511097180000 293
1511097180000 293
1511097180000 293
1511097180000 293
1511097180000 293
1511097190000 298
1511097190000 298
1511097190000 298
1511097190000 298
1511097190000 298
1511097190000 298
1511097190000 298
1511097190000 299
1511097190000 299
1511097190000 299
1511097190000 299
1511097190000 299
1511097190000 299
1511097190000 299
1511097190000 299
1511097190000 299
1511097190000 299
1511097190000 299
1511097190000 299
1511097190000 299
1511097190000 299
1511097190000 299
1511097190000 299
1511097190000 299
1511097190000 299
1511097190000 299
1511097190000 299
1511097190000 299
1511097190000 299
1511097190000 299
1511097190000 299
1511097190000 299
1511097190000 299
1511097190000 300
1511097190000 300
1511097190000 300
1511097190000 300
1511097190000 300
1511097190000 300
1511097190000 300
1511097190000 300
1511097190000 300
1511097190000 300
1511097190000 300
1511097190000 300
1511097190000 300
1511097190000 300
1511097190000 300
1511097190000 300
1511097190000 300
1511097190000 300
1511097190000 300
1511097190000 300
1511097190000 300
1511097190000 300
1511097190000 300
1511097190000 300
1511097190000 300
1511097190000 300
1511097190000 300
1511097190000 301
1511097190000 301
1511097190000 301
1511097190000 301
1511097190000 301
1511097190000 301
1511097190000 301
1511097190000 301
1511097190000 301
1511097190000 302
1511097190000 302
1511097190000 302
1511097190000 302
1511097190000 302
1511097190000 302
1511097190000 302
1511097190000 302
1511097190000 302
1511097190000 302
1511097190000 302
1511097190000 302
1511097190000 302
1511097190000 302
1511097190000 302
1511097190000 302
1511097190000 302
1511097190000 302
1511097190000 302
1511097190000 303
1511097190000 303
1511097190000 303
1511097190000 303
1511097190000 303
1511097190000 303
1511097190000 303
1511097190000 303
1511097190000 303
1511097190000 303
1511097190000 303
1511097190000 303
1511097200000 311
1511097200000 311
1511097200000 311
1511097200000 311
1511097200000 311
1511097200000 311
1511097200000 311
1511097200000 311
1511097200000 311
1511097200000 311
1511097200000 311
1511097200000 312
1511097200000 312
1511097200000 312
1511097200000 312
1511097200000 312
1511097200000 312
1511097200000 312
1511097200000 312
1511097200000 312
1511097200000 312
1511097200000 312
1511097200000 312
1511097200000 312
1511097200000 312
1511097200000 312
1511097200000 312
1511097200000 312
1511097200000 312
1511097200000 312
1511097200000 312
1511097200000 312
1511097200000 312
1511097200000 312
1511097200000 312
1511097200000 312
1511097200000 312
1511097200000 312
1511097200000 312
1511097200000 312
1511097200000 312
1511097200000 313
1511097200000 313
1511097200000 313
1511097200000 313
1511097200000 313
1511097200000 313
1511097200000 313
1511097200000 313
1511097200000 313
1511097200000 313
1511097200000 313
1511097200000 313
1511097200000 313
1511097200000 313
1511097200000 313
1511097200000 313
1511097200000 314
1511097200000 314
1511097200000 314
1511097200000 314
1511097200000 314
1511097200000 314
1511097200000 314
1511097200000 314
1511097200000 314
1511097200000 314
1511097200000 314
1511097200000 314
1511097200000 314
1511097200000 314
1511097200000 314
1511097200000 315
1511097200000 315
1511097200000 315
1511097200000 315
1511097200000 315
1511097200000 315
1511097200000 315
1511097200000 315
1511097200000 315
1511097200000 315
1511097200000 315
1511097200000 315
1511097200000 315
1511097200000 315
1511097200000 315
1511097200000 315
1511097200000 315
1511097200000 315
1511097200000 315
1511097200000 316
1511097200000 316
1511097200000 316
1511097200000 316
1511097200000 316
1511097200000 316
1511097200000 331
1511097200000 331
1511097200000 331
1511097210000 315
1511097210000 315
1511097210000 315
1511097210000 315
1511097210000 315
1511097210000 315
1511097210000 315
1511097210000 315
1511097210000 315
1511097210000 315
1511097210000 315
1511097210000 315
1511097210000 315
1511097210000 315
1511097210000 315
1511097210000 315
1511097210000 315
1511097210000 315
1511097210000 316
1511097210000 316
1511097210000 316
1511097210000 316
1511097210000 316
1511097210000 316
1511097210000 316
1511097210000 316
1511097210000 316
1511097210000 316
1511097210000 316
1511097210000 316
1511097210000 316
1511097210000 316
1511097210000 316
1511097210000 316
1511097210000 316
1511097210000 316
1511097210000 316
1511097210000 316
1511097210000 316
1511097210000 316
1511097210000 316
1511097210000 316
1511097210000 316
1511097210000 316
1511097210000 316
1511097210000 316
1511097210000 316
1511097210000 316
1511097210000 316
1511097210000 316
1511097210000 316
1511097210000 316
1511097210000 316
1511097210000 316
1511097210000 317
1511097210000 317
1511097210000 317
1511097210000 317
1511097210000 317
1511097210000 317
1511097210000 318
1511097210000 318
1511097210000 318
1511097210000 318
1511097210000 318
1511097210000 318
1511097210000 318
1511097210000 318
1511097210000 318
1511097210000 318
1511097210000 318
1511097210000 318
1511097210000 318
1511097210000 319
1511097210000 319
1511097210000 319
1511097210000 319
1511097210000 319
1511097210000 319
1511097210000 319
1511097210000 319
1511097210000 319
1511097210000 319
1511097210000 319
1511097210000 319
1511097210000 319
1511097210000 319
1511097210000 319
1511097210000 319
1511097210000 319
1511097210000 319
1511097210000 319
1511097210000 319
1511097210000 319
1511097210000 319
1511097210000 319
1511097210000 319
1511097210000 320
1511097210000 320
1511097210000 320
1511097220000 328
1511097220000 328
1511097220000 328
1511097220000 328
1511097220000 328
1511097220000 328
1511097220000 328
1511097220000 328
1511097220000 328
1511097220000 328
1511097220000 328
1511097220000 328
1511097220000 328
1511097220000 328
1511097220000 328
1511097220000 328
1511097220000 328
1511097220000 329
1511097220000 329
1511097220000 329
1511097220000 329
1511097220000 329
1511097220000 329
1511097220000 329
1511097220000 329
1511097220000 329
1511097220000 329
1511097220000 329
1511097220000 329
1511097220000 329
1511097220000 329
1511097220000 329
1511097220000 329
1511097220000 329
1511097220000 329
1511097220000 329
1511097220000 329
1511097220000 329
1511097220000 329
1511097220000 329
1511097220000 329
1511097220000 329
1511097220000 329
1511097220000 329
1511097220000 329
1511097220000 329
1511097220000 329
1511097220000 329
1511097220000 329
1511097220000 329
1511097220000 329
1511097220000 329
1511097220000 329
1511097220000 329
1511097220000 329
1511097220000 329
1511097220000 329
1511097220000 329
1511097220000 330
1511097220000 330
1511097220000 330
1511097220000 330
1511097220000 330
1511097220000 330
1511097220000 330
1511097220000 330
1511097220000 330
1511097220000 330
1511097220000 330
1511097220000 330
1511097220000 330
1511097220000 330
1511097220000 330
1511097220000 330
1511097220000 330
1511097220000 330
1511097220000 330
1511097220000 330
1511097220000 330
1511097220000 330
1511097220000 330
1511097220000 330
1511097220000 330
1511097220000 330
1511097220000 330
1511097220000 331
1511097220000 331
1511097220000 331
1511097220000 331
1511097220000 331
1511097220000 331
1511097220000 331
1511097220000 331
1511097220000 331
1511097220000 331
1511097220000 331
1511097220000 332
1511097220000 332
1511097220000 365
1511097220000 365
1511097230000 289
1511097230000 289
1511097230000 289
1511097230000 289
1511097230000 289
1511097230000 289
1511097230000 289
1511097230000 290
1511097230000 290
1511097230000 290
1511097230000 290
1511097230000 290
1511097230000 290
1511097230000 290
1511097230000 290
1511097230000 290
1511097230000 290
1511097230000 290
1511097230000 290
1511097230000 290
1511097230000 290
1511097230000 290
1511097230000 290
1511097230000 290
1511097230000 291
1511097230000 291
1511097230000 291
1511097230000 291
1511097230000 291
1511097230000 291
1511097230000 291
1511097230000 291
1511097230000 291
1511097230000 291
1511097230000 291
1511097230000 291
1511097230000 291
1511097230000 291
1511097230000 291
1511097230000 291
1511097230000 291
1511097230000 291
1511097230000 291
1511097230000 291
1511097230000 291
1511097230000 291
1511097230000 291
1511097230000 291
1511097230000 292
1511097230000 292
1511097230000 292
1511097230000 292
1511097230000 292
1511097230000 292
1511097230000 292
1511097230000 292
1511097230000 292
1511097230000 292
1511097230000 292
1511097230000 292
1511097230000 292
1511097230000 292
1511097230000 292
1511097230000 293
1511097230000 293
1511097230000 293
1511097230000 293
1511097230000 293
1511097230000 293
1511097230000 293
1511097230000 293
1511097230000 293
1511097230000 293
1511097230000 293
1511097230000 294
1511097230000 294
1511097230000 294
1511097230000 294
1511097230000 294
1511097230000 294
1511097230000 294
1511097230000 294
1511097230000 294
1511097230000 294
1511097230000 294
1511097230000 294
1511097230000 294
1511097230000 294
1511097230000 294
1511097230000 295
1511097230000 295
1511097230000 295
1511097230000 295
1511097230000 295
1511097230000 295
1511097230000 295
1511097230000 295
1511097230000 296
1511097230000 296
1511097230000 296
1511097240000 298
1511097240000 298
1511097240000 298
1511097240000 298
1511097240000 298
1511097240000 298
1511097240000 298
1511097240000 298
1511097240000 298
1511097240000 298
1511097240000 298
1511097240000 298
1511097240000 298
1511097240000 298
1511097240000 298
1511097240000 298
1511097240000 299
1511097240000 299
1511097240000 299
1511097240000 299
1511097240000 299
1511097240000 299
1511097240000 299
1511097240000 299
1511097240000 299
1511097240000 299
1511097240000 299
1511097240000 299
1511097240000 299
1511097240000 299
1511097240000 299
1511097240000 299
1511097240000 299
1511097240000 299
1511097240000 299
1511097240000 299
1511097240000 299
1511097240000 299
1511097240000 299
1511097240000 299
1511097240000 299
1511097240000 299
1511097240000 299
1511097240000 299
1511097240000 299
1511097240000 299
1511097240000 299
1511097240000 299
1511097240000 299
1511097240000 299
1511097240000 299
1511097240000 299
1511097240000 299
1511097240000 299
1511097240000 300
1511097240000 300
1511097240000 300
1511097240000 301
1511097240000 301
1511097240000 301
1511097240000 301
1511097240000 301
1511097240000 301
1511097240000 301
1511097240000 301
1511097240000 301
1511097240000 301
1511097240000 301
1511097240000 301
1511097240000 301
1511097240000 301
1511097240000 302
1511097240000 302
1511097240000 302
1511097240000 302
1511097240000 302
1511097240000 302
1511097240000 302
1511097240000 302
1511097240000 302
1511097240000 302
1511097240000 302
1511097240000 302
1511097240000 302
1511097240000 302
1511097240000 303
1511097240000 303
1511097240000 303
1511097240000 303
1511097240000 303
1511097240000 303
1511097240000 303
1511097240000 303
1511097240000 303
1511097240000 303
1511097240000 325
1511097240000 325
1511097240000 325
1511097240000 325
1511097240000 325
1511097250000 336
1511097250000 336
1511097250000 336
1511097250000 336
1511097250000 336
1511097250000 336
1511097250000 336
1511097250000 336
1511097250000 337
1511097250000 337
1511097250000 337
1511097250000 337
1511097250000 337
1511097250000 337
1511097250000 337
1511097250000 337
1511097250000 337
1511097250000 337
1511097250000 337
1511097250000 337
1511097250000 337
1511097250000 337
1511097250000 337
1511097250000 337
1511097250000 337
1511097250000 337
1511097250000 337
1511097250000 337
1511097250000 338
1511097250000 338
1511097250000 338
1511097250000 338
1511097250000 338
1511097250000 338
1511097250000 338
1511097250000 338
1511097250000 338
1511097250000 338
1511097250000 338
1511097250000 338
1511097250000 338
1511097250000 338
1511097250000 338
1511097250000 338
1511097250000 338
1511097250000 338
1511097250000 338
1511097250000 338
1511097250000 338
1511097250000 338
1511097250000 338
1511097250000 338
1511097250000 338
1511097250000 338
1511097250000 338
1511097250000 338
1511097250000 338
1511097250000 338
1511097250000 338
1511097250000 338
1511097250000 338
1511097250000 338
1511097250000 339
1511097250000 339
1511097250000 339
1511097250000 339
1511097250000 339
1511097250000 339
1511097250000 339
1511097250000 339
1511097250000 339
1511097250000 339
1511097250000 339
1511097250000 339
1511097250000 339
1511097250000 339
1511097250000 339
1511097250000 339
1511097250000 339
1511097250000 339
1511097250000 339
1511097250000 339
1511097250000 339
1511097250000 339
1511097250000 339
1511097250000 339
1511097250000 339
1511097250000 339
1511097250000 340
1511097250000 340
1511097250000 340
1511097250000 340
1511097250000 340
1511097250000 340
1511097250000 340
1511097250000 340
1511097250000 340
1511097250000 340
1511097250000 354
1511097250000 354
1511097260000 310
1511097260000 310
1511097260000 310
1511097260000 310
1511097260000 310
1511097260000 310
1511097260000 310
1511097260000 310
1511097260000 310
1511097260000 310
1511097260000 310
1511097260000 310
1511097260000 310
1511097260000 310
1511097260000 310
1511097260000 310
1511097260000 311
1511097260000 311
1511097260000 311
1511097260000 311
1511097260000 311
1511097260000 311
1511097260000 311
1511097260000 311
1511097260000 311
1511097260000 311
1511097260000 311
1511097260000 311
1511097260000 311
1511097260000 311
1511097260000 311
1511097260000 311
1511097260000 311
1511097260000 311
1511097260000 311
1511097260000 311
1511097260000 311
1511097260000 311
1511097260000 311
1511097260000 311
1511097260000 311
1511097260000 311
1511097260000 311
1511097260000 311
1511097260000 311
1511097260000 311
1511097260000 311
1511097260000 311
1511097260000 311
1511097260000 311
1511097260000 311
1511097260000 311
1511097260000 311
1511097260000 311
1511097260000 311
1511097260000 311
1511097260000 311
1511097260000 311
1511097260000 311
1511097260000 311
1511097260000 311
1511097260000 312
1511097260000 312
1511097260000 312
1511097260000 312
1511097260000 312
1511097260000 312
1511097260000 312
1511097260000 312
1511097260000 312
1511097260000 312
1511097260000 312
1511097260000 312
1511097260000 312
1511097260000 312
1511097260000 312
1511097260000 312
1511097260000 312
1511097260000 312
1511097260000 312
1511097260000 312
1511097260000 312
1511097260000 312
1511097260000 313
1511097260000 313
1511097260000 313
1511097260000 313
1511097260000 313
1511097260000 313
1511097260000 313
1511097260000 313
1511097260000 313
1511097260000 313
1511097260000 313
1511097260000 313
1511097260000 313
1511097260000 313
1511097260000 314
1511097260000 314
1511097260000 314
1511097270000 -1930
1511097270000 -1932
1511097270000 -1961
1511097270000 -1961
1511097270000 -1962
1511097270000 -1962
1511097270000 -1963
1511097270000 -1963
1511097270000 -1964
1511097270000 -1964
1511097270000 -1964
1511097270000 -1965
1511097270000 -1965
1511097270000 -1965
1511097270000 -1977
1511097270000 -1977
1511097270000 -1978
1511097270000 -1978
1511097270000 -1978
1511097270000 -1978
1511097270000 -1978
1511097270000 -1978
1511097270000 -1978
1511097270000 -1978
1511097270000 -1978
1511097270000 -1978
1511097270000 -1978
1511097270000 -1979
1511097270000 -1979
1511097270000 -1979
1511097270000 -1981
1511097270000 -1981
1511097270000 -1981
1511097270000 -1981
1511097270000 -1981
1511097270000 -1981
1511097270000 -1981
1511097270000 -1981
1511097270000 -1981
1511097270000 -1981
1511097270000 -1981
1511097270000 -1981
1511097270000 -1981
1511097270000 -1981
1511097270000 -1981
1511097270000 -1982
1511097270000 -1982
1511097270000 -1982
1511097270000 -1982
1511097270000 -1982
1511097270000 -1986
1511097270000 -1987
1511097270000 -1987
1511097270000 -1987
1511097270000 -1988
1511097270000 -1988
1511097270000 -1988
1511097270000 -1988
1511097270000 -1988
1511097270000 -1988
1511097270000 -1988
1511097270000 -1988
1511097270000 -1989
1511097270000 -1989
1511097270000 -1989
1511097270000 -1989
1511097270000 -1989
1511097270000 -1989
1511097270000 -1989
1511097270000 -1989
1511097270000 -1989
1511097270000 -1989
1511097270000 -1989
1511097270000 -1990
1511097270000 -1990
1511097270000 -1991
1511097270000 -1991
1511097270000 -1991
1511097270000 -1991
1511097270000 -1991
1511097270000 -1991
1511097270000 -1991
1511097270000 -1991
1511097270000 -1991
1511097270000 -1991
1511097270000 -1991
1511097270000 -1991
1511097270000 -1991
1511097270000 -1991
1511097270000 -1991
1511097270000 -1992
1511097270000 -1992
1511097270000 -1992
1511097270000 -1992
1511097270000 -1992
1511097270000 -1993
1511097270000 -1993
1511097270000 -2978
1511097270000 -2981
1511097270000 -2982
