1511996980000 2897
1511996980000 2897
1511996980000 2897
1511996980000 2897
1511996980000 2897
1511996980000 2897
1511996980000 2897
1511996980000 2897
1511996980000 2897
1511996980000 2897
1511996980000 2897
1511996980000 2898
1511996980000 2898
1511996980000 2898
1511996980000 2898
1511996980000 2898
1511996980000 2898
1511996980000 2898
1511996980000 2898
1511996980000 2898
1511996980000 2898
1511996980000 2898
1511996980000 2898
1511996980000 2898
1511996980000 2898
1511996980000 2899
1511996980000 2899
1511996980000 2899
1511996980000 2899
1511996980000 2899
1511996980000 2899
1511996980000 2899
1511996980000 2899
1511996980000 2899
1511996980000 2900
1511996980000 2900
1511996980000 2900
1511996980000 2900
1511996980000 2900
1511996980000 2900
1511996980000 2900
1511996980000 2900
1511996980000 2900
1511996980000 2900
1511996980000 2901
1511996980000 2901
1511996980000 2901
1511996980000 2901
1511996980000 2901
1511996980000 2901
1511996980000 2901
1511996980000 2901
1511996980000 2901
1511996980000 2901
1511996980000 2901
1511996980000 2901
1511996980000 2901
1511996980000 2901
1511996980000 2901
1511996980000 2902
1511996980000 2902
1511996980000 2902
1511996980000 2902
1511996980000 2902
1511996980000 2903
1511996980000 2903
1511996980000 2903
1511996980000 2903
1511996980000 2903
1511996980000 2903
1511996980000 2903
1511996980000 2903
1511996980000 2903
1511996980000 2903
1511996980000 2903
1511996980000 2904
1511996980000 2904
1511996980000 2904
1511996980000 2904
1511996980000 2904
1511996980000 2904
1511996980000 2905
1511996980000 2905
1511996980000 2907
1511996980000 2908
1511996980000 2915
1511996980000 2915
1511996980000 2916
1511996980000 2916
1511996980000 2917
1511996980000 2917
1511996980000 2966
1511996980000 2971
1511996980000 2972
1511996980000 2972
1511996980000 2973
1511996980000 3124
1511996980000 3132
1511996980000 3277
1511996980000 3278
1511996990000 326
1511996990000 326
1511996990000 326
1511996990000 326
1511996990000 327
1511996990000 327
1511996990000 327
1511996990000 327
1511996990000 327
1511996990000 327
1511996990000 327
1511996990000 327
1511996990000 327
1511996990000 327
1511996990000 327
1511996990000 327
1511996990000 327
1511996990000 327
1511996990000 327
1511996990000 327
1511996990000 327
1511996990000 327
1511996990000 327
1511996990000 327
1511996990000 328
1511996990000 328
1511996990000 328
1511996990000 328
1511996990000 328
1511996990000 328
1511996990000 328
1511996990000 328
1511996990000 328
1511996990000 328
1511996990000 328
1511996990000 328
1511996990000 328
1511996990000 328
1511996990000 328
1511996990000 328
1511996990000 328
1511996990000 328
1511996990000 328
1511996990000 328
1511996990000 328
1511996990000 328
1511996990000 328
1511996990000 328
1511996990000 328
1511996990000 328
1511996990000 328
1511996990000 328
1511996990000 328
1511996990000 328
1511996990000 328
1511996990000 328
1511996990000 328
1511996990000 329
1511996990000 329
1511996990000 329
1511996990000 329
1511996990000 329
1511996990000 329
1511996990000 329
1511996990000 329
1511996990000 329
1511996990000 329
1511996990000 329
1511996990000 329
1511996990000 329
1511996990000 329
1511996990000 329
1511996990000 329
1511996990000 329
1511996990000 329
1511996990000 329
1511996990000 329
1511996990000 329
1511996990000 329
1511996990000 329
1511996990000 329
1511996990000 329
1511996990000 329
1511996990000 330
1511996990000 330
1511996990000 330
1511996990000 330
1511996990000 330
1511996990000 330
1511996990000 330
1511996990000 330
1511996990000 330
1511996990000 330
1511996990000 331
1511996990000 331
1511996990000 331
1511996990000 331
1511996990000 332
1511996990000 332
1511996990000 333
1511997000000 341
1511997000000 341
1511997000000 341
1511997000000 341
1511997000000 341
1511997000000 341
1511997000000 341
1511997000000 341
1511997000000 341
1511997000000 341
1511997000000 341
1511997000000 341
1511997000000 341
1511997000000 341
1511997000000 341
1511997000000 341
1511997000000 342
1511997000000 342
1511997000000 342
1511997000000 342
1511997000000 342
1511997000000 342
1511997000000 342
1511997000000 342
1511997000000 342
1511997000000 342
1511997000000 342
1511997000000 342
1511997000000 342
1511997000000 342
1511997000000 342
1511997000000 342
1511997000000 342
1511997000000 342
1511997000000 342
1511997000000 342
1511997000000 342
1511997000000 342
1511997000000 342
1511997000000 342
1511997000000 342
1511997000000 342
1511997000000 342
1511997000000 342
1511997000000 342
1511997000000 342
1511997000000 342
1511997000000 342
1511997000000 342
1511997000000 342
1511997000000 343
1511997000000 343
1511997000000 343
1511997000000 343
1511997000000 343
1511997000000 343
1511997000000 343
1511997000000 343
1511997000000 343
1511997000000 343
1511997000000 343
1511997000000 343
1511997000000 343
1511997000000 343
1511997000000 343
1511997000000 343
1511997000000 343
1511997000000 343
1511997000000 343
1511997000000 343
1511997000000 343
1511997000000 343
1511997000000 343
1511997000000 343
1511997000000 343
1511997000000 344
1511997000000 344
1511997000000 344
1511997000000 344
1511997000000 344
1511997000000 344
1511997000000 344
1511997000000 344
1511997000000 344
1511997000000 344
1511997000000 344
1511997000000 344
1511997000000 344
1511997000000 344
1511997000000 344
1511997000000 345
1511997000000 345
1511997000000 345
1511997000000 346
1511997000000 346
1511997000000 347
1511997000000 347
1511997000000 365
1511997000000 365
1511997000000 366
1511997010000 428
1511997010000 428
1511997010000 428
1511997010000 428
1511997010000 428
1511997010000 428
1511997010000 428
1511997010000 428
1511997010000 428
1511997010000 428
1511997010000 428
1511997010000 428
1511997010000 428
1511997010000 428
1511997010000 428
1511997010000 428
1511997010000 428
1511997010000 428
1511997010000 428
1511997010000 428
1511997010000 428
1511997010000 428
1511997010000 428
1511997010000 428
1511997010000 428
1511997010000 428
1511997010000 429
1511997010000 429
1511997010000 429
1511997010000 429
1511997010000 429
1511997010000 429
1511997010000 429
1511997010000 429
1511997010000 429
1511997010000 429
1511997010000 429
1511997010000 429
1511997010000 429
1511997010000 429
1511997010000 429
1511997010000 429
1511997010000 429
1511997010000 429
1511997010000 429
1511997010000 429
1511997010000 429
1511997010000 429
1511997010000 429
1511997010000 429
1511997010000 429
1511997010000 429
1511997010000 429
1511997010000 429
1511997010000 429
1511997010000 430
1511997010000 430
1511997010000 430
1511997010000 430
1511997010000 430
1511997010000 430
1511997010000 430
1511997010000 430
1511997010000 430
1511997010000 430
1511997010000 430
1511997010000 430
1511997010000 430
1511997010000 430
1511997010000 430
1511997010000 430
1511997010000 430
1511997010000 430
1511997010000 430
1511997010000 430
1511997010000 430
1511997010000 430
1511997010000 430
1511997010000 430
1511997010000 430
1511997010000 431
1511997010000 431
1511997010000 431
1511997010000 431
1511997010000 431
1511997010000 431
1511997010000 431
1511997010000 431
1511997010000 431
1511997010000 431
1511997010000 431
1511997010000 432
1511997010000 432
1511997010000 433
1511997010000 433
1511997010000 434
1511997010000 434
1511997010000 434
1511997010000 436
1511997010000 437
1511997020000 324
1511997020000 324
1511997020000 324
1511997020000 324
1511997020000 324
1511997020000 324
1511997020000 324
1511997020000 324
1511997020000 324
1511997020000 324
1511997020000 325
1511997020000 325
1511997020000 325
1511997020000 325
1511997020000 325
1511997020000 325
1511997020000 325
1511997020000 325
1511997020000 325
1511997020000 325
1511997020000 325
1511997020000 325
1511997020000 325
1511997020000 325
1511997020000 325
1511997020000 325
1511997020000 325
1511997020000 325
1511997020000 325
1511997020000 325
1511997020000 325
1511997020000 325
1511997020000 325
1511997020000 325
1511997020000 325
1511997020000 325
1511997020000 325
1511997020000 325
1511997020000 325
1511997020000 325
1511997020000 325
1511997020000 325
1511997020000 325
1511997020000 325
1511997020000 325
1511997020000 325
1511997020000 325
1511997020000 325
1511997020000 325
1511997020000 326
1511997020000 326
1511997020000 326
1511997020000 326
1511997020000 326
1511997020000 326
1511997020000 326
1511997020000 326
1511997020000 326
1511997020000 326
1511997020000 326
1511997020000 326
1511997020000 326
1511997020000 326
1511997020000 326
1511997020000 326
1511997020000 326
1511997020000 326
1511997020000 326
1511997020000 326
1511997020000 327
1511997020000 327
1511997020000 327
1511997020000 327
1511997020000 327
1511997020000 327
1511997020000 327
1511997020000 327
1511997020000 327
1511997020000 327
1511997020000 327
1511997020000 327
1511997020000 327
1511997020000 327
1511997020000 327
1511997020000 327
1511997020000 327
1511997020000 327
1511997020000 327
1511997020000 327
1511997020000 327
1511997020000 327
1511997020000 327
1511997020000 327
1511997020000 327
1511997020000 328
1511997020000 328
1511997020000 328
1511997020000 328
1511997020000 328
1511997020000 328
1511997030000 449
1511997030000 449
1511997030000 449
1511997030000 449
1511997030000 449
1511997030000 449
1511997030000 449
1511997030000 449
1511997030000 449
1511997030000 450
1511997030000 450
1511997030000 450
1511997030000 450
1511997030000 450
1511997030000 450
1511997030000 450
1511997030000 450
1511997030000 450
1511997030000 450
1511997030000 450
1511997030000 450
1511997030000 450
1511997030000 450
1511997030000 450
1511997030000 450
1511997030000 450
1511997030000 450
1511997030000 450
1511997030000 450
1511997030000 450
1511997030000 450
1511997030000 450
1511997030000 450
1511997030000 450
1511997030000 450
1511997030000 450
1511997030000 450
1511997030000 450
1511997030000 450
1511997030000 450
1511997030000 450
1511997030000 450
1511997030000 450
1511997030000 450
1511997030000 450
1511997030000 450
1511997030000 450
1511997030000 450
1511997030000 450
1511997030000 450
1511997030000 450
1511997030000 450
1511997030000 450
1511997030000 451
1511997030000 451
1511997030000 451
1511997030000 451
1511997030000 451
1511997030000 451
1511997030000 451
1511997030000 451
1511997030000 451
1511997030000 451
1511997030000 451
1511997030000 451
1511997030000 451
1511997030000 451
1511997030000 451
1511997030000 452
1511997030000 452
1511997030000 452
1511997030000 452
1511997030000 452
1511997030000 452
1511997030000 452
1511997030000 452
1511997030000 452
1511997030000 452
1511997030000 452
1511997030000 452
1511997030000 452
1511997030000 452
1511997030000 452
1511997030000 452
1511997030000 452
1511997030000 452
1511997030000 453
1511997030000 453
1511997030000 453
1511997030000 453
1511997030000 453
1511997030000 453
1511997030000 453
1511997030000 453
1511997030000 454
1511997030000 454
1511997030000 454
1511997030000 455
1511997030000 463
1511997030000 484
1511997040000 334
1511997040000 334
1511997040000 334
1511997040000 334
1511997040000 334
1511997040000 335
1511997040000 335
1511997040000 335
1511997040000 335
1511997040000 335
1511997040000 335
1511997040000 335
1511997040000 335
1511997040000 335
1511997040000 335
1511997040000 335
1511997040000 335
1511997040000 335
1511997040000 335
1511997040000 335
1511997040000 335
1511997040000 335
1511997040000 335
1511997040000 335
1511997040000 335
1511997040000 335
1511997040000 335
1511997040000 335
1511997040000 335
1511997040000 335
1511997040000 335
1511997040000 335
1511997040000 335
1511997040000 335
1511997040000 335
1511997040000 335
1511997040000 335
1511997040000 335
1511997040000 335
1511997040000 335
1511997040000 335
1511997040000 335
1511997040000 335
1511997040000 335
1511997040000 335
1511997040000 335
1511997040000 335
1511997040000 335
1511997040000 335
1511997040000 335
1511997040000 335
1511997040000 336
1511997040000 336
1511997040000 336
1511997040000 336
1511997040000 336
1511997040000 336
1511997040000 336
1511997040000 336
1511997040000 336
1511997040000 336
1511997040000 336
1511997040000 336
1511997040000 336
1511997040000 336
1511997040000 336
1511997040000 336
1511997040000 336
1511997040000 336
1511997040000 336
1511997040000 336
1511997040000 336
1511997040000 336
1511997040000 336
1511997040000 336
1511997040000 337
1511997040000 337
1511997040000 337
1511997040000 337
1511997040000 337
1511997040000 337
1511997040000 337
1511997040000 337
1511997040000 337
1511997040000 337
1511997040000 337
1511997040000 337
1511997040000 337
1511997040000 337
1511997040000 337
1511997040000 337
1511997040000 337
1511997040000 337
1511997040000 337
1511997040000 338
1511997040000 338
1511997040000 338
1511997040000 338
1511997040000 338
1511997040000 339
1511997050000 333
1511997050000 333
1511997050000 333
1511997050000 333
1511997050000 333
1511997050000 333
1511997050000 333
1511997050000 333
1511997050000 333
1511997050000 333
1511997050000 333
1511997050000 333
1511997050000 334
1511997050000 334
1511997050000 334
1511997050000 334
1511997050000 334
1511997050000 334
1511997050000 334
1511997050000 334
1511997050000 334
1511997050000 334
1511997050000 334
1511997050000 334
1511997050000 334
1511997050000 334
1511997050000 334
1511997050000 334
1511997050000 334
1511997050000 334
1511997050000 334
1511997050000 334
1511997050000 334
1511997050000 334
1511997050000 334
1511997050000 334
1511997050000 334
1511997050000 334
1511997050000 334
1511997050000 334
1511997050000 334
1511997050000 335
1511997050000 335
1511997050000 335
1511997050000 335
1511997050000 335
1511997050000 335
1511997050000 335
1511997050000 335
1511997050000 335
1511997050000 335
1511997050000 335
1511997050000 335
1511997050000 335
1511997050000 335
1511997050000 335
1511997050000 335
1511997050000 335
1511997050000 335
1511997050000 335
1511997050000 335
1511997050000 335
1511997050000 335
1511997050000 335
1511997050000 335
1511997050000 335
1511997050000 335
1511997050000 335
1511997050000 335
1511997050000 335
1511997050000 336
1511997050000 336
1511997050000 336
1511997050000 336
1511997050000 336
1511997050000 336
1511997050000 336
1511997050000 336
1511997050000 336
1511997050000 336
1511997050000 336
1511997050000 336
1511997050000 337
1511997050000 337
1511997050000 337
1511997050000 337
1511997050000 338
1511997050000 338
1511997050000 341
1511997050000 342
1511997050000 343
1511997050000 344
1511997050000 345
1511997050000 345
1511997050000 346
1511997050000 346
1511997050000 346
1511997050000 371
1511997050000 373
1511997050000 373
1511997060000 345
1511997060000 345
1511997060000 345
1511997060000 345
1511997060000 345
1511997060000 345
1511997060000 346
1511997060000 346
1511997060000 346
1511997060000 346
1511997060000 346
1511997060000 346
1511997060000 346
1511997060000 346
1511997060000 346
1511997060000 346
1511997060000 346
1511997060000 346
1511997060000 346
1511997060000 346
1511997060000 346
1511997060000 346
1511997060000 346
1511997060000 346
1511997060000 346
1511997060000 346
1511997060000 346
1511997060000 346
1511997060000 347
1511997060000 347
1511997060000 347
1511997060000 347
1511997060000 347
1511997060000 347
1511997060000 347
1511997060000 347
1511997060000 347
1511997060000 347
1511997060000 347
1511997060000 347
1511997060000 347
1511997060000 347
1511997060000 347
1511997060000 347
1511997060000 347
1511997060000 348
1511997060000 348
1511997060000 348
1511997060000 348
1511997060000 348
1511997060000 348
1511997060000 348
1511997060000 348
1511997060000 348
1511997060000 348
1511997060000 348
1511997060000 348
1511997060000 349
1511997060000 349
1511997060000 349
1511997060000 349
1511997060000 349
1511997060000 349
1511997060000 349
1511997060000 349
1511997060000 349
1511997060000 349
1511997060000 349
1511997060000 349
1511997060000 349
1511997060000 349
1511997060000 349
1511997060000 349
1511997060000 349
1511997060000 350
1511997060000 350
1511997060000 350
1511997060000 350
1511997060000 350
1511997060000 350
1511997060000 350
1511997060000 350
1511997060000 350
1511997060000 350
1511997060000 351
1511997060000 351
1511997060000 351
1511997060000 351
1511997060000 353
1511997060000 353
1511997060000 353
1511997060000 353
1511997060000 354
1511997060000 355
1511997060000 356
1511997060000 356
1511997060000 357
1511997060000 357
1511997060000 357
1511997060000 370
1511997070000 362
1511997070000 362
1511997070000 362
1511997070000 362
1511997070000 362
1511997070000 362
1511997070000 362
1511997070000 362
1511997070000 362
1511997070000 362
1511997070000 362
1511997070000 362
1511997070000 363
1511997070000 363
1511997070000 363
1511997070000 363
1511997070000 363
1511997070000 363
1511997070000 363
1511997070000 363
1511997070000 363
1511997070000 363
1511997070000 363
1511997070000 363
1511997070000 363
1511997070000 363
1511997070000 363
1511997070000 363
1511997070000 363
1511997070000 363
1511997070000 363
1511997070000 363
1511997070000 363
1511997070000 363
1511997070000 363
1511997070000 363
1511997070000 363
1511997070000 363
1511997070000 363
1511997070000 363
1511997070000 363
1511997070000 364
1511997070000 364
1511997070000 364
1511997070000 364
1511997070000 364
1511997070000 364
1511997070000 364
1511997070000 364
1511997070000 364
1511997070000 364
1511997070000 364
1511997070000 364
1511997070000 364
1511997070000 364
1511997070000 364
1511997070000 364
1511997070000 364
1511997070000 364
1511997070000 364
1511997070000 364
1511997070000 364
1511997070000 364
1511997070000 364
1511997070000 365
1511997070000 365
1511997070000 365
1511997070000 365
1511997070000 365
1511997070000 365
1511997070000 365
1511997070000 365
1511997070000 365
1511997070000 365
1511997070000 365
1511997070000 365
1511997070000 365
1511997070000 365
1511997070000 365
1511997070000 365
1511997070000 365
1511997070000 365
1511997070000 365
1511997070000 365
1511997070000 365
1511997070000 366
1511997070000 366
1511997070000 366
1511997070000 366
1511997070000 366
1511997070000 366
1511997070000 366
1511997070000 366
1511997070000 367
1511997070000 367
1511997070000 367
1511997070000 368
1511997070000 378
1511997070000 380
1511997070000 381
1511997080000 302
1511997080000 302
1511997080000 302
1511997080000 302
1511997080000 302
1511997080000 302
1511997080000 303
1511997080000 303
1511997080000 303
1511997080000 303
1511997080000 303
1511997080000 303
1511997080000 303
1511997080000 303
1511997080000 303
1511997080000 303
1511997080000 303
1511997080000 303
1511997080000 303
1511997080000 303
1511997080000 303
1511997080000 303
1511997080000 303
1511997080000 303
1511997080000 303
1511997080000 303
1511997080000 304
1511997080000 304
1511997080000 304
1511997080000 304
1511997080000 304
1511997080000 304
1511997080000 304
1511997080000 304
1511997080000 304
1511997080000 304
1511997080000 304
1511997080000 304
1511997080000 304
1511997080000 304
1511997080000 304
1511997080000 305
1511997080000 305
1511997080000 305
1511997080000 305
1511997080000 305
1511997080000 305
1511997080000 305
1511997080000 305
1511997080000 305
1511997080000 305
1511997080000 305
1511997080000 305
1511997080000 305
1511997080000 305
1511997080000 305
1511997080000 305
1511997080000 305
1511997080000 305
1511997080000 305
1511997080000 305
1511997080000 305
1511997080000 306
1511997080000 306
1511997080000 306
1511997080000 306
1511997080000 306
1511997080000 306
1511997080000 306
1511997080000 306
1511997080000 306
1511997080000 306
1511997080000 306
1511997080000 306
1511997080000 306
1511997080000 306
1511997080000 306
1511997080000 306
1511997080000 306
1511997080000 306
1511997080000 306
1511997080000 306
1511997080000 306
1511997080000 306
1511997080000 306
1511997080000 306
1511997080000 307
1511997080000 307
1511997080000 307
1511997080000 307
1511997080000 307
1511997080000 307
1511997080000 307
1511997080000 307
1511997080000 307
1511997080000 307
1511997080000 308
1511997080000 308
1511997080000 308
1511997080000 308
1511997090000 334
1511997090000 334
1511997090000 334
1511997090000 334
1511997090000 334
1511997090000 334
1511997090000 334
1511997090000 335
1511997090000 335
1511997090000 335
1511997090000 335
1511997090000 335
1511997090000 335
1511997090000 335
1511997090000 335
1511997090000 335
1511997090000 335
1511997090000 335
1511997090000 335
1511997090000 335
1511997090000 335
1511997090000 335
1511997090000 335
1511997090000 335
1511997090000 335
1511997090000 335
1511997090000 335
1511997090000 335
1511997090000 335
1511997090000 335
1511997090000 335
1511997090000 335
1511997090000 335
1511997090000 335
1511997090000 335
1511997090000 335
1511997090000 335
1511997090000 335
1511997090000 335
1511997090000 335
1511997090000 335
1511997090000 335
1511997090000 335
1511997090000 335
1511997090000 335
1511997090000 335
1511997090000 335
1511997090000 336
1511997090000 336
1511997090000 336
1511997090000 336
1511997090000 336
1511997090000 336
1511997090000 336
1511997090000 336
1511997090000 336
1511997090000 336
1511997090000 336
1511997090000 336
1511997090000 336
1511997090000 336
1511997090000 336
1511997090000 336
1511997090000 336
1511997090000 336
1511997090000 336
1511997090000 336
1511997090000 336
1511997090000 336
1511997090000 336
1511997090000 337
1511997090000 337
1511997090000 337
1511997090000 337
1511997090000 337
1511997090000 337
1511997090000 337
1511997090000 337
1511997090000 337
1511997090000 337
1511997090000 337
1511997090000 337
1511997090000 337
1511997090000 337
1511997090000 337
1511997090000 337
1511997090000 337
1511997090000 337
1511997090000 337
1511997090000 337
1511997090000 337
1511997090000 337
1511997090000 338
1511997090000 338
1511997090000 338
1511997090000 338
1511997090000 338
1511997090000 339
1511997090000 339
1511997090000 339
1511997100000 303
1511997100000 303
1511997100000 303
1511997100000 303
1511997100000 303
1511997100000 303
1511997100000 303
1511997100000 303
1511997100000 303
1511997100000 303
1511997100000 303
1511997100000 304
1511997100000 304
1511997100000 304
1511997100000 304
1511997100000 304
1511997100000 304
1511997100000 304
1511997100000 304
1511997100000 304
1511997100000 304
1511997100000 304
1511997100000 304
1511997100000 304
1511997100000 304
1511997100000 304
1511997100000 304
1511997100000 304
1511997100000 304
1511997100000 304
1511997100000 304
1511997100000 304
1511997100000 304
1511997100000 304
1511997100000 304
1511997100000 304
1511997100000 304
1511997100000 304
1511997100000 304
1511997100000 304
1511997100000 304
1511997100000 304
1511997100000 304
1511997100000 304
1511997100000 304
1511997100000 304
1511997100000 304
1511997100000 304
1511997100000 304
1511997100000 304
1511997100000 305
1511997100000 305
1511997100000 305
1511997100000 305
1511997100000 305
1511997100000 305
1511997100000 305
1511997100000 305
1511997100000 306
1511997100000 306
1511997100000 306
1511997100000 306
1511997100000 306
1511997100000 306
1511997100000 306
1511997100000 306
1511997100000 306
1511997100000 306
1511997100000 306
1511997100000 306
1511997100000 306
1511997100000 307
1511997100000 307
1511997100000 307
1511997100000 307
1511997100000 307
1511997100000 307
1511997100000 307
1511997100000 307
1511997100000 307
1511997100000 307
1511997100000 307
1511997100000 307
1511997100000 307
1511997100000 307
1511997100000 307
1511997100000 307
1511997100000 307
1511997100000 307
1511997100000 308
1511997100000 308
1511997100000 308
1511997100000 308
1511997100000 308
1511997100000 308
1511997100000 309
1511997100000 309
1511997100000 309
1511997100000 310
1511997100000 310
1511997110000 333
1511997110000 333
1511997110000 333
1511997110000 333
1511997110000 334
1511997110000 334
1511997110000 334
1511997110000 334
1511997110000 334
1511997110000 334
1511997110000 334
1511997110000 334
1511997110000 334
1511997110000 334
1511997110000 334
1511997110000 334
1511997110000 334
1511997110000 334
1511997110000 334
1511997110000 334
1511997110000 334
1511997110000 334
1511997110000 334
1511997110000 334
1511997110000 334
1511997110000 334
1511997110000 334
1511997110000 334
1511997110000 334
1511997110000 334
1511997110000 334
1511997110000 334
1511997110000 334
1511997110000 334
1511997110000 334
1511997110000 334
1511997110000 335
1511997110000 335
1511997110000 335
1511997110000 335
1511997110000 335
1511997110000 335
1511997110000 335
1511997110000 335
1511997110000 335
1511997110000 335
1511997110000 335
1511997110000 335
1511997110000 335
1511997110000 335
1511997110000 335
1511997110000 335
1511997110000 335
1511997110000 335
1511997110000 335
1511997110000 335
1511997110000 335
1511997110000 335
1511997110000 335
1511997110000 335
1511997110000 335
1511997110000 336
1511997110000 336
1511997110000 336
1511997110000 336
1511997110000 336
1511997110000 336
1511997110000 336
1511997110000 336
1511997110000 336
1511997110000 336
1511997110000 336
1511997110000 336
1511997110000 336
1511997110000 336
1511997110000 336
1511997110000 336
1511997110000 336
1511997110000 336
1511997110000 336
1511997110000 336
1511997110000 336
1511997110000 336
1511997110000 336
1511997110000 336
1511997110000 336
1511997110000 337
1511997110000 337
1511997110000 337
1511997110000 337
1511997110000 337
1511997110000 337
1511997110000 337
1511997110000 337
1511997110000 337
1511997110000 337
1511997110000 338
1511997110000 338
1511997110000 339
1511997110000 339
1511997120000 342
1511997120000 342
1511997120000 342
1511997120000 342
1511997120000 342
1511997120000 342
1511997120000 342
1511997120000 342
1511997120000 342
1511997120000 342
1511997120000 342
1511997120000 342
1511997120000 342
1511997120000 342
1511997120000 342
1511997120000 342
1511997120000 342
1511997120000 343
1511997120000 343
1511997120000 343
1511997120000 343
1511997120000 343
1511997120000 343
1511997120000 343
1511997120000 343
1511997120000 343
1511997120000 343
1511997120000 343
1511997120000 343
1511997120000 343
1511997120000 343
1511997120000 343
1511997120000 343
1511997120000 343
1511997120000 343
1511997120000 343
1511997120000 343
1511997120000 343
1511997120000 343
1511997120000 343
1511997120000 343
1511997120000 344
1511997120000 344
1511997120000 344
1511997120000 344
1511997120000 344
1511997120000 344
1511997120000 344
1511997120000 344
1511997120000 344
1511997120000 344
1511997120000 344
1511997120000 344
1511997120000 344
1511997120000 344
1511997120000 344
1511997120000 344
1511997120000 344
1511997120000 344
1511997120000 344
1511997120000 344
1511997120000 344
1511997120000 344
1511997120000 344
1511997120000 344
1511997120000 344
1511997120000 345
1511997120000 345
1511997120000 345
1511997120000 345
1511997120000 345
1511997120000 345
1511997120000 345
1511997120000 345
1511997120000 345
1511997120000 345
1511997120000 345
1511997120000 345
1511997120000 345
1511997120000 345
1511997120000 345
1511997120000 345
1511997120000 345
1511997120000 345
1511997120000 345
1511997120000 345
1511997120000 345
1511997120000 345
1511997120000 345
1511997120000 346
1511997120000 346
1511997120000 346
1511997120000 346
1511997120000 346
1511997120000 347
1511997120000 348
1511997120000 360
1511997120000 360
1511997120000 365
1511997120000 366
1511997130000 333
1511997130000 333
1511997130000 333
1511997130000 334
1511997130000 334
1511997130000 334
1511997130000 334
1511997130000 334
1511997130000 334
1511997130000 334
1511997130000 334
1511997130000 334
1511997130000 334
1511997130000 334
1511997130000 334
1511997130000 334
1511997130000 334
1511997130000 334
1511997130000 334
1511997130000 334
1511997130000 334
1511997130000 334
1511997130000 334
1511997130000 334
1511997130000 334
1511997130000 334
1511997130000 334
1511997130000 334
1511997130000 334
1511997130000 334
1511997130000 334
1511997130000 334
1511997130000 334
1511997130000 334
1511997130000 334
1511997130000 334
1511997130000 335
1511997130000 335
1511997130000 335
1511997130000 335
1511997130000 335
1511997130000 335
1511997130000 335
1511997130000 335
1511997130000 335
1511997130000 335
1511997130000 335
1511997130000 335
1511997130000 335
1511997130000 335
1511997130000 335
1511997130000 335
1511997130000 335
1511997130000 335
1511997130000 335
1511997130000 335
1511997130000 335
1511997130000 335
1511997130000 335
1511997130000 335
1511997130000 335
1511997130000 335
1511997130000 335
1511997130000 336
1511997130000 336
1511997130000 336
1511997130000 336
1511997130000 336
1511997130000 336
1511997130000 336
1511997130000 336
1511997130000 336
1511997130000 336
1511997130000 336
1511997130000 336
1511997130000 336
1511997130000 336
1511997130000 336
1511997130000 336
1511997130000 336
1511997130000 336
1511997130000 336
1511997130000 336
1511997130000 336
1511997130000 336
1511997130000 336
1511997130000 337
1511997130000 337
1511997130000 337
1511997130000 337
1511997130000 337
1511997130000 337
1511997130000 337
1511997130000 338
1511997130000 338
1511997130000 339
1511997130000 339
1511997130000 353
1511997130000 353
1511997130000 353
1511997140000 342
1511997140000 342
1511997140000 342
1511997140000 342
1511997140000 342
1511997140000 342
1511997140000 343
1511997140000 343
1511997140000 343
1511997140000 343
1511997140000 343
1511997140000 343
1511997140000 343
1511997140000 343
1511997140000 343
1511997140000 343
1511997140000 343
1511997140000 343
1511997140000 343
1511997140000 343
1511997140000 343
1511997140000 343
1511997140000 343
1511997140000 343
1511997140000 343
1511997140000 343
1511997140000 343
1511997140000 343
1511997140000 343
1511997140000 343
1511997140000 343
1511997140000 343
1511997140000 343
1511997140000 343
1511997140000 343
1511997140000 344
1511997140000 344
1511997140000 344
1511997140000 344
1511997140000 344
1511997140000 344
1511997140000 344
1511997140000 344
1511997140000 344
1511997140000 344
1511997140000 344
1511997140000 344
1511997140000 344
1511997140000 344
1511997140000 344
1511997140000 344
1511997140000 344
1511997140000 344
1511997140000 344
1511997140000 344
1511997140000 344
1511997140000 344
1511997140000 344
1511997140000 344
1511997140000 344
1511997140000 344
1511997140000 345
1511997140000 345
1511997140000 345
1511997140000 345
1511997140000 345
1511997140000 345
1511997140000 345
1511997140000 345
1511997140000 345
1511997140000 345
1511997140000 345
1511997140000 345
1511997140000 345
1511997140000 345
1511997140000 345
1511997140000 345
1511997140000 346
1511997140000 346
1511997140000 346
1511997140000 346
1511997140000 346
1511997140000 346
1511997140000 346
1511997140000 346
1511997140000 346
1511997140000 346
1511997140000 346
1511997140000 346
1511997140000 347
1511997140000 347
1511997140000 347
1511997140000 348
1511997140000 348
1511997140000 363
1511997140000 364
1511997140000 364
1511997140000 364
1511997140000 365
1511997140000 371
1511997150000 305
1511997150000 305
1511997150000 306
1511997150000 306
1511997150000 306
1511997150000 306
1511997150000 306
1511997150000 306
1511997150000 306
1511997150000 306
1511997150000 306
1511997150000 306
1511997150000 306
1511997150000 306
1511997150000 306
1511997150000 306
1511997150000 306
1511997150000 306
1511997150000 306
1511997150000 306
1511997150000 306
1511997150000 307
1511997150000 307
1511997150000 307
1511997150000 307
1511997150000 307
1511997150000 307
1511997150000 307
1511997150000 307
1511997150000 307
1511997150000 307
1511997150000 307
1511997150000 307
1511997150000 307
1511997150000 307
1511997150000 307
1511997150000 307
1511997150000 307
1511997150000 307
1511997150000 308
1511997150000 308
1511997150000 308
1511997150000 308
1511997150000 308
1511997150000 308
1511997150000 308
1511997150000 308
1511997150000 308
1511997150000 308
1511997150000 308
1511997150000 308
1511997150000 308
1511997150000 309
1511997150000 309
1511997150000 309
1511997150000 309
1511997150000 309
1511997150000 309
1511997150000 309
1511997150000 309
1511997150000 309
1511997150000 309
1511997150000 309
1511997150000 309
1511997150000 310
1511997150000 310
1511997150000 310
1511997150000 310
1511997150000 310
1511997150000 310
1511997150000 310
1511997150000 310
1511997150000 310
1511997150000 310
1511997150000 310
1511997150000 310
1511997150000 311
1511997150000 311
1511997150000 311
1511997150000 311
1511997150000 311
1511997150000 311
1511997150000 312
1511997150000 312
1511997150000 312
1511997150000 313
1511997150000 318
1511997150000 320
1511997150000 320
1511997150000 321
1511997150000 322
1511997150000 323
1511997150000 323
1511997150000 323
1511997150000 323
1511997150000 333
1511997150000 333
1511997150000 334
1511997150000 335
1511997150000 336
1511997160000 345
1511997160000 345
1511997160000 346
1511997160000 346
1511997160000 346
1511997160000 346
1511997160000 346
1511997160000 346
1511997160000 346
1511997160000 346
1511997160000 346
1511997160000 346
1511997160000 346
1511997160000 346
1511997160000 346
1511997160000 346
1511997160000 346
1511997160000 346
1511997160000 346
1511997160000 346
1511997160000 346
1511997160000 346
1511997160000 346
1511997160000 346
1511997160000 346
1511997160000 346
1511997160000 346
1511997160000 346
1511997160000 346
1511997160000 346
1511997160000 346
1511997160000 346
1511997160000 346
1511997160000 346
1511997160000 346
1511997160000 347
1511997160000 347
1511997160000 347
1511997160000 347
1511997160000 347
1511997160000 347
1511997160000 347
1511997160000 347
1511997160000 347
1511997160000 347
1511997160000 347
1511997160000 347
1511997160000 347
1511997160000 347
1511997160000 347
1511997160000 347
1511997160000 347
1511997160000 347
1511997160000 347
1511997160000 347
1511997160000 347
1511997160000 347
1511997160000 347
1511997160000 347
1511997160000 347
1511997160000 347
1511997160000 347
1511997160000 347
1511997160000 347
1511997160000 348
1511997160000 348
1511997160000 348
1511997160000 348
1511997160000 348
1511997160000 348
1511997160000 348
1511997160000 348
1511997160000 348
1511997160000 348
1511997160000 348
1511997160000 348
1511997160000 348
1511997160000 348
1511997160000 348
1511997160000 348
1511997160000 348
1511997160000 348
1511997160000 348
1511997160000 348
1511997160000 349
1511997160000 349
1511997160000 349
1511997160000 349
1511997160000 349
1511997160000 350
1511997160000 350
1511997160000 350
1511997160000 350
1511997160000 357
1511997160000 369
1511997160000 371
1511997160000 371
1511997160000 392
1511997160000 395
1511997160000 395
1511997170000 504
1511997170000 504
1511997170000 505
1511997170000 505
1511997170000 505
1511997170000 505
1511997170000 505
1511997170000 505
1511997170000 505
1511997170000 505
1511997170000 505
1511997170000 505
1511997170000 505
1511997170000 505
1511997170000 505
1511997170000 505
1511997170000 505
1511997170000 505
1511997170000 505
1511997170000 505
1511997170000 505
1511997170000 505
1511997170000 505
1511997170000 506
1511997170000 506
1511997170000 506
1511997170000 506
1511997170000 506
1511997170000 506
1511997170000 506
1511997170000 506
1511997170000 506
1511997170000 506
1511997170000 506
1511997170000 506
1511997170000 506
1511997170000 506
1511997170000 506
1511997170000 506
1511997170000 506
1511997170000 506
1511997170000 506
1511997170000 506
1511997170000 506
1511997170000 506
1511997170000 506
1511997170000 506
1511997170000 506
1511997170000 506
1511997170000 506
1511997170000 506
1511997170000 506
1511997170000 506
1511997170000 507
1511997170000 507
1511997170000 507
1511997170000 507
1511997170000 507
1511997170000 507
1511997170000 507
1511997170000 507
1511997170000 507
1511997170000 507
1511997170000 507
1511997170000 507
1511997170000 507
1511997170000 507
1511997170000 507
1511997170000 508
1511997170000 508
1511997170000 508
1511997170000 508
1511997170000 508
1511997170000 508
1511997170000 508
1511997170000 508
1511997170000 508
1511997170000 508
1511997170000 508
1511997170000 508
1511997170000 508
1511997170000 508
1511997170000 508
1511997170000 508
1511997170000 508
1511997170000 509
1511997170000 509
1511997170000 509
1511997170000 509
1511997170000 509
1511997170000 510
1511997170000 510
1511997170000 510
1511997170000 510
1511997170000 511
1511997170000 533
1511997170000 533
1511997170000 540
1511997170000 540
1511997170000 540
1511997180000 310
1511997180000 310
1511997180000 310
1511997180000 310
1511997180000 310
1511997180000 310
1511997180000 310
1511997180000 310
1511997180000 310
1511997180000 310
1511997180000 310
1511997180000 310
1511997180000 311
1511997180000 311
1511997180000 311
1511997180000 311
1511997180000 311
1511997180000 311
1511997180000 311
1511997180000 311
1511997180000 311
1511997180000 311
1511997180000 311
1511997180000 311
1511997180000 311
1511997180000 311
1511997180000 311
1511997180000 311
1511997180000 311
1511997180000 311
1511997180000 311
1511997180000 311
1511997180000 311
1511997180000 311
1511997180000 311
1511997180000 311
1511997180000 311
1511997180000 311
1511997180000 311
1511997180000 311
1511997180000 311
1511997180000 311
1511997180000 311
1511997180000 311
1511997180000 311
1511997180000 311
1511997180000 311
1511997180000 311
1511997180000 311
1511997180000 311
1511997180000 311
1511997180000 311
1511997180000 312
1511997180000 312
1511997180000 312
1511997180000 312
1511997180000 312
1511997180000 312
1511997180000 312
1511997180000 312
1511997180000 312
1511997180000 312
1511997180000 312
1511997180000 312
1511997180000 312
1511997180000 312
1511997180000 313
1511997180000 313
1511997180000 313
1511997180000 313
1511997180000 313
1511997180000 313
1511997180000 313
1511997180000 313
1511997180000 313
1511997180000 313
1511997180000 313
1511997180000 313
1511997180000 313
1511997180000 313
1511997180000 313
1511997180000 313
1511997180000 313
1511997180000 313
1511997180000 313
1511997180000 314
1511997180000 314
1511997180000 314
1511997180000 314
1511997180000 314
1511997180000 314
1511997180000 315
1511997180000 315
1511997180000 315
1511997180000 316
1511997180000 316
1511997180000 316
1511997180000 335
1511997180000 336
1511997180000 336
1511997190000 365
1511997190000 365
1511997190000 366
1511997190000 366
1511997190000 366
1511997190000 366
1511997190000 366
1511997190000 366
1511997190000 366
1511997190000 366
1511997190000 366
1511997190000 366
1511997190000 366
1511997190000 366
1511997190000 367
1511997190000 367
1511997190000 367
1511997190000 367
1511997190000 367
1511997190000 367
1511997190000 367
1511997190000 367
1511997190000 367
1511997190000 367
1511997190000 367
1511997190000 367
1511997190000 367
1511997190000 367
1511997190000 367
1511997190000 367
1511997190000 367
1511997190000 367
1511997190000 367
1511997190000 367
1511997190000 368
1511997190000 368
1511997190000 368
1511997190000 368
1511997190000 368
1511997190000 368
1511997190000 368
1511997190000 368
1511997190000 368
1511997190000 368
1511997190000 368
1511997190000 368
1511997190000 368
1511997190000 368
1511997190000 368
1511997190000 369
1511997190000 369
1511997190000 369
1511997190000 369
1511997190000 369
1511997190000 369
1511997190000 369
1511997190000 369
1511997190000 369
1511997190000 369
1511997190000 369
1511997190000 369
1511997190000 369
1511997190000 369
1511997190000 369
1511997190000 369
1511997190000 370
1511997190000 370
1511997190000 370
1511997190000 370
1511997190000 370
1511997190000 370
1511997190000 370
1511997190000 370
1511997190000 370
1511997190000 370
1511997190000 370
1511997190000 370
1511997190000 370
1511997190000 370
1511997190000 370
1511997190000 370
1511997190000 370
1511997190000 370
1511997190000 371
1511997190000 371
1511997190000 371
1511997190000 371
1511997190000 371
1511997190000 371
1511997190000 371
1511997190000 371
1511997190000 372
1511997190000 372
1511997190000 372
1511997190000 372
1511997190000 386
1511997190000 387
1511997190000 387
1511997190000 396
1511997190000 396
1511997200000 301
1511997200000 301
1511997200000 301
1511997200000 301
1511997200000 301
1511997200000 301
1511997200000 301
1511997200000 301
1511997200000 301
1511997200000 301
1511997200000 302
1511997200000 302
1511997200000 302
1511997200000 302
1511997200000 302
1511997200000 302
1511997200000 302
1511997200000 302
1511997200000 302
1511997200000 302
1511997200000 302
1511997200000 302
1511997200000 302
1511997200000 302
1511997200000 302
1511997200000 303
1511997200000 303
1511997200000 303
1511997200000 303
1511997200000 303
1511997200000 303
1511997200000 303
1511997200000 303
1511997200000 303
1511997200000 303
1511997200000 303
1511997200000 303
1511997200000 303
1511997200000 303
1511997200000 303
1511997200000 303
1511997200000 303
1511997200000 303
1511997200000 303
1511997200000 303
1511997200000 303
1511997200000 303
1511997200000 303
1511997200000 303
1511997200000 303
1511997200000 303
1511997200000 303
1511997200000 303
1511997200000 303
1511997200000 303
1511997200000 304
1511997200000 304
1511997200000 304
1511997200000 304
1511997200000 304
1511997200000 304
1511997200000 304
1511997200000 304
1511997200000 304
1511997200000 304
1511997200000 304
1511997200000 305
1511997200000 305
1511997200000 305
1511997200000 305
1511997200000 305
1511997200000 305
1511997200000 305
1511997200000 305
1511997200000 305
1511997200000 305
1511997200000 305
1511997200000 305
1511997200000 305
1511997200000 305
1511997200000 305
1511997200000 305
1511997200000 305
1511997200000 305
1511997200000 305
1511997200000 305
1511997200000 306
1511997200000 306
1511997200000 306
1511997200000 306
1511997200000 306
1511997200000 306
1511997200000 307
1511997200000 307
1511997200000 308
1511997200000 316
1511997200000 317
1511997200000 319
1511997200000 319
1511997200000 320
1511997210000 382
1511997210000 382
1511997210000 382
1511997210000 382
1511997210000 382
1511997210000 382
1511997210000 382
1511997210000 382
1511997210000 382
1511997210000 382
1511997210000 382
1511997210000 382
1511997210000 382
1511997210000 383
1511997210000 383
1511997210000 383
1511997210000 383
1511997210000 383
1511997210000 383
1511997210000 383
1511997210000 383
1511997210000 383
1511997210000 383
1511997210000 383
1511997210000 383
1511997210000 383
1511997210000 383
1511997210000 383
1511997210000 383
1511997210000 383
1511997210000 383
1511997210000 383
1511997210000 383
1511997210000 383
1511997210000 383
1511997210000 383
1511997210000 383
1511997210000 383
1511997210000 383
1511997210000 384
1511997210000 384
1511997210000 384
1511997210000 384
1511997210000 384
1511997210000 384
1511997210000 384
1511997210000 384
1511997210000 384
1511997210000 384
1511997210000 384
1511997210000 384
1511997210000 384
1511997210000 384
1511997210000 384
1511997210000 384
1511997210000 385
1511997210000 385
1511997210000 385
1511997210000 385
1511997210000 385
1511997210000 385
1511997210000 385
1511997210000 385
1511997210000 385
1511997210000 385
1511997210000 385
1511997210000 385
1511997210000 385
1511997210000 385
1511997210000 385
1511997210000 385
1511997210000 385
1511997210000 386
1511997210000 386
1511997210000 386
1511997210000 386
1511997210000 386
1511997210000 386
1511997210000 386
1511997210000 386
1511997210000 386
1511997210000 386
1511997210000 386
1511997210000 386
1511997210000 386
1511997210000 386
1511997210000 386
1511997210000 386
1511997210000 386
1511997210000 387
1511997210000 387
1511997210000 387
1511997210000 387
1511997210000 387
1511997210000 388
1511997210000 388
1511997210000 388
1511997210000 415
1511997210000 416
1511997210000 416
1511997220000 343
1511997220000 343
1511997220000 343
1511997220000 343
1511997220000 343
1511997220000 343
1511997220000 343
1511997220000 343
1511997220000 343
1511997220000 343
1511997220000 343
1511997220000 343
1511997220000 343
1511997220000 343
1511997220000 343
1511997220000 343
1511997220000 343
1511997220000 343
1511997220000 343
1511997220000 343
1511997220000 343
1511997220000 343
1511997220000 343
1511997220000 343
1511997220000 343
1511997220000 343
1511997220000 343
1511997220000 344
1511997220000 344
1511997220000 344
1511997220000 344
1511997220000 344
1511997220000 344
1511997220000 344
1511997220000 344
1511997220000 344
1511997220000 344
1511997220000 344
1511997220000 344
1511997220000 344
1511997220000 344
1511997220000 344
1511997220000 344
1511997220000 344
1511997220000 344
1511997220000 344
1511997220000 344
1511997220000 344
1511997220000 344
1511997220000 344
1511997220000 344
1511997220000 344
1511997220000 344
1511997220000 344
1511997220000 344
1511997220000 344
1511997220000 344
1511997220000 345
1511997220000 345
1511997220000 345
1511997220000 345
1511997220000 345
1511997220000 345
1511997220000 345
1511997220000 345
1511997220000 345
1511997220000 345
1511997220000 345
1511997220000 345
1511997220000 345
1511997220000 345
1511997220000 345
1511997220000 345
1511997220000 345
1511997220000 345
1511997220000 345
1511997220000 345
1511997220000 345
1511997220000 345
1511997220000 345
1511997220000 345
1511997220000 345
1511997220000 345
1511997220000 345
1511997220000 345
1511997220000 346
1511997220000 346
1511997220000 346
1511997220000 346
1511997220000 346
1511997220000 346
1511997220000 346
1511997220000 346
1511997220000 346
1511997220000 346
1511997220000 347
1511997220000 347
1511997220000 347
1511997220000 348
1511997220000 348
1511997230000 315
1511997230000 315
1511997230000 315
1511997230000 315
1511997230000 315
1511997230000 315
1511997230000 316
1511997230000 316
1511997230000 316
1511997230000 316
1511997230000 316
1511997230000 316
1511997230000 316
1511997230000 316
1511997230000 316
1511997230000 316
1511997230000 316
1511997230000 316
1511997230000 316
1511997230000 316
1511997230000 316
1511997230000 316
1511997230000 316
1511997230000 316
1511997230000 316
1511997230000 316
1511997230000 316
1511997230000 316
1511997230000 316
1511997230000 316
1511997230000 316
1511997230000 316
1511997230000 316
1511997230000 316
1511997230000 316
1511997230000 317
1511997230000 317
1511997230000 317
1511997230000 317
1511997230000 317
1511997230000 317
1511997230000 317
1511997230000 317
1511997230000 317
1511997230000 317
1511997230000 317
1511997230000 317
1511997230000 317
1511997230000 317
1511997230000 317
1511997230000 317
1511997230000 317
1511997230000 318
1511997230000 318
1511997230000 318
1511997230000 318
1511997230000 318
1511997230000 318
1511997230000 318
1511997230000 318
1511997230000 318
1511997230000 318
1511997230000 318
1511997230000 318
1511997230000 318
1511997230000 318
1511997230000 318
1511997230000 318
1511997230000 318
1511997230000 319
1511997230000 319
1511997230000 319
1511997230000 319
1511997230000 319
1511997230000 319
1511997230000 319
1511997230000 320
1511997230000 320
1511997230000 320
1511997230000 322
1511997230000 322
1511997230000 323
1511997230000 324
1511997230000 331
1511997230000 331
1511997230000 332
1511997230000 332
1511997230000 332
1511997230000 333
1511997230000 337
1511997230000 337
1511997230000 338
1511997230000 338
1511997230000 339
1511997230000 339
1511997230000 348
1511997230000 358
1511997230000 358
1511997230000 358
1511997230000 359
1511997240000 355
1511997240000 355
1511997240000 356
1511997240000 356
1511997240000 356
1511997240000 356
1511997240000 356
1511997240000 356
1511997240000 356
1511997240000 356
1511997240000 356
1511997240000 356
1511997240000 356
1511997240000 356
1511997240000 356
1511997240000 356
1511997240000 356
1511997240000 356
1511997240000 356
1511997240000 356
1511997240000 356
1511997240000 356
1511997240000 356
1511997240000 356
1511997240000 356
1511997240000 356
1511997240000 356
1511997240000 356
1511997240000 356
1511997240000 356
1511997240000 356
1511997240000 356
1511997240000 356
1511997240000 356
1511997240000 356
1511997240000 356
1511997240000 357
1511997240000 357
1511997240000 357
1511997240000 357
1511997240000 357
1511997240000 357
1511997240000 357
1511997240000 357
1511997240000 357
1511997240000 357
1511997240000 357
1511997240000 357
1511997240000 357
1511997240000 357
1511997240000 357
1511997240000 357
1511997240000 357
1511997240000 357
1511997240000 357
1511997240000 358
1511997240000 358
1511997240000 358
1511997240000 358
1511997240000 358
1511997240000 358
1511997240000 358
1511997240000 358
1511997240000 358
1511997240000 358
1511997240000 358
1511997240000 358
1511997240000 358
1511997240000 358
1511997240000 358
1511997240000 358
1511997240000 358
1511997240000 358
1511997240000 358
1511997240000 358
1511997240000 358
1511997240000 358
1511997240000 358
1511997240000 358
1511997240000 358
1511997240000 358
1511997240000 359
1511997240000 359
1511997240000 359
1511997240000 359
1511997240000 359
1511997240000 359
1511997240000 359
1511997240000 359
1511997240000 359
1511997240000 360
1511997240000 360
1511997240000 360
1511997240000 360
1511997240000 373
1511997240000 373
1511997240000 374
1511997240000 374
1511997240000 375
1511997240000 391
1511997250000 320
1511997250000 320
1511997250000 320
1511997250000 321
1511997250000 321
1511997250000 321
1511997250000 321
1511997250000 321
1511997250000 321
1511997250000 321
1511997250000 321
1511997250000 321
1511997250000 321
1511997250000 321
1511997250000 321
1511997250000 321
1511997250000 321
1511997250000 321
1511997250000 321
1511997250000 321
1511997250000 321
1511997250000 321
1511997250000 321
1511997250000 321
1511997250000 321
1511997250000 321
1511997250000 321
1511997250000 321
1511997250000 321
1511997250000 322
1511997250000 322
1511997250000 322
1511997250000 322
1511997250000 322
1511997250000 322
1511997250000 322
1511997250000 322
1511997250000 322
1511997250000 322
1511997250000 322
1511997250000 322
1511997250000 322
1511997250000 322
1511997250000 322
1511997250000 322
1511997250000 322
1511997250000 322
1511997250000 322
1511997250000 322
1511997250000 322
1511997250000 322
1511997250000 322
1511997250000 322
1511997250000 322
1511997250000 322
1511997250000 322
1511997250000 322
1511997250000 322
1511997250000 322
1511997250000 322
1511997250000 323
1511997250000 323
1511997250000 323
1511997250000 323
1511997250000 323
1511997250000 323
1511997250000 323
1511997250000 323
1511997250000 323
1511997250000 323
1511997250000 323
1511997250000 323
1511997250000 323
1511997250000 323
1511997250000 323
1511997250000 323
1511997250000 323
1511997250000 323
1511997250000 323
1511997250000 323
1511997250000 324
1511997250000 324
1511997250000 324
1511997250000 324
1511997250000 324
1511997250000 324
1511997250000 324
1511997250000 324
1511997250000 335
1511997250000 335
1511997250000 335
1511997250000 340
1511997250000 340
1511997250000 340
1511997250000 341
1511997250000 341
1511997250000 342
1511997250000 343
1511997250000 343
1511997250000 343
1511997260000 330
1511997260000 330
1511997260000 330
1511997260000 331
1511997260000 331
1511997260000 331
1511997260000 331
1511997260000 331
1511997260000 331
1511997260000 331
1511997260000 331
1511997260000 331
1511997260000 331
1511997260000 331
1511997260000 331
1511997260000 331
1511997260000 331
1511997260000 331
1511997260000 331
1511997260000 331
1511997260000 331
1511997260000 331
1511997260000 331
1511997260000 331
1511997260000 332
1511997260000 332
1511997260000 332
1511997260000 332
1511997260000 332
1511997260000 332
1511997260000 332
1511997260000 332
1511997260000 332
1511997260000 332
1511997260000 332
1511997260000 332
1511997260000 332
1511997260000 332
1511997260000 332
1511997260000 332
1511997260000 332
1511997260000 332
1511997260000 332
1511997260000 332
1511997260000 332
1511997260000 332
1511997260000 332
1511997260000 332
1511997260000 332
1511997260000 333
1511997260000 333
1511997260000 333
1511997260000 333
1511997260000 333
1511997260000 333
1511997260000 333
1511997260000 333
1511997260000 333
1511997260000 333
1511997260000 333
1511997260000 334
1511997260000 334
1511997260000 334
1511997260000 334
1511997260000 334
1511997260000 334
1511997260000 334
1511997260000 334
1511997260000 334
1511997260000 334
1511997260000 334
1511997260000 334
1511997260000 334
1511997260000 334
1511997260000 334
1511997260000 334
1511997260000 334
1511997260000 334
1511997260000 334
1511997260000 334
1511997260000 335
1511997260000 335
1511997260000 335
1511997260000 335
1511997260000 335
1511997260000 335
1511997260000 335
1511997260000 335
1511997260000 335
1511997260000 335
1511997260000 336
1511997260000 336
1511997260000 336
1511997260000 336
1511997260000 336
1511997260000 336
1511997260000 336
1511997260000 337
1511997260000 337
1511997260000 337
1511997270000 331
1511997270000 331
1511997270000 331
1511997270000 331
1511997270000 331
1511997270000 331
1511997270000 331
1511997270000 331
1511997270000 331
1511997270000 332
1511997270000 332
1511997270000 332
1511997270000 332
1511997270000 332
1511997270000 332
1511997270000 332
1511997270000 332
1511997270000 332
1511997270000 332
1511997270000 332
1511997270000 332
1511997270000 333
1511997270000 333
1511997270000 333
1511997270000 333
1511997270000 333
1511997270000 333
1511997270000 333
1511997270000 333
1511997270000 333
1511997270000 333
1511997270000 333
1511997270000 333
1511997270000 333
1511997270000 333
1511997270000 333
1511997270000 333
1511997270000 333
1511997270000 333
1511997270000 333
1511997270000 333
1511997270000 333
1511997270000 333
1511997270000 333
1511997270000 334
1511997270000 334
1511997270000 334
1511997270000 334
1511997270000 334
1511997270000 334
1511997270000 334
1511997270000 334
1511997270000 334
1511997270000 334
1511997270000 334
1511997270000 334
1511997270000 334
1511997270000 334
1511997270000 334
1511997270000 334
1511997270000 334
1511997270000 334
1511997270000 335
1511997270000 335
1511997270000 335
1511997270000 335
1511997270000 335
1511997270000 335
1511997270000 335
1511997270000 335
1511997270000 335
1511997270000 335
1511997270000 335
1511997270000 335
1511997270000 335
1511997270000 335
1511997270000 335
1511997270000 336
1511997270000 336
1511997270000 336
1511997270000 336
1511997270000 336
1511997270000 336
1511997270000 336
1511997270000 336
1511997270000 336
1511997270000 336
1511997270000 336
1511997270000 336
1511997270000 336
1511997270000 336
1511997270000 336
1511997270000 337
1511997270000 337
1511997270000 337
1511997270000 337
1511997270000 337
1511997270000 338
1511997270000 338
1511997270000 338
1511997280000 319
1511997280000 319
1511997280000 319
1511997280000 319
1511997280000 319
1511997280000 319
1511997280000 319
1511997280000 319
1511997280000 320
1511997280000 320
1511997280000 320
1511997280000 320
1511997280000 320
1511997280000 320
1511997280000 320
1511997280000 320
1511997280000 320
1511997280000 320
1511997280000 320
1511997280000 320
1511997280000 320
1511997280000 320
1511997280000 320
1511997280000 320
1511997280000 320
1511997280000 320
1511997280000 320
1511997280000 320
1511997280000 321
1511997280000 321
1511997280000 321
1511997280000 321
1511997280000 321
1511997280000 321
1511997280000 321
1511997280000 321
1511997280000 321
1511997280000 321
1511997280000 321
1511997280000 321
1511997280000 321
1511997280000 321
1511997280000 321
1511997280000 321
1511997280000 321
1511997280000 321
1511997280000 321
1511997280000 321
1511997280000 321
1511997280000 321
1511997280000 321
1511997280000 321
1511997280000 321
1511997280000 321
1511997280000 321
1511997280000 321
1511997280000 322
1511997280000 322
1511997280000 322
1511997280000 322
1511997280000 322
1511997280000 322
1511997280000 322
1511997280000 322
1511997280000 322
1511997280000 322
1511997280000 322
1511997280000 322
1511997280000 322
1511997280000 323
1511997280000 323
1511997280000 323
1511997280000 323
1511997280000 323
1511997280000 323
1511997280000 323
1511997280000 323
1511997280000 323
1511997280000 323
1511997280000 323
1511997280000 323
1511997280000 323
1511997280000 323
1511997280000 323
1511997280000 323
1511997280000 323
1511997280000 323
1511997280000 323
1511997280000 323
1511997280000 323
1511997280000 324
1511997280000 324
1511997280000 324
1511997280000 324
1511997280000 324
1511997280000 324
1511997280000 324
1511997280000 325
1511997280000 325
1511997280000 325
1511997290000 338
1511997290000 338
1511997290000 338
1511997290000 338
1511997290000 338
1511997290000 338
1511997290000 338
1511997290000 338
1511997290000 339
1511997290000 339
1511997290000 339
1511997290000 339
1511997290000 339
1511997290000 339
1511997290000 339
1511997290000 339
1511997290000 339
1511997290000 339
1511997290000 339
1511997290000 339
1511997290000 339
1511997290000 339
1511997290000 339
1511997290000 339
1511997290000 339
1511997290000 339
1511997290000 339
1511997290000 339
1511997290000 339
1511997290000 339
1511997290000 339
1511997290000 339
1511997290000 339
1511997290000 340
1511997290000 340
1511997290000 340
1511997290000 340
1511997290000 340
1511997290000 340
1511997290000 340
1511997290000 340
1511997290000 340
1511997290000 340
1511997290000 340
1511997290000 340
1511997290000 340
1511997290000 340
1511997290000 340
1511997290000 340
1511997290000 340
1511997290000 340
1511997290000 340
1511997290000 340
1511997290000 340
1511997290000 340
1511997290000 340
1511997290000 340
1511997290000 340
1511997290000 340
1511997290000 340
1511997290000 340
1511997290000 341
1511997290000 341
1511997290000 341
1511997290000 341
1511997290000 341
1511997290000 341
1511997290000 341
1511997290000 341
1511997290000 341
1511997290000 341
1511997290000 341
1511997290000 341
1511997290000 341
1511997290000 341
1511997290000 341
1511997290000 341
1511997290000 341
1511997290000 341
1511997290000 341
1511997290000 341
1511997290000 341
1511997290000 341
1511997290000 341
1511997290000 342
1511997290000 342
1511997290000 342
1511997290000 342
1511997290000 342
1511997290000 342
1511997290000 342
1511997290000 342
1511997290000 342
1511997290000 342
1511997290000 342
1511997290000 343
1511997290000 343
1511997290000 343
1511997290000 343
1511997290000 344
1511997300000 355
1511997300000 355
1511997300000 355
1511997300000 355
1511997300000 355
1511997300000 355
1511997300000 355
1511997300000 355
1511997300000 355
1511997300000 355
1511997300000 355
1511997300000 355
1511997300000 355
1511997300000 355
1511997300000 355
1511997300000 356
1511997300000 356
1511997300000 356
1511997300000 356
1511997300000 356
1511997300000 356
1511997300000 356
1511997300000 356
1511997300000 356
1511997300000 356
1511997300000 356
1511997300000 356
1511997300000 356
1511997300000 356
1511997300000 356
1511997300000 356
1511997300000 356
1511997300000 356
1511997300000 356
1511997300000 356
1511997300000 356
1511997300000 356
1511997300000 356
1511997300000 356
1511997300000 356
1511997300000 356
1511997300000 356
1511997300000 356
1511997300000 356
1511997300000 356
1511997300000 356
1511997300000 356
1511997300000 357
1511997300000 357
1511997300000 357
1511997300000 357
1511997300000 357
1511997300000 357
1511997300000 357
1511997300000 357
1511997300000 357
1511997300000 357
1511997300000 357
1511997300000 357
1511997300000 357
1511997300000 357
1511997300000 357
1511997300000 357
1511997300000 358
1511997300000 358
1511997300000 358
1511997300000 358
1511997300000 358
1511997300000 358
1511997300000 358
1511997300000 358
1511997300000 358
1511997300000 358
1511997300000 358
1511997300000 358
1511997300000 358
1511997300000 358
1511997300000 358
1511997300000 358
1511997300000 358
1511997300000 359
1511997300000 359
1511997300000 359
1511997300000 359
1511997300000 359
1511997300000 359
1511997300000 359
1511997300000 359
1511997300000 359
1511997300000 359
1511997300000 359
1511997300000 359
1511997300000 359
1511997300000 360
1511997300000 360
1511997300000 360
1511997300000 360
1511997300000 360
1511997300000 361
1511997300000 361
1511997310000 338
1511997310000 339
1511997310000 339
1511997310000 339
1511997310000 339
1511997310000 339
1511997310000 339
1511997310000 339
1511997310000 339
1511997310000 339
1511997310000 339
1511997310000 339
1511997310000 339
1511997310000 339
1511997310000 339
1511997310000 339
1511997310000 339
1511997310000 339
1511997310000 339
1511997310000 339
1511997310000 340
1511997310000 340
1511997310000 340
1511997310000 340
1511997310000 340
1511997310000 340
1511997310000 340
1511997310000 340
1511997310000 340
1511997310000 340
1511997310000 340
1511997310000 340
1511997310000 340
1511997310000 340
1511997310000 340
1511997310000 340
1511997310000 340
1511997310000 340
1511997310000 340
1511997310000 340
1511997310000 340
1511997310000 340
1511997310000 340
1511997310000 340
1511997310000 340
1511997310000 340
1511997310000 340
1511997310000 340
1511997310000 341
1511997310000 341
1511997310000 341
1511997310000 341
1511997310000 341
1511997310000 341
1511997310000 341
1511997310000 341
1511997310000 341
1511997310000 341
1511997310000 341
1511997310000 341
1511997310000 341
1511997310000 341
1511997310000 341
1511997310000 341
1511997310000 341
1511997310000 341
1511997310000 341
1511997310000 341
1511997310000 341
1511997310000 341
1511997310000 341
1511997310000 341
1511997310000 341
1511997310000 341
1511997310000 341
1511997310000 341
1511997310000 341
1511997310000 341
1511997310000 342
1511997310000 342
1511997310000 342
1511997310000 342
1511997310000 342
1511997310000 342
1511997310000 342
1511997310000 342
1511997310000 342
1511997310000 342
1511997310000 342
1511997310000 342
1511997310000 342
1511997310000 342
1511997310000 343
1511997310000 343
1511997310000 343
1511997310000 343
1511997310000 344
1511997310000 348
1511997310000 350
1511997310000 351
1511997320000 338
1511997320000 338
1511997320000 338
1511997320000 338
1511997320000 338
1511997320000 338
1511997320000 338
1511997320000 338
1511997320000 338
1511997320000 338
1511997320000 338
1511997320000 338
1511997320000 338
1511997320000 338
1511997320000 338
1511997320000 338
1511997320000 338
1511997320000 338
1511997320000 338
1511997320000 339
1511997320000 339
1511997320000 339
1511997320000 339
1511997320000 339
1511997320000 339
1511997320000 339
1511997320000 339
1511997320000 339
1511997320000 339
1511997320000 339
1511997320000 339
1511997320000 339
1511997320000 339
1511997320000 339
1511997320000 339
1511997320000 339
1511997320000 339
1511997320000 339
1511997320000 339
1511997320000 339
1511997320000 339
1511997320000 339
1511997320000 339
1511997320000 339
1511997320000 339
1511997320000 339
1511997320000 339
1511997320000 339
1511997320000 339
1511997320000 339
1511997320000 340
1511997320000 340
1511997320000 340
1511997320000 340
1511997320000 340
1511997320000 340
1511997320000 340
1511997320000 340
1511997320000 340
1511997320000 340
1511997320000 340
1511997320000 340
1511997320000 340
1511997320000 340
1511997320000 340
1511997320000 340
1511997320000 340
1511997320000 340
1511997320000 340
1511997320000 340
1511997320000 340
1511997320000 340
1511997320000 340
1511997320000 340
1511997320000 340
1511997320000 341
1511997320000 341
1511997320000 341
1511997320000 341
1511997320000 341
1511997320000 341
1511997320000 341
1511997320000 341
1511997320000 341
1511997320000 341
1511997320000 341
1511997320000 341
1511997320000 341
1511997320000 341
1511997320000 342
1511997320000 342
1511997320000 342
1511997320000 343
1511997320000 343
1511997320000 343
1511997320000 343
1511997320000 343
1511997320000 343
1511997320000 344
1511997320000 344
1511997330000 318
1511997330000 318
1511997330000 318
1511997330000 318
1511997330000 318
1511997330000 318
1511997330000 318
1511997330000 318
1511997330000 318
1511997330000 318
1511997330000 319
1511997330000 319
1511997330000 319
1511997330000 319
1511997330000 319
1511997330000 319
1511997330000 319
1511997330000 319
1511997330000 319
1511997330000 319
1511997330000 319
1511997330000 319
1511997330000 319
1511997330000 319
1511997330000 319
1511997330000 319
1511997330000 319
1511997330000 319
1511997330000 319
1511997330000 319
1511997330000 319
1511997330000 319
1511997330000 319
1511997330000 319
1511997330000 319
1511997330000 319
1511997330000 319
1511997330000 320
1511997330000 320
1511997330000 320
1511997330000 320
1511997330000 320
1511997330000 320
1511997330000 320
1511997330000 320
1511997330000 320
1511997330000 320
1511997330000 320
1511997330000 320
1511997330000 320
1511997330000 320
1511997330000 320
1511997330000 320
1511997330000 320
1511997330000 320
1511997330000 320
1511997330000 320
1511997330000 320
1511997330000 320
1511997330000 320
1511997330000 320
1511997330000 320
1511997330000 321
1511997330000 321
1511997330000 321
1511997330000 321
1511997330000 321
1511997330000 321
1511997330000 321
1511997330000 321
1511997330000 321
1511997330000 321
1511997330000 321
1511997330000 321
1511997330000 321
1511997330000 321
1511997330000 321
1511997330000 321
1511997330000 321
1511997330000 321
1511997330000 321
1511997330000 321
1511997330000 321
1511997330000 321
1511997330000 321
1511997330000 322
1511997330000 322
1511997330000 322
1511997330000 322
1511997330000 322
1511997330000 322
1511997330000 328
1511997330000 328
1511997330000 328
1511997330000 333
1511997330000 333
1511997330000 333
1511997330000 335
1511997330000 335
1511997330000 336
1511997340000 333
1511997340000 333
1511997340000 333
1511997340000 333
1511997340000 333
1511997340000 333
1511997340000 333
1511997340000 333
1511997340000 333
1511997340000 333
1511997340000 333
1511997340000 333
1511997340000 333
1511997340000 333
1511997340000 333
1511997340000 333
1511997340000 333
1511997340000 333
1511997340000 334
1511997340000 334
1511997340000 334
1511997340000 334
1511997340000 334
1511997340000 334
1511997340000 334
1511997340000 334
1511997340000 334
1511997340000 334
1511997340000 334
1511997340000 334
1511997340000 334
1511997340000 334
1511997340000 334
1511997340000 334
1511997340000 334
1511997340000 334
1511997340000 334
1511997340000 334
1511997340000 334
1511997340000 334
1511997340000 334
1511997340000 334
1511997340000 334
1511997340000 334
1511997340000 334
1511997340000 334
1511997340000 334
1511997340000 334
1511997340000 334
1511997340000 334
1511997340000 334
1511997340000 334
1511997340000 334
1511997340000 334
1511997340000 334
1511997340000 335
1511997340000 335
1511997340000 335
1511997340000 335
1511997340000 335
1511997340000 335
1511997340000 335
1511997340000 335
1511997340000 335
1511997340000 335
1511997340000 335
1511997340000 335
1511997340000 335
1511997340000 335
1511997340000 335
1511997340000 335
1511997340000 335
1511997340000 335
1511997340000 335
1511997340000 335
1511997340000 335
1511997340000 335
1511997340000 336
1511997340000 336
1511997340000 336
1511997340000 336
1511997340000 336
1511997340000 336
1511997340000 336
1511997340000 336
1511997340000 336
1511997340000 336
1511997340000 336
1511997340000 336
1511997340000 336
1511997340000 336
1511997340000 336
1511997340000 336
1511997340000 336
1511997340000 337
1511997340000 337
1511997340000 337
1511997340000 337
1511997340000 338
1511997340000 338
1511997350000 359
1511997350000 359
1511997350000 359
1511997350000 359
1511997350000 359
1511997350000 359
1511997350000 359
1511997350000 359
1511997350000 359
1511997350000 359
1511997350000 359
1511997350000 359
1511997350000 359
1511997350000 360
1511997350000 360
1511997350000 360
1511997350000 360
1511997350000 360
1511997350000 360
1511997350000 360
1511997350000 360
1511997350000 360
1511997350000 360
1511997350000 360
1511997350000 360
1511997350000 360
1511997350000 360
1511997350000 360
1511997350000 360
1511997350000 360
1511997350000 360
1511997350000 360
1511997350000 360
1511997350000 360
1511997350000 360
1511997350000 360
1511997350000 360
1511997350000 360
1511997350000 360
1511997350000 360
1511997350000 360
1511997350000 360
1511997350000 360
1511997350000 360
1511997350000 360
1511997350000 360
1511997350000 360
1511997350000 360
1511997350000 360
1511997350000 360
1511997350000 360
1511997350000 360
1511997350000 360
1511997350000 361
1511997350000 361
1511997350000 361
1511997350000 361
1511997350000 361
1511997350000 361
1511997350000 361
1511997350000 361
1511997350000 361
1511997350000 361
1511997350000 361
1511997350000 361
1511997350000 362
1511997350000 362
1511997350000 362
1511997350000 362
1511997350000 362
1511997350000 362
1511997350000 362
1511997350000 362
1511997350000 362
1511997350000 362
1511997350000 362
1511997350000 362
1511997350000 362
1511997350000 362
1511997350000 362
1511997350000 362
1511997350000 362
1511997350000 362
1511997350000 362
1511997350000 362
1511997350000 362
1511997350000 362
1511997350000 363
1511997350000 363
1511997350000 363
1511997350000 363
1511997350000 363
1511997350000 363
1511997350000 363
1511997350000 363
1511997350000 363
1511997350000 363
1511997350000 364
1511997350000 364
1511997350000 364
1511997360000 301
1511997360000 301
1511997360000 301
1511997360000 301
1511997360000 301
1511997360000 301
1511997360000 301
1511997360000 302
1511997360000 302
1511997360000 302
1511997360000 302
1511997360000 302
1511997360000 302
1511997360000 302
1511997360000 302
1511997360000 302
1511997360000 302
1511997360000 302
1511997360000 302
1511997360000 302
1511997360000 302
1511997360000 302
1511997360000 302
1511997360000 302
1511997360000 302
1511997360000 302
1511997360000 302
1511997360000 302
1511997360000 302
1511997360000 302
1511997360000 302
1511997360000 302
1511997360000 302
1511997360000 302
1511997360000 302
1511997360000 302
1511997360000 302
1511997360000 302
1511997360000 303
1511997360000 303
1511997360000 303
1511997360000 303
1511997360000 303
1511997360000 303
1511997360000 303
1511997360000 303
1511997360000 303
1511997360000 303
1511997360000 303
1511997360000 303
1511997360000 303
1511997360000 303
1511997360000 303
1511997360000 303
1511997360000 303
1511997360000 303
1511997360000 303
1511997360000 303
1511997360000 303
1511997360000 304
1511997360000 304
1511997360000 304
1511997360000 304
1511997360000 304
1511997360000 304
1511997360000 304
1511997360000 304
1511997360000 304
1511997360000 304
1511997360000 304
1511997360000 304
1511997360000 304
1511997360000 304
1511997360000 304
1511997360000 304
1511997360000 304
1511997360000 304
1511997360000 304
1511997360000 305
1511997360000 305
1511997360000 305
1511997360000 305
1511997360000 305
1511997360000 305
1511997360000 305
1511997360000 305
1511997360000 305
1511997360000 306
1511997360000 306
1511997360000 306
1511997360000 306
1511997360000 306
1511997360000 307
1511997360000 321
1511997360000 323
1511997360000 323
1511997360000 325
1511997360000 325
1511997360000 325
1511997360000 326
1511997370000 337
1511997370000 337
1511997370000 337
1511997370000 337
1511997370000 338
1511997370000 338
1511997370000 338
1511997370000 338
1511997370000 338
1511997370000 338
1511997370000 338
1511997370000 338
1511997370000 338
1511997370000 338
1511997370000 338
1511997370000 338
1511997370000 338
1511997370000 338
1511997370000 338
1511997370000 338
1511997370000 338
1511997370000 338
1511997370000 338
1511997370000 338
1511997370000 338
1511997370000 338
1511997370000 338
1511997370000 338
1511997370000 338
1511997370000 338
1511997370000 338
1511997370000 338
1511997370000 338
1511997370000 338
1511997370000 338
1511997370000 338
1511997370000 338
1511997370000 338
1511997370000 338
1511997370000 338
1511997370000 338
1511997370000 338
1511997370000 338
1511997370000 338
1511997370000 339
1511997370000 339
1511997370000 339
1511997370000 339
1511997370000 339
1511997370000 339
1511997370000 339
1511997370000 339
1511997370000 339
1511997370000 339
1511997370000 339
1511997370000 339
1511997370000 339
1511997370000 339
1511997370000 339
1511997370000 339
1511997370000 339
1511997370000 339
1511997370000 339
1511997370000 339
1511997370000 339
1511997370000 339
1511997370000 339
1511997370000 340
1511997370000 340
1511997370000 340
1511997370000 340
1511997370000 340
1511997370000 340
1511997370000 340
1511997370000 340
1511997370000 340
1511997370000 340
1511997370000 340
1511997370000 340
1511997370000 340
1511997370000 340
1511997370000 340
1511997370000 340
1511997370000 340
1511997370000 340
1511997370000 340
1511997370000 340
1511997370000 340
1511997370000 340
1511997370000 340
1511997370000 340
1511997370000 340
1511997370000 340
1511997370000 341
1511997370000 341
1511997370000 341
1511997370000 341
1511997370000 341
1511997370000 342
1511997370000 342
1511997380000 10
1511997380000 335
1511997380000 335
1511997380000 336
1511997380000 336
1511997380000 336
1511997380000 336
1511997380000 336
1511997380000 336
1511997380000 336
1511997380000 336
1511997380000 336
1511997380000 336
1511997380000 336
1511997380000 336
1511997380000 336
1511997380000 336
1511997380000 336
1511997380000 336
1511997380000 336
1511997380000 336
1511997380000 336
1511997380000 336
1511997380000 336
1511997380000 336
1511997380000 336
1511997380000 336
1511997380000 336
1511997380000 336
1511997380000 336
1511997380000 336
1511997380000 336
1511997380000 336
1511997380000 336
1511997380000 336
1511997380000 336
1511997380000 336
1511997380000 336
1511997380000 337
1511997380000 337
1511997380000 337
1511997380000 337
1511997380000 337
1511997380000 337
1511997380000 337
1511997380000 337
1511997380000 337
1511997380000 337
1511997380000 337
1511997380000 337
1511997380000 337
1511997380000 337
1511997380000 337
1511997380000 337
1511997380000 337
1511997380000 337
1511997380000 337
1511997380000 337
1511997380000 337
1511997380000 337
1511997380000 338
1511997380000 338
1511997380000 338
1511997380000 338
1511997380000 338
1511997380000 338
1511997380000 338
1511997380000 338
1511997380000 338
1511997380000 338
1511997380000 338
1511997380000 338
1511997380000 338
1511997380000 338
1511997380000 338
1511997380000 338
1511997380000 338
1511997380000 338
1511997380000 338
1511997380000 338
1511997380000 338
1511997380000 338
1511997380000 338
1511997380000 338
1511997380000 339
1511997380000 339
1511997380000 339
1511997380000 339
1511997380000 339
1511997380000 339
1511997380000 339
1511997380000 339
1511997380000 339
1511997380000 339
1511997380000 340
1511997380000 340
1511997380000 340
1511997380000 5
1511997380000 6
1511997380000 60
1511997390000 -8945
1511997390000 -8946
1511997390000 -8946
1511997390000 -8982
1511997390000 -8984
1511997390000 -8985
1511997390000 -8985
1511997390000 -8985
1511997390000 -8987
1511997390000 -8987
1511997390000 -8987
1511997390000 -8987
1511997390000 -8987
1511997390000 -8987
1511997390000 -8988
1511997390000 -8988
1511997390000 -8988
1511997390000 -8988
1511997390000 -8989
1511997390000 -8989
1511997390000 -8989
1511997390000 -8989
1511997390000 -8989
1511997390000 -8989
1511997390000 -8989
1511997390000 -8989
1511997390000 -8989
1511997390000 -8989
1511997390000 -8990
1511997390000 -8990
1511997390000 -8990
1511997390000 -8990
1511997390000 -8990
1511997390000 -8991
1511997390000 -8991
1511997390000 -8991
1511997390000 -8991
1511997390000 -8991
1511997390000 -8991
1511997390000 -8991
1511997390000 -8992
1511997390000 -8992
1511997390000 -8992
1511997390000 -8992
1511997390000 -8992
1511997390000 -8992
1511997390000 -8992
1511997390000 -8992
1511997390000 -8992
1511997390000 -8992
1511997390000 -8993
1511997390000 -8993
1511997390000 -8993
1511997390000 -8993
1511997390000 -8993
1511997390000 -8993
1511997390000 -8993
1511997390000 -8993
1511997390000 -8993
1511997390000 -8993
1511997390000 -8993
1511997390000 -8994
1511997390000 -8994
1511997390000 -8994
1511997390000 -8994
1511997390000 -8994
1511997390000 -8994
1511997390000 -8994
1511997390000 -8994
1511997390000 -8996
