1511095630000 1962
1511095630000 1969
1511095630000 1969
1511095630000 1972
1511095630000 1978
1511095630000 1993
1511095630000 1993
1511095630000 1994
1511095630000 1994
1511095630000 2003
1511095630000 2003
1511095630000 2010
1511095630000 2011
1511095630000 2011
1511095630000 2012
1511095630000 2012
1511095630000 2018
1511095630000 2018
1511095630000 2018
1511095630000 2019
1511095630000 2019
1511095630000 2022
1511095630000 2022
1511095630000 2027
1511095630000 2036
1511095630000 2036
1511095630000 2036
1511095630000 2037
1511095630000 2042
1511095630000 2042
1511095630000 2042
1511095630000 2042
1511095630000 2043
1511095630000 2043
1511095630000 2043
1511095630000 2045
1511095630000 2047
1511095630000 2047
1511095630000 2051
1511095630000 2051
1511095630000 2056
1511095630000 2057
1511095630000 2059
1511095630000 2074
1511095630000 2076
1511095630000 2082
1511095630000 2083
1511095630000 2084
1511095630000 2084
1511095630000 2085
1511095630000 2085
1511095630000 2090
1511095630000 2090
1511095630000 2090
1511095630000 2090
1511095630000 2091
1511095630000 2091
1511095630000 2092
1511095630000 2097
1511095630000 2098
1511095630000 2098
1511095630000 2099
1511095630000 2107
1511095630000 2115
1511095630000 2128
1511095630000 2128
1511095630000 2129
1511095630000 2129
1511095630000 2129
1511095630000 2130
1511095630000 2131
1511095630000 2131
1511095630000 2142
1511095630000 2143
1511095630000 2217
1511095630000 2219
1511095630000 2238
1511095630000 2264
1511095630000 2265
1511095630000 2415
1511095630000 2423
1511095630000 2430
1511095630000 2431
1511095630000 2483
1511095630000 2484
1511095630000 2484
1511095630000 2485
1511095630000 2485
1511095630000 2652
1511095630000 2837
1511095630000 2845
1511095630000 2849
1511095630000 2850
1511095630000 2853
1511095630000 2854
1511095630000 2855
1511095630000 3026
1511095630000 3027
1511095630000 3028
1511095630000 3028
1511095640000 259
1511095640000 259
1511095640000 259
1511095640000 259
1511095640000 259
1511095640000 259
1511095640000 260
1511095640000 260
1511095640000 260
1511095640000 260
1511095640000 260
1511095640000 260
1511095640000 260
1511095640000 260
1511095640000 260
1511095640000 260
1511095640000 260
1511095640000 260
1511095640000 260
1511095640000 260
1511095640000 260
1511095640000 260
1511095640000 260
1511095640000 260
1511095640000 260
1511095640000 260
1511095640000 260
1511095640000 260
1511095640000 260
1511095640000 260
1511095640000 260
1511095640000 260
1511095640000 260
1511095640000 261
1511095640000 261
1511095640000 261
1511095640000 261
1511095640000 261
1511095640000 261
1511095640000 261
1511095640000 261
1511095640000 261
1511095640000 261
1511095640000 261
1511095640000 261
1511095640000 261
1511095640000 261
1511095640000 261
1511095640000 261
1511095640000 261
1511095640000 261
1511095640000 261
1511095640000 263
1511095640000 263
1511095640000 263
1511095640000 263
1511095640000 263
1511095640000 263
1511095640000 263
1511095640000 263
1511095640000 263
1511095640000 263
1511095640000 263
1511095640000 263
1511095640000 263
1511095640000 263
1511095640000 263
1511095640000 263
1511095640000 263
1511095640000 263
1511095640000 263
1511095640000 263
1511095640000 263
1511095640000 263
1511095640000 264
1511095640000 264
1511095640000 264
1511095640000 264
1511095640000 264
1511095640000 264
1511095640000 264
1511095640000 264
1511095640000 264
1511095640000 264
1511095640000 264
1511095640000 264
1511095640000 264
1511095640000 265
1511095640000 265
1511095640000 265
1511095640000 265
1511095640000 265
1511095640000 266
1511095640000 266
1511095640000 266
1511095640000 266
1511095640000 294
1511095640000 296
1511095640000 297
1511095640000 297
1511095650000 224
1511095650000 224
1511095650000 224
1511095650000 224
1511095650000 224
1511095650000 225
1511095650000 225
1511095650000 225
1511095650000 225
1511095650000 225
1511095650000 225
1511095650000 225
1511095650000 225
1511095650000 225
1511095650000 225
1511095650000 225
1511095650000 225
1511095650000 225
1511095650000 225
1511095650000 225
1511095650000 226
1511095650000 226
1511095650000 226
1511095650000 226
1511095650000 226
1511095650000 226
1511095650000 226
1511095650000 226
1511095650000 226
1511095650000 226
1511095650000 226
1511095650000 226
1511095650000 226
1511095650000 226
1511095650000 226
1511095650000 226
1511095650000 226
1511095650000 226
1511095650000 226
1511095650000 226
1511095650000 226
1511095650000 227
1511095650000 227
1511095650000 227
1511095650000 227
1511095650000 227
1511095650000 227
1511095650000 227
1511095650000 227
1511095650000 227
1511095650000 227
1511095650000 227
1511095650000 227
1511095650000 227
1511095650000 227
1511095650000 228
1511095650000 229
1511095650000 229
1511095650000 229
1511095650000 229
1511095650000 229
1511095650000 229
1511095650000 229
1511095650000 230
1511095650000 230
1511095650000 230
1511095650000 230
1511095650000 230
1511095650000 230
1511095650000 230
1511095650000 230
1511095650000 230
1511095650000 230
1511095650000 230
1511095650000 230
1511095650000 231
1511095650000 231
1511095650000 231
1511095650000 231
1511095650000 231
1511095650000 231
1511095650000 231
1511095650000 231
1511095650000 231
1511095650000 231
1511095650000 232
1511095650000 232
1511095650000 232
1511095650000 232
1511095650000 232
1511095650000 232
1511095650000 232
1511095650000 232
1511095650000 233
1511095650000 233
1511095650000 233
1511095650000 233
1511095650000 233
1511095650000 233
1511095650000 233
1511095660000 275
1511095660000 276
1511095660000 276
1511095660000 276
1511095660000 276
1511095660000 276
1511095660000 277
1511095660000 277
1511095660000 277
1511095660000 277
1511095660000 277
1511095660000 277
1511095660000 277
1511095660000 277
1511095660000 277
1511095660000 277
1511095660000 277
1511095660000 277
1511095660000 277
1511095660000 277
1511095660000 277
1511095660000 277
1511095660000 278
1511095660000 278
1511095660000 278
1511095660000 278
1511095660000 278
1511095660000 278
1511095660000 278
1511095660000 278
1511095660000 278
1511095660000 278
1511095660000 278
1511095660000 278
1511095660000 279
1511095660000 279
1511095660000 279
1511095660000 279
1511095660000 279
1511095660000 279
1511095660000 279
1511095660000 279
1511095660000 279
1511095660000 279
1511095660000 279
1511095660000 279
1511095660000 279
1511095660000 279
1511095660000 279
1511095660000 280
1511095660000 280
1511095660000 280
1511095660000 280
1511095660000 280
1511095660000 280
1511095660000 281
1511095660000 281
1511095660000 281
1511095660000 281
1511095660000 281
1511095660000 282
1511095660000 282
1511095660000 282
1511095660000 282
1511095660000 282
1511095660000 282
1511095660000 282
1511095660000 282
1511095660000 282
1511095660000 282
1511095660000 282
1511095660000 282
1511095660000 282
1511095660000 283
1511095660000 283
1511095660000 283
1511095660000 283
1511095660000 283
1511095660000 283
1511095660000 283
1511095660000 284
1511095660000 284
1511095660000 284
1511095660000 284
1511095660000 284
1511095660000 284
1511095660000 284
1511095660000 284
1511095660000 284
1511095660000 284
1511095660000 284
1511095660000 285
1511095660000 285
1511095660000 285
1511095660000 285
1511095660000 285
1511095660000 285
1511095660000 286
1511095660000 286
1511095660000 286
1511095670000 297
1511095670000 297
1511095670000 297
1511095670000 298
1511095670000 298
1511095670000 298
1511095670000 298
1511095670000 298
1511095670000 298
1511095670000 298
1511095670000 298
1511095670000 298
1511095670000 298
1511095670000 298
1511095670000 298
1511095670000 298
1511095670000 298
1511095670000 298
1511095670000 298
1511095670000 298
1511095670000 298
1511095670000 298
1511095670000 298
1511095670000 298
1511095670000 298
1511095670000 298
1511095670000 298
1511095670000 298
1511095670000 299
1511095670000 299
1511095670000 299
1511095670000 299
1511095670000 299
1511095670000 299
1511095670000 299
1511095670000 299
1511095670000 299
1511095670000 299
1511095670000 299
1511095670000 299
1511095670000 299
1511095670000 299
1511095670000 299
1511095670000 299
1511095670000 299
1511095670000 299
1511095670000 299
1511095670000 299
1511095670000 299
1511095670000 299
1511095670000 300
1511095670000 300
1511095670000 300
1511095670000 300
1511095670000 300
1511095670000 300
1511095670000 301
1511095670000 301
1511095670000 301
1511095670000 301
1511095670000 301
1511095670000 301
1511095670000 301
1511095670000 301
1511095670000 301
1511095670000 301
1511095670000 301
1511095670000 301
1511095670000 301
1511095670000 301
1511095670000 301
1511095670000 301
1511095670000 302
1511095670000 302
1511095670000 302
1511095670000 302
1511095670000 302
1511095670000 302
1511095670000 302
1511095670000 302
1511095670000 302
1511095670000 302
1511095670000 302
1511095670000 302
1511095670000 302
1511095670000 303
1511095670000 303
1511095670000 303
1511095670000 303
1511095670000 303
1511095670000 303
1511095670000 304
1511095670000 304
1511095670000 304
1511095670000 304
1511095670000 305
1511095670000 305
1511095670000 305
1511095670000 306
1511095670000 306
1511095680000 358
1511095680000 358
1511095680000 359
1511095680000 359
1511095680000 359
1511095680000 359
1511095680000 359
1511095680000 359
1511095680000 359
1511095680000 359
1511095680000 359
1511095680000 359
1511095680000 359
1511095680000 359
1511095680000 359
1511095680000 359
1511095680000 359
1511095680000 359
1511095680000 359
1511095680000 360
1511095680000 360
1511095680000 360
1511095680000 360
1511095680000 360
1511095680000 360
1511095680000 360
1511095680000 360
1511095680000 360
1511095680000 360
1511095680000 360
1511095680000 360
1511095680000 360
1511095680000 360
1511095680000 360
1511095680000 360
1511095680000 360
1511095680000 360
1511095680000 360
1511095680000 360
1511095680000 360
1511095680000 360
1511095680000 361
1511095680000 361
1511095680000 361
1511095680000 361
1511095680000 361
1511095680000 361
1511095680000 361
1511095680000 361
1511095680000 361
1511095680000 361
1511095680000 361
1511095680000 361
1511095680000 361
1511095680000 361
1511095680000 362
1511095680000 362
1511095680000 362
1511095680000 362
1511095680000 362
1511095680000 362
1511095680000 362
1511095680000 362
1511095680000 363
1511095680000 363
1511095680000 363
1511095680000 363
1511095680000 363
1511095680000 363
1511095680000 363
1511095680000 363
1511095680000 363
1511095680000 363
1511095680000 363
1511095680000 363
1511095680000 363
1511095680000 363
1511095680000 363
1511095680000 363
1511095680000 364
1511095680000 364
1511095680000 364
1511095680000 364
1511095680000 364
1511095680000 364
1511095680000 364
1511095680000 364
1511095680000 364
1511095680000 364
1511095680000 364
1511095680000 364
1511095680000 364
1511095680000 364
1511095680000 365
1511095680000 365
1511095680000 365
1511095680000 365
1511095680000 365
1511095680000 365
1511095680000 366
1511095690000 278
1511095690000 278
1511095690000 279
1511095690000 279
1511095690000 280
1511095690000 280
1511095690000 280
1511095690000 280
1511095690000 280
1511095690000 280
1511095690000 280
1511095690000 280
1511095690000 280
1511095690000 280
1511095690000 280
1511095690000 280
1511095690000 280
1511095690000 280
1511095690000 280
1511095690000 280
1511095690000 280
1511095690000 280
1511095690000 280
1511095690000 280
1511095690000 280
1511095690000 280
1511095690000 280
1511095690000 280
1511095690000 280
1511095690000 280
1511095690000 280
1511095690000 280
1511095690000 280
1511095690000 280
1511095690000 280
1511095690000 280
1511095690000 280
1511095690000 280
1511095690000 280
1511095690000 280
1511095690000 280
1511095690000 280
1511095690000 280
1511095690000 280
1511095690000 280
1511095690000 281
1511095690000 281
1511095690000 281
1511095690000 281
1511095690000 281
1511095690000 281
1511095690000 281
1511095690000 281
1511095690000 281
1511095690000 281
1511095690000 281
1511095690000 282
1511095690000 282
1511095690000 282
1511095690000 282
1511095690000 282
1511095690000 282
1511095690000 282
1511095690000 282
1511095690000 282
1511095690000 282
1511095690000 282
1511095690000 282
1511095690000 282
1511095690000 282
1511095690000 282
1511095690000 282
1511095690000 282
1511095690000 282
1511095690000 282
1511095690000 282
1511095690000 282
1511095690000 282
1511095690000 283
1511095690000 283
1511095690000 283
1511095690000 283
1511095690000 283
1511095690000 283
1511095690000 283
1511095690000 283
1511095690000 283
1511095690000 283
1511095690000 283
1511095690000 283
1511095690000 283
1511095690000 283
1511095690000 284
1511095690000 284
1511095690000 284
1511095690000 284
1511095690000 284
1511095690000 284
1511095690000 284
1511095690000 284
1511095700000 300
1511095700000 300
1511095700000 300
1511095700000 300
1511095700000 300
1511095700000 300
1511095700000 300
1511095700000 300
1511095700000 300
1511095700000 301
1511095700000 301
1511095700000 301
1511095700000 301
1511095700000 301
1511095700000 301
1511095700000 301
1511095700000 301
1511095700000 301
1511095700000 301
1511095700000 301
1511095700000 301
1511095700000 301
1511095700000 301
1511095700000 301
1511095700000 301
1511095700000 301
1511095700000 301
1511095700000 301
1511095700000 301
1511095700000 301
1511095700000 301
1511095700000 302
1511095700000 302
1511095700000 302
1511095700000 302
1511095700000 302
1511095700000 302
1511095700000 302
1511095700000 302
1511095700000 302
1511095700000 302
1511095700000 302
1511095700000 302
1511095700000 302
1511095700000 302
1511095700000 302
1511095700000 302
1511095700000 303
1511095700000 303
1511095700000 303
1511095700000 303
1511095700000 303
1511095700000 303
1511095700000 303
1511095700000 303
1511095700000 304
1511095700000 304
1511095700000 304
1511095700000 304
1511095700000 304
1511095700000 304
1511095700000 304
1511095700000 304
1511095700000 304
1511095700000 304
1511095700000 304
1511095700000 304
1511095700000 304
1511095700000 304
1511095700000 305
1511095700000 305
1511095700000 305
1511095700000 305
1511095700000 305
1511095700000 305
1511095700000 305
1511095700000 305
1511095700000 305
1511095700000 305
1511095700000 305
1511095700000 305
1511095700000 305
1511095700000 305
1511095700000 306
1511095700000 306
1511095700000 306
1511095700000 306
1511095700000 306
1511095700000 306
1511095700000 306
1511095700000 306
1511095700000 307
1511095700000 307
1511095700000 307
1511095700000 307
1511095700000 332
1511095700000 332
1511095700000 332
1511095700000 332
1511095700000 333
1511095710000 339
1511095710000 339
1511095710000 339
1511095710000 339
1511095710000 339
1511095710000 339
1511095710000 339
1511095710000 340
1511095710000 340
1511095710000 340
1511095710000 340
1511095710000 340
1511095710000 340
1511095710000 340
1511095710000 340
1511095710000 340
1511095710000 340
1511095710000 340
1511095710000 340
1511095710000 341
1511095710000 341
1511095710000 341
1511095710000 341
1511095710000 341
1511095710000 341
1511095710000 341
1511095710000 341
1511095710000 341
1511095710000 341
1511095710000 341
1511095710000 341
1511095710000 341
1511095710000 341
1511095710000 341
1511095710000 341
1511095710000 341
1511095710000 341
1511095710000 341
1511095710000 341
1511095710000 341
1511095710000 341
1511095710000 341
1511095710000 341
1511095710000 341
1511095710000 341
1511095710000 342
1511095710000 342
1511095710000 342
1511095710000 342
1511095710000 342
1511095710000 342
1511095710000 342
1511095710000 342
1511095710000 342
1511095710000 342
1511095710000 342
1511095710000 343
1511095710000 343
1511095710000 343
1511095710000 343
1511095710000 343
1511095710000 343
1511095710000 343
1511095710000 343
1511095710000 344
1511095710000 344
1511095710000 344
1511095710000 344
1511095710000 344
1511095710000 344
1511095710000 344
1511095710000 344
1511095710000 344
1511095710000 344
1511095710000 344
1511095710000 344
1511095710000 344
1511095710000 344
1511095710000 345
1511095710000 345
1511095710000 345
1511095710000 345
1511095710000 345
1511095710000 345
1511095710000 345
1511095710000 345
1511095710000 345
1511095710000 345
1511095710000 345
1511095710000 345
1511095710000 345
1511095710000 345
1511095710000 345
1511095710000 346
1511095710000 346
1511095710000 346
1511095710000 346
1511095710000 346
1511095710000 347
1511095710000 347
1511095720000 313
1511095720000 313
1511095720000 313
1511095720000 313
1511095720000 313
1511095720000 313
1511095720000 313
1511095720000 314
1511095720000 314
1511095720000 314
1511095720000 314
1511095720000 314
1511095720000 314
1511095720000 314
1511095720000 314
1511095720000 314
1511095720000 314
1511095720000 314
1511095720000 314
1511095720000 314
1511095720000 314
1511095720000 314
1511095720000 315
1511095720000 315
1511095720000 315
1511095720000 315
1511095720000 315
1511095720000 315
1511095720000 315
1511095720000 315
1511095720000 315
1511095720000 315
1511095720000 315
1511095720000 315
1511095720000 315
1511095720000 315
1511095720000 315
1511095720000 315
1511095720000 315
1511095720000 316
1511095720000 316
1511095720000 316
1511095720000 316
1511095720000 316
1511095720000 316
1511095720000 316
1511095720000 316
1511095720000 316
1511095720000 316
1511095720000 316
1511095720000 316
1511095720000 316
1511095720000 316
1511095720000 316
1511095720000 316
1511095720000 316
1511095720000 317
1511095720000 317
1511095720000 317
1511095720000 317
1511095720000 317
1511095720000 317
1511095720000 317
1511095720000 317
1511095720000 317
1511095720000 317
1511095720000 317
1511095720000 317
1511095720000 317
1511095720000 317
1511095720000 317
1511095720000 317
1511095720000 317
1511095720000 317
1511095720000 317
1511095720000 318
1511095720000 318
1511095720000 318
1511095720000 318
1511095720000 318
1511095720000 318
1511095720000 318
1511095720000 318
1511095720000 318
1511095720000 318
1511095720000 318
1511095720000 318
1511095720000 318
1511095720000 318
1511095720000 318
1511095720000 319
1511095720000 319
1511095720000 319
1511095720000 319
1511095720000 319
1511095720000 319
1511095720000 320
1511095720000 320
1511095720000 320
1511095720000 320
1511095730000 272
1511095730000 273
1511095730000 273
1511095730000 273
1511095730000 273
1511095730000 273
1511095730000 273
1511095730000 273
1511095730000 273
1511095730000 273
1511095730000 274
1511095730000 274
1511095730000 274
1511095730000 274
1511095730000 274
1511095730000 274
1511095730000 274
1511095730000 274
1511095730000 274
1511095730000 274
1511095730000 274
1511095730000 274
1511095730000 274
1511095730000 274
1511095730000 274
1511095730000 274
1511095730000 274
1511095730000 274
1511095730000 274
1511095730000 274
1511095730000 274
1511095730000 274
1511095730000 274
1511095730000 275
1511095730000 275
1511095730000 275
1511095730000 275
1511095730000 275
1511095730000 275
1511095730000 275
1511095730000 275
1511095730000 275
1511095730000 275
1511095730000 275
1511095730000 275
1511095730000 275
1511095730000 275
1511095730000 275
1511095730000 275
1511095730000 275
1511095730000 275
1511095730000 275
1511095730000 275
1511095730000 275
1511095730000 275
1511095730000 276
1511095730000 276
1511095730000 276
1511095730000 276
1511095730000 276
1511095730000 276
1511095730000 276
1511095730000 276
1511095730000 276
1511095730000 276
1511095730000 277
1511095730000 277
1511095730000 277
1511095730000 277
1511095730000 277
1511095730000 277
1511095730000 277
1511095730000 277
1511095730000 277
1511095730000 277
1511095730000 277
1511095730000 277
1511095730000 277
1511095730000 277
1511095730000 277
1511095730000 278
1511095730000 278
1511095730000 278
1511095730000 278
1511095730000 278
1511095730000 278
1511095730000 278
1511095730000 278
1511095730000 278
1511095730000 278
1511095730000 278
1511095730000 278
1511095730000 278
1511095730000 278
1511095730000 279
1511095730000 279
1511095730000 279
1511095730000 279
1511095730000 279
1511095730000 279
1511095740000 300
1511095740000 300
1511095740000 300
1511095740000 300
1511095740000 300
1511095740000 300
1511095740000 300
1511095740000 300
1511095740000 300
1511095740000 300
1511095740000 300
1511095740000 300
1511095740000 300
1511095740000 300
1511095740000 300
1511095740000 301
1511095740000 301
1511095740000 301
1511095740000 301
1511095740000 301
1511095740000 301
1511095740000 301
1511095740000 301
1511095740000 301
1511095740000 301
1511095740000 301
1511095740000 301
1511095740000 301
1511095740000 301
1511095740000 301
1511095740000 301
1511095740000 301
1511095740000 301
1511095740000 301
1511095740000 301
1511095740000 301
1511095740000 301
1511095740000 301
1511095740000 301
1511095740000 301
1511095740000 301
1511095740000 301
1511095740000 301
1511095740000 301
1511095740000 301
1511095740000 301
1511095740000 301
1511095740000 302
1511095740000 302
1511095740000 302
1511095740000 302
1511095740000 302
1511095740000 302
1511095740000 302
1511095740000 302
1511095740000 303
1511095740000 303
1511095740000 303
1511095740000 303
1511095740000 303
1511095740000 303
1511095740000 303
1511095740000 303
1511095740000 303
1511095740000 303
1511095740000 303
1511095740000 303
1511095740000 303
1511095740000 304
1511095740000 304
1511095740000 304
1511095740000 304
1511095740000 304
1511095740000 304
1511095740000 304
1511095740000 304
1511095740000 304
1511095740000 304
1511095740000 304
1511095740000 304
1511095740000 304
1511095740000 304
1511095740000 305
1511095740000 305
1511095740000 305
1511095740000 305
1511095740000 305
1511095740000 305
1511095740000 305
1511095740000 305
1511095740000 305
1511095740000 305
1511095740000 305
1511095740000 306
1511095740000 306
1511095740000 306
1511095740000 306
1511095740000 306
1511095740000 306
1511095740000 307
1511095750000 324
1511095750000 324
1511095750000 324
1511095750000 325
1511095750000 325
1511095750000 325
1511095750000 325
1511095750000 325
1511095750000 325
1511095750000 325
1511095750000 325
1511095750000 325
1511095750000 325
1511095750000 325
1511095750000 325
1511095750000 325
1511095750000 325
1511095750000 325
1511095750000 325
1511095750000 325
1511095750000 325
1511095750000 325
1511095750000 325
1511095750000 325
1511095750000 325
1511095750000 325
1511095750000 325
1511095750000 325
1511095750000 325
1511095750000 325
1511095750000 325
1511095750000 325
1511095750000 325
1511095750000 325
1511095750000 325
1511095750000 325
1511095750000 325
1511095750000 325
1511095750000 325
1511095750000 325
1511095750000 325
1511095750000 325
1511095750000 325
1511095750000 325
1511095750000 325
1511095750000 325
1511095750000 325
1511095750000 326
1511095750000 326
1511095750000 326
1511095750000 326
1511095750000 326
1511095750000 326
1511095750000 326
1511095750000 326
1511095750000 326
1511095750000 326
1511095750000 326
1511095750000 326
1511095750000 326
1511095750000 326
1511095750000 326
1511095750000 326
1511095750000 327
1511095750000 327
1511095750000 327
1511095750000 327
1511095750000 327
1511095750000 327
1511095750000 327
1511095750000 327
1511095750000 327
1511095750000 327
1511095750000 327
1511095750000 327
1511095750000 327
1511095750000 327
1511095750000 327
1511095750000 327
1511095750000 327
1511095750000 328
1511095750000 328
1511095750000 328
1511095750000 328
1511095750000 328
1511095750000 328
1511095750000 328
1511095750000 328
1511095750000 328
1511095750000 328
1511095750000 328
1511095750000 328
1511095750000 328
1511095750000 328
1511095750000 328
1511095750000 328
1511095750000 328
1511095750000 329
1511095750000 329
1511095750000 329
1511095760000 288
1511095760000 288
1511095760000 289
1511095760000 289
1511095760000 289
1511095760000 289
1511095760000 289
1511095760000 289
1511095760000 289
1511095760000 289
1511095760000 289
1511095760000 289
1511095760000 289
1511095760000 290
1511095760000 290
1511095760000 290
1511095760000 290
1511095760000 290
1511095760000 290
1511095760000 290
1511095760000 290
1511095760000 290
1511095760000 290
1511095760000 290
1511095760000 290
1511095760000 290
1511095760000 290
1511095760000 290
1511095760000 290
1511095760000 290
1511095760000 290
1511095760000 290
1511095760000 290
1511095760000 291
1511095760000 291
1511095760000 291
1511095760000 291
1511095760000 291
1511095760000 291
1511095760000 291
1511095760000 291
1511095760000 291
1511095760000 291
1511095760000 291
1511095760000 291
1511095760000 291
1511095760000 291
1511095760000 291
1511095760000 291
1511095760000 291
1511095760000 291
1511095760000 291
1511095760000 291
1511095760000 291
1511095760000 291
1511095760000 292
1511095760000 292
1511095760000 292
1511095760000 292
1511095760000 292
1511095760000 292
1511095760000 292
1511095760000 292
1511095760000 292
1511095760000 293
1511095760000 293
1511095760000 293
1511095760000 293
1511095760000 293
1511095760000 293
1511095760000 293
1511095760000 293
1511095760000 293
1511095760000 293
1511095760000 293
1511095760000 293
1511095760000 293
1511095760000 293
1511095760000 293
1511095760000 294
1511095760000 294
1511095760000 294
1511095760000 294
1511095760000 294
1511095760000 294
1511095760000 294
1511095760000 294
1511095760000 294
1511095760000 294
1511095760000 294
1511095760000 294
1511095760000 294
1511095760000 294
1511095760000 295
1511095760000 295
1511095760000 295
1511095760000 295
1511095760000 295
1511095760000 295
1511095760000 295
1511095770000 291
1511095770000 292
1511095770000 292
1511095770000 292
1511095770000 292
1511095770000 292
1511095770000 292
1511095770000 292
1511095770000 292
1511095770000 292
1511095770000 292
1511095770000 292
1511095770000 292
1511095770000 292
1511095770000 292
1511095770000 292
1511095770000 292
1511095770000 292
1511095770000 293
1511095770000 293
1511095770000 293
1511095770000 293
1511095770000 293
1511095770000 293
1511095770000 293
1511095770000 293
1511095770000 293
1511095770000 293
1511095770000 293
1511095770000 293
1511095770000 294
1511095770000 294
1511095770000 294
1511095770000 294
1511095770000 294
1511095770000 294
1511095770000 294
1511095770000 294
1511095770000 294
1511095770000 294
1511095770000 294
1511095770000 294
1511095770000 294
1511095770000 294
1511095770000 294
1511095770000 294
1511095770000 294
1511095770000 294
1511095770000 294
1511095770000 294
1511095770000 294
1511095770000 294
1511095770000 294
1511095770000 295
1511095770000 295
1511095770000 295
1511095770000 295
1511095770000 295
1511095770000 295
1511095770000 295
1511095770000 295
1511095770000 296
1511095770000 296
1511095770000 296
1511095770000 296
1511095770000 296
1511095770000 296
1511095770000 296
1511095770000 296
1511095770000 296
1511095770000 296
1511095770000 296
1511095770000 296
1511095770000 296
1511095770000 296
1511095770000 296
1511095770000 297
1511095770000 297
1511095770000 297
1511095770000 297
1511095770000 297
1511095770000 297
1511095770000 297
1511095770000 297
1511095770000 297
1511095770000 297
1511095770000 297
1511095770000 298
1511095770000 298
1511095770000 298
1511095770000 298
1511095770000 298
1511095770000 299
1511095770000 299
1511095770000 299
1511095770000 300
1511095770000 306
1511095770000 306
1511095770000 307
1511095770000 307
1511095780000 302
1511095780000 302
1511095780000 302
1511095780000 302
1511095780000 302
1511095780000 302
1511095780000 303
1511095780000 303
1511095780000 303
1511095780000 303
1511095780000 303
1511095780000 303
1511095780000 303
1511095780000 303
1511095780000 303
1511095780000 303
1511095780000 303
1511095780000 303
1511095780000 303
1511095780000 303
1511095780000 304
1511095780000 304
1511095780000 304
1511095780000 304
1511095780000 304
1511095780000 304
1511095780000 304
1511095780000 304
1511095780000 304
1511095780000 304
1511095780000 304
1511095780000 304
1511095780000 304
1511095780000 304
1511095780000 304
1511095780000 304
1511095780000 304
1511095780000 304
1511095780000 304
1511095780000 304
1511095780000 304
1511095780000 304
1511095780000 304
1511095780000 304
1511095780000 304
1511095780000 304
1511095780000 304
1511095780000 304
1511095780000 304
1511095780000 304
1511095780000 304
1511095780000 304
1511095780000 304
1511095780000 305
1511095780000 305
1511095780000 305
1511095780000 305
1511095780000 305
1511095780000 305
1511095780000 305
1511095780000 305
1511095780000 306
1511095780000 306
1511095780000 306
1511095780000 306
1511095780000 306
1511095780000 306
1511095780000 306
1511095780000 306
1511095780000 306
1511095780000 306
1511095780000 306
1511095780000 306
1511095780000 306
1511095780000 306
1511095780000 306
1511095780000 306
1511095780000 307
1511095780000 307
1511095780000 307
1511095780000 307
1511095780000 307
1511095780000 307
1511095780000 307
1511095780000 307
1511095780000 307
1511095780000 307
1511095780000 307
1511095780000 308
1511095780000 308
1511095780000 308
1511095780000 308
1511095780000 323
1511095780000 323
1511095780000 323
1511095780000 326
1511095780000 326
1511095780000 327
1511095780000 327
1511095780000 328
1511095790000 275
1511095790000 275
1511095790000 276
1511095790000 276
1511095790000 276
1511095790000 276
1511095790000 277
1511095790000 277
1511095790000 277
1511095790000 277
1511095790000 277
1511095790000 277
1511095790000 277
1511095790000 277
1511095790000 277
1511095790000 277
1511095790000 277
1511095790000 278
1511095790000 278
1511095790000 278
1511095790000 278
1511095790000 278
1511095790000 278
1511095790000 278
1511095790000 278
1511095790000 278
1511095790000 278
1511095790000 278
1511095790000 278
1511095790000 278
1511095790000 278
1511095790000 278
1511095790000 278
1511095790000 278
1511095790000 278
1511095790000 278
1511095790000 278
1511095790000 278
1511095790000 278
1511095790000 278
1511095790000 278
1511095790000 278
1511095790000 278
1511095790000 278
1511095790000 278
1511095790000 278
1511095790000 278
1511095790000 278
1511095790000 278
1511095790000 279
1511095790000 279
1511095790000 279
1511095790000 279
1511095790000 279
1511095790000 279
1511095790000 279
1511095790000 279
1511095790000 279
1511095790000 280
1511095790000 280
1511095790000 280
1511095790000 280
1511095790000 280
1511095790000 280
1511095790000 280
1511095790000 280
1511095790000 280
1511095790000 280
1511095790000 280
1511095790000 280
1511095790000 280
1511095790000 280
1511095790000 280
1511095790000 280
1511095790000 280
1511095790000 280
1511095790000 280
1511095790000 280
1511095790000 280
1511095790000 280
1511095790000 280
1511095790000 280
1511095790000 281
1511095790000 281
1511095790000 281
1511095790000 281
1511095790000 281
1511095790000 281
1511095790000 281
1511095790000 281
1511095790000 281
1511095790000 281
1511095790000 281
1511095790000 281
1511095790000 281
1511095790000 281
1511095790000 281
1511095790000 281
1511095790000 282
1511095790000 282
1511095800000 334
1511095800000 335
1511095800000 335
1511095800000 335
1511095800000 335
1511095800000 335
1511095800000 335
1511095800000 335
1511095800000 335
1511095800000 335
1511095800000 335
1511095800000 335
1511095800000 335
1511095800000 335
1511095800000 336
1511095800000 336
1511095800000 336
1511095800000 336
1511095800000 336
1511095800000 336
1511095800000 336
1511095800000 336
1511095800000 336
1511095800000 336
1511095800000 336
1511095800000 336
1511095800000 336
1511095800000 336
1511095800000 336
1511095800000 336
1511095800000 336
1511095800000 336
1511095800000 336
1511095800000 336
1511095800000 336
1511095800000 336
1511095800000 336
1511095800000 336
1511095800000 336
1511095800000 336
1511095800000 336
1511095800000 337
1511095800000 337
1511095800000 337
1511095800000 337
1511095800000 337
1511095800000 337
1511095800000 337
1511095800000 337
1511095800000 337
1511095800000 337
1511095800000 337
1511095800000 337
1511095800000 337
1511095800000 337
1511095800000 338
1511095800000 338
1511095800000 338
1511095800000 338
1511095800000 339
1511095800000 339
1511095800000 339
1511095800000 339
1511095800000 339
1511095800000 339
1511095800000 339
1511095800000 339
1511095800000 339
1511095800000 339
1511095800000 339
1511095800000 339
1511095800000 339
1511095800000 339
1511095800000 339
1511095800000 339
1511095800000 339
1511095800000 339
1511095800000 339
1511095800000 340
1511095800000 340
1511095800000 340
1511095800000 340
1511095800000 340
1511095800000 340
1511095800000 340
1511095800000 340
1511095800000 340
1511095800000 340
1511095800000 340
1511095800000 340
1511095800000 340
1511095800000 341
1511095800000 341
1511095800000 341
1511095800000 341
1511095800000 341
1511095800000 341
1511095800000 342
1511095800000 342
1511095800000 342
1511095810000 303
1511095810000 303
1511095810000 303
1511095810000 303
1511095810000 303
1511095810000 303
1511095810000 304
1511095810000 304
1511095810000 304
1511095810000 304
1511095810000 304
1511095810000 304
1511095810000 304
1511095810000 304
1511095810000 304
1511095810000 304
1511095810000 304
1511095810000 304
1511095810000 304
1511095810000 304
1511095810000 304
1511095810000 304
1511095810000 304
1511095810000 304
1511095810000 304
1511095810000 304
1511095810000 304
1511095810000 304
1511095810000 304
1511095810000 304
1511095810000 304
1511095810000 304
1511095810000 304
1511095810000 304
1511095810000 304
1511095810000 304
1511095810000 304
1511095810000 304
1511095810000 304
1511095810000 304
1511095810000 304
1511095810000 304
1511095810000 304
1511095810000 304
1511095810000 304
1511095810000 304
1511095810000 305
1511095810000 305
1511095810000 305
1511095810000 305
1511095810000 305
1511095810000 305
1511095810000 305
1511095810000 305
1511095810000 305
1511095810000 305
1511095810000 305
1511095810000 305
1511095810000 305
1511095810000 305
1511095810000 306
1511095810000 306
1511095810000 306
1511095810000 306
1511095810000 306
1511095810000 306
1511095810000 306
1511095810000 306
1511095810000 306
1511095810000 306
1511095810000 306
1511095810000 306
1511095810000 306
1511095810000 306
1511095810000 306
1511095810000 306
1511095810000 306
1511095810000 306
1511095810000 306
1511095810000 306
1511095810000 306
1511095810000 307
1511095810000 307
1511095810000 307
1511095810000 307
1511095810000 307
1511095810000 307
1511095810000 307
1511095810000 307
1511095810000 307
1511095810000 307
1511095810000 307
1511095810000 307
1511095810000 307
1511095810000 307
1511095810000 308
1511095810000 308
1511095810000 308
1511095810000 308
1511095810000 308
1511095820000 288
1511095820000 288
1511095820000 288
1511095820000 289
1511095820000 289
1511095820000 289
1511095820000 289
1511095820000 289
1511095820000 289
1511095820000 289
1511095820000 289
1511095820000 289
1511095820000 289
1511095820000 289
1511095820000 289
1511095820000 289
1511095820000 289
1511095820000 289
1511095820000 289
1511095820000 289
1511095820000 289
1511095820000 290
1511095820000 290
1511095820000 290
1511095820000 290
1511095820000 290
1511095820000 290
1511095820000 290
1511095820000 290
1511095820000 290
1511095820000 290
1511095820000 290
1511095820000 290
1511095820000 290
1511095820000 290
1511095820000 290
1511095820000 291
1511095820000 291
1511095820000 291
1511095820000 291
1511095820000 291
1511095820000 291
1511095820000 291
1511095820000 291
1511095820000 291
1511095820000 291
1511095820000 291
1511095820000 291
1511095820000 291
1511095820000 291
1511095820000 291
1511095820000 291
1511095820000 291
1511095820000 291
1511095820000 291
1511095820000 292
1511095820000 292
1511095820000 292
1511095820000 292
1511095820000 292
1511095820000 292
1511095820000 292
1511095820000 292
1511095820000 292
1511095820000 293
1511095820000 293
1511095820000 293
1511095820000 293
1511095820000 293
1511095820000 293
1511095820000 293
1511095820000 293
1511095820000 293
1511095820000 293
1511095820000 293
1511095820000 293
1511095820000 293
1511095820000 293
1511095820000 294
1511095820000 294
1511095820000 294
1511095820000 294
1511095820000 294
1511095820000 294
1511095820000 294
1511095820000 294
1511095820000 294
1511095820000 294
1511095820000 294
1511095820000 294
1511095820000 294
1511095820000 294
1511095820000 294
1511095820000 295
1511095820000 295
1511095820000 295
1511095820000 295
1511095820000 295
1511095820000 295
1511095820000 296
1511095830000 279
1511095830000 279
1511095830000 279
1511095830000 279
1511095830000 279
1511095830000 279
1511095830000 279
1511095830000 279
1511095830000 279
1511095830000 279
1511095830000 279
1511095830000 280
1511095830000 280
1511095830000 280
1511095830000 280
1511095830000 280
1511095830000 280
1511095830000 280
1511095830000 280
1511095830000 280
1511095830000 280
1511095830000 280
1511095830000 280
1511095830000 280
1511095830000 280
1511095830000 280
1511095830000 280
1511095830000 280
1511095830000 280
1511095830000 280
1511095830000 280
1511095830000 280
1511095830000 280
1511095830000 280
1511095830000 280
1511095830000 280
1511095830000 280
1511095830000 280
1511095830000 280
1511095830000 281
1511095830000 281
1511095830000 281
1511095830000 281
1511095830000 281
1511095830000 281
1511095830000 281
1511095830000 281
1511095830000 281
1511095830000 281
1511095830000 281
1511095830000 281
1511095830000 281
1511095830000 281
1511095830000 282
1511095830000 282
1511095830000 282
1511095830000 282
1511095830000 282
1511095830000 283
1511095830000 283
1511095830000 283
1511095830000 283
1511095830000 283
1511095830000 283
1511095830000 283
1511095830000 283
1511095830000 283
1511095830000 283
1511095830000 283
1511095830000 283
1511095830000 283
1511095830000 283
1511095830000 283
1511095830000 283
1511095830000 283
1511095830000 283
1511095830000 284
1511095830000 284
1511095830000 284
1511095830000 284
1511095830000 284
1511095830000 284
1511095830000 284
1511095830000 284
1511095830000 284
1511095830000 284
1511095830000 285
1511095830000 285
1511095830000 285
1511095830000 285
1511095830000 286
1511095830000 286
1511095830000 286
1511095830000 286
1511095830000 286
1511095830000 286
1511095830000 286
1511095830000 287
1511095830000 288
1511095830000 288
1511095840000 286
1511095840000 286
1511095840000 287
1511095840000 287
1511095840000 287
1511095840000 287
1511095840000 287
1511095840000 287
1511095840000 288
1511095840000 288
1511095840000 288
1511095840000 288
1511095840000 288
1511095840000 288
1511095840000 288
1511095840000 288
1511095840000 288
1511095840000 288
1511095840000 288
1511095840000 288
1511095840000 288
1511095840000 288
1511095840000 288
1511095840000 288
1511095840000 289
1511095840000 289
1511095840000 289
1511095840000 289
1511095840000 289
1511095840000 289
1511095840000 289
1511095840000 289
1511095840000 289
1511095840000 289
1511095840000 289
1511095840000 289
1511095840000 289
1511095840000 289
1511095840000 289
1511095840000 289
1511095840000 289
1511095840000 289
1511095840000 289
1511095840000 289
1511095840000 289
1511095840000 289
1511095840000 289
1511095840000 289
1511095840000 289
1511095840000 289
1511095840000 289
1511095840000 289
1511095840000 289
1511095840000 289
1511095840000 289
1511095840000 290
1511095840000 290
1511095840000 290
1511095840000 290
1511095840000 290
1511095840000 290
1511095840000 290
1511095840000 290
1511095840000 290
1511095840000 290
1511095840000 290
1511095840000 290
1511095840000 290
1511095840000 290
1511095840000 290
1511095840000 290
1511095840000 290
1511095840000 290
1511095840000 290
1511095840000 290
1511095840000 291
1511095840000 291
1511095840000 291
1511095840000 291
1511095840000 291
1511095840000 291
1511095840000 291
1511095840000 291
1511095840000 291
1511095840000 291
1511095840000 291
1511095840000 291
1511095840000 291
1511095840000 291
1511095840000 291
1511095840000 291
1511095840000 291
1511095840000 292
1511095840000 292
1511095840000 292
1511095840000 292
1511095840000 292
1511095840000 292
1511095840000 292
1511095840000 292
1511095850000 296
1511095850000 296
1511095850000 296
1511095850000 296
1511095850000 296
1511095850000 296
1511095850000 296
1511095850000 296
1511095850000 297
1511095850000 297
1511095850000 297
1511095850000 297
1511095850000 297
1511095850000 297
1511095850000 297
1511095850000 298
1511095850000 298
1511095850000 298
1511095850000 298
1511095850000 298
1511095850000 298
1511095850000 298
1511095850000 298
1511095850000 298
1511095850000 298
1511095850000 298
1511095850000 299
1511095850000 299
1511095850000 299
1511095850000 299
1511095850000 299
1511095850000 299
1511095850000 299
1511095850000 299
1511095850000 299
1511095850000 299
1511095850000 299
1511095850000 299
1511095850000 299
1511095850000 299
1511095850000 299
1511095850000 299
1511095850000 299
1511095850000 299
1511095850000 299
1511095850000 299
1511095850000 299
1511095850000 299
1511095850000 299
1511095850000 299
1511095850000 300
1511095850000 300
1511095850000 300
1511095850000 300
1511095850000 300
1511095850000 300
1511095850000 300
1511095850000 300
1511095850000 300
1511095850000 300
1511095850000 301
1511095850000 301
1511095850000 301
1511095850000 301
1511095850000 301
1511095850000 301
1511095850000 301
1511095850000 301
1511095850000 301
1511095850000 301
1511095850000 301
1511095850000 301
1511095850000 301
1511095850000 301
1511095850000 301
1511095850000 302
1511095850000 302
1511095850000 302
1511095850000 302
1511095850000 302
1511095850000 302
1511095850000 302
1511095850000 302
1511095850000 302
1511095850000 302
1511095850000 302
1511095850000 303
1511095850000 303
1511095850000 303
1511095850000 303
1511095850000 303
1511095850000 303
1511095850000 303
1511095850000 303
1511095850000 311
1511095850000 311
1511095850000 316
1511095850000 317
1511095850000 318
1511095850000 319
1511095860000 296
1511095860000 296
1511095860000 296
1511095860000 296
1511095860000 297
1511095860000 297
1511095860000 297
1511095860000 297
1511095860000 297
1511095860000 297
1511095860000 297
1511095860000 297
1511095860000 297
1511095860000 297
1511095860000 297
1511095860000 297
1511095860000 297
1511095860000 297
1511095860000 297
1511095860000 297
1511095860000 297
1511095860000 297
1511095860000 297
1511095860000 297
1511095860000 297
1511095860000 297
1511095860000 298
1511095860000 298
1511095860000 298
1511095860000 298
1511095860000 298
1511095860000 298
1511095860000 298
1511095860000 298
1511095860000 298
1511095860000 298
1511095860000 298
1511095860000 298
1511095860000 298
1511095860000 298
1511095860000 298
1511095860000 298
1511095860000 298
1511095860000 298
1511095860000 298
1511095860000 298
1511095860000 298
1511095860000 298
1511095860000 298
1511095860000 298
1511095860000 298
1511095860000 298
1511095860000 299
1511095860000 299
1511095860000 299
1511095860000 300
1511095860000 300
1511095860000 300
1511095860000 300
1511095860000 300
1511095860000 300
1511095860000 300
1511095860000 300
1511095860000 300
1511095860000 300
1511095860000 300
1511095860000 300
1511095860000 300
1511095860000 300
1511095860000 300
1511095860000 300
1511095860000 300
1511095860000 300
1511095860000 300
1511095860000 301
1511095860000 301
1511095860000 301
1511095860000 301
1511095860000 301
1511095860000 301
1511095860000 301
1511095860000 301
1511095860000 301
1511095860000 301
1511095860000 301
1511095860000 302
1511095860000 302
1511095860000 302
1511095860000 302
1511095860000 302
1511095860000 302
1511095860000 302
1511095860000 302
1511095860000 302
1511095860000 302
1511095860000 302
1511095860000 302
1511095860000 303
1511095860000 303
1511095860000 303
1511095870000 2021
1511095870000 2021
1511095870000 2021
1511095870000 2021
1511095870000 2021
1511095870000 2021
1511095870000 2021
1511095870000 2022
1511095870000 2022
1511095870000 2022
1511095870000 2022
1511095870000 2022
1511095870000 2022
1511095870000 2022
1511095870000 2022
1511095870000 2023
1511095870000 2023
1511095870000 2023
1511095870000 2023
1511095870000 2023
1511095870000 2023
1511095870000 2023
1511095870000 2024
1511095870000 2026
1511095870000 2026
1511095870000 2026
1511095870000 2026
1511095870000 2026
1511095870000 2026
1511095870000 2026
1511095870000 2026
1511095870000 2026
1511095870000 2026
1511095870000 2026
1511095870000 2026
1511095870000 2026
1511095870000 2026
1511095870000 2026
1511095870000 2026
1511095870000 2027
1511095870000 2027
1511095870000 2027
1511095870000 2027
1511095870000 2027
1511095870000 2027
1511095870000 2027
1511095870000 2027
1511095870000 2027
1511095870000 2027
1511095870000 2027
1511095870000 2027
1511095870000 2027
1511095870000 2027
1511095870000 2027
1511095870000 2027
1511095870000 2027
1511095870000 2027
1511095870000 2027
1511095870000 2027
1511095870000 2027
1511095870000 2027
1511095870000 2027
1511095870000 2027
1511095870000 2027
1511095870000 2028
1511095870000 2028
1511095870000 2028
1511095870000 2028
1511095870000 2028
1511095870000 2028
1511095870000 2028
1511095870000 2028
1511095870000 2028
1511095870000 2028
1511095870000 2029
1511095870000 2029
1511095870000 2029
1511095870000 2029
1511095870000 2029
1511095870000 2029
1511095870000 2029
1511095870000 2029
1511095870000 2029
1511095870000 2029
1511095870000 2030
1511095870000 2030
1511095870000 2031
1511095870000 2059
1511095870000 2059
1511095870000 2060
1511095870000 2336
1511095870000 2337
1511095870000 2343
1511095870000 2343
1511095870000 2344
1511095870000 2347
1511095870000 2372
1511095870000 2373
1511095870000 2374
1511095870000 2374
1511095880000 277
1511095880000 278
1511095880000 278
1511095880000 278
1511095880000 278
1511095880000 278
1511095880000 278
1511095880000 278
1511095880000 278
1511095880000 278
1511095880000 278
1511095880000 278
1511095880000 279
1511095880000 279
1511095880000 279
1511095880000 279
1511095880000 279
1511095880000 279
1511095880000 279
1511095880000 279
1511095880000 279
1511095880000 279
1511095880000 279
1511095880000 279
1511095880000 279
1511095880000 279
1511095880000 279
1511095880000 279
1511095880000 279
1511095880000 279
1511095880000 279
1511095880000 279
1511095880000 279
1511095880000 279
1511095880000 279
1511095880000 279
1511095880000 279
1511095880000 279
1511095880000 279
1511095880000 279
1511095880000 280
1511095880000 280
1511095880000 280
1511095880000 280
1511095880000 280
1511095880000 280
1511095880000 280
1511095880000 280
1511095880000 280
1511095880000 280
1511095880000 280
1511095880000 280
1511095880000 280
1511095880000 281
1511095880000 281
1511095880000 281
1511095880000 281
1511095880000 282
1511095880000 282
1511095880000 282
1511095880000 282
1511095880000 282
1511095880000 282
1511095880000 282
1511095880000 282
1511095880000 282
1511095880000 282
1511095880000 282
1511095880000 282
1511095880000 282
1511095880000 282
1511095880000 282
1511095880000 282
1511095880000 282
1511095880000 282
1511095880000 282
1511095880000 283
1511095880000 283
1511095880000 283
1511095880000 283
1511095880000 283
1511095880000 283
1511095880000 283
1511095880000 283
1511095880000 283
1511095880000 283
1511095880000 283
1511095880000 283
1511095880000 283
1511095880000 283
1511095880000 284
1511095880000 284
1511095880000 284
1511095880000 284
1511095880000 284
1511095880000 284
1511095880000 284
1511095880000 285
1511095880000 293
1511095880000 294
1511095890000 254
1511095890000 254
1511095890000 254
1511095890000 254
1511095890000 254
1511095890000 254
1511095890000 255
1511095890000 255
1511095890000 255
1511095890000 255
1511095890000 255
1511095890000 255
1511095890000 255
1511095890000 255
1511095890000 255
1511095890000 255
1511095890000 255
1511095890000 255
1511095890000 255
1511095890000 256
1511095890000 256
1511095890000 256
1511095890000 256
1511095890000 256
1511095890000 256
1511095890000 256
1511095890000 256
1511095890000 256
1511095890000 257
1511095890000 257
1511095890000 257
1511095890000 257
1511095890000 257
1511095890000 257
1511095890000 257
1511095890000 257
1511095890000 257
1511095890000 257
1511095890000 257
1511095890000 257
1511095890000 257
1511095890000 257
1511095890000 257
1511095890000 257
1511095890000 257
1511095890000 257
1511095890000 257
1511095890000 258
1511095890000 258
1511095890000 258
1511095890000 258
1511095890000 258
1511095890000 258
1511095890000 258
1511095890000 258
1511095890000 258
1511095890000 258
1511095890000 258
1511095890000 258
1511095890000 258
1511095890000 258
1511095890000 258
1511095890000 258
1511095890000 258
1511095890000 259
1511095890000 259
1511095890000 259
1511095890000 259
1511095890000 259
1511095890000 259
1511095890000 259
1511095890000 259
1511095890000 259
1511095890000 259
1511095890000 259
1511095890000 259
1511095890000 259
1511095890000 259
1511095890000 259
1511095890000 260
1511095890000 260
1511095890000 260
1511095890000 260
1511095890000 260
1511095890000 260
1511095890000 260
1511095890000 260
1511095890000 260
1511095890000 260
1511095890000 260
1511095890000 260
1511095890000 260
1511095890000 260
1511095890000 261
1511095890000 261
1511095890000 261
1511095890000 261
1511095890000 261
1511095890000 262
1511095890000 315
1511095900000 277
1511095900000 277
1511095900000 277
1511095900000 277
1511095900000 277
1511095900000 277
1511095900000 277
1511095900000 277
1511095900000 277
1511095900000 277
1511095900000 277
1511095900000 277
1511095900000 277
1511095900000 277
1511095900000 277
1511095900000 278
1511095900000 278
1511095900000 278
1511095900000 278
1511095900000 278
1511095900000 278
1511095900000 278
1511095900000 278
1511095900000 278
1511095900000 278
1511095900000 278
1511095900000 278
1511095900000 278
1511095900000 278
1511095900000 278
1511095900000 278
1511095900000 278
1511095900000 278
1511095900000 278
1511095900000 278
1511095900000 278
1511095900000 278
1511095900000 278
1511095900000 278
1511095900000 278
1511095900000 278
1511095900000 278
1511095900000 279
1511095900000 279
1511095900000 279
1511095900000 279
1511095900000 279
1511095900000 279
1511095900000 279
1511095900000 279
1511095900000 279
1511095900000 279
1511095900000 280
1511095900000 280
1511095900000 280
1511095900000 280
1511095900000 281
1511095900000 281
1511095900000 281
1511095900000 281
1511095900000 281
1511095900000 281
1511095900000 281
1511095900000 281
1511095900000 281
1511095900000 281
1511095900000 281
1511095900000 281
1511095900000 281
1511095900000 281
1511095900000 281
1511095900000 281
1511095900000 281
1511095900000 281
1511095900000 282
1511095900000 282
1511095900000 282
1511095900000 282
1511095900000 282
1511095900000 282
1511095900000 283
1511095900000 283
1511095900000 283
1511095900000 283
1511095900000 283
1511095900000 283
1511095900000 283
1511095900000 283
1511095900000 283
1511095900000 283
1511095900000 284
1511095900000 284
1511095900000 284
1511095900000 284
1511095900000 284
1511095900000 284
1511095900000 284
1511095900000 285
1511095900000 285
1511095900000 289
1511095910000 287
1511095910000 287
1511095910000 287
1511095910000 287
1511095910000 287
1511095910000 287
1511095910000 287
1511095910000 287
1511095910000 287
1511095910000 288
1511095910000 288
1511095910000 288
1511095910000 288
1511095910000 288
1511095910000 288
1511095910000 288
1511095910000 288
1511095910000 288
1511095910000 288
1511095910000 288
1511095910000 288
1511095910000 288
1511095910000 288
1511095910000 288
1511095910000 288
1511095910000 288
1511095910000 289
1511095910000 289
1511095910000 289
1511095910000 289
1511095910000 289
1511095910000 289
1511095910000 289
1511095910000 289
1511095910000 289
1511095910000 289
1511095910000 289
1511095910000 289
1511095910000 289
1511095910000 289
1511095910000 289
1511095910000 289
1511095910000 289
1511095910000 289
1511095910000 290
1511095910000 290
1511095910000 290
1511095910000 290
1511095910000 290
1511095910000 290
1511095910000 290
1511095910000 290
1511095910000 290
1511095910000 290
1511095910000 290
1511095910000 290
1511095910000 290
1511095910000 291
1511095910000 291
1511095910000 291
1511095910000 292
1511095910000 292
1511095910000 292
1511095910000 292
1511095910000 292
1511095910000 292
1511095910000 292
1511095910000 292
1511095910000 292
1511095910000 292
1511095910000 292
1511095910000 292
1511095910000 292
1511095910000 292
1511095910000 292
1511095910000 292
1511095910000 292
1511095910000 293
1511095910000 293
1511095910000 293
1511095910000 293
1511095910000 293
1511095910000 293
1511095910000 293
1511095910000 293
1511095910000 293
1511095910000 293
1511095910000 294
1511095910000 294
1511095910000 294
1511095910000 294
1511095910000 294
1511095910000 294
1511095910000 294
1511095910000 295
1511095910000 295
1511095910000 309
1511095910000 310
1511095910000 310
1511095910000 311
1511095920000 293
1511095920000 293
1511095920000 294
1511095920000 294
1511095920000 294
1511095920000 294
1511095920000 294
1511095920000 294
1511095920000 295
1511095920000 295
1511095920000 295
1511095920000 295
1511095920000 295
1511095920000 295
1511095920000 295
1511095920000 295
1511095920000 295
1511095920000 295
1511095920000 295
1511095920000 295
1511095920000 295
1511095920000 295
1511095920000 295
1511095920000 295
1511095920000 295
1511095920000 295
1511095920000 295
1511095920000 295
1511095920000 295
1511095920000 296
1511095920000 296
1511095920000 296
1511095920000 296
1511095920000 296
1511095920000 296
1511095920000 296
1511095920000 296
1511095920000 296
1511095920000 296
1511095920000 296
1511095920000 297
1511095920000 297
1511095920000 297
1511095920000 297
1511095920000 297
1511095920000 297
1511095920000 297
1511095920000 297
1511095920000 297
1511095920000 297
1511095920000 297
1511095920000 297
1511095920000 297
1511095920000 297
1511095920000 298
1511095920000 298
1511095920000 298
1511095920000 298
1511095920000 298
1511095920000 298
1511095920000 299
1511095920000 299
1511095920000 299
1511095920000 299
1511095920000 299
1511095920000 299
1511095920000 299
1511095920000 299
1511095920000 299
1511095920000 299
1511095920000 299
1511095920000 299
1511095920000 299
1511095920000 299
1511095920000 299
1511095920000 299
1511095920000 299
1511095920000 299
1511095920000 299
1511095920000 299
1511095920000 300
1511095920000 300
1511095920000 300
1511095920000 300
1511095920000 300
1511095920000 300
1511095920000 300
1511095920000 300
1511095920000 300
1511095920000 300
1511095920000 300
1511095920000 300
1511095920000 300
1511095920000 300
1511095920000 301
1511095920000 301
1511095920000 301
1511095920000 301
1511095920000 302
1511095920000 319
1511095930000 277
1511095930000 277
1511095930000 277
1511095930000 278
1511095930000 278
1511095930000 278
1511095930000 278
1511095930000 278
1511095930000 278
1511095930000 278
1511095930000 278
1511095930000 278
1511095930000 278
1511095930000 278
1511095930000 278
1511095930000 278
1511095930000 278
1511095930000 278
1511095930000 278
1511095930000 278
1511095930000 278
1511095930000 278
1511095930000 278
1511095930000 278
1511095930000 278
1511095930000 278
1511095930000 278
1511095930000 278
1511095930000 278
1511095930000 278
1511095930000 278
1511095930000 278
1511095930000 278
1511095930000 278
1511095930000 278
1511095930000 278
1511095930000 278
1511095930000 278
1511095930000 278
1511095930000 278
1511095930000 278
1511095930000 279
1511095930000 279
1511095930000 279
1511095930000 279
1511095930000 279
1511095930000 279
1511095930000 279
1511095930000 279
1511095930000 279
1511095930000 279
1511095930000 279
1511095930000 279
1511095930000 279
1511095930000 279
1511095930000 279
1511095930000 279
1511095930000 279
1511095930000 279
1511095930000 280
1511095930000 280
1511095930000 280
1511095930000 280
1511095930000 280
1511095930000 280
1511095930000 280
1511095930000 280
1511095930000 280
1511095930000 280
1511095930000 280
1511095930000 280
1511095930000 280
1511095930000 280
1511095930000 280
1511095930000 280
1511095930000 280
1511095930000 280
1511095930000 280
1511095930000 280
1511095930000 280
1511095930000 280
1511095930000 280
1511095930000 280
1511095930000 280
1511095930000 280
1511095930000 280
1511095930000 280
1511095930000 280
1511095930000 281
1511095930000 281
1511095930000 281
1511095930000 281
1511095930000 281
1511095930000 281
1511095930000 281
1511095930000 282
1511095930000 295
1511095930000 308
1511095930000 330
1511095930000 330
1511095940000 304
1511095940000 304
1511095940000 304
1511095940000 304
1511095940000 304
1511095940000 305
1511095940000 305
1511095940000 305
1511095940000 305
1511095940000 305
1511095940000 305
1511095940000 305
1511095940000 305
1511095940000 305
1511095940000 305
1511095940000 305
1511095940000 305
1511095940000 305
1511095940000 305
1511095940000 305
1511095940000 305
1511095940000 305
1511095940000 306
1511095940000 306
1511095940000 306
1511095940000 306
1511095940000 306
1511095940000 306
1511095940000 306
1511095940000 306
1511095940000 306
1511095940000 306
1511095940000 306
1511095940000 306
1511095940000 306
1511095940000 306
1511095940000 306
1511095940000 306
1511095940000 306
1511095940000 306
1511095940000 306
1511095940000 307
1511095940000 307
1511095940000 307
1511095940000 307
1511095940000 307
1511095940000 307
1511095940000 307
1511095940000 307
1511095940000 307
1511095940000 307
1511095940000 307
1511095940000 307
1511095940000 307
1511095940000 307
1511095940000 308
1511095940000 308
1511095940000 308
1511095940000 308
1511095940000 308
1511095940000 308
1511095940000 308
1511095940000 308
1511095940000 308
1511095940000 309
1511095940000 309
1511095940000 309
1511095940000 309
1511095940000 309
1511095940000 309
1511095940000 309
1511095940000 309
1511095940000 309
1511095940000 309
1511095940000 309
1511095940000 309
1511095940000 309
1511095940000 309
1511095940000 309
1511095940000 309
1511095940000 310
1511095940000 310
1511095940000 310
1511095940000 310
1511095940000 310
1511095940000 310
1511095940000 310
1511095940000 310
1511095940000 310
1511095940000 310
1511095940000 310
1511095940000 310
1511095940000 310
1511095940000 310
1511095940000 310
1511095940000 311
1511095940000 311
1511095940000 311
1511095940000 311
1511095940000 311
1511095950000 303
1511095950000 303
1511095950000 303
1511095950000 303
1511095950000 303
1511095950000 304
1511095950000 304
1511095950000 304
1511095950000 304
1511095950000 304
1511095950000 304
1511095950000 304
1511095950000 304
1511095950000 304
1511095950000 304
1511095950000 305
1511095950000 305
1511095950000 305
1511095950000 305
1511095950000 305
1511095950000 305
1511095950000 305
1511095950000 305
1511095950000 305
1511095950000 305
1511095950000 305
1511095950000 305
1511095950000 305
1511095950000 305
1511095950000 305
1511095950000 305
1511095950000 305
1511095950000 305
1511095950000 305
1511095950000 305
1511095950000 305
1511095950000 305
1511095950000 305
1511095950000 306
1511095950000 306
1511095950000 306
1511095950000 306
1511095950000 306
1511095950000 306
1511095950000 306
1511095950000 306
1511095950000 306
1511095950000 306
1511095950000 306
1511095950000 306
1511095950000 306
1511095950000 306
1511095950000 306
1511095950000 307
1511095950000 307
1511095950000 307
1511095950000 307
1511095950000 307
1511095950000 307
1511095950000 308
1511095950000 308
1511095950000 308
1511095950000 308
1511095950000 308
1511095950000 308
1511095950000 308
1511095950000 308
1511095950000 309
1511095950000 309
1511095950000 309
1511095950000 309
1511095950000 309
1511095950000 309
1511095950000 309
1511095950000 309
1511095950000 309
1511095950000 309
1511095950000 309
1511095950000 309
1511095950000 309
1511095950000 309
1511095950000 310
1511095950000 310
1511095950000 310
1511095950000 310
1511095950000 310
1511095950000 310
1511095950000 310
1511095950000 311
1511095950000 311
1511095950000 311
1511095950000 311
1511095950000 311
1511095950000 311
1511095950000 311
1511095950000 312
1511095950000 312
1511095950000 312
1511095950000 312
1511095950000 312
1511095960000 312
1511095960000 312
1511095960000 312
1511095960000 312
1511095960000 312
1511095960000 313
1511095960000 313
1511095960000 313
1511095960000 313
1511095960000 313
1511095960000 313
1511095960000 313
1511095960000 313
1511095960000 313
1511095960000 313
1511095960000 313
1511095960000 313
1511095960000 313
1511095960000 313
1511095960000 313
1511095960000 313
1511095960000 313
1511095960000 313
1511095960000 313
1511095960000 313
1511095960000 313
1511095960000 313
1511095960000 313
1511095960000 313
1511095960000 313
1511095960000 313
1511095960000 313
1511095960000 314
1511095960000 314
1511095960000 314
1511095960000 314
1511095960000 314
1511095960000 314
1511095960000 314
1511095960000 314
1511095960000 314
1511095960000 314
1511095960000 314
1511095960000 314
1511095960000 314
1511095960000 314
1511095960000 314
1511095960000 314
1511095960000 314
1511095960000 314
1511095960000 314
1511095960000 314
1511095960000 314
1511095960000 315
1511095960000 315
1511095960000 315
1511095960000 315
1511095960000 315
1511095960000 315
1511095960000 315
1511095960000 315
1511095960000 315
1511095960000 315
1511095960000 315
1511095960000 315
1511095960000 315
1511095960000 315
1511095960000 315
1511095960000 315
1511095960000 315
1511095960000 315
1511095960000 315
1511095960000 315
1511095960000 315
1511095960000 315
1511095960000 315
1511095960000 315
1511095960000 315
1511095960000 316
1511095960000 316
1511095960000 316
1511095960000 316
1511095960000 316
1511095960000 316
1511095960000 316
1511095960000 316
1511095960000 316
1511095960000 316
1511095960000 316
1511095960000 316
1511095960000 316
1511095960000 317
1511095960000 317
1511095960000 318
1511095960000 340
1511095960000 341
1511095960000 347
1511095960000 348
1511095960000 348
1511095960000 349
1511095970000 293
1511095970000 293
1511095970000 294
1511095970000 294
1511095970000 294
1511095970000 294
1511095970000 294
1511095970000 294
1511095970000 294
1511095970000 294
1511095970000 294
1511095970000 294
1511095970000 294
1511095970000 294
1511095970000 294
1511095970000 294
1511095970000 294
1511095970000 294
1511095970000 294
1511095970000 294
1511095970000 294
1511095970000 294
1511095970000 294
1511095970000 295
1511095970000 295
1511095970000 295
1511095970000 295
1511095970000 295
1511095970000 295
1511095970000 295
1511095970000 295
1511095970000 295
1511095970000 295
1511095970000 295
1511095970000 295
1511095970000 295
1511095970000 295
1511095970000 295
1511095970000 295
1511095970000 295
1511095970000 295
1511095970000 295
1511095970000 295
1511095970000 295
1511095970000 295
1511095970000 295
1511095970000 295
1511095970000 296
1511095970000 296
1511095970000 296
1511095970000 296
1511095970000 296
1511095970000 296
1511095970000 296
1511095970000 296
1511095970000 297
1511095970000 297
1511095970000 297
1511095970000 297
1511095970000 297
1511095970000 297
1511095970000 297
1511095970000 297
1511095970000 297
1511095970000 297
1511095970000 297
1511095970000 297
1511095970000 298
1511095970000 298
1511095970000 298
1511095970000 298
1511095970000 298
1511095970000 298
1511095970000 298
1511095970000 298
1511095970000 298
1511095970000 298
1511095970000 298
1511095970000 298
1511095970000 298
1511095970000 298
1511095970000 298
1511095970000 298
1511095970000 298
1511095970000 298
1511095970000 298
1511095970000 298
1511095970000 299
1511095970000 299
1511095970000 299
1511095970000 299
1511095970000 299
1511095970000 299
1511095970000 299
1511095970000 299
1511095970000 299
1511095970000 299
1511095970000 299
1511095970000 300
1511095970000 300
1511095980000 308
1511095980000 308
1511095980000 309
1511095980000 309
1511095980000 309
1511095980000 309
1511095980000 309
1511095980000 309
1511095980000 309
1511095980000 309
1511095980000 309
1511095980000 309
1511095980000 310
1511095980000 310
1511095980000 310
1511095980000 310
1511095980000 310
1511095980000 310
1511095980000 310
1511095980000 310
1511095980000 310
1511095980000 310
1511095980000 310
1511095980000 310
1511095980000 310
1511095980000 310
1511095980000 310
1511095980000 310
1511095980000 310
1511095980000 310
1511095980000 310
1511095980000 310
1511095980000 310
1511095980000 310
1511095980000 310
1511095980000 310
1511095980000 310
1511095980000 310
1511095980000 310
1511095980000 310
1511095980000 310
1511095980000 310
1511095980000 310
1511095980000 310
1511095980000 310
1511095980000 310
1511095980000 310
1511095980000 310
1511095980000 311
1511095980000 311
1511095980000 311
1511095980000 311
1511095980000 311
1511095980000 311
1511095980000 311
1511095980000 312
1511095980000 312
1511095980000 312
1511095980000 312
1511095980000 312
1511095980000 312
1511095980000 312
1511095980000 313
1511095980000 313
1511095980000 313
1511095980000 313
1511095980000 313
1511095980000 313
1511095980000 313
1511095980000 313
1511095980000 313
1511095980000 313
1511095980000 313
1511095980000 314
1511095980000 314
1511095980000 314
1511095980000 314
1511095980000 314
1511095980000 314
1511095980000 314
1511095980000 314
1511095980000 314
1511095980000 314
1511095980000 314
1511095980000 314
1511095980000 315
1511095980000 315
1511095980000 315
1511095980000 315
1511095980000 315
1511095980000 315
1511095980000 315
1511095980000 315
1511095980000 315
1511095980000 316
1511095980000 316
1511095980000 316
1511095980000 316
1511095980000 316
1511095980000 316
1511095990000 293
1511095990000 293
1511095990000 293
1511095990000 293
1511095990000 293
1511095990000 293
1511095990000 293
1511095990000 293
1511095990000 293
1511095990000 293
1511095990000 293
1511095990000 293
1511095990000 293
1511095990000 293
1511095990000 293
1511095990000 294
1511095990000 294
1511095990000 294
1511095990000 294
1511095990000 294
1511095990000 294
1511095990000 294
1511095990000 294
1511095990000 294
1511095990000 294
1511095990000 294
1511095990000 294
1511095990000 294
1511095990000 294
1511095990000 294
1511095990000 294
1511095990000 294
1511095990000 294
1511095990000 294
1511095990000 294
1511095990000 294
1511095990000 294
1511095990000 294
1511095990000 294
1511095990000 294
1511095990000 294
1511095990000 294
1511095990000 294
1511095990000 294
1511095990000 294
1511095990000 294
1511095990000 294
1511095990000 294
1511095990000 294
1511095990000 294
1511095990000 294
1511095990000 295
1511095990000 295
1511095990000 295
1511095990000 295
1511095990000 295
1511095990000 295
1511095990000 295
1511095990000 295
1511095990000 295
1511095990000 295
1511095990000 295
1511095990000 295
1511095990000 295
1511095990000 295
1511095990000 295
1511095990000 295
1511095990000 295
1511095990000 295
1511095990000 295
1511095990000 296
1511095990000 296
1511095990000 296
1511095990000 296
1511095990000 296
1511095990000 296
1511095990000 296
1511095990000 296
1511095990000 296
1511095990000 296
1511095990000 296
1511095990000 296
1511095990000 296
1511095990000 296
1511095990000 296
1511095990000 297
1511095990000 297
1511095990000 297
1511095990000 297
1511095990000 297
1511095990000 297
1511095990000 298
1511095990000 298
1511095990000 298
1511095990000 301
1511095990000 307
1511095990000 308
1511095990000 311
1511095990000 311
1511095990000 312
1511096000000 303
1511096000000 303
1511096000000 303
1511096000000 303
1511096000000 304
1511096000000 304
1511096000000 304
1511096000000 304
1511096000000 304
1511096000000 304
1511096000000 304
1511096000000 304
1511096000000 304
1511096000000 304
1511096000000 304
1511096000000 304
1511096000000 304
1511096000000 304
1511096000000 304
1511096000000 304
1511096000000 304
1511096000000 304
1511096000000 304
1511096000000 304
1511096000000 304
1511096000000 304
1511096000000 304
1511096000000 304
1511096000000 304
1511096000000 304
1511096000000 304
1511096000000 304
1511096000000 304
1511096000000 304
1511096000000 305
1511096000000 305
1511096000000 305
1511096000000 305
1511096000000 305
1511096000000 305
1511096000000 305
1511096000000 305
1511096000000 305
1511096000000 305
1511096000000 305
1511096000000 305
1511096000000 305
1511096000000 305
1511096000000 305
1511096000000 305
1511096000000 305
1511096000000 305
1511096000000 305
1511096000000 306
1511096000000 306
1511096000000 306
1511096000000 306
1511096000000 306
1511096000000 306
1511096000000 306
1511096000000 306
1511096000000 306
1511096000000 306
1511096000000 306
1511096000000 306
1511096000000 306
1511096000000 306
1511096000000 306
1511096000000 306
1511096000000 306
1511096000000 306
1511096000000 306
1511096000000 306
1511096000000 306
1511096000000 306
1511096000000 307
1511096000000 307
1511096000000 307
1511096000000 307
1511096000000 307
1511096000000 307
1511096000000 307
1511096000000 307
1511096000000 307
1511096000000 307
1511096000000 307
1511096000000 307
1511096000000 307
1511096000000 308
1511096000000 308
1511096000000 308
1511096000000 308
1511096000000 308
1511096000000 308
1511096000000 308
1511096000000 309
1511096000000 311
1511096000000 311
1511096000000 311
1511096000000 312
1511096010000 311
1511096010000 312
1511096010000 312
1511096010000 312
1511096010000 312
1511096010000 312
1511096010000 312
1511096010000 312
1511096010000 312
1511096010000 312
1511096010000 312
1511096010000 312
1511096010000 312
1511096010000 312
1511096010000 312
1511096010000 312
1511096010000 312
1511096010000 312
1511096010000 312
1511096010000 312
1511096010000 313
1511096010000 313
1511096010000 313
1511096010000 313
1511096010000 313
1511096010000 313
1511096010000 313
1511096010000 313
1511096010000 314
1511096010000 314
1511096010000 314
1511096010000 314
1511096010000 314
1511096010000 314
1511096010000 314
1511096010000 314
1511096010000 314
1511096010000 314
1511096010000 314
1511096010000 314
1511096010000 314
1511096010000 314
1511096010000 314
1511096010000 315
1511096010000 315
1511096010000 315
1511096010000 315
1511096010000 315
1511096010000 315
1511096010000 315
1511096010000 315
1511096010000 315
1511096010000 315
1511096010000 315
1511096010000 315
1511096010000 315
1511096010000 315
1511096010000 315
1511096010000 316
1511096010000 316
1511096010000 316
1511096010000 316
1511096010000 317
1511096010000 317
1511096010000 317
1511096010000 317
1511096010000 317
1511096010000 317
1511096010000 317
1511096010000 317
1511096010000 317
1511096010000 317
1511096010000 317
1511096010000 317
1511096010000 317
1511096010000 317
1511096010000 317
1511096010000 317
1511096010000 318
1511096010000 318
1511096010000 318
1511096010000 318
1511096010000 318
1511096010000 318
1511096010000 318
1511096010000 318
1511096010000 318
1511096010000 318
1511096010000 318
1511096010000 318
1511096010000 318
1511096010000 318
1511096010000 318
1511096010000 319
1511096010000 319
1511096010000 319
1511096010000 319
1511096010000 319
1511096010000 319
1511096010000 319
1511096020000 287
1511096020000 287
1511096020000 287
1511096020000 288
1511096020000 288
1511096020000 288
1511096020000 288
1511096020000 288
1511096020000 288
1511096020000 288
1511096020000 288
1511096020000 288
1511096020000 288
1511096020000 288
1511096020000 288
1511096020000 288
1511096020000 288
1511096020000 288
1511096020000 288
1511096020000 288
1511096020000 288
1511096020000 288
1511096020000 288
1511096020000 288
1511096020000 288
1511096020000 288
1511096020000 288
1511096020000 288
1511096020000 288
1511096020000 288
1511096020000 288
1511096020000 288
1511096020000 288
1511096020000 288
1511096020000 288
1511096020000 288
1511096020000 289
1511096020000 289
1511096020000 289
1511096020000 289
1511096020000 289
1511096020000 289
1511096020000 289
1511096020000 289
1511096020000 289
1511096020000 289
1511096020000 289
1511096020000 289
1511096020000 290
1511096020000 290
1511096020000 290
1511096020000 290
1511096020000 291
1511096020000 291
1511096020000 291
1511096020000 291
1511096020000 291
1511096020000 291
1511096020000 291
1511096020000 291
1511096020000 291
1511096020000 291
1511096020000 291
1511096020000 291
1511096020000 291
1511096020000 291
1511096020000 291
1511096020000 291
1511096020000 291
1511096020000 291
1511096020000 291
1511096020000 291
1511096020000 292
1511096020000 292
1511096020000 292
1511096020000 292
1511096020000 292
1511096020000 292
1511096020000 292
1511096020000 292
1511096020000 292
1511096020000 292
1511096020000 292
1511096020000 292
1511096020000 293
1511096020000 293
1511096020000 293
1511096020000 293
1511096020000 293
1511096020000 296
1511096020000 297
1511096020000 297
1511096020000 298
1511096020000 300
1511096020000 301
1511096020000 316
1511096020000 316
1511096020000 317
1511096020000 317
1511096020000 318
1511096030000 307
1511096030000 308
1511096030000 308
1511096030000 308
1511096030000 308
1511096030000 308
1511096030000 308
1511096030000 308
1511096030000 308
1511096030000 308
1511096030000 308
1511096030000 308
1511096030000 308
1511096030000 308
1511096030000 308
1511096030000 308
1511096030000 308
1511096030000 308
1511096030000 308
1511096030000 308
1511096030000 308
1511096030000 308
1511096030000 308
1511096030000 308
1511096030000 308
1511096030000 308
1511096030000 308
1511096030000 308
1511096030000 308
1511096030000 308
1511096030000 308
1511096030000 308
1511096030000 308
1511096030000 308
1511096030000 308
1511096030000 308
1511096030000 308
1511096030000 308
1511096030000 308
1511096030000 309
1511096030000 309
1511096030000 309
1511096030000 309
1511096030000 309
1511096030000 309
1511096030000 309
1511096030000 309
1511096030000 309
1511096030000 309
1511096030000 309
1511096030000 309
1511096030000 309
1511096030000 309
1511096030000 310
1511096030000 310
1511096030000 310
1511096030000 310
1511096030000 310
1511096030000 310
1511096030000 310
1511096030000 310
1511096030000 310
1511096030000 310
1511096030000 311
1511096030000 311
1511096030000 311
1511096030000 311
1511096030000 311
1511096030000 311
1511096030000 312
1511096030000 312
1511096030000 313
1511096030000 313
1511096030000 314
1511096030000 315
1511096030000 316
1511096030000 317
1511096030000 324
1511096030000 326
1511096030000 326
1511096030000 329
1511096030000 330
1511096030000 330
1511096030000 331
1511096030000 333
1511096030000 333
1511096030000 333
1511096030000 334
1511096030000 342
1511096030000 342
1511096030000 343
1511096030000 345
1511096030000 346
1511096030000 382
1511096030000 382
1511096030000 382
1511096030000 382
1511096030000 383
1511096030000 384
1511096030000 385
1511096040000 -5629
1511096040000 -5631
1511096040000 -5641
1511096040000 -5668
1511096040000 -5669
1511096040000 -5670
1511096040000 -5678
1511096040000 -5682
1511096040000 -5686
1511096040000 -5687
1511096040000 -5688
1511096040000 -5691
1511096040000 -5696
1511096040000 -5735
1511096040000 -5971
1511096040000 -5980
1511096040000 -5981
1511096040000 -5981
1511096040000 -5981
1511096040000 -5982
1511096040000 -5982
1511096040000 -5982
1511096040000 -5982
1511096040000 -5982
1511096040000 -5983
1511096040000 -5983
1511096040000 -5983
1511096040000 -5983
1511096040000 -5983
1511096040000 -5989
1511096040000 -5991
1511096040000 -5992
1511096040000 -5992
1511096040000 -5992
1511096040000 -5992
1511096040000 -5993
1511096040000 -5993
1511096040000 -5993
1511096040000 -5993
1511096040000 -5993
1511096040000 -5994
1511096040000 -5994
1511096040000 -5994
1511096040000 -5994
1511096040000 -5994
1511096040000 -6641
1511096040000 -6642
1511096040000 -6642
1511096040000 -6643
1511096040000 -6676
1511096040000 -6677
1511096040000 -6677
1511096040000 -6678
1511096040000 -6680
1511096040000 -6732
1511096040000 -6733
1511096040000 -6734
1511096040000 -6734
1511096040000 -6971
1511096040000 -6972
1511096040000 -6973
1511096040000 -6973
1511096040000 -6981
1511096040000 -6981
1511096040000 -6982
1511096040000 -6982
1511096040000 -6982
1511096040000 -6982
1511096040000 -6982
1511096040000 -6982
1511096040000 -6982
1511096040000 -6982
1511096040000 -6982
1511096040000 -6982
1511096040000 -6983
1511096040000 -6983
1511096040000 -6983
1511096040000 -6990
1511096040000 -6990
1511096040000 -6991
1511096040000 -6991
1511096040000 -6991
1511096040000 -6992
1511096040000 -6992
1511096040000 -6992
1511096040000 -6992
1511096040000 -6992
1511096040000 -6992
1511096040000 -6993
1511096040000 -6993
1511096040000 -6993
1511096040000 -6993
1511096040000 -6993
1511096040000 -6994
1511096040000 -6994
1511096040000 -6994
1511096040000 -6994
1511096040000 -6994
1511096040000 -7678
1511096040000 -7732
