1512040770000 2822
1512040770000 2822
1512040770000 2823
1512040770000 2825
1512040770000 2825
1512040770000 8053
1512040770000 8053
1512040770000 8053
1512040770000 8053
1512040770000 8054
1512040770000 8054
1512040770000 8054
1512040770000 8054
1512040770000 8054
1512040770000 8054
1512040770000 8054
1512040770000 8054
1512040770000 8054
1512040770000 8054
1512040770000 8054
1512040770000 8054
1512040770000 8054
1512040770000 8054
1512040770000 8055
1512040770000 8055
1512040770000 8055
1512040770000 8055
1512040770000 8055
1512040770000 8055
1512040770000 8055
1512040770000 8055
1512040770000 8055
1512040770000 8055
1512040770000 8055
1512040770000 8055
1512040770000 8055
1512040770000 8055
1512040770000 8055
1512040770000 8056
1512040770000 8056
1512040770000 8056
1512040770000 8056
1512040770000 8056
1512040770000 8056
1512040770000 8056
1512040770000 8056
1512040770000 8056
1512040770000 8056
1512040770000 8056
1512040770000 8056
1512040770000 8056
1512040770000 8056
1512040770000 8056
1512040770000 8056
1512040770000 8056
1512040770000 8056
1512040770000 8057
1512040770000 8057
1512040770000 8057
1512040770000 8057
1512040770000 8057
1512040770000 8057
1512040770000 8057
1512040770000 8058
1512040770000 8058
1512040770000 8058
1512040770000 8058
1512040770000 8058
1512040770000 8058
1512040770000 8058
1512040770000 8058
1512040770000 8058
1512040770000 8058
1512040770000 8058
1512040770000 8059
1512040770000 8059
1512040770000 8059
1512040770000 8059
1512040770000 8059
1512040770000 8059
1512040770000 8059
1512040770000 8060
1512040770000 8060
1512040770000 8060
1512040770000 8061
1512040770000 8061
1512040770000 8062
1512040770000 8063
1512040770000 8063
1512040770000 8063
1512040770000 8063
1512040770000 8091
1512040770000 8091
1512040770000 8092
1512040770000 8092
1512040770000 8103
1512040770000 8103
1512040770000 8104
1512040770000 8104
1512040770000 8104
1512040780000 2431
1512040780000 2432
1512040780000 2433
1512040780000 2433
1512040780000 2433
1512040780000 2434
1512040780000 2434
1512040780000 2434
1512040780000 2434
1512040780000 2434
1512040780000 2435
1512040780000 2435
1512040780000 2435
1512040780000 2435
1512040780000 2435
1512040780000 2436
1512040780000 2436
1512040780000 2436
1512040780000 2436
1512040780000 2436
1512040780000 2436
1512040780000 2436
1512040780000 2436
1512040780000 2437
1512040780000 2437
1512040780000 2437
1512040780000 2437
1512040780000 2438
1512040780000 2438
1512040780000 2438
1512040780000 2438
1512040780000 2438
1512040780000 2438
1512040780000 2439
1512040780000 2439
1512040780000 2439
1512040780000 2439
1512040780000 2440
1512040780000 2440
1512040780000 2440
1512040780000 2440
1512040780000 2440
1512040780000 2440
1512040780000 2440
1512040780000 2440
1512040780000 2440
1512040780000 2440
1512040780000 2441
1512040780000 2441
1512040780000 2441
1512040780000 2441
1512040780000 2441
1512040780000 2441
1512040780000 2441
1512040780000 2441
1512040780000 2441
1512040780000 2441
1512040780000 2441
1512040780000 2441
1512040780000 2441
1512040780000 2442
1512040780000 2442
1512040780000 2442
1512040780000 2442
1512040780000 2442
1512040780000 2442
1512040780000 2442
1512040780000 2442
1512040780000 2442
1512040780000 2442
1512040780000 2442
1512040780000 2443
1512040780000 2443
1512040780000 2443
1512040780000 2443
1512040780000 2443
1512040780000 2443
1512040780000 2443
1512040780000 2443
1512040780000 2443
1512040780000 2444
1512040780000 2444
1512040780000 2444
1512040780000 2445
1512040780000 2445
1512040780000 2445
1512040780000 2445
1512040780000 2446
1512040780000 2446
1512040780000 2447
1512040780000 2448
1512040780000 2460
1512040780000 2461
1512040780000 2461
1512040780000 2461
1512040780000 2462
1512040780000 2466
1512040780000 2467
1512040780000 2467
1512040780000 2468
1512040790000 2801
1512040790000 2801
1512040790000 2801
1512040790000 2801
1512040790000 2801
1512040790000 2802
1512040790000 2802
1512040790000 2802
1512040790000 2802
1512040790000 2802
1512040790000 2802
1512040790000 2802
1512040790000 2802
1512040790000 2802
1512040790000 2802
1512040790000 2803
1512040790000 2803
1512040790000 2803
1512040790000 2803
1512040790000 2803
1512040790000 2803
1512040790000 2804
1512040790000 2804
1512040790000 2804
1512040790000 2804
1512040790000 2805
1512040790000 2805
1512040790000 2805
1512040790000 2806
1512040790000 2806
1512040790000 2806
1512040790000 2807
1512040790000 2807
1512040790000 2807
1512040790000 2807
1512040790000 2807
1512040790000 2807
1512040790000 2807
1512040790000 2807
1512040790000 2808
1512040790000 2808
1512040790000 2808
1512040790000 2808
1512040790000 2808
1512040790000 2808
1512040790000 2808
1512040790000 2808
1512040790000 2808
1512040790000 2808
1512040790000 2808
1512040790000 2808
1512040790000 2808
1512040790000 2808
1512040790000 2808
1512040790000 2808
1512040790000 2808
1512040790000 2808
1512040790000 2808
1512040790000 2808
1512040790000 2808
1512040790000 2808
1512040790000 2809
1512040790000 2809
1512040790000 2809
1512040790000 2809
1512040790000 2809
1512040790000 2809
1512040790000 2809
1512040790000 2809
1512040790000 2809
1512040790000 2810
1512040790000 2810
1512040790000 2810
1512040790000 2810
1512040790000 2810
1512040790000 2811
1512040790000 2811
1512040790000 2811
1512040790000 2811
1512040790000 2812
1512040790000 2812
1512040790000 2813
1512040790000 2813
1512040790000 2813
1512040790000 2813
1512040790000 2814
1512040790000 2814
1512040790000 2815
1512040790000 2822
1512040790000 2822
1512040790000 2822
1512040790000 2823
1512040790000 2828
1512040790000 2829
1512040790000 2829
1512040790000 2829
1512040790000 2838
1512040790000 2838
1512040790000 2838
1512040790000 2839
1512040800000 2840
1512040800000 2841
1512040800000 2842
1512040800000 2842
1512040800000 2842
1512040800000 2843
1512040800000 2843
1512040800000 2844
1512040800000 2844
1512040800000 2844
1512040800000 2844
1512040800000 2845
1512040800000 2845
1512040800000 2845
1512040800000 2846
1512040800000 2846
1512040800000 2847
1512040800000 2847
1512040800000 2847
1512040800000 2847
1512040800000 2847
1512040800000 2847
1512040800000 2848
1512040800000 2848
1512040800000 2848
1512040800000 2848
1512040800000 2848
1512040800000 2848
1512040800000 2849
1512040800000 2849
1512040800000 2849
1512040800000 2850
1512040800000 2850
1512040800000 2850
1512040800000 2850
1512040800000 2850
1512040800000 2850
1512040800000 2850
1512040800000 2851
1512040800000 2851
1512040800000 2851
1512040800000 2851
1512040800000 2851
1512040800000 2851
1512040800000 2851
1512040800000 2851
1512040800000 2852
1512040800000 2852
1512040800000 2852
1512040800000 2852
1512040800000 2852
1512040800000 2852
1512040800000 2852
1512040800000 2852
1512040800000 2852
1512040800000 2852
1512040800000 2852
1512040800000 2852
1512040800000 2853
1512040800000 2853
1512040800000 2853
1512040800000 2853
1512040800000 2853
1512040800000 2853
1512040800000 2853
1512040800000 2853
1512040800000 2853
1512040800000 2853
1512040800000 2853
1512040800000 2853
1512040800000 2853
1512040800000 2853
1512040800000 2854
1512040800000 2854
1512040800000 2854
1512040800000 2854
1512040800000 2854
1512040800000 2854
1512040800000 2854
1512040800000 2854
1512040800000 2855
1512040800000 2855
1512040800000 2856
1512040800000 2856
1512040800000 2857
1512040800000 2857
1512040800000 2857
1512040800000 2857
1512040800000 2858
1512040800000 2858
1512040800000 2859
1512040800000 2859
1512040800000 2859
1512040800000 2860
1512040800000 2864
1512040800000 2865
1512040800000 2872
1512040800000 2873
1512040800000 2873
1512040800000 2873
1512040810000 2797
1512040810000 2797
1512040810000 2798
1512040810000 2799
1512040810000 2799
1512040810000 2799
1512040810000 2799
1512040810000 2799
1512040810000 2799
1512040810000 2800
1512040810000 2800
1512040810000 2800
1512040810000 2800
1512040810000 2800
1512040810000 2800
1512040810000 2800
1512040810000 2801
1512040810000 2801
1512040810000 2801
1512040810000 2801
1512040810000 2802
1512040810000 2802
1512040810000 2802
1512040810000 2803
1512040810000 2803
1512040810000 2803
1512040810000 2803
1512040810000 2803
1512040810000 2803
1512040810000 2804
1512040810000 2804
1512040810000 2804
1512040810000 2804
1512040810000 2804
1512040810000 2804
1512040810000 2804
1512040810000 2804
1512040810000 2804
1512040810000 2805
1512040810000 2805
1512040810000 2805
1512040810000 2805
1512040810000 2805
1512040810000 2805
1512040810000 2805
1512040810000 2806
1512040810000 2806
1512040810000 2806
1512040810000 2806
1512040810000 2806
1512040810000 2806
1512040810000 2806
1512040810000 2806
1512040810000 2806
1512040810000 2806
1512040810000 2806
1512040810000 2806
1512040810000 2806
1512040810000 2806
1512040810000 2807
1512040810000 2807
1512040810000 2807
1512040810000 2807
1512040810000 2807
1512040810000 2807
1512040810000 2807
1512040810000 2807
1512040810000 2807
1512040810000 2807
1512040810000 2807
1512040810000 2807
1512040810000 2807
1512040810000 2807
1512040810000 2807
1512040810000 2807
1512040810000 2808
1512040810000 2808
1512040810000 2808
1512040810000 2808
1512040810000 2808
1512040810000 2808
1512040810000 2808
1512040810000 2809
1512040810000 2809
1512040810000 2810
1512040810000 2810
1512040810000 2810
1512040810000 2811
1512040810000 2811
1512040810000 2811
1512040810000 2811
1512040810000 2811
1512040810000 2811
1512040810000 2812
1512040810000 2812
1512040810000 2812
1512040810000 2813
1512040810000 2813
1512040810000 2813
1512040810000 2814
1512040820000 2806
1512040820000 2806
1512040820000 2806
1512040820000 2806
1512040820000 2807
1512040820000 2807
1512040820000 2808
1512040820000 2809
1512040820000 2809
1512040820000 2809
1512040820000 2809
1512040820000 2809
1512040820000 2809
1512040820000 2809
1512040820000 2810
1512040820000 2810
1512040820000 2811
1512040820000 2811
1512040820000 2811
1512040820000 2812
1512040820000 2812
1512040820000 2812
1512040820000 2812
1512040820000 2812
1512040820000 2812
1512040820000 2813
1512040820000 2813
1512040820000 2813
1512040820000 2814
1512040820000 2814
1512040820000 2814
1512040820000 2814
1512040820000 2814
1512040820000 2814
1512040820000 2814
1512040820000 2814
1512040820000 2815
1512040820000 2815
1512040820000 2815
1512040820000 2815
1512040820000 2815
1512040820000 2816
1512040820000 2816
1512040820000 2816
1512040820000 2816
1512040820000 2817
1512040820000 2817
1512040820000 2817
1512040820000 2817
1512040820000 2817
1512040820000 2817
1512040820000 2817
1512040820000 2818
1512040820000 2818
1512040820000 2818
1512040820000 2818
1512040820000 2818
1512040820000 2818
1512040820000 2819
1512040820000 2819
1512040820000 2819
1512040820000 2819
1512040820000 2819
1512040820000 2819
1512040820000 2819
1512040820000 2819
1512040820000 2820
1512040820000 2820
1512040820000 2820
1512040820000 2820
1512040820000 2820
1512040820000 2821
1512040820000 2821
1512040820000 2821
1512040820000 2821
1512040820000 2822
1512040820000 2822
1512040820000 2822
1512040820000 2822
1512040820000 2823
1512040820000 2823
1512040820000 2823
1512040820000 2823
1512040820000 2823
1512040820000 2824
1512040820000 2824
1512040820000 2825
1512040820000 2826
1512040820000 2827
1512040820000 2827
1512040820000 2827
1512040820000 2829
1512040820000 2835
1512040820000 2835
1512040820000 2837
1512040820000 2837
1512040820000 2841
1512040820000 2843
1512040820000 2843
1512040820000 2843
1512040830000 2777
1512040830000 2777
1512040830000 2777
1512040830000 2777
1512040830000 2778
1512040830000 2778
1512040830000 2778
1512040830000 2778
1512040830000 2778
1512040830000 2779
1512040830000 2779
1512040830000 2779
1512040830000 2779
1512040830000 2779
1512040830000 2780
1512040830000 2781
1512040830000 2782
1512040830000 2782
1512040830000 2783
1512040830000 2783
1512040830000 2783
1512040830000 2784
1512040830000 2784
1512040830000 2784
1512040830000 2785
1512040830000 2785
1512040830000 2785
1512040830000 2786
1512040830000 2786
1512040830000 2786
1512040830000 2786
1512040830000 2786
1512040830000 2786
1512040830000 2787
1512040830000 2787
1512040830000 2787
1512040830000 2788
1512040830000 2788
1512040830000 2788
1512040830000 2788
1512040830000 2788
1512040830000 2789
1512040830000 2789
1512040830000 2789
1512040830000 2789
1512040830000 2789
1512040830000 2790
1512040830000 2790
1512040830000 2790
1512040830000 2790
1512040830000 2790
1512040830000 2790
1512040830000 2790
1512040830000 2790
1512040830000 2791
1512040830000 2791
1512040830000 2792
1512040830000 2792
1512040830000 2792
1512040830000 2792
1512040830000 2792
1512040830000 2792
1512040830000 2793
1512040830000 2793
1512040830000 2793
1512040830000 2794
1512040830000 2794
1512040830000 2794
1512040830000 2794
1512040830000 2794
1512040830000 2795
1512040830000 2795
1512040830000 2795
1512040830000 2795
1512040830000 2796
1512040830000 2796
1512040830000 2796
1512040830000 2796
1512040830000 2797
1512040830000 2797
1512040830000 2798
1512040830000 2799
1512040830000 2799
1512040830000 2799
1512040830000 2800
1512040830000 2800
1512040830000 2800
1512040830000 2800
1512040830000 2801
1512040830000 2801
1512040830000 2801
1512040830000 2801
1512040830000 2801
1512040830000 2802
1512040830000 2802
1512040830000 2818
1512040830000 2818
1512040830000 2819
1512040830000 2819
1512040830000 2820
1512040840000 2452
1512040840000 2453
1512040840000 2453
1512040840000 2453
1512040840000 2453
1512040840000 2454
1512040840000 2454
1512040840000 2454
1512040840000 2454
1512040840000 2455
1512040840000 2455
1512040840000 2456
1512040840000 2456
1512040840000 2456
1512040840000 2456
1512040840000 2456
1512040840000 2457
1512040840000 2457
1512040840000 2457
1512040840000 2458
1512040840000 2458
1512040840000 2458
1512040840000 2458
1512040840000 2458
1512040840000 2458
1512040840000 2459
1512040840000 2459
1512040840000 2459
1512040840000 2460
1512040840000 2460
1512040840000 2460
1512040840000 2460
1512040840000 2460
1512040840000 2461
1512040840000 2461
1512040840000 2461
1512040840000 2462
1512040840000 2462
1512040840000 2462
1512040840000 2462
1512040840000 2462
1512040840000 2463
1512040840000 2463
1512040840000 2463
1512040840000 2463
1512040840000 2464
1512040840000 2464
1512040840000 2464
1512040840000 2464
1512040840000 2464
1512040840000 2464
1512040840000 2464
1512040840000 2465
1512040840000 2465
1512040840000 2465
1512040840000 2465
1512040840000 2466
1512040840000 2466
1512040840000 2466
1512040840000 2466
1512040840000 2466
1512040840000 2467
1512040840000 2467
1512040840000 2467
1512040840000 2468
1512040840000 2468
1512040840000 2468
1512040840000 2468
1512040840000 2468
1512040840000 2468
1512040840000 2469
1512040840000 2469
1512040840000 2470
1512040840000 2470
1512040840000 2471
1512040840000 2471
1512040840000 2471
1512040840000 2471
1512040840000 2471
1512040840000 2472
1512040840000 2472
1512040840000 2473
1512040840000 2473
1512040840000 2473
1512040840000 2473
1512040840000 2474
1512040840000 2474
1512040840000 2475
1512040840000 2475
1512040840000 2476
1512040840000 2483
1512040840000 2483
1512040840000 2483
1512040840000 2484
1512040840000 2484
1512040840000 2484
1512040840000 2484
1512040840000 2485
1512040840000 2486
1512040840000 2486
1512040850000 2851
1512040850000 2851
1512040850000 2851
1512040850000 2852
1512040850000 2852
1512040850000 2852
1512040850000 2852
1512040850000 2853
1512040850000 2853
1512040850000 2853
1512040850000 2853
1512040850000 2854
1512040850000 2854
1512040850000 2854
1512040850000 2854
1512040850000 2855
1512040850000 2855
1512040850000 2855
1512040850000 2855
1512040850000 2856
1512040850000 2856
1512040850000 2856
1512040850000 2856
1512040850000 2856
1512040850000 2857
1512040850000 2857
1512040850000 2857
1512040850000 2858
1512040850000 2858
1512040850000 2858
1512040850000 2858
1512040850000 2859
1512040850000 2859
1512040850000 2859
1512040850000 2859
1512040850000 2860
1512040850000 2860
1512040850000 2860
1512040850000 2861
1512040850000 2861
1512040850000 2861
1512040850000 2861
1512040850000 2861
1512040850000 2862
1512040850000 2862
1512040850000 2862
1512040850000 2862
1512040850000 2862
1512040850000 2862
1512040850000 2862
1512040850000 2862
1512040850000 2862
1512040850000 2862
1512040850000 2862
1512040850000 2862
1512040850000 2863
1512040850000 2863
1512040850000 2863
1512040850000 2863
1512040850000 2863
1512040850000 2863
1512040850000 2863
1512040850000 2863
1512040850000 2863
1512040850000 2863
1512040850000 2863
1512040850000 2863
1512040850000 2863
1512040850000 2864
1512040850000 2864
1512040850000 2864
1512040850000 2864
1512040850000 2864
1512040850000 2864
1512040850000 2864
1512040850000 2864
1512040850000 2864
1512040850000 2864
1512040850000 2865
1512040850000 2865
1512040850000 2865
1512040850000 2865
1512040850000 2865
1512040850000 2866
1512040850000 2866
1512040850000 2866
1512040850000 2866
1512040850000 2867
1512040850000 2867
1512040850000 2868
1512040850000 2868
1512040850000 2869
1512040850000 2870
1512040850000 2879
1512040850000 2881
1512040850000 2882
1512040850000 2886
1512040850000 2887
1512040850000 2887
1512040850000 2888
1512040860000 2814
1512040860000 2816
1512040860000 2816
1512040860000 2816
1512040860000 2817
1512040860000 2817
1512040860000 2817
1512040860000 2817
1512040860000 2817
1512040860000 2818
1512040860000 2818
1512040860000 2818
1512040860000 2818
1512040860000 2818
1512040860000 2819
1512040860000 2819
1512040860000 2819
1512040860000 2819
1512040860000 2819
1512040860000 2820
1512040860000 2820
1512040860000 2820
1512040860000 2820
1512040860000 2820
1512040860000 2820
1512040860000 2820
1512040860000 2821
1512040860000 2821
1512040860000 2821
1512040860000 2822
1512040860000 2822
1512040860000 2822
1512040860000 2822
1512040860000 2822
1512040860000 2822
1512040860000 2822
1512040860000 2822
1512040860000 2823
1512040860000 2823
1512040860000 2823
1512040860000 2823
1512040860000 2823
1512040860000 2823
1512040860000 2823
1512040860000 2823
1512040860000 2823
1512040860000 2823
1512040860000 2823
1512040860000 2823
1512040860000 2824
1512040860000 2824
1512040860000 2824
1512040860000 2824
1512040860000 2824
1512040860000 2824
1512040860000 2824
1512040860000 2824
1512040860000 2824
1512040860000 2824
1512040860000 2824
1512040860000 2824
1512040860000 2825
1512040860000 2825
1512040860000 2825
1512040860000 2825
1512040860000 2825
1512040860000 2825
1512040860000 2825
1512040860000 2825
1512040860000 2825
1512040860000 2825
1512040860000 2826
1512040860000 2826
1512040860000 2826
1512040860000 2826
1512040860000 2826
1512040860000 2826
1512040860000 2826
1512040860000 2827
1512040860000 2827
1512040860000 2827
1512040860000 2827
1512040860000 2827
1512040860000 2827
1512040860000 2828
1512040860000 2828
1512040860000 2828
1512040860000 2828
1512040860000 2828
1512040860000 2829
1512040860000 2829
1512040860000 2829
1512040860000 2829
1512040860000 2830
1512040860000 2830
1512040860000 2830
1512040860000 2830
1512040860000 2830
1512040860000 2853
1512040860000 2854
1512040870000 2787
1512040870000 2788
1512040870000 2788
1512040870000 2789
1512040870000 2789
1512040870000 2789
1512040870000 2790
1512040870000 2790
1512040870000 2790
1512040870000 2790
1512040870000 2791
1512040870000 2791
1512040870000 2791
1512040870000 2791
1512040870000 2791
1512040870000 2791
1512040870000 2791
1512040870000 2791
1512040870000 2792
1512040870000 2792
1512040870000 2792
1512040870000 2792
1512040870000 2792
1512040870000 2792
1512040870000 2792
1512040870000 2792
1512040870000 2792
1512040870000 2793
1512040870000 2793
1512040870000 2793
1512040870000 2793
1512040870000 2793
1512040870000 2793
1512040870000 2794
1512040870000 2794
1512040870000 2794
1512040870000 2794
1512040870000 2795
1512040870000 2795
1512040870000 2795
1512040870000 2795
1512040870000 2795
1512040870000 2795
1512040870000 2795
1512040870000 2795
1512040870000 2796
1512040870000 2796
1512040870000 2796
1512040870000 2796
1512040870000 2796
1512040870000 2796
1512040870000 2797
1512040870000 2797
1512040870000 2797
1512040870000 2797
1512040870000 2797
1512040870000 2797
1512040870000 2797
1512040870000 2797
1512040870000 2797
1512040870000 2797
1512040870000 2797
1512040870000 2797
1512040870000 2797
1512040870000 2797
1512040870000 2797
1512040870000 2797
1512040870000 2798
1512040870000 2798
1512040870000 2798
1512040870000 2798
1512040870000 2798
1512040870000 2798
1512040870000 2798
1512040870000 2798
1512040870000 2798
1512040870000 2798
1512040870000 2798
1512040870000 2798
1512040870000 2799
1512040870000 2799
1512040870000 2799
1512040870000 2799
1512040870000 2799
1512040870000 2800
1512040870000 2800
1512040870000 2800
1512040870000 2800
1512040870000 2800
1512040870000 2801
1512040870000 2801
1512040870000 2801
1512040870000 2802
1512040870000 2802
1512040870000 2802
1512040870000 2803
1512040870000 2803
1512040870000 2803
1512040870000 2803
1512040870000 2803
1512040880000 2824
1512040880000 2824
1512040880000 2825
1512040880000 2826
1512040880000 2826
1512040880000 2826
1512040880000 2826
1512040880000 2826
1512040880000 2826
1512040880000 2826
1512040880000 2827
1512040880000 2827
1512040880000 2828
1512040880000 2828
1512040880000 2828
1512040880000 2829
1512040880000 2829
1512040880000 2829
1512040880000 2829
1512040880000 2829
1512040880000 2829
1512040880000 2830
1512040880000 2830
1512040880000 2830
1512040880000 2830
1512040880000 2830
1512040880000 2830
1512040880000 2830
1512040880000 2830
1512040880000 2830
1512040880000 2831
1512040880000 2831
1512040880000 2832
1512040880000 2832
1512040880000 2832
1512040880000 2832
1512040880000 2832
1512040880000 2832
1512040880000 2832
1512040880000 2832
1512040880000 2832
1512040880000 2833
1512040880000 2833
1512040880000 2833
1512040880000 2833
1512040880000 2834
1512040880000 2834
1512040880000 2834
1512040880000 2834
1512040880000 2834
1512040880000 2834
1512040880000 2834
1512040880000 2834
1512040880000 2834
1512040880000 2835
1512040880000 2835
1512040880000 2835
1512040880000 2835
1512040880000 2835
1512040880000 2835
1512040880000 2835
1512040880000 2835
1512040880000 2835
1512040880000 2835
1512040880000 2835
1512040880000 2835
1512040880000 2835
1512040880000 2836
1512040880000 2836
1512040880000 2836
1512040880000 2836
1512040880000 2836
1512040880000 2836
1512040880000 2836
1512040880000 2836
1512040880000 2836
1512040880000 2836
1512040880000 2836
1512040880000 2836
1512040880000 2837
1512040880000 2837
1512040880000 2837
1512040880000 2838
1512040880000 2838
1512040880000 2838
1512040880000 2838
1512040880000 2839
1512040880000 2839
1512040880000 2839
1512040880000 2839
1512040880000 2839
1512040880000 2860
1512040880000 2861
1512040880000 2861
1512040880000 2862
1512040880000 2879
1512040880000 2879
1512040880000 2880
1512040880000 2880
1512040880000 2881
1512040890000 2803
1512040890000 2803
1512040890000 2804
1512040890000 2804
1512040890000 2805
1512040890000 2805
1512040890000 2805
1512040890000 2805
1512040890000 2806
1512040890000 2806
1512040890000 2806
1512040890000 2807
1512040890000 2807
1512040890000 2807
1512040890000 2808
1512040890000 2808
1512040890000 2809
1512040890000 2809
1512040890000 2809
1512040890000 2809
1512040890000 2810
1512040890000 2810
1512040890000 2810
1512040890000 2810
1512040890000 2810
1512040890000 2811
1512040890000 2811
1512040890000 2811
1512040890000 2811
1512040890000 2811
1512040890000 2812
1512040890000 2812
1512040890000 2812
1512040890000 2812
1512040890000 2813
1512040890000 2813
1512040890000 2813
1512040890000 2813
1512040890000 2813
1512040890000 2813
1512040890000 2813
1512040890000 2813
1512040890000 2813
1512040890000 2814
1512040890000 2814
1512040890000 2814
1512040890000 2814
1512040890000 2814
1512040890000 2814
1512040890000 2814
1512040890000 2814
1512040890000 2814
1512040890000 2814
1512040890000 2815
1512040890000 2815
1512040890000 2815
1512040890000 2815
1512040890000 2815
1512040890000 2815
1512040890000 2815
1512040890000 2815
1512040890000 2815
1512040890000 2815
1512040890000 2815
1512040890000 2816
1512040890000 2816
1512040890000 2816
1512040890000 2816
1512040890000 2816
1512040890000 2816
1512040890000 2816
1512040890000 2816
1512040890000 2816
1512040890000 2817
1512040890000 2817
1512040890000 2817
1512040890000 2817
1512040890000 2817
1512040890000 2817
1512040890000 2818
1512040890000 2818
1512040890000 2818
1512040890000 2818
1512040890000 2818
1512040890000 2818
1512040890000 2819
1512040890000 2819
1512040890000 2820
1512040890000 2836
1512040890000 2836
1512040890000 2837
1512040890000 2837
1512040890000 2837
1512040890000 2837
1512040890000 2838
1512040890000 2839
1512040890000 2840
1512040890000 2840
1512040890000 2842
1512040890000 2842
1512040900000 2780
1512040900000 2781
1512040900000 2782
1512040900000 2782
1512040900000 2782
1512040900000 2783
1512040900000 2783
1512040900000 2783
1512040900000 2783
1512040900000 2784
1512040900000 2784
1512040900000 2784
1512040900000 2784
1512040900000 2784
1512040900000 2784
1512040900000 2784
1512040900000 2784
1512040900000 2784
1512040900000 2784
1512040900000 2785
1512040900000 2785
1512040900000 2785
1512040900000 2785
1512040900000 2785
1512040900000 2786
1512040900000 2786
1512040900000 2786
1512040900000 2787
1512040900000 2787
1512040900000 2787
1512040900000 2787
1512040900000 2787
1512040900000 2787
1512040900000 2788
1512040900000 2788
1512040900000 2788
1512040900000 2788
1512040900000 2788
1512040900000 2788
1512040900000 2788
1512040900000 2788
1512040900000 2789
1512040900000 2789
1512040900000 2789
1512040900000 2789
1512040900000 2789
1512040900000 2789
1512040900000 2789
1512040900000 2789
1512040900000 2789
1512040900000 2790
1512040900000 2790
1512040900000 2790
1512040900000 2790
1512040900000 2790
1512040900000 2790
1512040900000 2790
1512040900000 2790
1512040900000 2790
1512040900000 2791
1512040900000 2791
1512040900000 2791
1512040900000 2791
1512040900000 2791
1512040900000 2791
1512040900000 2791
1512040900000 2791
1512040900000 2791
1512040900000 2791
1512040900000 2791
1512040900000 2791
1512040900000 2791
1512040900000 2791
1512040900000 2792
1512040900000 2792
1512040900000 2792
1512040900000 2792
1512040900000 2792
1512040900000 2792
1512040900000 2792
1512040900000 2792
1512040900000 2792
1512040900000 2793
1512040900000 2793
1512040900000 2793
1512040900000 2793
1512040900000 2794
1512040900000 2794
1512040900000 2794
1512040900000 2794
1512040900000 2795
1512040900000 2795
1512040900000 2795
1512040900000 2795
1512040900000 2795
1512040900000 2796
1512040900000 2796
1512040900000 2796
1512040900000 2796
1512040900000 2797
1512040910000 2835
1512040910000 2835
1512040910000 2837
1512040910000 2837
1512040910000 2838
1512040910000 2840
1512040910000 2840
1512040910000 2840
1512040910000 2841
1512040910000 2841
1512040910000 2842
1512040910000 2842
1512040910000 2842
1512040910000 2842
1512040910000 2842
1512040910000 2842
1512040910000 2842
1512040910000 2843
1512040910000 2843
1512040910000 2843
1512040910000 2843
1512040910000 2844
1512040910000 2844
1512040910000 2844
1512040910000 2844
1512040910000 2844
1512040910000 2844
1512040910000 2844
1512040910000 2844
1512040910000 2845
1512040910000 2845
1512040910000 2845
1512040910000 2845
1512040910000 2845
1512040910000 2845
1512040910000 2845
1512040910000 2846
1512040910000 2846
1512040910000 2846
1512040910000 2846
1512040910000 2847
1512040910000 2847
1512040910000 2847
1512040910000 2847
1512040910000 2847
1512040910000 2847
1512040910000 2847
1512040910000 2848
1512040910000 2848
1512040910000 2848
1512040910000 2848
1512040910000 2848
1512040910000 2848
1512040910000 2849
1512040910000 2849
1512040910000 2849
1512040910000 2849
1512040910000 2849
1512040910000 2849
1512040910000 2849
1512040910000 2849
1512040910000 2849
1512040910000 2849
1512040910000 2849
1512040910000 2849
1512040910000 2849
1512040910000 2849
1512040910000 2849
1512040910000 2850
1512040910000 2850
1512040910000 2850
1512040910000 2850
1512040910000 2850
1512040910000 2850
1512040910000 2850
1512040910000 2850
1512040910000 2850
1512040910000 2850
1512040910000 2850
1512040910000 2850
1512040910000 2851
1512040910000 2851
1512040910000 2851
1512040910000 2851
1512040910000 2851
1512040910000 2852
1512040910000 2852
1512040910000 2852
1512040910000 2852
1512040910000 2853
1512040910000 2853
1512040910000 2853
1512040910000 2853
1512040910000 2854
1512040910000 2854
1512040910000 2854
1512040910000 2868
1512040910000 2869
1512040910000 2870
1512040910000 2870
1512040920000 2512
1512040920000 2512
1512040920000 2513
1512040920000 2513
1512040920000 2513
1512040920000 2513
1512040920000 2513
1512040920000 2514
1512040920000 2514
1512040920000 2514
1512040920000 2514
1512040920000 2515
1512040920000 2515
1512040920000 2515
1512040920000 2516
1512040920000 2516
1512040920000 2516
1512040920000 2516
1512040920000 2516
1512040920000 2516
1512040920000 2517
1512040920000 2517
1512040920000 2517
1512040920000 2518
1512040920000 2518
1512040920000 2518
1512040920000 2518
1512040920000 2518
1512040920000 2518
1512040920000 2518
1512040920000 2518
1512040920000 2519
1512040920000 2519
1512040920000 2519
1512040920000 2519
1512040920000 2519
1512040920000 2519
1512040920000 2520
1512040920000 2520
1512040920000 2520
1512040920000 2521
1512040920000 2521
1512040920000 2521
1512040920000 2521
1512040920000 2521
1512040920000 2522
1512040920000 2522
1512040920000 2522
1512040920000 2522
1512040920000 2522
1512040920000 2522
1512040920000 2522
1512040920000 2522
1512040920000 2522
1512040920000 2522
1512040920000 2522
1512040920000 2523
1512040920000 2523
1512040920000 2523
1512040920000 2523
1512040920000 2523
1512040920000 2523
1512040920000 2523
1512040920000 2523
1512040920000 2523
1512040920000 2523
1512040920000 2523
1512040920000 2523
1512040920000 2523
1512040920000 2524
1512040920000 2524
1512040920000 2524
1512040920000 2524
1512040920000 2524
1512040920000 2524
1512040920000 2524
1512040920000 2524
1512040920000 2524
1512040920000 2525
1512040920000 2525
1512040920000 2525
1512040920000 2525
1512040920000 2526
1512040920000 2526
1512040920000 2526
1512040920000 2526
1512040920000 2526
1512040920000 2526
1512040920000 2526
1512040920000 2526
1512040920000 2527
1512040920000 2527
1512040920000 2527
1512040920000 2527
1512040920000 2528
1512040920000 2528
1512040920000 2544
1512040920000 2545
1512040920000 2545
1512040920000 2545
1512040930000 2842
1512040930000 2844
1512040930000 2846
1512040930000 2846
1512040930000 2847
1512040930000 2848
1512040930000 2848
1512040930000 2848
1512040930000 2848
1512040930000 2849
1512040930000 2849
1512040930000 2849
1512040930000 2849
1512040930000 2850
1512040930000 2850
1512040930000 2850
1512040930000 2851
1512040930000 2851
1512040930000 2851
1512040930000 2851
1512040930000 2851
1512040930000 2851
1512040930000 2852
1512040930000 2852
1512040930000 2852
1512040930000 2852
1512040930000 2853
1512040930000 2854
1512040930000 2854
1512040930000 2854
1512040930000 2855
1512040930000 2855
1512040930000 2856
1512040930000 2856
1512040930000 2856
1512040930000 2856
1512040930000 2857
1512040930000 2857
1512040930000 2857
1512040930000 2857
1512040930000 2858
1512040930000 2858
1512040930000 2858
1512040930000 2859
1512040930000 2859
1512040930000 2860
1512040930000 2860
1512040930000 2860
1512040930000 2860
1512040930000 2860
1512040930000 2861
1512040930000 2861
1512040930000 2861
1512040930000 2861
1512040930000 2861
1512040930000 2861
1512040930000 2861
1512040930000 2861
1512040930000 2861
1512040930000 2862
1512040930000 2862
1512040930000 2862
1512040930000 2862
1512040930000 2862
1512040930000 2862
1512040930000 2862
1512040930000 2862
1512040930000 2862
1512040930000 2862
1512040930000 2862
1512040930000 2863
1512040930000 2863
1512040930000 2863
1512040930000 2863
1512040930000 2863
1512040930000 2863
1512040930000 2863
1512040930000 2863
1512040930000 2864
1512040930000 2864
1512040930000 2864
1512040930000 2864
1512040930000 2865
1512040930000 2865
1512040930000 2865
1512040930000 2865
1512040930000 2865
1512040930000 2866
1512040930000 2866
1512040930000 2866
1512040930000 2866
1512040930000 2867
1512040930000 2867
1512040930000 2867
1512040930000 2867
1512040930000 2867
1512040930000 2868
1512040930000 2868
1512040930000 2869
1512040930000 2869
1512040940000 2788
1512040940000 2788
1512040940000 2790
1512040940000 2790
1512040940000 2791
1512040940000 2791
1512040940000 2791
1512040940000 2793
1512040940000 2794
1512040940000 2794
1512040940000 2794
1512040940000 2794
1512040940000 2794
1512040940000 2795
1512040940000 2796
1512040940000 2796
1512040940000 2796
1512040940000 2797
1512040940000 2797
1512040940000 2797
1512040940000 2797
1512040940000 2797
1512040940000 2797
1512040940000 2798
1512040940000 2798
1512040940000 2798
1512040940000 2799
1512040940000 2799
1512040940000 2799
1512040940000 2800
1512040940000 2800
1512040940000 2800
1512040940000 2801
1512040940000 2801
1512040940000 2801
1512040940000 2801
1512040940000 2801
1512040940000 2801
1512040940000 2802
1512040940000 2802
1512040940000 2802
1512040940000 2803
1512040940000 2803
1512040940000 2803
1512040940000 2803
1512040940000 2803
1512040940000 2803
1512040940000 2803
1512040940000 2803
1512040940000 2804
1512040940000 2804
1512040940000 2804
1512040940000 2804
1512040940000 2805
1512040940000 2805
1512040940000 2805
1512040940000 2805
1512040940000 2805
1512040940000 2805
1512040940000 2805
1512040940000 2806
1512040940000 2806
1512040940000 2806
1512040940000 2806
1512040940000 2807
1512040940000 2807
1512040940000 2807
1512040940000 2807
1512040940000 2807
1512040940000 2807
1512040940000 2807
1512040940000 2807
1512040940000 2808
1512040940000 2808
1512040940000 2809
1512040940000 2809
1512040940000 2809
1512040940000 2810
1512040940000 2810
1512040940000 2810
1512040940000 2810
1512040940000 2810
1512040940000 2810
1512040940000 2811
1512040940000 2811
1512040940000 2811
1512040940000 2811
1512040940000 2811
1512040940000 2811
1512040940000 2811
1512040940000 2811
1512040940000 2811
1512040940000 2812
1512040940000 2812
1512040940000 2824
1512040940000 2825
1512040940000 2825
1512040940000 2825
1512040940000 2826
1512040940000 2826
1512040950000 2790
1512040950000 2792
1512040950000 2792
1512040950000 2793
1512040950000 2793
1512040950000 2793
1512040950000 2793
1512040950000 2794
1512040950000 2794
1512040950000 2795
1512040950000 2795
1512040950000 2796
1512040950000 2796
1512040950000 2796
1512040950000 2797
1512040950000 2797
1512040950000 2797
1512040950000 2797
1512040950000 2798
1512040950000 2798
1512040950000 2798
1512040950000 2799
1512040950000 2799
1512040950000 2799
1512040950000 2799
1512040950000 2799
1512040950000 2799
1512040950000 2800
1512040950000 2800
1512040950000 2800
1512040950000 2800
1512040950000 2800
1512040950000 2800
1512040950000 2802
1512040950000 2802
1512040950000 2802
1512040950000 2803
1512040950000 2803
1512040950000 2803
1512040950000 2803
1512040950000 2803
1512040950000 2804
1512040950000 2804
1512040950000 2805
1512040950000 2805
1512040950000 2806
1512040950000 2806
1512040950000 2806
1512040950000 2807
1512040950000 2807
1512040950000 2807
1512040950000 2807
1512040950000 2807
1512040950000 2808
1512040950000 2808
1512040950000 2808
1512040950000 2808
1512040950000 2808
1512040950000 2808
1512040950000 2808
1512040950000 2808
1512040950000 2808
1512040950000 2808
1512040950000 2808
1512040950000 2808
1512040950000 2808
1512040950000 2808
1512040950000 2808
1512040950000 2809
1512040950000 2809
1512040950000 2809
1512040950000 2809
1512040950000 2809
1512040950000 2809
1512040950000 2809
1512040950000 2809
1512040950000 2809
1512040950000 2809
1512040950000 2809
1512040950000 2810
1512040950000 2810
1512040950000 2810
1512040950000 2810
1512040950000 2810
1512040950000 2811
1512040950000 2811
1512040950000 2811
1512040950000 2811
1512040950000 2811
1512040950000 2811
1512040950000 2812
1512040950000 2812
1512040950000 2812
1512040950000 2812
1512040950000 2813
1512040950000 2814
1512040950000 2820
1512040950000 2821
1512040950000 2821
1512040950000 2821
1512040960000 2811
1512040960000 2812
1512040960000 2812
1512040960000 2812
1512040960000 2812
1512040960000 2812
1512040960000 2812
1512040960000 2812
1512040960000 2812
1512040960000 2812
1512040960000 2813
1512040960000 2813
1512040960000 2813
1512040960000 2814
1512040960000 2814
1512040960000 2814
1512040960000 2814
1512040960000 2814
1512040960000 2815
1512040960000 2815
1512040960000 2815
1512040960000 2816
1512040960000 2816
1512040960000 2816
1512040960000 2816
1512040960000 2816
1512040960000 2816
1512040960000 2817
1512040960000 2817
1512040960000 2817
1512040960000 2817
1512040960000 2817
1512040960000 2817
1512040960000 2817
1512040960000 2818
1512040960000 2818
1512040960000 2818
1512040960000 2819
1512040960000 2819
1512040960000 2819
1512040960000 2819
1512040960000 2819
1512040960000 2820
1512040960000 2820
1512040960000 2820
1512040960000 2820
1512040960000 2820
1512040960000 2820
1512040960000 2820
1512040960000 2820
1512040960000 2820
1512040960000 2821
1512040960000 2821
1512040960000 2821
1512040960000 2821
1512040960000 2821
1512040960000 2821
1512040960000 2821
1512040960000 2821
1512040960000 2821
1512040960000 2821
1512040960000 2821
1512040960000 2821
1512040960000 2822
1512040960000 2822
1512040960000 2822
1512040960000 2822
1512040960000 2822
1512040960000 2822
1512040960000 2823
1512040960000 2823
1512040960000 2823
1512040960000 2823
1512040960000 2823
1512040960000 2823
1512040960000 2824
1512040960000 2824
1512040960000 2824
1512040960000 2825
1512040960000 2825
1512040960000 2825
1512040960000 2825
1512040960000 2826
1512040960000 2826
1512040960000 2826
1512040960000 2827
1512040960000 2827
1512040960000 2828
1512040960000 2836
1512040960000 2838
1512040960000 2838
1512040960000 2839
1512040960000 2840
1512040960000 2840
1512040960000 2840
1512040960000 2855
1512040960000 2856
1512040960000 2857
1512040960000 2858
1512040960000 2859
1512040970000 2435
1512040970000 2437
1512040970000 2437
1512040970000 2437
1512040970000 2437
1512040970000 2437
1512040970000 2437
1512040970000 2438
1512040970000 2438
1512040970000 2438
1512040970000 2438
1512040970000 2438
1512040970000 2438
1512040970000 2438
1512040970000 2439
1512040970000 2439
1512040970000 2439
1512040970000 2440
1512040970000 2440
1512040970000 2440
1512040970000 2440
1512040970000 2440
1512040970000 2441
1512040970000 2441
1512040970000 2441
1512040970000 2441
1512040970000 2441
1512040970000 2441
1512040970000 2441
1512040970000 2442
1512040970000 2442
1512040970000 2442
1512040970000 2442
1512040970000 2442
1512040970000 2442
1512040970000 2443
1512040970000 2443
1512040970000 2443
1512040970000 2443
1512040970000 2443
1512040970000 2443
1512040970000 2443
1512040970000 2443
1512040970000 2443
1512040970000 2443
1512040970000 2443
1512040970000 2444
1512040970000 2444
1512040970000 2444
1512040970000 2444
1512040970000 2444
1512040970000 2444
1512040970000 2444
1512040970000 2444
1512040970000 2444
1512040970000 2444
1512040970000 2444
1512040970000 2445
1512040970000 2445
1512040970000 2445
1512040970000 2445
1512040970000 2445
1512040970000 2445
1512040970000 2445
1512040970000 2445
1512040970000 2446
1512040970000 2446
1512040970000 2446
1512040970000 2446
1512040970000 2447
1512040970000 2447
1512040970000 2447
1512040970000 2448
1512040970000 2448
1512040970000 2449
1512040970000 2449
1512040970000 2449
1512040970000 2449
1512040970000 2450
1512040970000 2450
1512040970000 2450
1512040970000 2450
1512040970000 2451
1512040970000 2451
1512040970000 2452
1512040970000 2452
1512040970000 2452
1512040970000 2452
1512040970000 2453
1512040970000 2453
1512040970000 2454
1512040970000 2454
1512040970000 2454
1512040970000 2455
1512040970000 2455
1512040970000 2455
1512040970000 2473
1512040970000 2474
1512040970000 2474
1512040970000 2475
1512040980000 2799
1512040980000 2800
1512040980000 2801
1512040980000 2801
1512040980000 2801
1512040980000 2802
1512040980000 2802
1512040980000 2802
1512040980000 2802
1512040980000 2802
1512040980000 2802
1512040980000 2803
1512040980000 2803
1512040980000 2803
1512040980000 2804
1512040980000 2804
1512040980000 2804
1512040980000 2804
1512040980000 2804
1512040980000 2804
1512040980000 2805
1512040980000 2805
1512040980000 2805
1512040980000 2805
1512040980000 2806
1512040980000 2807
1512040980000 2807
1512040980000 2808
1512040980000 2808
1512040980000 2809
1512040980000 2809
1512040980000 2809
1512040980000 2809
1512040980000 2810
1512040980000 2810
1512040980000 2810
1512040980000 2810
1512040980000 2810
1512040980000 2810
1512040980000 2810
1512040980000 2811
1512040980000 2811
1512040980000 2811
1512040980000 2811
1512040980000 2811
1512040980000 2811
1512040980000 2811
1512040980000 2811
1512040980000 2811
1512040980000 2811
1512040980000 2812
1512040980000 2812
1512040980000 2812
1512040980000 2812
1512040980000 2812
1512040980000 2812
1512040980000 2812
1512040980000 2812
1512040980000 2812
1512040980000 2812
1512040980000 2812
1512040980000 2813
1512040980000 2813
1512040980000 2813
1512040980000 2813
1512040980000 2813
1512040980000 2813
1512040980000 2813
1512040980000 2813
1512040980000 2814
1512040980000 2814
1512040980000 2814
1512040980000 2814
1512040980000 2814
1512040980000 2815
1512040980000 2815
1512040980000 2816
1512040980000 2816
1512040980000 2816
1512040980000 2816
1512040980000 2816
1512040980000 2816
1512040980000 2816
1512040980000 2817
1512040980000 2817
1512040980000 2817
1512040980000 2817
1512040980000 2817
1512040980000 2818
1512040980000 2818
1512040980000 2818
1512040980000 2818
1512040980000 2818
1512040980000 2818
1512040980000 2818
1512040980000 2819
1512040980000 2836
1512040980000 2837
1512040980000 2838
1512040980000 2838
1512040990000 2791
1512040990000 2791
1512040990000 2791
1512040990000 2791
1512040990000 2792
1512040990000 2792
1512040990000 2793
1512040990000 2793
1512040990000 2794
1512040990000 2795
1512040990000 2795
1512040990000 2796
1512040990000 2796
1512040990000 2796
1512040990000 2796
1512040990000 2797
1512040990000 2797
1512040990000 2797
1512040990000 2797
1512040990000 2797
1512040990000 2797
1512040990000 2797
1512040990000 2798
1512040990000 2798
1512040990000 2798
1512040990000 2798
1512040990000 2799
1512040990000 2799
1512040990000 2799
1512040990000 2799
1512040990000 2799
1512040990000 2800
1512040990000 2800
1512040990000 2800
1512040990000 2800
1512040990000 2800
1512040990000 2800
1512040990000 2800
1512040990000 2800
1512040990000 2800
1512040990000 2800
1512040990000 2801
1512040990000 2801
1512040990000 2801
1512040990000 2801
1512040990000 2801
1512040990000 2801
1512040990000 2801
1512040990000 2801
1512040990000 2802
1512040990000 2802
1512040990000 2802
1512040990000 2802
1512040990000 2802
1512040990000 2802
1512040990000 2802
1512040990000 2802
1512040990000 2802
1512040990000 2802
1512040990000 2802
1512040990000 2803
1512040990000 2803
1512040990000 2803
1512040990000 2803
1512040990000 2803
1512040990000 2803
1512040990000 2803
1512040990000 2803
1512040990000 2803
1512040990000 2803
1512040990000 2803
1512040990000 2803
1512040990000 2803
1512040990000 2803
1512040990000 2804
1512040990000 2804
1512040990000 2804
1512040990000 2804
1512040990000 2804
1512040990000 2804
1512040990000 2804
1512040990000 2804
1512040990000 2805
1512040990000 2805
1512040990000 2805
1512040990000 2805
1512040990000 2805
1512040990000 2806
1512040990000 2806
1512040990000 2806
1512040990000 2806
1512040990000 2806
1512040990000 2807
1512040990000 2807
1512040990000 2807
1512040990000 2808
1512040990000 2808
1512040990000 2808
1512040990000 2832
1512040990000 2833
1512041000000 2770
1512041000000 2771
1512041000000 2772
1512041000000 2772
1512041000000 2772
1512041000000 2772
1512041000000 2772
1512041000000 2772
1512041000000 2772
1512041000000 2773
1512041000000 2773
1512041000000 2774
1512041000000 2774
1512041000000 2775
1512041000000 2775
1512041000000 2775
1512041000000 2775
1512041000000 2776
1512041000000 2776
1512041000000 2776
1512041000000 2776
1512041000000 2776
1512041000000 2777
1512041000000 2777
1512041000000 2777
1512041000000 2778
1512041000000 2778
1512041000000 2778
1512041000000 2779
1512041000000 2779
1512041000000 2779
1512041000000 2780
1512041000000 2780
1512041000000 2780
1512041000000 2780
1512041000000 2780
1512041000000 2781
1512041000000 2781
1512041000000 2781
1512041000000 2782
1512041000000 2782
1512041000000 2782
1512041000000 2782
1512041000000 2783
1512041000000 2783
1512041000000 2783
1512041000000 2784
1512041000000 2784
1512041000000 2784
1512041000000 2785
1512041000000 2785
1512041000000 2785
1512041000000 2785
1512041000000 2785
1512041000000 2785
1512041000000 2785
1512041000000 2785
1512041000000 2786
1512041000000 2786
1512041000000 2786
1512041000000 2786
1512041000000 2786
1512041000000 2787
1512041000000 2787
1512041000000 2787
1512041000000 2787
1512041000000 2787
1512041000000 2787
1512041000000 2787
1512041000000 2788
1512041000000 2788
1512041000000 2788
1512041000000 2789
1512041000000 2789
1512041000000 2789
1512041000000 2789
1512041000000 2789
1512041000000 2790
1512041000000 2790
1512041000000 2790
1512041000000 2790
1512041000000 2791
1512041000000 2791
1512041000000 2791
1512041000000 2791
1512041000000 2791
1512041000000 2791
1512041000000 2791
1512041000000 2792
1512041000000 2792
1512041000000 2792
1512041000000 2793
1512041000000 2795
1512041000000 2796
1512041000000 2800
1512041000000 2801
1512041000000 2801
1512041000000 2802
1512041000000 2811
1512041000000 2811
1512041010000 4257
1512041010000 4257
1512041010000 4258
1512041010000 4258
1512041010000 4259
1512041010000 4259
1512041010000 4259
1512041010000 4260
1512041010000 4260
1512041010000 4260
1512041010000 4260
1512041010000 4260
1512041010000 4261
1512041010000 4261
1512041010000 4262
1512041010000 4262
1512041010000 4262
1512041010000 4262
1512041010000 4262
1512041010000 4263
1512041010000 4263
1512041010000 4264
1512041010000 4265
1512041010000 4265
1512041010000 4265
1512041010000 4265
1512041010000 4265
1512041010000 4266
1512041010000 4266
1512041010000 4266
1512041010000 4266
1512041010000 4267
1512041010000 4267
1512041010000 4267
1512041010000 4268
1512041010000 4268
1512041010000 4268
1512041010000 4268
1512041010000 4268
1512041010000 4268
1512041010000 4268
1512041010000 4268
1512041010000 4269
1512041010000 4269
1512041010000 4269
1512041010000 4269
1512041010000 4269
1512041010000 4269
1512041010000 4269
1512041010000 4269
1512041010000 4269
1512041010000 4269
1512041010000 4269
1512041010000 4269
1512041010000 4269
1512041010000 4269
1512041010000 4269
1512041010000 4269
1512041010000 4270
1512041010000 4270
1512041010000 4271
1512041010000 4272
1512041010000 4272
1512041010000 4272
1512041010000 4273
1512041010000 4273
1512041010000 4274
1512041010000 4274
1512041010000 4275
1512041010000 4275
1512041010000 4275
1512041010000 4275
1512041010000 4276
1512041010000 4276
1512041010000 4277
1512041010000 4277
1512041010000 4278
1512041010000 4282
1512041010000 4286
1512041010000 4287
1512041010000 4291
1512041010000 4291
1512041010000 4293
1512041010000 4293
1512041010000 4293
1512041010000 4293
1512041010000 4294
1512041010000 4294
1512041010000 4294
1512041010000 4294
1512041010000 4294
1512041010000 4295
1512041010000 4296
1512041010000 4296
1512041010000 4298
1512041010000 4298
1512041010000 4298
1512041010000 4299
1512041010000 4302
1512041010000 4303
1512041020000 4253
1512041020000 4254
1512041020000 4254
1512041020000 4254
1512041020000 4254
1512041020000 4254
1512041020000 4254
1512041020000 4254
1512041020000 4255
1512041020000 4255
1512041020000 4255
1512041020000 4255
1512041020000 4255
1512041020000 4255
1512041020000 4255
1512041020000 4256
1512041020000 4256
1512041020000 4256
1512041020000 4256
1512041020000 4256
1512041020000 4256
1512041020000 4256
1512041020000 4256
1512041020000 4256
1512041020000 4256
1512041020000 4256
1512041020000 4257
1512041020000 4257
1512041020000 4257
1512041020000 4257
1512041020000 4257
1512041020000 4257
1512041020000 4257
1512041020000 4257
1512041020000 4257
1512041020000 4257
1512041020000 4258
1512041020000 4258
1512041020000 4258
1512041020000 4258
1512041020000 4258
1512041020000 4258
1512041020000 4258
1512041020000 4258
1512041020000 4258
1512041020000 4258
1512041020000 4258
1512041020000 4258
1512041020000 4258
1512041020000 4258
1512041020000 4259
1512041020000 4259
1512041020000 4259
1512041020000 4259
1512041020000 4259
1512041020000 4260
1512041020000 4260
1512041020000 4260
1512041020000 4260
1512041020000 4260
1512041020000 4260
1512041020000 4260
1512041020000 4260
1512041020000 4260
1512041020000 4260
1512041020000 4260
1512041020000 4260
1512041020000 4261
1512041020000 4261
1512041020000 4261
1512041020000 4261
1512041020000 4261
1512041020000 4261
1512041020000 4261
1512041020000 4262
1512041020000 4262
1512041020000 4262
1512041020000 4262
1512041020000 4263
1512041020000 4263
1512041020000 4263
1512041020000 4263
1512041020000 4264
1512041020000 4265
1512041020000 4265
1512041020000 4266
1512041020000 4267
1512041020000 4289
1512041020000 4290
1512041020000 4290
1512041020000 4290
1512041020000 4291
1512041020000 4291
1512041020000 4292
1512041020000 4292
1512041020000 4292
1512041020000 4293
1512041020000 4323
1512041020000 4324
1512041020000 4324
1512041030000 4222
1512041030000 4223
1512041030000 4223
1512041030000 4223
1512041030000 4223
1512041030000 4223
1512041030000 4223
1512041030000 4223
1512041030000 4223
1512041030000 4223
1512041030000 4223
1512041030000 4223
1512041030000 4223
1512041030000 4223
1512041030000 4224
1512041030000 4224
1512041030000 4224
1512041030000 4224
1512041030000 4224
1512041030000 4224
1512041030000 4224
1512041030000 4224
1512041030000 4224
1512041030000 4225
1512041030000 4225
1512041030000 4225
1512041030000 4225
1512041030000 4225
1512041030000 4225
1512041030000 4225
1512041030000 4226
1512041030000 4226
1512041030000 4226
1512041030000 4226
1512041030000 4226
1512041030000 4226
1512041030000 4226
1512041030000 4226
1512041030000 4226
1512041030000 4226
1512041030000 4226
1512041030000 4226
1512041030000 4227
1512041030000 4227
1512041030000 4227
1512041030000 4227
1512041030000 4227
1512041030000 4227
1512041030000 4227
1512041030000 4228
1512041030000 4228
1512041030000 4228
1512041030000 4229
1512041030000 4230
1512041030000 4230
1512041030000 4230
1512041030000 4231
1512041030000 4231
1512041030000 4231
1512041030000 4243
1512041030000 4243
1512041030000 4244
1512041030000 4245
1512041030000 4250
1512041030000 4250
1512041030000 4250
1512041030000 4250
1512041030000 4250
1512041030000 4257
1512041030000 4258
1512041030000 4258
1512041030000 4259
1512041030000 4260
1512041030000 4260
1512041030000 4260
1512041030000 4260
1512041030000 4260
1512041030000 4260
1512041030000 4260
1512041030000 4260
1512041030000 4260
1512041030000 4260
1512041030000 4261
1512041030000 4261
1512041030000 4261
1512041030000 4262
1512041030000 4262
1512041030000 4262
1512041030000 4262
1512041030000 4263
1512041030000 4263
1512041030000 4263
1512041030000 4264
1512041030000 4264
1512041030000 4264
1512041030000 4265
1512041030000 4291
1512041030000 4291
1512041030000 4293
1512041030000 4293
1512041040000 4296
1512041040000 4296
1512041040000 4297
1512041040000 4297
1512041040000 4297
1512041040000 4298
1512041040000 4298
1512041040000 4298
1512041040000 4298
1512041040000 4299
1512041040000 4299
1512041040000 4299
1512041040000 4300
1512041040000 4300
1512041040000 4300
1512041040000 4300
1512041040000 4300
1512041040000 4300
1512041040000 4300
1512041040000 4300
1512041040000 4300
1512041040000 4300
1512041040000 4300
1512041040000 4301
1512041040000 4301
1512041040000 4301
1512041040000 4301
1512041040000 4301
1512041040000 4301
1512041040000 4301
1512041040000 4301
1512041040000 4301
1512041040000 4301
1512041040000 4301
1512041040000 4302
1512041040000 4302
1512041040000 4302
1512041040000 4302
1512041040000 4302
1512041040000 4302
1512041040000 4302
1512041040000 4302
1512041040000 4303
1512041040000 4303
1512041040000 4303
1512041040000 4303
1512041040000 4303
1512041040000 4303
1512041040000 4303
1512041040000 4303
1512041040000 4303
1512041040000 4303
1512041040000 4303
1512041040000 4303
1512041040000 4303
1512041040000 4304
1512041040000 4304
1512041040000 4304
1512041040000 4304
1512041040000 4304
1512041040000 4304
1512041040000 4305
1512041040000 4305
1512041040000 4305
1512041040000 4306
1512041040000 4306
1512041040000 4307
1512041040000 4307
1512041040000 4307
1512041040000 4308
1512041040000 4309
1512041040000 4310
1512041040000 4311
1512041040000 4311
1512041040000 4311
1512041040000 4312
1512041040000 4313
1512041040000 4323
1512041040000 4324
1512041040000 4324
1512041040000 4332
1512041040000 4332
1512041040000 4332
1512041040000 4332
1512041040000 4332
1512041040000 4332
1512041040000 4333
1512041040000 4334
1512041040000 4334
1512041040000 4335
1512041040000 4335
1512041040000 4336
1512041040000 4336
1512041040000 4338
1512041040000 4338
1512041040000 4338
1512041040000 4339
1512041040000 4342
1512041040000 4342
1512041040000 4355
1512041050000 4656
1512041050000 4656
1512041050000 4656
1512041050000 4657
1512041050000 4657
1512041050000 4658
1512041050000 4658
1512041050000 4658
1512041050000 4658
1512041050000 4658
1512041050000 4658
1512041050000 4659
1512041050000 4659
1512041050000 4659
1512041050000 4659
1512041050000 4659
1512041050000 4659
1512041050000 4659
1512041050000 4659
1512041050000 4659
1512041050000 4659
1512041050000 4659
1512041050000 4659
1512041050000 4659
1512041050000 4659
1512041050000 4660
1512041050000 4660
1512041050000 4660
1512041050000 4660
1512041050000 4660
1512041050000 4660
1512041050000 4660
1512041050000 4660
1512041050000 4660
1512041050000 4660
1512041050000 4660
1512041050000 4661
1512041050000 4661
1512041050000 4661
1512041050000 4661
1512041050000 4661
1512041050000 4661
1512041050000 4661
1512041050000 4661
1512041050000 4661
1512041050000 4661
1512041050000 4661
1512041050000 4662
1512041050000 4662
1512041050000 4662
1512041050000 4662
1512041050000 4662
1512041050000 4662
1512041050000 4662
1512041050000 4662
1512041050000 4662
1512041050000 4662
1512041050000 4662
1512041050000 4663
1512041050000 4663
1512041050000 4663
1512041050000 4663
1512041050000 4663
1512041050000 4663
1512041050000 4663
1512041050000 4663
1512041050000 4663
1512041050000 4663
1512041050000 4664
1512041050000 4664
1512041050000 4664
1512041050000 4664
1512041050000 4664
1512041050000 4664
1512041050000 4665
1512041050000 4665
1512041050000 4665
1512041050000 4666
1512041050000 4666
1512041050000 4666
1512041050000 4666
1512041050000 4666
1512041050000 4667
1512041050000 4668
1512041050000 4668
1512041050000 4669
1512041050000 4670
1512041050000 4671
1512041050000 4675
1512041050000 4675
1512041050000 4675
1512041050000 4676
1512041050000 4682
1512041050000 4683
1512041050000 4684
1512041050000 4707
1512041050000 4708
1512041050000 4710
1512041050000 4710
1512041050000 4711
1512041060000 4259
1512041060000 4260
1512041060000 4260
1512041060000 4260
1512041060000 4261
1512041060000 4261
1512041060000 4262
1512041060000 4262
1512041060000 4262
1512041060000 4263
1512041060000 4263
1512041060000 4264
1512041060000 4264
1512041060000 4264
1512041060000 4265
1512041060000 4265
1512041060000 4265
1512041060000 4265
1512041060000 4265
1512041060000 4265
1512041060000 4266
1512041060000 4266
1512041060000 4267
1512041060000 4267
1512041060000 4267
1512041060000 4267
1512041060000 4267
1512041060000 4267
1512041060000 4267
1512041060000 4267
1512041060000 4267
1512041060000 4267
1512041060000 4267
1512041060000 4268
1512041060000 4268
1512041060000 4268
1512041060000 4268
1512041060000 4268
1512041060000 4269
1512041060000 4269
1512041060000 4269
1512041060000 4269
1512041060000 4269
1512041060000 4269
1512041060000 4269
1512041060000 4270
1512041060000 4270
1512041060000 4270
1512041060000 4270
1512041060000 4270
1512041060000 4270
1512041060000 4271
1512041060000 4271
1512041060000 4271
1512041060000 4271
1512041060000 4271
1512041060000 4271
1512041060000 4271
1512041060000 4271
1512041060000 4271
1512041060000 4272
1512041060000 4272
1512041060000 4272
1512041060000 4272
1512041060000 4272
1512041060000 4272
1512041060000 4273
1512041060000 4273
1512041060000 4274
1512041060000 4274
1512041060000 4274
1512041060000 4274
1512041060000 4274
1512041060000 4274
1512041060000 4274
1512041060000 4275
1512041060000 4275
1512041060000 4275
1512041060000 4275
1512041060000 4275
1512041060000 4276
1512041060000 4276
1512041060000 4277
1512041060000 4278
1512041060000 4278
1512041060000 4278
1512041060000 4279
1512041060000 4280
1512041060000 4280
1512041060000 4281
1512041060000 4287
1512041060000 4288
1512041060000 4289
1512041060000 4296
1512041060000 4297
1512041060000 4297
1512041060000 4297
1512041060000 4297
1512041060000 4297
1512041060000 4298
1512041070000 4282
1512041070000 4282
1512041070000 4282
1512041070000 4283
1512041070000 4283
1512041070000 4283
1512041070000 4283
1512041070000 4284
1512041070000 4284
1512041070000 4284
1512041070000 4284
1512041070000 4284
1512041070000 4284
1512041070000 4285
1512041070000 4285
1512041070000 4285
1512041070000 4285
1512041070000 4285
1512041070000 4285
1512041070000 4285
1512041070000 4286
1512041070000 4286
1512041070000 4286
1512041070000 4286
1512041070000 4286
1512041070000 4286
1512041070000 4286
1512041070000 4286
1512041070000 4286
1512041070000 4286
1512041070000 4287
1512041070000 4287
1512041070000 4287
1512041070000 4287
1512041070000 4287
1512041070000 4287
1512041070000 4287
1512041070000 4287
1512041070000 4287
1512041070000 4287
1512041070000 4288
1512041070000 4288
1512041070000 4288
1512041070000 4288
1512041070000 4288
1512041070000 4288
1512041070000 4288
1512041070000 4288
1512041070000 4288
1512041070000 4288
1512041070000 4289
1512041070000 4289
1512041070000 4289
1512041070000 4289
1512041070000 4289
1512041070000 4289
1512041070000 4289
1512041070000 4290
1512041070000 4290
1512041070000 4290
1512041070000 4291
1512041070000 4291
1512041070000 4291
1512041070000 4291
1512041070000 4291
1512041070000 4291
1512041070000 4291
1512041070000 4292
1512041070000 4292
1512041070000 4292
1512041070000 4294
1512041070000 4294
1512041070000 4294
1512041070000 4295
1512041070000 4295
1512041070000 4296
1512041070000 4297
1512041070000 4297
1512041070000 4298
1512041070000 4299
1512041070000 4299
1512041070000 4310
1512041070000 4310
1512041070000 4310
1512041070000 4320
1512041070000 4320
1512041070000 4320
1512041070000 4321
1512041070000 4321
1512041070000 4321
1512041070000 4321
1512041070000 4321
1512041070000 4321
1512041070000 4322
1512041070000 4322
1512041070000 4322
1512041070000 4323
1512041070000 4323
1512041070000 4323
1512041070000 4324
1512041080000 4264
1512041080000 4265
1512041080000 4265
1512041080000 4265
1512041080000 4265
1512041080000 4266
1512041080000 4266
1512041080000 4266
1512041080000 4266
1512041080000 4266
1512041080000 4266
1512041080000 4267
1512041080000 4267
1512041080000 4267
1512041080000 4267
1512041080000 4268
1512041080000 4268
1512041080000 4268
1512041080000 4268
1512041080000 4268
1512041080000 4268
1512041080000 4269
1512041080000 4269
1512041080000 4269
1512041080000 4269
1512041080000 4269
1512041080000 4270
1512041080000 4270
1512041080000 4270
1512041080000 4270
1512041080000 4270
1512041080000 4270
1512041080000 4270
1512041080000 4270
1512041080000 4270
1512041080000 4270
1512041080000 4270
1512041080000 4270
1512041080000 4271
1512041080000 4271
1512041080000 4271
1512041080000 4271
1512041080000 4271
1512041080000 4271
1512041080000 4271
1512041080000 4271
1512041080000 4272
1512041080000 4272
1512041080000 4272
1512041080000 4273
1512041080000 4273
1512041080000 4273
1512041080000 4273
1512041080000 4273
1512041080000 4273
1512041080000 4273
1512041080000 4273
1512041080000 4273
1512041080000 4273
1512041080000 4273
1512041080000 4273
1512041080000 4273
1512041080000 4274
1512041080000 4274
1512041080000 4274
1512041080000 4274
1512041080000 4275
1512041080000 4275
1512041080000 4275
1512041080000 4275
1512041080000 4275
1512041080000 4276
1512041080000 4276
1512041080000 4276
1512041080000 4277
1512041080000 4277
1512041080000 4278
1512041080000 4278
1512041080000 4278
1512041080000 4278
1512041080000 4279
1512041080000 4279
1512041080000 4279
1512041080000 4279
1512041080000 4279
1512041080000 4280
1512041080000 4280
1512041080000 4281
1512041080000 4282
1512041080000 4282
1512041080000 4283
1512041080000 4283
1512041080000 4285
1512041080000 4285
1512041080000 4286
1512041080000 4287
1512041080000 4301
1512041080000 4301
1512041080000 4302
1512041080000 4302
1512041090000 4237
1512041090000 4239
1512041090000 4239
1512041090000 4239
1512041090000 4239
1512041090000 4240
1512041090000 4240
1512041090000 4240
1512041090000 4240
1512041090000 4240
1512041090000 4240
1512041090000 4241
1512041090000 4241
1512041090000 4241
1512041090000 4241
1512041090000 4241
1512041090000 4241
1512041090000 4241
1512041090000 4241
1512041090000 4241
1512041090000 4241
1512041090000 4241
1512041090000 4241
1512041090000 4241
1512041090000 4241
1512041090000 4241
1512041090000 4242
1512041090000 4242
1512041090000 4242
1512041090000 4242
1512041090000 4242
1512041090000 4242
1512041090000 4242
1512041090000 4242
1512041090000 4242
1512041090000 4243
1512041090000 4243
1512041090000 4243
1512041090000 4243
1512041090000 4244
1512041090000 4244
1512041090000 4244
1512041090000 4244
1512041090000 4244
1512041090000 4244
1512041090000 4244
1512041090000 4244
1512041090000 4244
1512041090000 4245
1512041090000 4246
1512041090000 4246
1512041090000 4246
1512041090000 4246
1512041090000 4247
1512041090000 4247
1512041090000 4247
1512041090000 4247
1512041090000 4248
1512041090000 4248
1512041090000 4249
1512041090000 4250
1512041090000 4250
1512041090000 4250
1512041090000 4251
1512041090000 4256
1512041090000 4256
1512041090000 4257
1512041090000 4258
1512041090000 4259
1512041090000 4259
1512041090000 4274
1512041090000 4275
1512041090000 4275
1512041090000 4275
1512041090000 4276
1512041090000 4276
1512041090000 4276
1512041090000 4276
1512041090000 4277
1512041090000 4277
1512041090000 4277
1512041090000 4277
1512041090000 4277
1512041090000 4278
1512041090000 4278
1512041090000 4278
1512041090000 4278
1512041090000 4278
1512041090000 4278
1512041090000 4278
1512041090000 4278
1512041090000 4278
1512041090000 4279
1512041090000 4279
1512041090000 4279
1512041090000 4279
1512041090000 4279
1512041090000 4280
1512041090000 4280
1512041090000 4281
1512041100000 4216
1512041100000 4217
1512041100000 4218
1512041100000 4218
1512041100000 4218
1512041100000 4218
1512041100000 4218
1512041100000 4218
1512041100000 4218
1512041100000 4218
1512041100000 4218
1512041100000 4219
1512041100000 4219
1512041100000 4219
1512041100000 4219
1512041100000 4219
1512041100000 4219
1512041100000 4219
1512041100000 4219
1512041100000 4219
1512041100000 4219
1512041100000 4219
1512041100000 4219
1512041100000 4219
1512041100000 4220
1512041100000 4220
1512041100000 4220
1512041100000 4220
1512041100000 4220
1512041100000 4220
1512041100000 4220
1512041100000 4220
1512041100000 4220
1512041100000 4220
1512041100000 4220
1512041100000 4220
1512041100000 4220
1512041100000 4220
1512041100000 4220
1512041100000 4220
1512041100000 4221
1512041100000 4221
1512041100000 4221
1512041100000 4221
1512041100000 4221
1512041100000 4221
1512041100000 4221
1512041100000 4221
1512041100000 4221
1512041100000 4221
1512041100000 4221
1512041100000 4221
1512041100000 4221
1512041100000 4222
1512041100000 4222
1512041100000 4222
1512041100000 4222
1512041100000 4222
1512041100000 4222
1512041100000 4222
1512041100000 4222
1512041100000 4222
1512041100000 4223
1512041100000 4223
1512041100000 4223
1512041100000 4223
1512041100000 4223
1512041100000 4223
1512041100000 4223
1512041100000 4223
1512041100000 4224
1512041100000 4225
1512041100000 4225
1512041100000 4225
1512041100000 4226
1512041100000 4227
1512041100000 4227
1512041100000 4229
1512041100000 4233
1512041100000 4233
1512041100000 4244
1512041100000 4245
1512041100000 4247
1512041100000 4248
1512041100000 4248
1512041100000 4248
1512041100000 4254
1512041100000 4254
1512041100000 4254
1512041100000 4254
1512041100000 4255
1512041100000 4255
1512041100000 4255
1512041100000 4255
1512041100000 4255
1512041100000 4256
1512041100000 4256
1512041100000 4257
1512041100000 4257
1512041100000 4258
1512041110000 4240
1512041110000 4241
1512041110000 4241
1512041110000 4241
1512041110000 4241
1512041110000 4241
1512041110000 4242
1512041110000 4242
1512041110000 4242
1512041110000 4242
1512041110000 4242
1512041110000 4242
1512041110000 4242
1512041110000 4243
1512041110000 4243
1512041110000 4243
1512041110000 4243
1512041110000 4243
1512041110000 4243
1512041110000 4243
1512041110000 4243
1512041110000 4243
1512041110000 4243
1512041110000 4243
1512041110000 4243
1512041110000 4243
1512041110000 4243
1512041110000 4243
1512041110000 4243
1512041110000 4244
1512041110000 4244
1512041110000 4244
1512041110000 4244
1512041110000 4244
1512041110000 4244
1512041110000 4244
1512041110000 4244
1512041110000 4244
1512041110000 4244
1512041110000 4245
1512041110000 4245
1512041110000 4245
1512041110000 4245
1512041110000 4245
1512041110000 4245
1512041110000 4245
1512041110000 4245
1512041110000 4246
1512041110000 4246
1512041110000 4246
1512041110000 4246
1512041110000 4246
1512041110000 4247
1512041110000 4247
1512041110000 4247
1512041110000 4247
1512041110000 4247
1512041110000 4248
1512041110000 4248
1512041110000 4248
1512041110000 4248
1512041110000 4248
1512041110000 4248
1512041110000 4249
1512041110000 4249
1512041110000 4249
1512041110000 4250
1512041110000 4250
1512041110000 4251
1512041110000 4251
1512041110000 4251
1512041110000 4251
1512041110000 4251
1512041110000 4252
1512041110000 4252
1512041110000 4252
1512041110000 4253
1512041110000 4253
1512041110000 4254
1512041110000 4255
1512041110000 4255
1512041110000 4256
1512041110000 4260
1512041110000 4260
1512041110000 4261
1512041110000 4261
1512041110000 4262
1512041110000 4269
1512041110000 4270
1512041110000 4277
1512041110000 4278
1512041110000 4278
1512041110000 4278
1512041110000 4278
1512041110000 4279
1512041110000 4279
1512041110000 4279
1512041110000 4279
1512041110000 4279
1512041110000 4280
1512041120000 4226
1512041120000 4226
1512041120000 4226
1512041120000 4226
1512041120000 4226
1512041120000 4226
1512041120000 4227
1512041120000 4227
1512041120000 4227
1512041120000 4227
1512041120000 4227
1512041120000 4227
1512041120000 4227
1512041120000 4227
1512041120000 4228
1512041120000 4228
1512041120000 4228
1512041120000 4228
1512041120000 4228
1512041120000 4228
1512041120000 4228
1512041120000 4228
1512041120000 4228
1512041120000 4228
1512041120000 4228
1512041120000 4228
1512041120000 4228
1512041120000 4228
1512041120000 4229
1512041120000 4229
1512041120000 4229
1512041120000 4229
1512041120000 4229
1512041120000 4229
1512041120000 4229
1512041120000 4229
1512041120000 4229
1512041120000 4230
1512041120000 4230
1512041120000 4230
1512041120000 4230
1512041120000 4230
1512041120000 4230
1512041120000 4230
1512041120000 4230
1512041120000 4230
1512041120000 4230
1512041120000 4230
1512041120000 4230
1512041120000 4231
1512041120000 4231
1512041120000 4231
1512041120000 4231
1512041120000 4231
1512041120000 4231
1512041120000 4232
1512041120000 4232
1512041120000 4232
1512041120000 4232
1512041120000 4232
1512041120000 4233
1512041120000 4233
1512041120000 4233
1512041120000 4234
1512041120000 4235
1512041120000 4235
1512041120000 4237
1512041120000 4238
1512041120000 4238
1512041120000 4240
1512041120000 4241
1512041120000 4256
1512041120000 4257
1512041120000 4258
1512041120000 4262
1512041120000 4262
1512041120000 4263
1512041120000 4264
1512041120000 4264
1512041120000 4264
1512041120000 4264
1512041120000 4264
1512041120000 4264
1512041120000 4265
1512041120000 4265
1512041120000 4265
1512041120000 4265
1512041120000 4265
1512041120000 4265
1512041120000 4266
1512041120000 4266
1512041120000 4266
1512041120000 4267
1512041120000 4267
1512041120000 4267
1512041120000 4268
1512041120000 4268
1512041120000 4268
1512041120000 4268
1512041120000 4269
1512041130000 4287
1512041130000 4288
1512041130000 4289
1512041130000 4289
1512041130000 4290
1512041130000 4290
1512041130000 4290
1512041130000 4291
1512041130000 4291
1512041130000 4291
1512041130000 4291
1512041130000 4291
1512041130000 4291
1512041130000 4291
1512041130000 4291
1512041130000 4292
1512041130000 4292
1512041130000 4292
1512041130000 4292
1512041130000 4292
1512041130000 4292
1512041130000 4292
1512041130000 4292
1512041130000 4292
1512041130000 4292
1512041130000 4292
1512041130000 4292
1512041130000 4292
1512041130000 4292
1512041130000 4293
1512041130000 4293
1512041130000 4293
1512041130000 4293
1512041130000 4293
1512041130000 4293
1512041130000 4293
1512041130000 4293
1512041130000 4293
1512041130000 4293
1512041130000 4293
1512041130000 4293
1512041130000 4294
1512041130000 4294
1512041130000 4294
1512041130000 4294
1512041130000 4294
1512041130000 4294
1512041130000 4294
1512041130000 4295
1512041130000 4295
1512041130000 4295
1512041130000 4295
1512041130000 4295
1512041130000 4295
1512041130000 4295
1512041130000 4295
1512041130000 4295
1512041130000 4295
1512041130000 4295
1512041130000 4296
1512041130000 4296
1512041130000 4296
1512041130000 4297
1512041130000 4297
1512041130000 4297
1512041130000 4297
1512041130000 4297
1512041130000 4297
1512041130000 4297
1512041130000 4298
1512041130000 4298
1512041130000 4298
1512041130000 4299
1512041130000 4300
1512041130000 4300
1512041130000 4302
1512041130000 4302
1512041130000 4303
1512041130000 4305
1512041130000 4324
1512041130000 4324
1512041130000 4324
1512041130000 4324
1512041130000 4324
1512041130000 4324
1512041130000 4324
1512041130000 4327
1512041130000 4327
1512041130000 4327
1512041130000 4327
1512041130000 4328
1512041130000 4328
1512041130000 4328
1512041130000 4328
1512041130000 4328
1512041130000 4330
1512041130000 4330
1512041130000 4331
1512041130000 4331
1512041130000 4357
1512041140000 4296
1512041140000 4296
1512041140000 4296
1512041140000 4297
1512041140000 4297
1512041140000 4297
1512041140000 4297
1512041140000 4297
1512041140000 4297
1512041140000 4298
1512041140000 4298
1512041140000 4298
1512041140000 4298
1512041140000 4298
1512041140000 4298
1512041140000 4298
1512041140000 4298
1512041140000 4298
1512041140000 4298
1512041140000 4298
1512041140000 4298
1512041140000 4298
1512041140000 4299
1512041140000 4299
1512041140000 4299
1512041140000 4299
1512041140000 4299
1512041140000 4299
1512041140000 4299
1512041140000 4299
1512041140000 4299
1512041140000 4299
1512041140000 4299
1512041140000 4299
1512041140000 4299
1512041140000 4299
1512041140000 4299
1512041140000 4300
1512041140000 4300
1512041140000 4300
1512041140000 4300
1512041140000 4300
1512041140000 4300
1512041140000 4300
1512041140000 4300
1512041140000 4300
1512041140000 4300
1512041140000 4300
1512041140000 4300
1512041140000 4300
1512041140000 4300
1512041140000 4301
1512041140000 4301
1512041140000 4301
1512041140000 4301
1512041140000 4301
1512041140000 4301
1512041140000 4301
1512041140000 4302
1512041140000 4302
1512041140000 4302
1512041140000 4302
1512041140000 4302
1512041140000 4302
1512041140000 4302
1512041140000 4302
1512041140000 4303
1512041140000 4303
1512041140000 4304
1512041140000 4304
1512041140000 4304
1512041140000 4304
1512041140000 4304
1512041140000 4304
1512041140000 4304
1512041140000 4305
1512041140000 4305
1512041140000 4305
1512041140000 4306
1512041140000 4306
1512041140000 4306
1512041140000 4307
1512041140000 4307
1512041140000 4307
1512041140000 4308
1512041140000 4308
1512041140000 4309
1512041140000 4309
1512041140000 4333
1512041140000 4333
1512041140000 4333
1512041140000 4334
1512041140000 4334
1512041140000 4336
1512041140000 4336
1512041140000 4336
1512041140000 4337
1512041140000 4379
1512041140000 4380
1512041140000 4380
1512041150000 4274
1512041150000 4275
1512041150000 4276
1512041150000 4276
1512041150000 4276
1512041150000 4276
1512041150000 4276
1512041150000 4277
1512041150000 4277
1512041150000 4277
1512041150000 4277
1512041150000 4277
1512041150000 4277
1512041150000 4277
1512041150000 4277
1512041150000 4277
1512041150000 4278
1512041150000 4278
1512041150000 4278
1512041150000 4278
1512041150000 4278
1512041150000 4279
1512041150000 4279
1512041150000 4279
1512041150000 4279
1512041150000 4279
1512041150000 4279
1512041150000 4279
1512041150000 4279
1512041150000 4279
1512041150000 4279
1512041150000 4280
1512041150000 4280
1512041150000 4280
1512041150000 4280
1512041150000 4281
1512041150000 4281
1512041150000 4281
1512041150000 4281
1512041150000 4281
1512041150000 4282
1512041150000 4282
1512041150000 4282
1512041150000 4282
1512041150000 4282
1512041150000 4283
1512041150000 4283
1512041150000 4284
1512041150000 4284
1512041150000 4284
1512041150000 4285
1512041150000 4285
1512041150000 4285
1512041150000 4285
1512041150000 4286
1512041150000 4287
1512041150000 4288
1512041150000 4289
1512041150000 4289
1512041150000 4295
1512041150000 4295
1512041150000 4296
1512041150000 4299
1512041150000 4299
1512041150000 4299
1512041150000 4300
1512041150000 4302
1512041150000 4303
1512041150000 4303
1512041150000 4304
1512041150000 4304
1512041150000 4304
1512041150000 4311
1512041150000 4312
1512041150000 4312
1512041150000 4312
1512041150000 4312
1512041150000 4312
1512041150000 4313
1512041150000 4313
1512041150000 4313
1512041150000 4314
1512041150000 4314
1512041150000 4315
1512041150000 4316
1512041150000 4316
1512041150000 4316
1512041150000 4316
1512041150000 4316
1512041150000 4317
1512041150000 4317
1512041150000 4317
1512041150000 4317
1512041150000 4317
1512041150000 4317
1512041150000 4317
1512041150000 4318
1512041150000 4318
1512041150000 4318
1512041150000 4318
1512041160000 4252
1512041160000 4252
1512041160000 4252
1512041160000 4252
1512041160000 4252
1512041160000 4253
1512041160000 4253
1512041160000 4253
1512041160000 4253
1512041160000 4253
1512041160000 4253
1512041160000 4253
1512041160000 4253
1512041160000 4253
1512041160000 4253
1512041160000 4253
1512041160000 4253
1512041160000 4253
1512041160000 4253
1512041160000 4254
1512041160000 4254
1512041160000 4254
1512041160000 4254
1512041160000 4254
1512041160000 4254
1512041160000 4254
1512041160000 4254
1512041160000 4254
1512041160000 4254
1512041160000 4254
1512041160000 4255
1512041160000 4255
1512041160000 4255
1512041160000 4255
1512041160000 4255
1512041160000 4255
1512041160000 4255
1512041160000 4255
1512041160000 4255
1512041160000 4255
1512041160000 4255
1512041160000 4255
1512041160000 4255
1512041160000 4255
1512041160000 4256
1512041160000 4256
1512041160000 4256
1512041160000 4256
1512041160000 4256
1512041160000 4256
1512041160000 4256
1512041160000 4256
1512041160000 4256
1512041160000 4256
1512041160000 4256
1512041160000 4256
1512041160000 4257
1512041160000 4257
1512041160000 4257
1512041160000 4258
1512041160000 4258
1512041160000 4258
1512041160000 4258
1512041160000 4258
1512041160000 4258
1512041160000 4258
1512041160000 4258
1512041160000 4259
1512041160000 4259
1512041160000 4259
1512041160000 4260
1512041160000 4260
1512041160000 4260
1512041160000 4260
1512041160000 4261
1512041160000 4269
1512041160000 4275
1512041160000 4275
1512041160000 4290
1512041160000 4290
1512041160000 4290
1512041160000 4290
1512041160000 4290
1512041160000 4291
1512041160000 4292
1512041160000 4292
1512041160000 4292
1512041160000 4292
1512041160000 4293
1512041160000 4293
1512041160000 4293
1512041160000 4293
1512041160000 4293
1512041160000 4293
1512041160000 4293
1512041160000 4294
1512041160000 4294
1512041160000 4294
1512041160000 4295
1512041160000 4296
1512041170000 -589
1512041170000 -590
1512041170000 -591
1512041170000 -591
1512041170000 -591
1512041170000 -591
1512041170000 -592
1512041170000 -593
1512041170000 -594
1512041170000 -594
1512041170000 -594
1512041170000 -595
1512041170000 -595
1512041170000 -595
1512041170000 -595
1512041170000 -595
1512041170000 -595
1512041170000 -595
1512041170000 -595
1512041170000 -596
1512041170000 -596
1512041170000 -596
1512041170000 -597
1512041170000 -597
1512041170000 -597
1512041170000 -598
1512041170000 -601
1512041170000 -602
1512041170000 -620
1512041170000 -621
1512041170000 -621
1512041170000 -621
1512041170000 -621
1512041170000 -621
1512041170000 -621
1512041170000 -622
1512041170000 -622
1512041170000 -622
1512041170000 -623
1512041170000 -623
1512041170000 -623
1512041170000 -624
1512041170000 -624
1512041170000 -624
1512041170000 -625
1512041170000 -625
1512041170000 -625
1512041170000 -625
1512041170000 -625
1512041170000 -625
1512041170000 -625
1512041170000 -626
1512041170000 -626
1512041170000 -626
1512041170000 -626
1512041170000 -626
1512041170000 -626
1512041170000 -626
1512041170000 -626
1512041170000 -626
1512041170000 -626
1512041170000 -626
1512041170000 -626
1512041170000 -626
1512041170000 -626
1512041170000 -626
1512041170000 -626
1512041170000 -627
1512041170000 -627
1512041170000 -627
1512041170000 -627
1512041170000 -627
1512041170000 -627
1512041170000 -628
1512041170000 -628
1512041170000 -628
1512041170000 -628
1512041170000 -628
1512041170000 -629
1512041170000 -629
1512041170000 -629
1512041170000 -629
1512041170000 -630
1512041170000 -630
1512041170000 -630
1512041170000 -630
1512041170000 -630
1512041170000 -630
1512041170000 -630
1512041170000 -631
1512041170000 -631
1512041170000 -631
1512041170000 -632
1512041170000 -634
1512041170000 -634
1512041170000 -634
1512041170000 -634
1512041170000 -635
1512041170000 -635
1512041170000 -635
