1511998840000 1671
1511998840000 1671
1511998840000 1671
1511998840000 1671
1511998840000 1671
1511998840000 1671
1511998840000 1673
1511998840000 1673
1511998840000 1673
1511998840000 1673
1511998840000 1673
1511998840000 1673
1511998840000 1674
1511998840000 1674
1511998840000 1674
1511998840000 1675
1511998840000 1675
1511998840000 1675
1511998840000 1676
1511998840000 1677
1511998840000 1677
1511998840000 1677
1511998840000 1677
1511998840000 1677
1511998840000 1677
1511998840000 1677
1511998840000 1677
1511998840000 1677
1511998840000 1677
1511998840000 1678
1511998840000 1678
1511998840000 1678
1511998840000 1678
1511998840000 1679
1511998840000 1679
1511998840000 1679
1511998840000 1679
1511998840000 1679
1511998840000 1679
1511998840000 1679
1511998840000 1679
1511998840000 1679
1511998840000 1679
1511998840000 1680
1511998840000 1680
1511998840000 1680
1511998840000 1680
1511998840000 1680
1511998840000 1680
1511998840000 1680
1511998840000 1680
1511998840000 1681
1511998840000 1681
1511998840000 1681
1511998840000 1681
1511998840000 1681
1511998840000 1681
1511998840000 1681
1511998840000 1681
1511998840000 1682
1511998840000 1682
1511998840000 1682
1511998840000 1682
1511998840000 1682
1511998840000 1682
1511998840000 1682
1511998840000 1682
1511998840000 1683
1511998840000 1683
1511998840000 1683
1511998840000 1683
1511998840000 1683
1511998840000 1683
1511998840000 1683
1511998840000 1683
1511998840000 1683
1511998840000 1683
1511998840000 1683
1511998840000 1684
1511998840000 1684
1511998840000 1684
1511998840000 1684
1511998840000 1685
1511998840000 1685
1511998840000 1685
1511998840000 1686
1511998840000 1689
1511998840000 1691
1511998840000 1692
1511998840000 1694
1511998840000 1695
1511998840000 1703
1511998840000 1791
1511998840000 1793
1511998840000 1796
1511998840000 1798
1511998840000 1973
1511998840000 2106
1511998840000 2116
1511998840000 2131
1511998850000 368
1511998850000 368
1511998850000 369
1511998850000 369
1511998850000 369
1511998850000 369
1511998850000 369
1511998850000 369
1511998850000 369
1511998850000 369
1511998850000 369
1511998850000 369
1511998850000 369
1511998850000 369
1511998850000 369
1511998850000 369
1511998850000 369
1511998850000 369
1511998850000 369
1511998850000 369
1511998850000 369
1511998850000 369
1511998850000 369
1511998850000 369
1511998850000 370
1511998850000 370
1511998850000 370
1511998850000 370
1511998850000 370
1511998850000 370
1511998850000 370
1511998850000 370
1511998850000 370
1511998850000 370
1511998850000 370
1511998850000 370
1511998850000 370
1511998850000 370
1511998850000 370
1511998850000 370
1511998850000 370
1511998850000 370
1511998850000 370
1511998850000 370
1511998850000 370
1511998850000 370
1511998850000 370
1511998850000 370
1511998850000 370
1511998850000 371
1511998850000 371
1511998850000 371
1511998850000 371
1511998850000 371
1511998850000 371
1511998850000 371
1511998850000 371
1511998850000 371
1511998850000 371
1511998850000 371
1511998850000 371
1511998850000 371
1511998850000 371
1511998850000 371
1511998850000 371
1511998850000 371
1511998850000 371
1511998850000 371
1511998850000 371
1511998850000 371
1511998850000 371
1511998850000 371
1511998850000 371
1511998850000 371
1511998850000 371
1511998850000 371
1511998850000 371
1511998850000 372
1511998850000 372
1511998850000 372
1511998850000 372
1511998850000 372
1511998850000 372
1511998850000 372
1511998850000 372
1511998850000 372
1511998850000 372
1511998850000 372
1511998850000 372
1511998850000 372
1511998850000 372
1511998850000 373
1511998850000 373
1511998850000 373
1511998850000 373
1511998850000 374
1511998850000 379
1511998850000 379
1511998850000 379
1511998850000 380
1511998860000 332
1511998860000 332
1511998860000 333
1511998860000 333
1511998860000 333
1511998860000 333
1511998860000 333
1511998860000 333
1511998860000 333
1511998860000 333
1511998860000 333
1511998860000 333
1511998860000 333
1511998860000 333
1511998860000 333
1511998860000 333
1511998860000 333
1511998860000 333
1511998860000 333
1511998860000 333
1511998860000 333
1511998860000 333
1511998860000 334
1511998860000 334
1511998860000 334
1511998860000 334
1511998860000 334
1511998860000 334
1511998860000 334
1511998860000 334
1511998860000 334
1511998860000 334
1511998860000 334
1511998860000 334
1511998860000 334
1511998860000 334
1511998860000 334
1511998860000 334
1511998860000 334
1511998860000 334
1511998860000 334
1511998860000 334
1511998860000 334
1511998860000 334
1511998860000 334
1511998860000 334
1511998860000 334
1511998860000 334
1511998860000 334
1511998860000 334
1511998860000 334
1511998860000 334
1511998860000 334
1511998860000 334
1511998860000 335
1511998860000 335
1511998860000 335
1511998860000 335
1511998860000 335
1511998860000 335
1511998860000 335
1511998860000 335
1511998860000 335
1511998860000 335
1511998860000 335
1511998860000 335
1511998860000 335
1511998860000 335
1511998860000 335
1511998860000 335
1511998860000 335
1511998860000 335
1511998860000 335
1511998860000 336
1511998860000 336
1511998860000 336
1511998860000 336
1511998860000 336
1511998860000 336
1511998860000 336
1511998860000 336
1511998860000 336
1511998860000 336
1511998860000 336
1511998860000 336
1511998860000 336
1511998860000 336
1511998860000 336
1511998860000 336
1511998860000 336
1511998860000 336
1511998860000 336
1511998860000 336
1511998860000 336
1511998860000 336
1511998860000 336
1511998860000 337
1511998860000 337
1511998860000 337
1511998860000 337
1511998870000 336
1511998870000 337
1511998870000 337
1511998870000 337
1511998870000 337
1511998870000 337
1511998870000 337
1511998870000 337
1511998870000 337
1511998870000 337
1511998870000 337
1511998870000 337
1511998870000 337
1511998870000 337
1511998870000 337
1511998870000 337
1511998870000 337
1511998870000 337
1511998870000 338
1511998870000 338
1511998870000 338
1511998870000 338
1511998870000 338
1511998870000 338
1511998870000 338
1511998870000 338
1511998870000 338
1511998870000 338
1511998870000 338
1511998870000 338
1511998870000 338
1511998870000 338
1511998870000 338
1511998870000 338
1511998870000 338
1511998870000 338
1511998870000 338
1511998870000 338
1511998870000 338
1511998870000 338
1511998870000 339
1511998870000 339
1511998870000 339
1511998870000 339
1511998870000 339
1511998870000 339
1511998870000 339
1511998870000 339
1511998870000 339
1511998870000 339
1511998870000 339
1511998870000 339
1511998870000 339
1511998870000 339
1511998870000 339
1511998870000 339
1511998870000 339
1511998870000 339
1511998870000 339
1511998870000 339
1511998870000 340
1511998870000 340
1511998870000 340
1511998870000 340
1511998870000 340
1511998870000 340
1511998870000 340
1511998870000 340
1511998870000 340
1511998870000 341
1511998870000 341
1511998870000 341
1511998870000 341
1511998870000 341
1511998870000 341
1511998870000 341
1511998870000 341
1511998870000 341
1511998870000 341
1511998870000 341
1511998870000 341
1511998870000 341
1511998870000 341
1511998870000 341
1511998870000 341
1511998870000 341
1511998870000 342
1511998870000 342
1511998870000 342
1511998870000 342
1511998870000 342
1511998870000 342
1511998870000 342
1511998870000 342
1511998870000 342
1511998870000 364
1511998870000 364
1511998870000 365
1511998870000 365
1511998870000 365
1511998880000 298
1511998880000 298
1511998880000 299
1511998880000 299
1511998880000 299
1511998880000 299
1511998880000 299
1511998880000 299
1511998880000 299
1511998880000 299
1511998880000 299
1511998880000 299
1511998880000 299
1511998880000 299
1511998880000 299
1511998880000 299
1511998880000 299
1511998880000 299
1511998880000 299
1511998880000 299
1511998880000 300
1511998880000 300
1511998880000 300
1511998880000 300
1511998880000 300
1511998880000 300
1511998880000 300
1511998880000 300
1511998880000 300
1511998880000 300
1511998880000 300
1511998880000 300
1511998880000 300
1511998880000 300
1511998880000 300
1511998880000 300
1511998880000 300
1511998880000 300
1511998880000 300
1511998880000 300
1511998880000 300
1511998880000 300
1511998880000 300
1511998880000 301
1511998880000 301
1511998880000 301
1511998880000 301
1511998880000 301
1511998880000 301
1511998880000 301
1511998880000 301
1511998880000 301
1511998880000 301
1511998880000 301
1511998880000 301
1511998880000 301
1511998880000 301
1511998880000 301
1511998880000 301
1511998880000 301
1511998880000 301
1511998880000 301
1511998880000 301
1511998880000 302
1511998880000 302
1511998880000 302
1511998880000 302
1511998880000 302
1511998880000 302
1511998880000 302
1511998880000 302
1511998880000 302
1511998880000 302
1511998880000 302
1511998880000 302
1511998880000 302
1511998880000 302
1511998880000 302
1511998880000 302
1511998880000 302
1511998880000 302
1511998880000 303
1511998880000 303
1511998880000 303
1511998880000 303
1511998880000 303
1511998880000 303
1511998880000 303
1511998880000 303
1511998880000 303
1511998880000 303
1511998880000 303
1511998880000 304
1511998880000 305
1511998880000 309
1511998880000 309
1511998880000 309
1511998880000 313
1511998880000 313
1511998880000 332
1511998890000 305
1511998890000 306
1511998890000 306
1511998890000 306
1511998890000 306
1511998890000 306
1511998890000 306
1511998890000 306
1511998890000 306
1511998890000 306
1511998890000 306
1511998890000 306
1511998890000 306
1511998890000 306
1511998890000 306
1511998890000 306
1511998890000 306
1511998890000 306
1511998890000 306
1511998890000 306
1511998890000 306
1511998890000 307
1511998890000 307
1511998890000 307
1511998890000 307
1511998890000 307
1511998890000 307
1511998890000 307
1511998890000 307
1511998890000 307
1511998890000 307
1511998890000 307
1511998890000 307
1511998890000 307
1511998890000 307
1511998890000 307
1511998890000 307
1511998890000 307
1511998890000 307
1511998890000 307
1511998890000 307
1511998890000 307
1511998890000 307
1511998890000 307
1511998890000 307
1511998890000 307
1511998890000 307
1511998890000 308
1511998890000 308
1511998890000 308
1511998890000 308
1511998890000 308
1511998890000 308
1511998890000 308
1511998890000 308
1511998890000 308
1511998890000 308
1511998890000 308
1511998890000 308
1511998890000 308
1511998890000 308
1511998890000 308
1511998890000 308
1511998890000 308
1511998890000 308
1511998890000 308
1511998890000 308
1511998890000 308
1511998890000 308
1511998890000 308
1511998890000 308
1511998890000 308
1511998890000 309
1511998890000 309
1511998890000 309
1511998890000 309
1511998890000 309
1511998890000 309
1511998890000 309
1511998890000 309
1511998890000 309
1511998890000 309
1511998890000 309
1511998890000 309
1511998890000 309
1511998890000 309
1511998890000 309
1511998890000 309
1511998890000 309
1511998890000 309
1511998890000 309
1511998890000 309
1511998890000 310
1511998890000 310
1511998890000 310
1511998890000 310
1511998890000 310
1511998890000 310
1511998890000 312
1511998890000 313
1511998900000 340
1511998900000 340
1511998900000 340
1511998900000 340
1511998900000 340
1511998900000 340
1511998900000 340
1511998900000 340
1511998900000 340
1511998900000 340
1511998900000 340
1511998900000 341
1511998900000 341
1511998900000 341
1511998900000 341
1511998900000 341
1511998900000 341
1511998900000 341
1511998900000 341
1511998900000 341
1511998900000 342
1511998900000 342
1511998900000 342
1511998900000 342
1511998900000 342
1511998900000 342
1511998900000 342
1511998900000 342
1511998900000 342
1511998900000 342
1511998900000 342
1511998900000 342
1511998900000 342
1511998900000 342
1511998900000 342
1511998900000 342
1511998900000 342
1511998900000 342
1511998900000 342
1511998900000 342
1511998900000 342
1511998900000 342
1511998900000 342
1511998900000 342
1511998900000 342
1511998900000 342
1511998900000 342
1511998900000 342
1511998900000 342
1511998900000 342
1511998900000 342
1511998900000 342
1511998900000 342
1511998900000 342
1511998900000 342
1511998900000 342
1511998900000 342
1511998900000 342
1511998900000 342
1511998900000 342
1511998900000 342
1511998900000 343
1511998900000 343
1511998900000 343
1511998900000 343
1511998900000 343
1511998900000 343
1511998900000 343
1511998900000 343
1511998900000 343
1511998900000 343
1511998900000 343
1511998900000 343
1511998900000 343
1511998900000 343
1511998900000 343
1511998900000 343
1511998900000 343
1511998900000 343
1511998900000 343
1511998900000 344
1511998900000 344
1511998900000 344
1511998900000 344
1511998900000 344
1511998900000 344
1511998900000 344
1511998900000 344
1511998900000 344
1511998900000 344
1511998900000 344
1511998900000 344
1511998900000 344
1511998900000 344
1511998900000 345
1511998900000 345
1511998900000 345
1511998900000 345
1511998900000 346
1511998900000 376
1511998910000 363
1511998910000 363
1511998910000 363
1511998910000 363
1511998910000 363
1511998910000 363
1511998910000 363
1511998910000 363
1511998910000 363
1511998910000 363
1511998910000 363
1511998910000 363
1511998910000 363
1511998910000 364
1511998910000 364
1511998910000 364
1511998910000 364
1511998910000 364
1511998910000 364
1511998910000 364
1511998910000 364
1511998910000 364
1511998910000 364
1511998910000 364
1511998910000 364
1511998910000 364
1511998910000 364
1511998910000 364
1511998910000 364
1511998910000 364
1511998910000 364
1511998910000 364
1511998910000 364
1511998910000 364
1511998910000 364
1511998910000 364
1511998910000 364
1511998910000 364
1511998910000 364
1511998910000 364
1511998910000 364
1511998910000 364
1511998910000 364
1511998910000 365
1511998910000 365
1511998910000 365
1511998910000 365
1511998910000 365
1511998910000 365
1511998910000 365
1511998910000 365
1511998910000 365
1511998910000 365
1511998910000 365
1511998910000 365
1511998910000 365
1511998910000 365
1511998910000 365
1511998910000 365
1511998910000 365
1511998910000 365
1511998910000 365
1511998910000 365
1511998910000 365
1511998910000 365
1511998910000 365
1511998910000 365
1511998910000 365
1511998910000 365
1511998910000 365
1511998910000 365
1511998910000 365
1511998910000 365
1511998910000 365
1511998910000 365
1511998910000 366
1511998910000 366
1511998910000 366
1511998910000 366
1511998910000 366
1511998910000 366
1511998910000 366
1511998910000 366
1511998910000 366
1511998910000 366
1511998910000 366
1511998910000 366
1511998910000 366
1511998910000 366
1511998910000 366
1511998910000 366
1511998910000 366
1511998910000 366
1511998910000 367
1511998910000 367
1511998910000 368
1511998910000 388
1511998910000 388
1511998910000 388
1511998910000 389
1511998920000 343
1511998920000 343
1511998920000 343
1511998920000 343
1511998920000 343
1511998920000 343
1511998920000 343
1511998920000 343
1511998920000 343
1511998920000 343
1511998920000 343
1511998920000 343
1511998920000 344
1511998920000 344
1511998920000 344
1511998920000 344
1511998920000 344
1511998920000 344
1511998920000 344
1511998920000 344
1511998920000 344
1511998920000 344
1511998920000 344
1511998920000 344
1511998920000 344
1511998920000 344
1511998920000 344
1511998920000 344
1511998920000 344
1511998920000 344
1511998920000 344
1511998920000 344
1511998920000 344
1511998920000 344
1511998920000 344
1511998920000 344
1511998920000 344
1511998920000 344
1511998920000 344
1511998920000 344
1511998920000 344
1511998920000 344
1511998920000 344
1511998920000 344
1511998920000 344
1511998920000 344
1511998920000 345
1511998920000 345
1511998920000 345
1511998920000 345
1511998920000 345
1511998920000 345
1511998920000 345
1511998920000 345
1511998920000 345
1511998920000 345
1511998920000 345
1511998920000 345
1511998920000 345
1511998920000 345
1511998920000 345
1511998920000 345
1511998920000 345
1511998920000 345
1511998920000 345
1511998920000 346
1511998920000 346
1511998920000 346
1511998920000 346
1511998920000 346
1511998920000 346
1511998920000 346
1511998920000 346
1511998920000 346
1511998920000 346
1511998920000 346
1511998920000 346
1511998920000 346
1511998920000 346
1511998920000 346
1511998920000 346
1511998920000 346
1511998920000 346
1511998920000 346
1511998920000 347
1511998920000 347
1511998920000 347
1511998920000 347
1511998920000 347
1511998920000 347
1511998920000 347
1511998920000 347
1511998920000 348
1511998920000 348
1511998920000 348
1511998920000 348
1511998920000 348
1511998920000 348
1511998920000 348
1511998920000 348
1511998930000 343
1511998930000 343
1511998930000 344
1511998930000 344
1511998930000 344
1511998930000 344
1511998930000 344
1511998930000 344
1511998930000 344
1511998930000 344
1511998930000 344
1511998930000 344
1511998930000 344
1511998930000 344
1511998930000 344
1511998930000 344
1511998930000 345
1511998930000 345
1511998930000 345
1511998930000 345
1511998930000 345
1511998930000 345
1511998930000 345
1511998930000 345
1511998930000 345
1511998930000 345
1511998930000 345
1511998930000 345
1511998930000 345
1511998930000 345
1511998930000 345
1511998930000 345
1511998930000 345
1511998930000 345
1511998930000 345
1511998930000 345
1511998930000 345
1511998930000 346
1511998930000 346
1511998930000 346
1511998930000 346
1511998930000 346
1511998930000 346
1511998930000 346
1511998930000 346
1511998930000 346
1511998930000 346
1511998930000 346
1511998930000 346
1511998930000 346
1511998930000 346
1511998930000 346
1511998930000 346
1511998930000 347
1511998930000 347
1511998930000 347
1511998930000 347
1511998930000 347
1511998930000 347
1511998930000 347
1511998930000 347
1511998930000 347
1511998930000 347
1511998930000 347
1511998930000 347
1511998930000 347
1511998930000 347
1511998930000 347
1511998930000 347
1511998930000 347
1511998930000 347
1511998930000 348
1511998930000 348
1511998930000 348
1511998930000 348
1511998930000 348
1511998930000 348
1511998930000 348
1511998930000 348
1511998930000 348
1511998930000 348
1511998930000 348
1511998930000 348
1511998930000 348
1511998930000 348
1511998930000 348
1511998930000 348
1511998930000 349
1511998930000 349
1511998930000 349
1511998930000 349
1511998930000 349
1511998930000 349
1511998930000 350
1511998930000 350
1511998930000 374
1511998930000 374
1511998930000 374
1511998930000 374
1511998930000 374
1511998940000 298
1511998940000 298
1511998940000 298
1511998940000 299
1511998940000 299
1511998940000 299
1511998940000 299
1511998940000 299
1511998940000 299
1511998940000 299
1511998940000 299
1511998940000 299
1511998940000 299
1511998940000 299
1511998940000 299
1511998940000 299
1511998940000 299
1511998940000 299
1511998940000 299
1511998940000 299
1511998940000 299
1511998940000 299
1511998940000 299
1511998940000 299
1511998940000 299
1511998940000 299
1511998940000 299
1511998940000 299
1511998940000 299
1511998940000 299
1511998940000 299
1511998940000 299
1511998940000 299
1511998940000 299
1511998940000 299
1511998940000 299
1511998940000 299
1511998940000 299
1511998940000 300
1511998940000 300
1511998940000 300
1511998940000 300
1511998940000 300
1511998940000 300
1511998940000 300
1511998940000 300
1511998940000 300
1511998940000 300
1511998940000 300
1511998940000 300
1511998940000 300
1511998940000 300
1511998940000 300
1511998940000 300
1511998940000 300
1511998940000 300
1511998940000 300
1511998940000 300
1511998940000 300
1511998940000 300
1511998940000 300
1511998940000 300
1511998940000 301
1511998940000 301
1511998940000 301
1511998940000 301
1511998940000 301
1511998940000 301
1511998940000 302
1511998940000 302
1511998940000 302
1511998940000 302
1511998940000 302
1511998940000 302
1511998940000 302
1511998940000 302
1511998940000 302
1511998940000 302
1511998940000 302
1511998940000 302
1511998940000 302
1511998940000 302
1511998940000 302
1511998940000 302
1511998940000 302
1511998940000 302
1511998940000 302
1511998940000 302
1511998940000 302
1511998940000 303
1511998940000 303
1511998940000 303
1511998940000 303
1511998940000 303
1511998940000 303
1511998940000 303
1511998940000 304
1511998940000 304
1511998940000 352
1511998940000 352
1511998950000 312
1511998950000 313
1511998950000 313
1511998950000 313
1511998950000 313
1511998950000 313
1511998950000 313
1511998950000 313
1511998950000 313
1511998950000 313
1511998950000 313
1511998950000 313
1511998950000 313
1511998950000 313
1511998950000 313
1511998950000 313
1511998950000 313
1511998950000 313
1511998950000 313
1511998950000 313
1511998950000 313
1511998950000 313
1511998950000 313
1511998950000 313
1511998950000 313
1511998950000 313
1511998950000 313
1511998950000 314
1511998950000 314
1511998950000 314
1511998950000 314
1511998950000 314
1511998950000 314
1511998950000 314
1511998950000 314
1511998950000 314
1511998950000 314
1511998950000 314
1511998950000 314
1511998950000 314
1511998950000 314
1511998950000 314
1511998950000 314
1511998950000 314
1511998950000 314
1511998950000 314
1511998950000 314
1511998950000 314
1511998950000 314
1511998950000 314
1511998950000 314
1511998950000 314
1511998950000 314
1511998950000 314
1511998950000 314
1511998950000 314
1511998950000 314
1511998950000 314
1511998950000 314
1511998950000 314
1511998950000 314
1511998950000 314
1511998950000 314
1511998950000 314
1511998950000 315
1511998950000 315
1511998950000 315
1511998950000 315
1511998950000 315
1511998950000 315
1511998950000 315
1511998950000 315
1511998950000 315
1511998950000 315
1511998950000 315
1511998950000 315
1511998950000 315
1511998950000 315
1511998950000 315
1511998950000 315
1511998950000 315
1511998950000 315
1511998950000 315
1511998950000 315
1511998950000 315
1511998950000 315
1511998950000 315
1511998950000 315
1511998950000 315
1511998950000 315
1511998950000 315
1511998950000 316
1511998950000 316
1511998950000 316
1511998950000 316
1511998950000 316
1511998950000 316
1511998950000 317
1511998950000 317
1511998950000 318
1511998960000 323
1511998960000 323
1511998960000 323
1511998960000 323
1511998960000 323
1511998960000 323
1511998960000 324
1511998960000 324
1511998960000 324
1511998960000 324
1511998960000 324
1511998960000 324
1511998960000 324
1511998960000 324
1511998960000 324
1511998960000 324
1511998960000 324
1511998960000 324
1511998960000 324
1511998960000 324
1511998960000 324
1511998960000 324
1511998960000 324
1511998960000 324
1511998960000 324
1511998960000 324
1511998960000 324
1511998960000 324
1511998960000 324
1511998960000 324
1511998960000 324
1511998960000 324
1511998960000 324
1511998960000 325
1511998960000 325
1511998960000 325
1511998960000 325
1511998960000 325
1511998960000 325
1511998960000 325
1511998960000 325
1511998960000 325
1511998960000 325
1511998960000 325
1511998960000 325
1511998960000 325
1511998960000 325
1511998960000 325
1511998960000 325
1511998960000 325
1511998960000 325
1511998960000 325
1511998960000 325
1511998960000 325
1511998960000 325
1511998960000 325
1511998960000 325
1511998960000 325
1511998960000 325
1511998960000 325
1511998960000 325
1511998960000 325
1511998960000 325
1511998960000 325
1511998960000 325
1511998960000 326
1511998960000 326
1511998960000 326
1511998960000 326
1511998960000 326
1511998960000 326
1511998960000 326
1511998960000 326
1511998960000 326
1511998960000 326
1511998960000 326
1511998960000 326
1511998960000 326
1511998960000 326
1511998960000 326
1511998960000 326
1511998960000 326
1511998960000 326
1511998960000 326
1511998960000 326
1511998960000 326
1511998960000 326
1511998960000 326
1511998960000 326
1511998960000 327
1511998960000 327
1511998960000 327
1511998960000 327
1511998960000 327
1511998960000 327
1511998960000 327
1511998960000 328
1511998960000 328
1511998960000 328
1511998960000 329
1511998970000 340
1511998970000 340
1511998970000 340
1511998970000 340
1511998970000 340
1511998970000 340
1511998970000 340
1511998970000 340
1511998970000 340
1511998970000 340
1511998970000 340
1511998970000 340
1511998970000 340
1511998970000 341
1511998970000 341
1511998970000 341
1511998970000 341
1511998970000 341
1511998970000 341
1511998970000 341
1511998970000 341
1511998970000 341
1511998970000 341
1511998970000 341
1511998970000 341
1511998970000 341
1511998970000 341
1511998970000 341
1511998970000 341
1511998970000 341
1511998970000 341
1511998970000 341
1511998970000 341
1511998970000 341
1511998970000 341
1511998970000 341
1511998970000 341
1511998970000 341
1511998970000 341
1511998970000 341
1511998970000 341
1511998970000 341
1511998970000 341
1511998970000 341
1511998970000 341
1511998970000 341
1511998970000 341
1511998970000 341
1511998970000 341
1511998970000 341
1511998970000 341
1511998970000 341
1511998970000 341
1511998970000 341
1511998970000 341
1511998970000 341
1511998970000 341
1511998970000 341
1511998970000 342
1511998970000 342
1511998970000 342
1511998970000 342
1511998970000 342
1511998970000 342
1511998970000 342
1511998970000 342
1511998970000 342
1511998970000 342
1511998970000 342
1511998970000 342
1511998970000 342
1511998970000 342
1511998970000 342
1511998970000 342
1511998970000 342
1511998970000 342
1511998970000 342
1511998970000 342
1511998970000 342
1511998970000 342
1511998970000 342
1511998970000 342
1511998970000 342
1511998970000 342
1511998970000 342
1511998970000 342
1511998970000 342
1511998970000 342
1511998970000 343
1511998970000 343
1511998970000 343
1511998970000 343
1511998970000 343
1511998970000 343
1511998970000 343
1511998970000 368
1511998970000 369
1511998970000 370
1511998970000 370
1511998970000 371
1511998980000 324
1511998980000 324
1511998980000 324
1511998980000 324
1511998980000 324
1511998980000 324
1511998980000 324
1511998980000 324
1511998980000 324
1511998980000 324
1511998980000 324
1511998980000 325
1511998980000 325
1511998980000 325
1511998980000 325
1511998980000 325
1511998980000 325
1511998980000 325
1511998980000 325
1511998980000 325
1511998980000 325
1511998980000 325
1511998980000 325
1511998980000 325
1511998980000 325
1511998980000 325
1511998980000 325
1511998980000 325
1511998980000 325
1511998980000 326
1511998980000 326
1511998980000 326
1511998980000 326
1511998980000 326
1511998980000 326
1511998980000 326
1511998980000 326
1511998980000 326
1511998980000 326
1511998980000 326
1511998980000 326
1511998980000 326
1511998980000 326
1511998980000 326
1511998980000 326
1511998980000 326
1511998980000 326
1511998980000 326
1511998980000 326
1511998980000 326
1511998980000 327
1511998980000 327
1511998980000 327
1511998980000 327
1511998980000 327
1511998980000 327
1511998980000 327
1511998980000 327
1511998980000 327
1511998980000 327
1511998980000 327
1511998980000 327
1511998980000 327
1511998980000 327
1511998980000 327
1511998980000 327
1511998980000 327
1511998980000 328
1511998980000 328
1511998980000 328
1511998980000 328
1511998980000 328
1511998980000 328
1511998980000 328
1511998980000 328
1511998980000 328
1511998980000 328
1511998980000 328
1511998980000 328
1511998980000 328
1511998980000 328
1511998980000 328
1511998980000 328
1511998980000 329
1511998980000 329
1511998980000 329
1511998980000 329
1511998980000 329
1511998980000 329
1511998980000 329
1511998980000 329
1511998980000 329
1511998980000 329
1511998980000 329
1511998980000 330
1511998980000 330
1511998980000 330
1511998980000 330
1511998980000 331
1511998980000 331
1511998990000 338
1511998990000 338
1511998990000 338
1511998990000 338
1511998990000 338
1511998990000 338
1511998990000 338
1511998990000 338
1511998990000 338
1511998990000 338
1511998990000 338
1511998990000 338
1511998990000 338
1511998990000 338
1511998990000 338
1511998990000 338
1511998990000 338
1511998990000 339
1511998990000 339
1511998990000 339
1511998990000 339
1511998990000 339
1511998990000 339
1511998990000 339
1511998990000 339
1511998990000 339
1511998990000 339
1511998990000 339
1511998990000 339
1511998990000 339
1511998990000 339
1511998990000 339
1511998990000 339
1511998990000 339
1511998990000 339
1511998990000 339
1511998990000 339
1511998990000 339
1511998990000 339
1511998990000 339
1511998990000 339
1511998990000 339
1511998990000 339
1511998990000 339
1511998990000 339
1511998990000 339
1511998990000 340
1511998990000 340
1511998990000 340
1511998990000 340
1511998990000 340
1511998990000 340
1511998990000 340
1511998990000 340
1511998990000 340
1511998990000 340
1511998990000 340
1511998990000 340
1511998990000 340
1511998990000 340
1511998990000 340
1511998990000 340
1511998990000 340
1511998990000 340
1511998990000 340
1511998990000 340
1511998990000 340
1511998990000 340
1511998990000 340
1511998990000 340
1511998990000 340
1511998990000 340
1511998990000 340
1511998990000 340
1511998990000 340
1511998990000 341
1511998990000 341
1511998990000 341
1511998990000 341
1511998990000 341
1511998990000 341
1511998990000 341
1511998990000 341
1511998990000 341
1511998990000 341
1511998990000 341
1511998990000 341
1511998990000 341
1511998990000 341
1511998990000 341
1511998990000 341
1511998990000 341
1511998990000 341
1511998990000 341
1511998990000 341
1511998990000 341
1511998990000 342
1511998990000 342
1511998990000 342
1511998990000 343
1511999000000 304
1511999000000 304
1511999000000 304
1511999000000 304
1511999000000 304
1511999000000 305
1511999000000 305
1511999000000 305
1511999000000 305
1511999000000 305
1511999000000 305
1511999000000 305
1511999000000 305
1511999000000 305
1511999000000 305
1511999000000 305
1511999000000 305
1511999000000 305
1511999000000 305
1511999000000 305
1511999000000 305
1511999000000 305
1511999000000 305
1511999000000 305
1511999000000 305
1511999000000 305
1511999000000 305
1511999000000 305
1511999000000 306
1511999000000 306
1511999000000 306
1511999000000 306
1511999000000 306
1511999000000 306
1511999000000 306
1511999000000 306
1511999000000 306
1511999000000 306
1511999000000 306
1511999000000 306
1511999000000 306
1511999000000 306
1511999000000 306
1511999000000 306
1511999000000 306
1511999000000 306
1511999000000 306
1511999000000 306
1511999000000 306
1511999000000 306
1511999000000 306
1511999000000 306
1511999000000 306
1511999000000 306
1511999000000 306
1511999000000 306
1511999000000 306
1511999000000 306
1511999000000 307
1511999000000 307
1511999000000 307
1511999000000 307
1511999000000 307
1511999000000 307
1511999000000 307
1511999000000 307
1511999000000 307
1511999000000 307
1511999000000 307
1511999000000 307
1511999000000 307
1511999000000 307
1511999000000 307
1511999000000 307
1511999000000 307
1511999000000 307
1511999000000 307
1511999000000 307
1511999000000 307
1511999000000 308
1511999000000 308
1511999000000 308
1511999000000 308
1511999000000 308
1511999000000 308
1511999000000 308
1511999000000 308
1511999000000 308
1511999000000 308
1511999000000 308
1511999000000 308
1511999000000 308
1511999000000 308
1511999000000 308
1511999000000 309
1511999000000 309
1511999000000 309
1511999000000 319
1511999000000 321
1511999000000 322
1511999010000 361
1511999010000 361
1511999010000 361
1511999010000 362
1511999010000 362
1511999010000 362
1511999010000 362
1511999010000 362
1511999010000 365
1511999010000 365
1511999010000 365
1511999010000 365
1511999010000 365
1511999010000 365
1511999010000 365
1511999010000 365
1511999010000 365
1511999010000 365
1511999010000 366
1511999010000 366
1511999010000 366
1511999010000 366
1511999010000 366
1511999010000 366
1511999010000 366
1511999010000 366
1511999010000 366
1511999010000 366
1511999010000 366
1511999010000 366
1511999010000 366
1511999010000 366
1511999010000 366
1511999010000 367
1511999010000 367
1511999010000 367
1511999010000 367
1511999010000 367
1511999010000 367
1511999010000 367
1511999010000 367
1511999010000 367
1511999010000 367
1511999010000 367
1511999010000 368
1511999010000 368
1511999010000 368
1511999010000 368
1511999010000 368
1511999010000 368
1511999010000 368
1511999010000 368
1511999010000 368
1511999010000 368
1511999010000 368
1511999010000 368
1511999010000 368
1511999010000 368
1511999010000 368
1511999010000 368
1511999010000 368
1511999010000 368
1511999010000 368
1511999010000 368
1511999010000 369
1511999010000 369
1511999010000 369
1511999010000 369
1511999010000 369
1511999010000 369
1511999010000 369
1511999010000 369
1511999010000 369
1511999010000 369
1511999010000 369
1511999010000 369
1511999010000 369
1511999010000 369
1511999010000 369
1511999010000 369
1511999010000 369
1511999010000 369
1511999010000 369
1511999010000 369
1511999010000 369
1511999010000 369
1511999010000 369
1511999010000 369
1511999010000 369
1511999010000 369
1511999010000 369
1511999010000 369
1511999010000 369
1511999010000 370
1511999010000 370
1511999010000 370
1511999010000 371
1511999010000 372
1511999010000 383
1511999010000 384
1511999020000 295
1511999020000 295
1511999020000 295
1511999020000 295
1511999020000 296
1511999020000 296
1511999020000 296
1511999020000 296
1511999020000 296
1511999020000 296
1511999020000 296
1511999020000 296
1511999020000 296
1511999020000 296
1511999020000 296
1511999020000 296
1511999020000 296
1511999020000 296
1511999020000 296
1511999020000 296
1511999020000 296
1511999020000 296
1511999020000 296
1511999020000 296
1511999020000 296
1511999020000 296
1511999020000 297
1511999020000 297
1511999020000 297
1511999020000 297
1511999020000 297
1511999020000 297
1511999020000 297
1511999020000 297
1511999020000 297
1511999020000 297
1511999020000 297
1511999020000 297
1511999020000 297
1511999020000 297
1511999020000 297
1511999020000 297
1511999020000 297
1511999020000 297
1511999020000 297
1511999020000 297
1511999020000 297
1511999020000 297
1511999020000 297
1511999020000 297
1511999020000 297
1511999020000 297
1511999020000 297
1511999020000 297
1511999020000 297
1511999020000 297
1511999020000 297
1511999020000 298
1511999020000 298
1511999020000 298
1511999020000 298
1511999020000 298
1511999020000 298
1511999020000 298
1511999020000 298
1511999020000 298
1511999020000 298
1511999020000 298
1511999020000 298
1511999020000 298
1511999020000 298
1511999020000 298
1511999020000 298
1511999020000 298
1511999020000 298
1511999020000 298
1511999020000 298
1511999020000 298
1511999020000 298
1511999020000 298
1511999020000 298
1511999020000 298
1511999020000 298
1511999020000 299
1511999020000 299
1511999020000 299
1511999020000 299
1511999020000 299
1511999020000 299
1511999020000 299
1511999020000 299
1511999020000 299
1511999020000 299
1511999020000 299
1511999020000 299
1511999020000 300
1511999020000 301
1511999020000 323
1511999020000 323
1511999020000 326
1511999030000 364
1511999030000 365
1511999030000 365
1511999030000 365
1511999030000 365
1511999030000 365
1511999030000 365
1511999030000 365
1511999030000 365
1511999030000 365
1511999030000 365
1511999030000 365
1511999030000 365
1511999030000 365
1511999030000 365
1511999030000 365
1511999030000 365
1511999030000 365
1511999030000 365
1511999030000 366
1511999030000 366
1511999030000 366
1511999030000 366
1511999030000 366
1511999030000 366
1511999030000 366
1511999030000 366
1511999030000 366
1511999030000 366
1511999030000 366
1511999030000 366
1511999030000 366
1511999030000 366
1511999030000 366
1511999030000 366
1511999030000 366
1511999030000 366
1511999030000 366
1511999030000 366
1511999030000 366
1511999030000 366
1511999030000 366
1511999030000 366
1511999030000 366
1511999030000 366
1511999030000 366
1511999030000 366
1511999030000 366
1511999030000 366
1511999030000 366
1511999030000 366
1511999030000 366
1511999030000 367
1511999030000 367
1511999030000 367
1511999030000 367
1511999030000 367
1511999030000 367
1511999030000 367
1511999030000 367
1511999030000 367
1511999030000 367
1511999030000 367
1511999030000 367
1511999030000 367
1511999030000 367
1511999030000 367
1511999030000 367
1511999030000 367
1511999030000 367
1511999030000 367
1511999030000 367
1511999030000 367
1511999030000 367
1511999030000 367
1511999030000 367
1511999030000 367
1511999030000 367
1511999030000 367
1511999030000 367
1511999030000 368
1511999030000 368
1511999030000 368
1511999030000 368
1511999030000 368
1511999030000 368
1511999030000 368
1511999030000 368
1511999030000 368
1511999030000 369
1511999030000 369
1511999030000 392
1511999030000 392
1511999030000 392
1511999030000 393
1511999030000 393
1511999030000 393
1511999030000 394
1511999030000 394
1511999030000 395
1511999040000 339
1511999040000 339
1511999040000 339
1511999040000 339
1511999040000 340
1511999040000 340
1511999040000 340
1511999040000 340
1511999040000 340
1511999040000 340
1511999040000 340
1511999040000 340
1511999040000 340
1511999040000 340
1511999040000 340
1511999040000 340
1511999040000 340
1511999040000 340
1511999040000 340
1511999040000 340
1511999040000 340
1511999040000 340
1511999040000 340
1511999040000 340
1511999040000 340
1511999040000 340
1511999040000 340
1511999040000 340
1511999040000 340
1511999040000 340
1511999040000 340
1511999040000 340
1511999040000 340
1511999040000 340
1511999040000 340
1511999040000 340
1511999040000 340
1511999040000 340
1511999040000 340
1511999040000 340
1511999040000 340
1511999040000 340
1511999040000 340
1511999040000 340
1511999040000 340
1511999040000 340
1511999040000 340
1511999040000 341
1511999040000 341
1511999040000 341
1511999040000 341
1511999040000 341
1511999040000 341
1511999040000 341
1511999040000 341
1511999040000 341
1511999040000 341
1511999040000 341
1511999040000 341
1511999040000 341
1511999040000 341
1511999040000 342
1511999040000 342
1511999040000 342
1511999040000 342
1511999040000 342
1511999040000 342
1511999040000 342
1511999040000 342
1511999040000 342
1511999040000 342
1511999040000 342
1511999040000 342
1511999040000 342
1511999040000 342
1511999040000 342
1511999040000 342
1511999040000 342
1511999040000 342
1511999040000 342
1511999040000 343
1511999040000 343
1511999040000 343
1511999040000 343
1511999040000 343
1511999040000 343
1511999040000 343
1511999040000 343
1511999040000 343
1511999040000 343
1511999040000 343
1511999040000 343
1511999040000 343
1511999040000 344
1511999040000 344
1511999040000 344
1511999040000 344
1511999040000 344
1511999040000 344
1511999040000 344
1511999050000 322
1511999050000 322
1511999050000 322
1511999050000 322
1511999050000 322
1511999050000 322
1511999050000 322
1511999050000 322
1511999050000 322
1511999050000 322
1511999050000 322
1511999050000 322
1511999050000 322
1511999050000 322
1511999050000 322
1511999050000 322
1511999050000 322
1511999050000 322
1511999050000 322
1511999050000 322
1511999050000 322
1511999050000 322
1511999050000 322
1511999050000 323
1511999050000 323
1511999050000 323
1511999050000 323
1511999050000 323
1511999050000 323
1511999050000 323
1511999050000 323
1511999050000 323
1511999050000 323
1511999050000 323
1511999050000 323
1511999050000 323
1511999050000 323
1511999050000 323
1511999050000 323
1511999050000 323
1511999050000 323
1511999050000 323
1511999050000 323
1511999050000 323
1511999050000 323
1511999050000 323
1511999050000 323
1511999050000 323
1511999050000 323
1511999050000 323
1511999050000 323
1511999050000 323
1511999050000 323
1511999050000 323
1511999050000 324
1511999050000 324
1511999050000 324
1511999050000 324
1511999050000 324
1511999050000 324
1511999050000 324
1511999050000 324
1511999050000 324
1511999050000 324
1511999050000 324
1511999050000 324
1511999050000 324
1511999050000 324
1511999050000 324
1511999050000 324
1511999050000 324
1511999050000 324
1511999050000 324
1511999050000 324
1511999050000 324
1511999050000 324
1511999050000 324
1511999050000 324
1511999050000 324
1511999050000 324
1511999050000 324
1511999050000 324
1511999050000 324
1511999050000 325
1511999050000 325
1511999050000 325
1511999050000 325
1511999050000 325
1511999050000 325
1511999050000 325
1511999050000 326
1511999050000 327
1511999050000 329
1511999050000 330
1511999050000 332
1511999050000 333
1511999050000 340
1511999050000 340
1511999050000 341
1511999050000 341
1511999060000 348
1511999060000 349
1511999060000 349
1511999060000 349
1511999060000 349
1511999060000 349
1511999060000 349
1511999060000 349
1511999060000 349
1511999060000 350
1511999060000 350
1511999060000 350
1511999060000 350
1511999060000 350
1511999060000 350
1511999060000 350
1511999060000 350
1511999060000 350
1511999060000 350
1511999060000 350
1511999060000 350
1511999060000 350
1511999060000 350
1511999060000 351
1511999060000 351
1511999060000 351
1511999060000 351
1511999060000 351
1511999060000 351
1511999060000 351
1511999060000 351
1511999060000 351
1511999060000 351
1511999060000 351
1511999060000 351
1511999060000 351
1511999060000 351
1511999060000 351
1511999060000 351
1511999060000 351
1511999060000 351
1511999060000 351
1511999060000 352
1511999060000 352
1511999060000 352
1511999060000 352
1511999060000 352
1511999060000 352
1511999060000 352
1511999060000 352
1511999060000 352
1511999060000 352
1511999060000 352
1511999060000 352
1511999060000 352
1511999060000 352
1511999060000 352
1511999060000 352
1511999060000 352
1511999060000 353
1511999060000 353
1511999060000 353
1511999060000 353
1511999060000 354
1511999060000 354
1511999060000 354
1511999060000 354
1511999060000 354
1511999060000 354
1511999060000 354
1511999060000 354
1511999060000 354
1511999060000 354
1511999060000 354
1511999060000 354
1511999060000 354
1511999060000 354
1511999060000 355
1511999060000 355
1511999060000 355
1511999060000 355
1511999060000 355
1511999060000 355
1511999060000 355
1511999060000 355
1511999060000 355
1511999060000 355
1511999060000 355
1511999060000 355
1511999060000 355
1511999060000 355
1511999060000 356
1511999060000 356
1511999060000 356
1511999060000 356
1511999060000 356
1511999060000 357
1511999060000 357
1511999060000 357
1511999060000 357
1511999070000 337
1511999070000 337
1511999070000 337
1511999070000 337
1511999070000 337
1511999070000 337
1511999070000 337
1511999070000 337
1511999070000 337
1511999070000 337
1511999070000 337
1511999070000 337
1511999070000 337
1511999070000 337
1511999070000 337
1511999070000 338
1511999070000 338
1511999070000 338
1511999070000 338
1511999070000 338
1511999070000 338
1511999070000 338
1511999070000 338
1511999070000 338
1511999070000 338
1511999070000 338
1511999070000 338
1511999070000 338
1511999070000 338
1511999070000 338
1511999070000 338
1511999070000 338
1511999070000 339
1511999070000 339
1511999070000 339
1511999070000 339
1511999070000 339
1511999070000 339
1511999070000 339
1511999070000 339
1511999070000 339
1511999070000 339
1511999070000 339
1511999070000 339
1511999070000 339
1511999070000 339
1511999070000 339
1511999070000 339
1511999070000 339
1511999070000 339
1511999070000 339
1511999070000 339
1511999070000 339
1511999070000 339
1511999070000 340
1511999070000 340
1511999070000 340
1511999070000 340
1511999070000 340
1511999070000 340
1511999070000 340
1511999070000 340
1511999070000 340
1511999070000 340
1511999070000 341
1511999070000 341
1511999070000 341
1511999070000 341
1511999070000 341
1511999070000 341
1511999070000 341
1511999070000 341
1511999070000 341
1511999070000 341
1511999070000 341
1511999070000 341
1511999070000 341
1511999070000 341
1511999070000 341
1511999070000 341
1511999070000 341
1511999070000 341
1511999070000 341
1511999070000 342
1511999070000 342
1511999070000 342
1511999070000 342
1511999070000 342
1511999070000 342
1511999070000 342
1511999070000 342
1511999070000 343
1511999070000 343
1511999070000 343
1511999070000 343
1511999070000 343
1511999070000 370
1511999070000 371
1511999070000 371
1511999070000 372
1511999080000 1999
1511999080000 1999
1511999080000 1999
1511999080000 1999
1511999080000 2001
1511999080000 2001
1511999080000 2001
1511999080000 2001
1511999080000 2002
1511999080000 2002
1511999080000 2003
1511999080000 2004
1511999080000 2004
1511999080000 2005
1511999080000 2005
1511999080000 2005
1511999080000 2005
1511999080000 2005
1511999080000 2006
1511999080000 2006
1511999080000 2006
1511999080000 2006
1511999080000 2006
1511999080000 2006
1511999080000 2006
1511999080000 2006
1511999080000 2006
1511999080000 2006
1511999080000 2006
1511999080000 2006
1511999080000 2006
1511999080000 2006
1511999080000 2006
1511999080000 2006
1511999080000 2006
1511999080000 2006
1511999080000 2006
1511999080000 2007
1511999080000 2007
1511999080000 2007
1511999080000 2007
1511999080000 2007
1511999080000 2007
1511999080000 2007
1511999080000 2007
1511999080000 2007
1511999080000 2008
1511999080000 2008
1511999080000 2008
1511999080000 2008
1511999080000 2008
1511999080000 2008
1511999080000 2008
1511999080000 2008
1511999080000 2008
1511999080000 2008
1511999080000 2008
1511999080000 2008
1511999080000 2008
1511999080000 2008
1511999080000 2008
1511999080000 2008
1511999080000 2008
1511999080000 2009
1511999080000 2009
1511999080000 2009
1511999080000 2009
1511999080000 2009
1511999080000 2009
1511999080000 2009
1511999080000 2009
1511999080000 2009
1511999080000 2009
1511999080000 2009
1511999080000 2009
1511999080000 2009
1511999080000 2009
1511999080000 2009
1511999080000 2009
1511999080000 2009
1511999080000 2009
1511999080000 2010
1511999080000 2010
1511999080000 2010
1511999080000 2010
1511999080000 2010
1511999080000 2010
1511999080000 2010
1511999080000 2010
1511999080000 2010
1511999080000 2010
1511999080000 2010
1511999080000 2010
1511999080000 2010
1511999080000 2010
1511999080000 2011
1511999080000 2011
1511999080000 2011
1511999080000 2012
1511999080000 2013
1511999090000 318
1511999090000 318
1511999090000 318
1511999090000 319
1511999090000 319
1511999090000 319
1511999090000 319
1511999090000 319
1511999090000 319
1511999090000 319
1511999090000 319
1511999090000 319
1511999090000 319
1511999090000 319
1511999090000 319
1511999090000 319
1511999090000 320
1511999090000 320
1511999090000 320
1511999090000 320
1511999090000 320
1511999090000 320
1511999090000 320
1511999090000 320
1511999090000 320
1511999090000 320
1511999090000 320
1511999090000 320
1511999090000 320
1511999090000 320
1511999090000 320
1511999090000 320
1511999090000 320
1511999090000 320
1511999090000 320
1511999090000 320
1511999090000 320
1511999090000 321
1511999090000 321
1511999090000 321
1511999090000 321
1511999090000 321
1511999090000 321
1511999090000 321
1511999090000 321
1511999090000 321
1511999090000 321
1511999090000 321
1511999090000 321
1511999090000 321
1511999090000 321
1511999090000 321
1511999090000 321
1511999090000 321
1511999090000 321
1511999090000 321
1511999090000 321
1511999090000 321
1511999090000 322
1511999090000 322
1511999090000 322
1511999090000 322
1511999090000 322
1511999090000 322
1511999090000 322
1511999090000 322
1511999090000 322
1511999090000 322
1511999090000 322
1511999090000 323
1511999090000 323
1511999090000 323
1511999090000 323
1511999090000 323
1511999090000 323
1511999090000 323
1511999090000 323
1511999090000 323
1511999090000 323
1511999090000 323
1511999090000 323
1511999090000 323
1511999090000 323
1511999090000 323
1511999090000 323
1511999090000 323
1511999090000 323
1511999090000 323
1511999090000 323
1511999090000 324
1511999090000 324
1511999090000 324
1511999090000 324
1511999090000 324
1511999090000 324
1511999090000 324
1511999090000 325
1511999090000 325
1511999090000 325
1511999090000 326
1511999100000 321
1511999100000 321
1511999100000 321
1511999100000 321
1511999100000 321
1511999100000 321
1511999100000 321
1511999100000 321
1511999100000 321
1511999100000 321
1511999100000 321
1511999100000 321
1511999100000 321
1511999100000 321
1511999100000 321
1511999100000 321
1511999100000 321
1511999100000 321
1511999100000 321
1511999100000 321
1511999100000 321
1511999100000 321
1511999100000 321
1511999100000 321
1511999100000 321
1511999100000 321
1511999100000 321
1511999100000 321
1511999100000 321
1511999100000 322
1511999100000 322
1511999100000 322
1511999100000 322
1511999100000 322
1511999100000 322
1511999100000 322
1511999100000 322
1511999100000 322
1511999100000 322
1511999100000 322
1511999100000 322
1511999100000 322
1511999100000 322
1511999100000 322
1511999100000 322
1511999100000 322
1511999100000 322
1511999100000 322
1511999100000 322
1511999100000 322
1511999100000 322
1511999100000 322
1511999100000 323
1511999100000 323
1511999100000 323
1511999100000 323
1511999100000 323
1511999100000 323
1511999100000 323
1511999100000 323
1511999100000 323
1511999100000 323
1511999100000 323
1511999100000 323
1511999100000 323
1511999100000 323
1511999100000 323
1511999100000 323
1511999100000 323
1511999100000 323
1511999100000 323
1511999100000 323
1511999100000 323
1511999100000 323
1511999100000 323
1511999100000 323
1511999100000 323
1511999100000 323
1511999100000 323
1511999100000 324
1511999100000 324
1511999100000 324
1511999100000 324
1511999100000 324
1511999100000 324
1511999100000 324
1511999100000 324
1511999100000 324
1511999100000 324
1511999100000 324
1511999100000 324
1511999100000 324
1511999100000 324
1511999100000 324
1511999100000 325
1511999100000 325
1511999100000 325
1511999100000 325
1511999100000 343
1511999100000 344
1511999110000 311
1511999110000 311
1511999110000 311
1511999110000 311
1511999110000 311
1511999110000 311
1511999110000 311
1511999110000 311
1511999110000 311
1511999110000 311
1511999110000 311
1511999110000 311
1511999110000 311
1511999110000 311
1511999110000 311
1511999110000 311
1511999110000 311
1511999110000 311
1511999110000 311
1511999110000 311
1511999110000 312
1511999110000 312
1511999110000 312
1511999110000 312
1511999110000 312
1511999110000 312
1511999110000 312
1511999110000 312
1511999110000 312
1511999110000 312
1511999110000 312
1511999110000 312
1511999110000 312
1511999110000 312
1511999110000 312
1511999110000 312
1511999110000 312
1511999110000 312
1511999110000 312
1511999110000 312
1511999110000 312
1511999110000 312
1511999110000 312
1511999110000 312
1511999110000 312
1511999110000 312
1511999110000 312
1511999110000 312
1511999110000 312
1511999110000 312
1511999110000 312
1511999110000 312
1511999110000 312
1511999110000 312
1511999110000 312
1511999110000 312
1511999110000 312
1511999110000 313
1511999110000 313
1511999110000 313
1511999110000 313
1511999110000 313
1511999110000 313
1511999110000 313
1511999110000 313
1511999110000 313
1511999110000 313
1511999110000 313
1511999110000 313
1511999110000 314
1511999110000 314
1511999110000 314
1511999110000 314
1511999110000 314
1511999110000 314
1511999110000 314
1511999110000 314
1511999110000 314
1511999110000 314
1511999110000 314
1511999110000 314
1511999110000 314
1511999110000 314
1511999110000 314
1511999110000 314
1511999110000 314
1511999110000 314
1511999110000 314
1511999110000 314
1511999110000 314
1511999110000 314
1511999110000 315
1511999110000 315
1511999110000 315
1511999110000 315
1511999110000 315
1511999110000 316
1511999110000 316
1511999110000 333
1511999110000 333
1511999120000 339
1511999120000 339
1511999120000 339
1511999120000 339
1511999120000 339
1511999120000 339
1511999120000 339
1511999120000 339
1511999120000 339
1511999120000 339
1511999120000 339
1511999120000 339
1511999120000 339
1511999120000 339
1511999120000 340
1511999120000 340
1511999120000 340
1511999120000 340
1511999120000 340
1511999120000 340
1511999120000 340
1511999120000 340
1511999120000 340
1511999120000 340
1511999120000 340
1511999120000 340
1511999120000 340
1511999120000 340
1511999120000 340
1511999120000 340
1511999120000 340
1511999120000 340
1511999120000 340
1511999120000 340
1511999120000 340
1511999120000 340
1511999120000 340
1511999120000 340
1511999120000 340
1511999120000 340
1511999120000 340
1511999120000 340
1511999120000 340
1511999120000 340
1511999120000 340
1511999120000 340
1511999120000 340
1511999120000 341
1511999120000 341
1511999120000 341
1511999120000 341
1511999120000 341
1511999120000 341
1511999120000 341
1511999120000 341
1511999120000 341
1511999120000 341
1511999120000 342
1511999120000 342
1511999120000 342
1511999120000 342
1511999120000 342
1511999120000 342
1511999120000 342
1511999120000 342
1511999120000 342
1511999120000 342
1511999120000 342
1511999120000 342
1511999120000 342
1511999120000 343
1511999120000 343
1511999120000 343
1511999120000 343
1511999120000 343
1511999120000 343
1511999120000 343
1511999120000 343
1511999120000 343
1511999120000 343
1511999120000 343
1511999120000 343
1511999120000 343
1511999120000 343
1511999120000 343
1511999120000 343
1511999120000 343
1511999120000 343
1511999120000 344
1511999120000 344
1511999120000 344
1511999120000 344
1511999120000 344
1511999120000 345
1511999120000 345
1511999120000 361
1511999120000 361
1511999120000 369
1511999120000 370
1511999120000 370
1511999130000 375
1511999130000 375
1511999130000 375
1511999130000 375
1511999130000 375
1511999130000 375
1511999130000 375
1511999130000 375
1511999130000 375
1511999130000 375
1511999130000 375
1511999130000 375
1511999130000 375
1511999130000 375
1511999130000 375
1511999130000 375
1511999130000 375
1511999130000 375
1511999130000 375
1511999130000 375
1511999130000 376
1511999130000 376
1511999130000 376
1511999130000 376
1511999130000 376
1511999130000 376
1511999130000 376
1511999130000 376
1511999130000 376
1511999130000 376
1511999130000 376
1511999130000 376
1511999130000 376
1511999130000 376
1511999130000 376
1511999130000 376
1511999130000 376
1511999130000 376
1511999130000 376
1511999130000 376
1511999130000 376
1511999130000 376
1511999130000 376
1511999130000 376
1511999130000 377
1511999130000 377
1511999130000 377
1511999130000 377
1511999130000 377
1511999130000 377
1511999130000 377
1511999130000 377
1511999130000 377
1511999130000 377
1511999130000 377
1511999130000 377
1511999130000 377
1511999130000 377
1511999130000 377
1511999130000 377
1511999130000 377
1511999130000 377
1511999130000 377
1511999130000 377
1511999130000 377
1511999130000 377
1511999130000 377
1511999130000 377
1511999130000 377
1511999130000 377
1511999130000 377
1511999130000 377
1511999130000 377
1511999130000 378
1511999130000 378
1511999130000 378
1511999130000 378
1511999130000 378
1511999130000 378
1511999130000 378
1511999130000 378
1511999130000 378
1511999130000 378
1511999130000 378
1511999130000 378
1511999130000 378
1511999130000 378
1511999130000 378
1511999130000 378
1511999130000 378
1511999130000 378
1511999130000 378
1511999130000 378
1511999130000 378
1511999130000 378
1511999130000 379
1511999130000 379
1511999130000 379
1511999130000 379
1511999130000 379
1511999140000 336
1511999140000 336
1511999140000 337
1511999140000 337
1511999140000 337
1511999140000 337
1511999140000 337
1511999140000 337
1511999140000 337
1511999140000 337
1511999140000 337
1511999140000 337
1511999140000 337
1511999140000 337
1511999140000 337
1511999140000 337
1511999140000 337
1511999140000 337
1511999140000 337
1511999140000 337
1511999140000 337
1511999140000 337
1511999140000 337
1511999140000 337
1511999140000 337
1511999140000 337
1511999140000 337
1511999140000 337
1511999140000 337
1511999140000 337
1511999140000 337
1511999140000 337
1511999140000 337
1511999140000 337
1511999140000 337
1511999140000 337
1511999140000 337
1511999140000 337
1511999140000 337
1511999140000 337
1511999140000 337
1511999140000 337
1511999140000 338
1511999140000 338
1511999140000 338
1511999140000 338
1511999140000 338
1511999140000 338
1511999140000 338
1511999140000 338
1511999140000 338
1511999140000 338
1511999140000 338
1511999140000 338
1511999140000 338
1511999140000 338
1511999140000 338
1511999140000 338
1511999140000 338
1511999140000 338
1511999140000 338
1511999140000 339
1511999140000 339
1511999140000 339
1511999140000 339
1511999140000 339
1511999140000 339
1511999140000 339
1511999140000 339
1511999140000 339
1511999140000 339
1511999140000 339
1511999140000 339
1511999140000 339
1511999140000 340
1511999140000 340
1511999140000 340
1511999140000 340
1511999140000 340
1511999140000 340
1511999140000 340
1511999140000 340
1511999140000 340
1511999140000 340
1511999140000 340
1511999140000 340
1511999140000 340
1511999140000 340
1511999140000 340
1511999140000 341
1511999140000 341
1511999140000 341
1511999140000 341
1511999140000 341
1511999140000 341
1511999140000 342
1511999140000 342
1511999140000 342
1511999140000 342
1511999140000 343
1511999150000 337
1511999150000 337
1511999150000 337
1511999150000 337
1511999150000 337
1511999150000 337
1511999150000 337
1511999150000 338
1511999150000 338
1511999150000 338
1511999150000 338
1511999150000 338
1511999150000 338
1511999150000 338
1511999150000 338
1511999150000 338
1511999150000 338
1511999150000 338
1511999150000 338
1511999150000 338
1511999150000 338
1511999150000 338
1511999150000 338
1511999150000 338
1511999150000 338
1511999150000 338
1511999150000 338
1511999150000 338
1511999150000 338
1511999150000 338
1511999150000 338
1511999150000 338
1511999150000 338
1511999150000 338
1511999150000 338
1511999150000 339
1511999150000 339
1511999150000 339
1511999150000 339
1511999150000 339
1511999150000 339
1511999150000 339
1511999150000 339
1511999150000 339
1511999150000 339
1511999150000 339
1511999150000 339
1511999150000 339
1511999150000 339
1511999150000 339
1511999150000 339
1511999150000 339
1511999150000 339
1511999150000 339
1511999150000 339
1511999150000 339
1511999150000 339
1511999150000 339
1511999150000 339
1511999150000 339
1511999150000 339
1511999150000 340
1511999150000 340
1511999150000 340
1511999150000 340
1511999150000 340
1511999150000 340
1511999150000 340
1511999150000 340
1511999150000 340
1511999150000 340
1511999150000 340
1511999150000 340
1511999150000 340
1511999150000 348
1511999150000 349
1511999150000 349
1511999150000 349
1511999150000 349
1511999150000 349
1511999150000 349
1511999150000 350
1511999150000 350
1511999150000 350
1511999150000 350
1511999150000 353
1511999150000 354
1511999150000 354
1511999150000 354
1511999150000 365
1511999150000 366
1511999150000 367
1511999150000 368
1511999150000 368
1511999150000 369
1511999150000 371
1511999150000 371
1511999150000 372
1511999150000 372
1511999150000 372
1511999160000 350
1511999160000 350
1511999160000 350
1511999160000 351
1511999160000 351
1511999160000 351
1511999160000 351
1511999160000 351
1511999160000 351
1511999160000 351
1511999160000 351
1511999160000 351
1511999160000 351
1511999160000 351
1511999160000 351
1511999160000 351
1511999160000 351
1511999160000 351
1511999160000 351
1511999160000 351
1511999160000 351
1511999160000 351
1511999160000 351
1511999160000 351
1511999160000 352
1511999160000 352
1511999160000 352
1511999160000 352
1511999160000 352
1511999160000 352
1511999160000 352
1511999160000 352
1511999160000 352
1511999160000 352
1511999160000 352
1511999160000 352
1511999160000 352
1511999160000 352
1511999160000 352
1511999160000 353
1511999160000 353
1511999160000 353
1511999160000 353
1511999160000 353
1511999160000 353
1511999160000 353
1511999160000 353
1511999160000 353
1511999160000 353
1511999160000 353
1511999160000 353
1511999160000 353
1511999160000 353
1511999160000 353
1511999160000 353
1511999160000 353
1511999160000 353
1511999160000 353
1511999160000 353
1511999160000 353
1511999160000 353
1511999160000 353
1511999160000 354
1511999160000 354
1511999160000 354
1511999160000 354
1511999160000 354
1511999160000 354
1511999160000 354
1511999160000 354
1511999160000 354
1511999160000 354
1511999160000 354
1511999160000 354
1511999160000 354
1511999160000 354
1511999160000 354
1511999160000 354
1511999160000 354
1511999160000 354
1511999160000 354
1511999160000 354
1511999160000 354
1511999160000 354
1511999160000 354
1511999160000 354
1511999160000 354
1511999160000 355
1511999160000 355
1511999160000 355
1511999160000 355
1511999160000 355
1511999160000 355
1511999160000 356
1511999160000 356
1511999160000 356
1511999160000 356
1511999160000 378
1511999160000 378
1511999160000 379
1511999170000 337
1511999170000 337
1511999170000 337
1511999170000 337
1511999170000 337
1511999170000 338
1511999170000 338
1511999170000 338
1511999170000 338
1511999170000 338
1511999170000 338
1511999170000 338
1511999170000 338
1511999170000 338
1511999170000 338
1511999170000 338
1511999170000 338
1511999170000 338
1511999170000 338
1511999170000 338
1511999170000 338
1511999170000 338
1511999170000 338
1511999170000 338
1511999170000 338
1511999170000 338
1511999170000 338
1511999170000 338
1511999170000 338
1511999170000 338
1511999170000 338
1511999170000 338
1511999170000 338
1511999170000 338
1511999170000 338
1511999170000 338
1511999170000 338
1511999170000 338
1511999170000 338
1511999170000 338
1511999170000 338
1511999170000 338
1511999170000 338
1511999170000 338
1511999170000 338
1511999170000 338
1511999170000 338
1511999170000 338
1511999170000 338
1511999170000 338
1511999170000 339
1511999170000 339
1511999170000 339
1511999170000 339
1511999170000 339
1511999170000 339
1511999170000 339
1511999170000 339
1511999170000 339
1511999170000 339
1511999170000 339
1511999170000 340
1511999170000 340
1511999170000 340
1511999170000 340
1511999170000 340
1511999170000 340
1511999170000 340
1511999170000 340
1511999170000 340
1511999170000 340
1511999170000 340
1511999170000 340
1511999170000 340
1511999170000 340
1511999170000 340
1511999170000 340
1511999170000 340
1511999170000 340
1511999170000 340
1511999170000 340
1511999170000 340
1511999170000 340
1511999170000 340
1511999170000 340
1511999170000 340
1511999170000 340
1511999170000 340
1511999170000 341
1511999170000 341
1511999170000 341
1511999170000 341
1511999170000 341
1511999170000 341
1511999170000 342
1511999170000 349
1511999170000 350
1511999170000 351
1511999170000 352
1511999170000 352
1511999180000 338
1511999180000 338
1511999180000 338
1511999180000 338
1511999180000 338
1511999180000 338
1511999180000 338
1511999180000 339
1511999180000 339
1511999180000 339
1511999180000 339
1511999180000 339
1511999180000 339
1511999180000 339
1511999180000 339
1511999180000 339
1511999180000 339
1511999180000 339
1511999180000 339
1511999180000 339
1511999180000 339
1511999180000 339
1511999180000 339
1511999180000 339
1511999180000 339
1511999180000 339
1511999180000 339
1511999180000 339
1511999180000 339
1511999180000 339
1511999180000 339
1511999180000 339
1511999180000 339
1511999180000 339
1511999180000 339
1511999180000 339
1511999180000 339
1511999180000 339
1511999180000 339
1511999180000 339
1511999180000 339
1511999180000 339
1511999180000 339
1511999180000 339
1511999180000 339
1511999180000 339
1511999180000 339
1511999180000 339
1511999180000 339
1511999180000 339
1511999180000 339
1511999180000 339
1511999180000 339
1511999180000 339
1511999180000 339
1511999180000 339
1511999180000 339
1511999180000 339
1511999180000 339
1511999180000 340
1511999180000 340
1511999180000 340
1511999180000 341
1511999180000 341
1511999180000 341
1511999180000 341
1511999180000 341
1511999180000 341
1511999180000 341
1511999180000 341
1511999180000 341
1511999180000 341
1511999180000 341
1511999180000 341
1511999180000 341
1511999180000 341
1511999180000 341
1511999180000 341
1511999180000 341
1511999180000 341
1511999180000 341
1511999180000 341
1511999180000 341
1511999180000 341
1511999180000 342
1511999180000 342
1511999180000 342
1511999180000 342
1511999180000 342
1511999180000 342
1511999180000 342
1511999180000 342
1511999180000 342
1511999180000 342
1511999180000 342
1511999180000 342
1511999180000 342
1511999180000 343
1511999180000 343
1511999180000 343
1511999190000 329
1511999190000 329
1511999190000 329
1511999190000 329
1511999190000 329
1511999190000 329
1511999190000 329
1511999190000 329
1511999190000 329
1511999190000 329
1511999190000 329
1511999190000 330
1511999190000 330
1511999190000 330
1511999190000 330
1511999190000 330
1511999190000 330
1511999190000 330
1511999190000 330
1511999190000 330
1511999190000 330
1511999190000 330
1511999190000 330
1511999190000 330
1511999190000 330
1511999190000 330
1511999190000 330
1511999190000 330
1511999190000 330
1511999190000 330
1511999190000 330
1511999190000 330
1511999190000 330
1511999190000 330
1511999190000 330
1511999190000 330
1511999190000 330
1511999190000 330
1511999190000 330
1511999190000 331
1511999190000 331
1511999190000 331
1511999190000 331
1511999190000 331
1511999190000 331
1511999190000 331
1511999190000 331
1511999190000 331
1511999190000 331
1511999190000 331
1511999190000 331
1511999190000 331
1511999190000 331
1511999190000 331
1511999190000 331
1511999190000 331
1511999190000 331
1511999190000 331
1511999190000 331
1511999190000 331
1511999190000 331
1511999190000 332
1511999190000 332
1511999190000 332
1511999190000 332
1511999190000 332
1511999190000 332
1511999190000 332
1511999190000 332
1511999190000 332
1511999190000 332
1511999190000 332
1511999190000 332
1511999190000 332
1511999190000 332
1511999190000 332
1511999190000 332
1511999190000 332
1511999190000 332
1511999190000 332
1511999190000 332
1511999190000 332
1511999190000 332
1511999190000 333
1511999190000 333
1511999190000 333
1511999190000 333
1511999190000 333
1511999190000 333
1511999190000 333
1511999190000 333
1511999190000 336
1511999190000 336
1511999190000 336
1511999190000 337
1511999190000 342
1511999190000 342
1511999190000 343
1511999190000 343
1511999190000 344
1511999200000 339
1511999200000 339
1511999200000 339
1511999200000 339
1511999200000 339
1511999200000 339
1511999200000 339
1511999200000 339
1511999200000 339
1511999200000 339
1511999200000 339
1511999200000 339
1511999200000 339
1511999200000 339
1511999200000 339
1511999200000 339
1511999200000 339
1511999200000 339
1511999200000 339
1511999200000 340
1511999200000 340
1511999200000 340
1511999200000 340
1511999200000 340
1511999200000 340
1511999200000 340
1511999200000 340
1511999200000 340
1511999200000 340
1511999200000 340
1511999200000 340
1511999200000 340
1511999200000 340
1511999200000 340
1511999200000 340
1511999200000 340
1511999200000 340
1511999200000 340
1511999200000 340
1511999200000 340
1511999200000 340
1511999200000 340
1511999200000 340
1511999200000 340
1511999200000 340
1511999200000 340
1511999200000 340
1511999200000 341
1511999200000 341
1511999200000 341
1511999200000 341
1511999200000 341
1511999200000 341
1511999200000 341
1511999200000 341
1511999200000 341
1511999200000 341
1511999200000 341
1511999200000 341
1511999200000 341
1511999200000 341
1511999200000 341
1511999200000 341
1511999200000 341
1511999200000 341
1511999200000 341
1511999200000 341
1511999200000 341
1511999200000 341
1511999200000 342
1511999200000 342
1511999200000 342
1511999200000 342
1511999200000 342
1511999200000 342
1511999200000 342
1511999200000 342
1511999200000 342
1511999200000 342
1511999200000 342
1511999200000 342
1511999200000 342
1511999200000 342
1511999200000 342
1511999200000 342
1511999200000 342
1511999200000 342
1511999200000 342
1511999200000 342
1511999200000 343
1511999200000 343
1511999200000 343
1511999200000 343
1511999200000 343
1511999200000 343
1511999200000 343
1511999200000 343
1511999200000 343
1511999200000 343
1511999200000 344
1511999210000 332
1511999210000 332
1511999210000 332
1511999210000 332
1511999210000 332
1511999210000 332
1511999210000 333
1511999210000 333
1511999210000 333
1511999210000 333
1511999210000 333
1511999210000 333
1511999210000 333
1511999210000 333
1511999210000 333
1511999210000 333
1511999210000 333
1511999210000 333
1511999210000 333
1511999210000 333
1511999210000 333
1511999210000 333
1511999210000 334
1511999210000 334
1511999210000 334
1511999210000 334
1511999210000 334
1511999210000 334
1511999210000 334
1511999210000 334
1511999210000 334
1511999210000 334
1511999210000 334
1511999210000 334
1511999210000 334
1511999210000 334
1511999210000 334
1511999210000 335
1511999210000 335
1511999210000 335
1511999210000 335
1511999210000 335
1511999210000 335
1511999210000 335
1511999210000 335
1511999210000 335
1511999210000 335
1511999210000 335
1511999210000 335
1511999210000 335
1511999210000 335
1511999210000 336
1511999210000 336
1511999210000 336
1511999210000 336
1511999210000 336
1511999210000 336
1511999210000 336
1511999210000 336
1511999210000 336
1511999210000 336
1511999210000 336
1511999210000 336
1511999210000 336
1511999210000 336
1511999210000 336
1511999210000 336
1511999210000 336
1511999210000 336
1511999210000 336
1511999210000 336
1511999210000 337
1511999210000 337
1511999210000 337
1511999210000 337
1511999210000 337
1511999210000 337
1511999210000 337
1511999210000 337
1511999210000 337
1511999210000 337
1511999210000 337
1511999210000 337
1511999210000 337
1511999210000 337
1511999210000 337
1511999210000 337
1511999210000 337
1511999210000 337
1511999210000 338
1511999210000 338
1511999210000 338
1511999210000 338
1511999210000 353
1511999210000 355
1511999210000 355
1511999210000 356
1511999210000 356
1511999210000 357
1511999210000 357
1511999220000 362
1511999220000 362
1511999220000 362
1511999220000 362
1511999220000 362
1511999220000 362
1511999220000 362
1511999220000 362
1511999220000 363
1511999220000 363
1511999220000 363
1511999220000 363
1511999220000 363
1511999220000 363
1511999220000 363
1511999220000 363
1511999220000 363
1511999220000 363
1511999220000 363
1511999220000 363
1511999220000 363
1511999220000 363
1511999220000 363
1511999220000 363
1511999220000 363
1511999220000 363
1511999220000 363
1511999220000 363
1511999220000 363
1511999220000 363
1511999220000 363
1511999220000 363
1511999220000 363
1511999220000 363
1511999220000 363
1511999220000 363
1511999220000 364
1511999220000 364
1511999220000 364
1511999220000 364
1511999220000 364
1511999220000 364
1511999220000 364
1511999220000 364
1511999220000 364
1511999220000 364
1511999220000 364
1511999220000 364
1511999220000 364
1511999220000 364
1511999220000 364
1511999220000 364
1511999220000 364
1511999220000 364
1511999220000 364
1511999220000 364
1511999220000 364
1511999220000 364
1511999220000 364
1511999220000 364
1511999220000 364
1511999220000 364
1511999220000 364
1511999220000 364
1511999220000 364
1511999220000 365
1511999220000 365
1511999220000 365
1511999220000 365
1511999220000 365
1511999220000 365
1511999220000 365
1511999220000 365
1511999220000 365
1511999220000 365
1511999220000 365
1511999220000 365
1511999220000 365
1511999220000 365
1511999220000 365
1511999220000 365
1511999220000 365
1511999220000 365
1511999220000 365
1511999220000 365
1511999220000 365
1511999220000 366
1511999220000 366
1511999220000 366
1511999220000 366
1511999220000 366
1511999220000 366
1511999220000 366
1511999220000 366
1511999220000 366
1511999220000 366
1511999220000 366
1511999220000 367
1511999220000 367
1511999220000 367
1511999230000 332
1511999230000 332
1511999230000 332
1511999230000 332
1511999230000 332
1511999230000 332
1511999230000 332
1511999230000 332
1511999230000 332
1511999230000 332
1511999230000 332
1511999230000 332
1511999230000 332
1511999230000 333
1511999230000 333
1511999230000 333
1511999230000 333
1511999230000 333
1511999230000 333
1511999230000 333
1511999230000 333
1511999230000 333
1511999230000 333
1511999230000 333
1511999230000 333
1511999230000 333
1511999230000 333
1511999230000 333
1511999230000 333
1511999230000 333
1511999230000 333
1511999230000 333
1511999230000 333
1511999230000 333
1511999230000 333
1511999230000 333
1511999230000 333
1511999230000 333
1511999230000 333
1511999230000 333
1511999230000 333
1511999230000 333
1511999230000 333
1511999230000 333
1511999230000 333
1511999230000 333
1511999230000 333
1511999230000 333
1511999230000 334
1511999230000 334
1511999230000 334
1511999230000 334
1511999230000 334
1511999230000 334
1511999230000 334
1511999230000 334
1511999230000 334
1511999230000 334
1511999230000 334
1511999230000 334
1511999230000 334
1511999230000 334
1511999230000 334
1511999230000 334
1511999230000 334
1511999230000 334
1511999230000 334
1511999230000 335
1511999230000 335
1511999230000 335
1511999230000 335
1511999230000 335
1511999230000 335
1511999230000 335
1511999230000 335
1511999230000 335
1511999230000 335
1511999230000 335
1511999230000 335
1511999230000 335
1511999230000 335
1511999230000 335
1511999230000 335
1511999230000 335
1511999230000 335
1511999230000 335
1511999230000 335
1511999230000 335
1511999230000 335
1511999230000 335
1511999230000 335
1511999230000 336
1511999230000 336
1511999230000 336
1511999230000 336
1511999230000 336
1511999230000 336
1511999230000 336
1511999230000 336
1511999230000 336
1511999240000 352
1511999240000 353
1511999240000 353
1511999240000 353
1511999240000 353
1511999240000 353
1511999240000 353
1511999240000 353
1511999240000 353
1511999240000 353
1511999240000 353
1511999240000 353
1511999240000 353
1511999240000 353
1511999240000 353
1511999240000 353
1511999240000 353
1511999240000 353
1511999240000 353
1511999240000 353
1511999240000 353
1511999240000 354
1511999240000 354
1511999240000 354
1511999240000 354
1511999240000 354
1511999240000 354
1511999240000 354
1511999240000 354
1511999240000 354
1511999240000 354
1511999240000 354
1511999240000 354
1511999240000 354
1511999240000 354
1511999240000 354
1511999240000 354
1511999240000 354
1511999240000 354
1511999240000 354
1511999240000 354
1511999240000 354
1511999240000 354
1511999240000 354
1511999240000 354
1511999240000 354
1511999240000 354
1511999240000 354
1511999240000 354
1511999240000 355
1511999240000 355
1511999240000 355
1511999240000 355
1511999240000 355
1511999240000 355
1511999240000 355
1511999240000 355
1511999240000 355
1511999240000 355
1511999240000 355
1511999240000 355
1511999240000 355
1511999240000 355
1511999240000 355
1511999240000 355
1511999240000 355
1511999240000 355
1511999240000 355
1511999240000 355
1511999240000 355
1511999240000 355
1511999240000 355
1511999240000 356
1511999240000 356
1511999240000 356
1511999240000 356
1511999240000 356
1511999240000 356
1511999240000 356
1511999240000 356
1511999240000 356
1511999240000 356
1511999240000 356
1511999240000 356
1511999240000 356
1511999240000 356
1511999240000 357
1511999240000 357
1511999240000 357
1511999240000 358
1511999240000 358
1511999240000 366
1511999240000 367
1511999240000 367
1511999240000 368
1511999240000 368
1511999240000 368
1511999240000 369
1511999240000 369
1511999240000 369
1511999250000 -5942
1511999250000 -5944
1511999250000 -5960
1511999250000 -5960
1511999250000 -5961
1511999250000 -5971
1511999250000 -5982
1511999250000 -5984
1511999250000 -5984
1511999250000 -5984
1511999250000 -5985
1511999250000 -5985
1511999250000 -5985
1511999250000 -5986
1511999250000 -5986
1511999250000 -5987
1511999250000 -5987
1511999250000 -5987
1511999250000 -5987
1511999250000 -5987
1511999250000 -5987
1511999250000 -5988
1511999250000 -5988
1511999250000 -5989
1511999250000 -5989
1511999250000 -5989
1511999250000 -5989
1511999250000 -5989
1511999250000 -5989
1511999250000 -5989
1511999250000 -5989
1511999250000 -5989
1511999250000 -5989
1511999250000 -5989
1511999250000 -5989
1511999250000 -5989
1511999250000 -5990
1511999250000 -5990
1511999250000 -5990
1511999250000 -5990
1511999250000 -5990
1511999250000 -5990
1511999250000 -5990
1511999250000 -5990
1511999250000 -5990
1511999250000 -5990
1511999250000 -5990
1511999250000 -5990
1511999250000 -5991
1511999250000 -5991
1511999250000 -5991
1511999250000 -5991
1511999250000 -5991
1511999250000 -5992
1511999250000 -6937
1511999250000 -6942
1511999250000 -6971
1511999250000 -6983
1511999250000 -6983
1511999250000 -6984
1511999250000 -6985
1511999250000 -6986
1511999250000 -6986
1511999250000 -6986
1511999250000 -6986
1511999250000 -6987
1511999250000 -6988
1511999250000 -6988
1511999250000 -6988
1511999250000 -6988
1511999250000 -6988
1511999250000 -6988
1511999250000 -6988
1511999250000 -6988
1511999250000 -6988
1511999250000 -6989
1511999250000 -6989
1511999250000 -6989
1511999250000 -6989
1511999250000 -6989
1511999250000 -6989
1511999250000 -6989
1511999250000 -6989
1511999250000 -6989
1511999250000 -6989
1511999250000 -6989
1511999250000 -6989
1511999250000 -6990
1511999250000 -6990
1511999250000 -6991
1511999250000 -6991
1511999250000 -6991
1511999250000 -6991
1511999250000 -6992
1511999250000 -6992
1511999250000 -6992
1511999250000 -6992
1511999250000 -7986
1511999250000 -7986
1511999250000 -7987
