1511096570000 325
1511096570000 325
1511096570000 325
1511096570000 325
1511096570000 325
1511096570000 325
1511096570000 325
1511096570000 326
1511096570000 326
1511096570000 326
1511096570000 326
1511096570000 326
1511096570000 326
1511096570000 326
1511096570000 326
1511096570000 326
1511096570000 326
1511096570000 326
1511096570000 326
1511096570000 326
1511096570000 327
1511096570000 327
1511096570000 327
1511096570000 327
1511096570000 327
1511096570000 327
1511096570000 327
1511096570000 327
1511096570000 327
1511096570000 327
1511096570000 327
1511096570000 327
1511096570000 327
1511096570000 327
1511096570000 327
1511096570000 327
1511096570000 327
1511096570000 327
1511096570000 327
1511096570000 327
1511096570000 327
1511096570000 327
1511096570000 327
1511096570000 327
1511096570000 327
1511096570000 327
1511096570000 327
1511096570000 327
1511096570000 327
1511096570000 327
1511096570000 327
1511096570000 327
1511096570000 327
1511096570000 327
1511096570000 328
1511096570000 328
1511096570000 328
1511096570000 328
1511096570000 328
1511096570000 328
1511096570000 328
1511096570000 328
1511096570000 328
1511096570000 328
1511096570000 328
1511096570000 328
1511096570000 328
1511096570000 328
1511096570000 329
1511096570000 329
1511096570000 329
1511096570000 329
1511096570000 329
1511096570000 329
1511096570000 329
1511096570000 329
1511096570000 329
1511096570000 329
1511096570000 329
1511096570000 329
1511096570000 329
1511096570000 329
1511096570000 329
1511096570000 329
1511096570000 330
1511096570000 330
1511096570000 330
1511096570000 330
1511096570000 330
1511096570000 330
1511096570000 331
1511096570000 331
1511096570000 331
1511096570000 332
1511096570000 345
1511096570000 346
1511096570000 347
1511096570000 359
1511096570000 359
1511096570000 359
1511096580000 283
1511096580000 283
1511096580000 283
1511096580000 283
1511096580000 283
1511096580000 283
1511096580000 284
1511096580000 284
1511096580000 284
1511096580000 284
1511096580000 284
1511096580000 284
1511096580000 284
1511096580000 284
1511096580000 284
1511096580000 284
1511096580000 284
1511096580000 284
1511096580000 284
1511096580000 284
1511096580000 284
1511096580000 284
1511096580000 284
1511096580000 284
1511096580000 284
1511096580000 284
1511096580000 284
1511096580000 284
1511096580000 284
1511096580000 284
1511096580000 285
1511096580000 285
1511096580000 285
1511096580000 285
1511096580000 285
1511096580000 285
1511096580000 285
1511096580000 285
1511096580000 285
1511096580000 285
1511096580000 285
1511096580000 285
1511096580000 285
1511096580000 285
1511096580000 285
1511096580000 285
1511096580000 285
1511096580000 285
1511096580000 285
1511096580000 285
1511096580000 285
1511096580000 285
1511096580000 285
1511096580000 285
1511096580000 285
1511096580000 285
1511096580000 285
1511096580000 286
1511096580000 286
1511096580000 286
1511096580000 286
1511096580000 286
1511096580000 286
1511096580000 286
1511096580000 286
1511096580000 286
1511096580000 286
1511096580000 286
1511096580000 286
1511096580000 286
1511096580000 286
1511096580000 286
1511096580000 286
1511096580000 286
1511096580000 286
1511096580000 286
1511096580000 287
1511096580000 287
1511096580000 287
1511096580000 287
1511096580000 287
1511096580000 287
1511096580000 287
1511096580000 287
1511096580000 287
1511096580000 287
1511096580000 287
1511096580000 287
1511096580000 287
1511096580000 287
1511096580000 287
1511096580000 288
1511096580000 288
1511096580000 288
1511096580000 288
1511096580000 288
1511096580000 289
1511096580000 289
1511096580000 289
1511096580000 290
1511096590000 312
1511096590000 312
1511096590000 312
1511096590000 312
1511096590000 312
1511096590000 312
1511096590000 312
1511096590000 312
1511096590000 313
1511096590000 313
1511096590000 313
1511096590000 313
1511096590000 313
1511096590000 313
1511096590000 313
1511096590000 313
1511096590000 313
1511096590000 313
1511096590000 313
1511096590000 313
1511096590000 313
1511096590000 313
1511096590000 313
1511096590000 313
1511096590000 313
1511096590000 313
1511096590000 313
1511096590000 313
1511096590000 313
1511096590000 314
1511096590000 314
1511096590000 314
1511096590000 314
1511096590000 314
1511096590000 314
1511096590000 314
1511096590000 314
1511096590000 314
1511096590000 314
1511096590000 314
1511096590000 314
1511096590000 314
1511096590000 314
1511096590000 314
1511096590000 314
1511096590000 314
1511096590000 314
1511096590000 314
1511096590000 314
1511096590000 314
1511096590000 314
1511096590000 314
1511096590000 314
1511096590000 314
1511096590000 314
1511096590000 314
1511096590000 314
1511096590000 314
1511096590000 314
1511096590000 314
1511096590000 315
1511096590000 315
1511096590000 315
1511096590000 315
1511096590000 315
1511096590000 315
1511096590000 315
1511096590000 315
1511096590000 315
1511096590000 315
1511096590000 315
1511096590000 315
1511096590000 315
1511096590000 315
1511096590000 315
1511096590000 315
1511096590000 315
1511096590000 315
1511096590000 315
1511096590000 315
1511096590000 315
1511096590000 315
1511096590000 315
1511096590000 315
1511096590000 315
1511096590000 315
1511096590000 316
1511096590000 316
1511096590000 316
1511096590000 316
1511096590000 316
1511096590000 316
1511096590000 316
1511096590000 316
1511096590000 317
1511096590000 317
1511096590000 317
1511096590000 317
1511096590000 318
1511096590000 587
1511096600000 311
1511096600000 311
1511096600000 311
1511096600000 311
1511096600000 311
1511096600000 312
1511096600000 312
1511096600000 312
1511096600000 312
1511096600000 312
1511096600000 312
1511096600000 312
1511096600000 312
1511096600000 312
1511096600000 312
1511096600000 312
1511096600000 312
1511096600000 312
1511096600000 312
1511096600000 312
1511096600000 312
1511096600000 312
1511096600000 312
1511096600000 312
1511096600000 312
1511096600000 312
1511096600000 312
1511096600000 312
1511096600000 312
1511096600000 312
1511096600000 312
1511096600000 312
1511096600000 312
1511096600000 312
1511096600000 312
1511096600000 312
1511096600000 312
1511096600000 312
1511096600000 312
1511096600000 312
1511096600000 312
1511096600000 312
1511096600000 312
1511096600000 312
1511096600000 312
1511096600000 312
1511096600000 313
1511096600000 313
1511096600000 313
1511096600000 313
1511096600000 313
1511096600000 313
1511096600000 313
1511096600000 313
1511096600000 313
1511096600000 313
1511096600000 313
1511096600000 313
1511096600000 313
1511096600000 314
1511096600000 314
1511096600000 314
1511096600000 314
1511096600000 314
1511096600000 314
1511096600000 314
1511096600000 314
1511096600000 314
1511096600000 314
1511096600000 314
1511096600000 314
1511096600000 314
1511096600000 314
1511096600000 314
1511096600000 314
1511096600000 314
1511096600000 314
1511096600000 314
1511096600000 314
1511096600000 315
1511096600000 315
1511096600000 315
1511096600000 315
1511096600000 315
1511096600000 315
1511096600000 315
1511096600000 315
1511096600000 316
1511096600000 316
1511096600000 316
1511096600000 316
1511096600000 316
1511096600000 316
1511096600000 316
1511096600000 316
1511096600000 317
1511096600000 317
1511096600000 317
1511096600000 318
1511096600000 318
1511096610000 356
1511096610000 356
1511096610000 356
1511096610000 356
1511096610000 356
1511096610000 356
1511096610000 356
1511096610000 356
1511096610000 356
1511096610000 356
1511096610000 356
1511096610000 356
1511096610000 356
1511096610000 356
1511096610000 356
1511096610000 356
1511096610000 356
1511096610000 356
1511096610000 356
1511096610000 356
1511096610000 357
1511096610000 357
1511096610000 357
1511096610000 357
1511096610000 357
1511096610000 357
1511096610000 357
1511096610000 357
1511096610000 357
1511096610000 357
1511096610000 357
1511096610000 357
1511096610000 357
1511096610000 357
1511096610000 357
1511096610000 357
1511096610000 357
1511096610000 357
1511096610000 357
1511096610000 357
1511096610000 357
1511096610000 357
1511096610000 357
1511096610000 358
1511096610000 358
1511096610000 358
1511096610000 358
1511096610000 358
1511096610000 358
1511096610000 358
1511096610000 358
1511096610000 359
1511096610000 359
1511096610000 359
1511096610000 359
1511096610000 359
1511096610000 359
1511096610000 359
1511096610000 359
1511096610000 359
1511096610000 359
1511096610000 359
1511096610000 359
1511096610000 359
1511096610000 359
1511096610000 359
1511096610000 359
1511096610000 360
1511096610000 360
1511096610000 360
1511096610000 360
1511096610000 360
1511096610000 360
1511096610000 361
1511096610000 361
1511096610000 361
1511096610000 361
1511096610000 362
1511096610000 362
1511096610000 568
1511096610000 569
1511096610000 572
1511096610000 573
1511096610000 573
1511096610000 576
1511096610000 577
1511096610000 578
1511096610000 578
1511096610000 579
1511096610000 580
1511096610000 581
1511096610000 581
1511096610000 582
1511096610000 584
1511096610000 584
1511096610000 586
1511096610000 587
1511096610000 593
1511096610000 594
1511096610000 594
1511096620000 301
1511096620000 301
1511096620000 301
1511096620000 301
1511096620000 302
1511096620000 302
1511096620000 302
1511096620000 302
1511096620000 302
1511096620000 302
1511096620000 302
1511096620000 303
1511096620000 303
1511096620000 303
1511096620000 303
1511096620000 303
1511096620000 303
1511096620000 303
1511096620000 303
1511096620000 303
1511096620000 303
1511096620000 303
1511096620000 303
1511096620000 303
1511096620000 303
1511096620000 303
1511096620000 303
1511096620000 303
1511096620000 303
1511096620000 303
1511096620000 303
1511096620000 303
1511096620000 303
1511096620000 303
1511096620000 303
1511096620000 303
1511096620000 303
1511096620000 303
1511096620000 303
1511096620000 303
1511096620000 303
1511096620000 303
1511096620000 303
1511096620000 303
1511096620000 303
1511096620000 303
1511096620000 303
1511096620000 303
1511096620000 303
1511096620000 303
1511096620000 303
1511096620000 303
1511096620000 303
1511096620000 303
1511096620000 304
1511096620000 304
1511096620000 304
1511096620000 304
1511096620000 304
1511096620000 304
1511096620000 304
1511096620000 304
1511096620000 304
1511096620000 304
1511096620000 304
1511096620000 304
1511096620000 304
1511096620000 304
1511096620000 304
1511096620000 304
1511096620000 304
1511096620000 304
1511096620000 304
1511096620000 304
1511096620000 304
1511096620000 304
1511096620000 304
1511096620000 304
1511096620000 305
1511096620000 305
1511096620000 305
1511096620000 305
1511096620000 305
1511096620000 305
1511096620000 305
1511096620000 305
1511096620000 306
1511096620000 307
1511096620000 307
1511096620000 314
1511096620000 314
1511096620000 314
1511096620000 315
1511096620000 315
1511096620000 315
1511096620000 316
1511096620000 317
1511096620000 567
1511096620000 598
1511096620000 599
1511096630000 311
1511096630000 311
1511096630000 312
1511096630000 312
1511096630000 312
1511096630000 312
1511096630000 312
1511096630000 312
1511096630000 312
1511096630000 312
1511096630000 312
1511096630000 312
1511096630000 312
1511096630000 312
1511096630000 313
1511096630000 313
1511096630000 313
1511096630000 313
1511096630000 313
1511096630000 313
1511096630000 313
1511096630000 313
1511096630000 313
1511096630000 313
1511096630000 313
1511096630000 313
1511096630000 313
1511096630000 313
1511096630000 313
1511096630000 313
1511096630000 313
1511096630000 313
1511096630000 313
1511096630000 313
1511096630000 313
1511096630000 314
1511096630000 314
1511096630000 314
1511096630000 314
1511096630000 314
1511096630000 314
1511096630000 314
1511096630000 314
1511096630000 314
1511096630000 314
1511096630000 315
1511096630000 315
1511096630000 315
1511096630000 315
1511096630000 315
1511096630000 315
1511096630000 315
1511096630000 315
1511096630000 315
1511096630000 315
1511096630000 315
1511096630000 315
1511096630000 315
1511096630000 315
1511096630000 316
1511096630000 316
1511096630000 316
1511096630000 316
1511096630000 316
1511096630000 316
1511096630000 316
1511096630000 316
1511096630000 316
1511096630000 316
1511096630000 316
1511096630000 316
1511096630000 316
1511096630000 316
1511096630000 316
1511096630000 316
1511096630000 316
1511096630000 317
1511096630000 317
1511096630000 317
1511096630000 317
1511096630000 317
1511096630000 317
1511096630000 317
1511096630000 317
1511096630000 317
1511096630000 317
1511096630000 317
1511096630000 317
1511096630000 317
1511096630000 318
1511096630000 318
1511096630000 318
1511096630000 318
1511096630000 318
1511096630000 318
1511096630000 319
1511096630000 319
1511096630000 319
1511096630000 320
1511096630000 320
1511096640000 278
1511096640000 278
1511096640000 278
1511096640000 278
1511096640000 278
1511096640000 278
1511096640000 278
1511096640000 278
1511096640000 278
1511096640000 278
1511096640000 279
1511096640000 279
1511096640000 279
1511096640000 279
1511096640000 279
1511096640000 279
1511096640000 279
1511096640000 279
1511096640000 279
1511096640000 279
1511096640000 279
1511096640000 279
1511096640000 279
1511096640000 279
1511096640000 279
1511096640000 279
1511096640000 279
1511096640000 279
1511096640000 279
1511096640000 279
1511096640000 279
1511096640000 279
1511096640000 279
1511096640000 279
1511096640000 279
1511096640000 279
1511096640000 279
1511096640000 279
1511096640000 279
1511096640000 279
1511096640000 279
1511096640000 279
1511096640000 279
1511096640000 279
1511096640000 279
1511096640000 279
1511096640000 279
1511096640000 279
1511096640000 279
1511096640000 279
1511096640000 279
1511096640000 279
1511096640000 279
1511096640000 279
1511096640000 279
1511096640000 279
1511096640000 280
1511096640000 280
1511096640000 280
1511096640000 280
1511096640000 280
1511096640000 280
1511096640000 280
1511096640000 280
1511096640000 280
1511096640000 280
1511096640000 280
1511096640000 280
1511096640000 280
1511096640000 280
1511096640000 280
1511096640000 280
1511096640000 280
1511096640000 280
1511096640000 280
1511096640000 280
1511096640000 280
1511096640000 280
1511096640000 280
1511096640000 280
1511096640000 280
1511096640000 281
1511096640000 281
1511096640000 281
1511096640000 281
1511096640000 281
1511096640000 281
1511096640000 281
1511096640000 281
1511096640000 281
1511096640000 281
1511096640000 281
1511096640000 281
1511096640000 282
1511096640000 282
1511096640000 282
1511096640000 282
1511096640000 282
1511096640000 567
1511096640000 569
1511096650000 302
1511096650000 302
1511096650000 302
1511096650000 302
1511096650000 303
1511096650000 303
1511096650000 303
1511096650000 303
1511096650000 303
1511096650000 303
1511096650000 303
1511096650000 303
1511096650000 303
1511096650000 303
1511096650000 303
1511096650000 303
1511096650000 303
1511096650000 303
1511096650000 303
1511096650000 303
1511096650000 303
1511096650000 303
1511096650000 303
1511096650000 303
1511096650000 303
1511096650000 303
1511096650000 303
1511096650000 303
1511096650000 303
1511096650000 303
1511096650000 303
1511096650000 303
1511096650000 303
1511096650000 303
1511096650000 303
1511096650000 303
1511096650000 303
1511096650000 303
1511096650000 303
1511096650000 303
1511096650000 303
1511096650000 303
1511096650000 304
1511096650000 304
1511096650000 304
1511096650000 304
1511096650000 304
1511096650000 304
1511096650000 304
1511096650000 304
1511096650000 304
1511096650000 304
1511096650000 304
1511096650000 304
1511096650000 304
1511096650000 304
1511096650000 304
1511096650000 304
1511096650000 304
1511096650000 304
1511096650000 304
1511096650000 304
1511096650000 304
1511096650000 304
1511096650000 304
1511096650000 304
1511096650000 304
1511096650000 305
1511096650000 305
1511096650000 305
1511096650000 306
1511096650000 306
1511096650000 593
1511096650000 595
1511096650000 596
1511096650000 598
1511096650000 598
1511096650000 600
1511096650000 600
1511096650000 608
1511096650000 608
1511096650000 609
1511096650000 609
1511096650000 611
1511096650000 612
1511096650000 612
1511096650000 618
1511096650000 619
1511096650000 630
1511096650000 631
1511096650000 632
1511096650000 646
1511096650000 647
1511096650000 648
1511096650000 648
1511096650000 649
1511096650000 650
1511096650000 651
1511096650000 651
1511096650000 652
1511096660000 308
1511096660000 308
1511096660000 308
1511096660000 308
1511096660000 308
1511096660000 308
1511096660000 308
1511096660000 308
1511096660000 309
1511096660000 309
1511096660000 309
1511096660000 309
1511096660000 309
1511096660000 309
1511096660000 309
1511096660000 309
1511096660000 309
1511096660000 309
1511096660000 309
1511096660000 309
1511096660000 309
1511096660000 309
1511096660000 309
1511096660000 309
1511096660000 309
1511096660000 309
1511096660000 309
1511096660000 309
1511096660000 310
1511096660000 310
1511096660000 310
1511096660000 310
1511096660000 310
1511096660000 310
1511096660000 310
1511096660000 310
1511096660000 310
1511096660000 310
1511096660000 310
1511096660000 310
1511096660000 310
1511096660000 310
1511096660000 310
1511096660000 310
1511096660000 310
1511096660000 310
1511096660000 310
1511096660000 310
1511096660000 310
1511096660000 310
1511096660000 310
1511096660000 310
1511096660000 310
1511096660000 310
1511096660000 310
1511096660000 310
1511096660000 310
1511096660000 310
1511096660000 310
1511096660000 310
1511096660000 310
1511096660000 311
1511096660000 311
1511096660000 311
1511096660000 311
1511096660000 311
1511096660000 311
1511096660000 311
1511096660000 311
1511096660000 311
1511096660000 311
1511096660000 311
1511096660000 311
1511096660000 311
1511096660000 311
1511096660000 311
1511096660000 311
1511096660000 311
1511096660000 311
1511096660000 311
1511096660000 311
1511096660000 311
1511096660000 311
1511096660000 311
1511096660000 311
1511096660000 312
1511096660000 312
1511096660000 312
1511096660000 312
1511096660000 312
1511096660000 312
1511096660000 312
1511096660000 312
1511096660000 312
1511096660000 312
1511096660000 313
1511096660000 313
1511096660000 313
1511096660000 314
1511096660000 314
1511096670000 309
1511096670000 309
1511096670000 309
1511096670000 309
1511096670000 309
1511096670000 309
1511096670000 309
1511096670000 309
1511096670000 310
1511096670000 310
1511096670000 310
1511096670000 310
1511096670000 310
1511096670000 310
1511096670000 310
1511096670000 310
1511096670000 310
1511096670000 310
1511096670000 310
1511096670000 310
1511096670000 310
1511096670000 310
1511096670000 310
1511096670000 310
1511096670000 310
1511096670000 310
1511096670000 310
1511096670000 310
1511096670000 310
1511096670000 310
1511096670000 310
1511096670000 310
1511096670000 310
1511096670000 310
1511096670000 310
1511096670000 310
1511096670000 310
1511096670000 310
1511096670000 310
1511096670000 310
1511096670000 311
1511096670000 311
1511096670000 311
1511096670000 311
1511096670000 311
1511096670000 311
1511096670000 311
1511096670000 311
1511096670000 311
1511096670000 311
1511096670000 311
1511096670000 311
1511096670000 311
1511096670000 311
1511096670000 311
1511096670000 311
1511096670000 311
1511096670000 311
1511096670000 311
1511096670000 312
1511096670000 312
1511096670000 312
1511096670000 312
1511096670000 312
1511096670000 312
1511096670000 312
1511096670000 312
1511096670000 312
1511096670000 312
1511096670000 312
1511096670000 312
1511096670000 312
1511096670000 312
1511096670000 312
1511096670000 312
1511096670000 312
1511096670000 312
1511096670000 312
1511096670000 312
1511096670000 312
1511096670000 312
1511096670000 312
1511096670000 312
1511096670000 312
1511096670000 312
1511096670000 312
1511096670000 313
1511096670000 313
1511096670000 313
1511096670000 313
1511096670000 313
1511096670000 313
1511096670000 313
1511096670000 313
1511096670000 313
1511096670000 313
1511096670000 314
1511096670000 314
1511096670000 314
1511096670000 314
1511096680000 311
1511096680000 311
1511096680000 311
1511096680000 312
1511096680000 312
1511096680000 312
1511096680000 312
1511096680000 312
1511096680000 312
1511096680000 312
1511096680000 312
1511096680000 312
1511096680000 312
1511096680000 312
1511096680000 312
1511096680000 312
1511096680000 312
1511096680000 312
1511096680000 312
1511096680000 312
1511096680000 312
1511096680000 312
1511096680000 312
1511096680000 312
1511096680000 312
1511096680000 312
1511096680000 312
1511096680000 312
1511096680000 312
1511096680000 312
1511096680000 312
1511096680000 312
1511096680000 312
1511096680000 313
1511096680000 313
1511096680000 313
1511096680000 313
1511096680000 313
1511096680000 313
1511096680000 313
1511096680000 313
1511096680000 313
1511096680000 313
1511096680000 313
1511096680000 313
1511096680000 313
1511096680000 313
1511096680000 313
1511096680000 313
1511096680000 313
1511096680000 313
1511096680000 313
1511096680000 313
1511096680000 313
1511096680000 313
1511096680000 313
1511096680000 313
1511096680000 314
1511096680000 314
1511096680000 314
1511096680000 314
1511096680000 314
1511096680000 314
1511096680000 314
1511096680000 314
1511096680000 314
1511096680000 314
1511096680000 314
1511096680000 314
1511096680000 314
1511096680000 314
1511096680000 314
1511096680000 314
1511096680000 314
1511096680000 314
1511096680000 314
1511096680000 314
1511096680000 314
1511096680000 314
1511096680000 314
1511096680000 314
1511096680000 314
1511096680000 314
1511096680000 314
1511096680000 314
1511096680000 314
1511096680000 314
1511096680000 314
1511096680000 315
1511096680000 315
1511096680000 315
1511096680000 315
1511096680000 316
1511096680000 316
1511096680000 571
1511096680000 572
1511096680000 572
1511096680000 573
1511096680000 573
1511096680000 579
1511096690000 318
1511096690000 318
1511096690000 318
1511096690000 318
1511096690000 318
1511096690000 319
1511096690000 319
1511096690000 319
1511096690000 319
1511096690000 319
1511096690000 320
1511096690000 320
1511096690000 320
1511096690000 320
1511096690000 320
1511096690000 320
1511096690000 320
1511096690000 320
1511096690000 320
1511096690000 320
1511096690000 320
1511096690000 320
1511096690000 320
1511096690000 320
1511096690000 320
1511096690000 320
1511096690000 320
1511096690000 320
1511096690000 320
1511096690000 320
1511096690000 320
1511096690000 320
1511096690000 320
1511096690000 320
1511096690000 320
1511096690000 321
1511096690000 321
1511096690000 321
1511096690000 321
1511096690000 321
1511096690000 321
1511096690000 321
1511096690000 321
1511096690000 321
1511096690000 321
1511096690000 321
1511096690000 321
1511096690000 321
1511096690000 321
1511096690000 321
1511096690000 321
1511096690000 321
1511096690000 321
1511096690000 321
1511096690000 322
1511096690000 322
1511096690000 322
1511096690000 322
1511096690000 322
1511096690000 322
1511096690000 322
1511096690000 322
1511096690000 322
1511096690000 322
1511096690000 322
1511096690000 322
1511096690000 322
1511096690000 322
1511096690000 322
1511096690000 322
1511096690000 322
1511096690000 322
1511096690000 322
1511096690000 322
1511096690000 322
1511096690000 322
1511096690000 322
1511096690000 322
1511096690000 322
1511096690000 322
1511096690000 322
1511096690000 323
1511096690000 323
1511096690000 323
1511096690000 323
1511096690000 323
1511096690000 323
1511096690000 323
1511096690000 323
1511096690000 324
1511096690000 324
1511096690000 324
1511096690000 326
1511096690000 327
1511096690000 327
1511096690000 597
1511096690000 597
1511096690000 603
1511096690000 604
1511096690000 604
1511096700000 323
1511096700000 323
1511096700000 323
1511096700000 323
1511096700000 323
1511096700000 323
1511096700000 323
1511096700000 323
1511096700000 323
1511096700000 323
1511096700000 323
1511096700000 323
1511096700000 323
1511096700000 323
1511096700000 323
1511096700000 323
1511096700000 323
1511096700000 323
1511096700000 323
1511096700000 323
1511096700000 323
1511096700000 323
1511096700000 323
1511096700000 323
1511096700000 323
1511096700000 323
1511096700000 323
1511096700000 323
1511096700000 323
1511096700000 323
1511096700000 323
1511096700000 323
1511096700000 323
1511096700000 323
1511096700000 323
1511096700000 324
1511096700000 324
1511096700000 324
1511096700000 324
1511096700000 324
1511096700000 324
1511096700000 324
1511096700000 324
1511096700000 324
1511096700000 324
1511096700000 324
1511096700000 324
1511096700000 324
1511096700000 324
1511096700000 324
1511096700000 324
1511096700000 324
1511096700000 324
1511096700000 324
1511096700000 324
1511096700000 324
1511096700000 324
1511096700000 324
1511096700000 324
1511096700000 324
1511096700000 325
1511096700000 325
1511096700000 325
1511096700000 325
1511096700000 325
1511096700000 325
1511096700000 325
1511096700000 325
1511096700000 325
1511096700000 325
1511096700000 325
1511096700000 325
1511096700000 325
1511096700000 325
1511096700000 325
1511096700000 325
1511096700000 325
1511096700000 325
1511096700000 325
1511096700000 325
1511096700000 325
1511096700000 325
1511096700000 326
1511096700000 326
1511096700000 326
1511096700000 326
1511096700000 326
1511096700000 326
1511096700000 326
1511096700000 327
1511096700000 327
1511096700000 327
1511096700000 327
1511096700000 596
1511096700000 602
1511096700000 614
1511096700000 625
1511096700000 625
1511096700000 639
1511096700000 640
1511096710000 313
1511096710000 313
1511096710000 313
1511096710000 313
1511096710000 313
1511096710000 313
1511096710000 313
1511096710000 313
1511096710000 313
1511096710000 313
1511096710000 313
1511096710000 313
1511096710000 313
1511096710000 313
1511096710000 313
1511096710000 313
1511096710000 314
1511096710000 314
1511096710000 314
1511096710000 314
1511096710000 314
1511096710000 314
1511096710000 314
1511096710000 314
1511096710000 314
1511096710000 314
1511096710000 314
1511096710000 314
1511096710000 314
1511096710000 314
1511096710000 314
1511096710000 314
1511096710000 314
1511096710000 314
1511096710000 314
1511096710000 314
1511096710000 314
1511096710000 314
1511096710000 314
1511096710000 314
1511096710000 314
1511096710000 314
1511096710000 314
1511096710000 314
1511096710000 314
1511096710000 314
1511096710000 314
1511096710000 314
1511096710000 315
1511096710000 315
1511096710000 315
1511096710000 315
1511096710000 315
1511096710000 315
1511096710000 315
1511096710000 315
1511096710000 315
1511096710000 315
1511096710000 315
1511096710000 315
1511096710000 315
1511096710000 315
1511096710000 315
1511096710000 315
1511096710000 315
1511096710000 315
1511096710000 315
1511096710000 315
1511096710000 315
1511096710000 315
1511096710000 315
1511096710000 315
1511096710000 315
1511096710000 316
1511096710000 316
1511096710000 316
1511096710000 316
1511096710000 316
1511096710000 316
1511096710000 316
1511096710000 316
1511096710000 316
1511096710000 316
1511096710000 316
1511096710000 316
1511096710000 316
1511096710000 316
1511096710000 316
1511096710000 317
1511096710000 317
1511096710000 317
1511096710000 317
1511096710000 318
1511096710000 318
1511096710000 355
1511096710000 355
1511096710000 355
1511096710000 356
1511096710000 580
1511096710000 581
1511096720000 328
1511096720000 328
1511096720000 328
1511096720000 328
1511096720000 328
1511096720000 328
1511096720000 328
1511096720000 328
1511096720000 328
1511096720000 329
1511096720000 329
1511096720000 329
1511096720000 329
1511096720000 329
1511096720000 329
1511096720000 329
1511096720000 329
1511096720000 329
1511096720000 329
1511096720000 329
1511096720000 329
1511096720000 329
1511096720000 329
1511096720000 329
1511096720000 329
1511096720000 329
1511096720000 329
1511096720000 329
1511096720000 329
1511096720000 329
1511096720000 329
1511096720000 329
1511096720000 329
1511096720000 329
1511096720000 329
1511096720000 329
1511096720000 329
1511096720000 329
1511096720000 329
1511096720000 329
1511096720000 329
1511096720000 329
1511096720000 329
1511096720000 329
1511096720000 329
1511096720000 329
1511096720000 329
1511096720000 329
1511096720000 329
1511096720000 329
1511096720000 329
1511096720000 329
1511096720000 329
1511096720000 329
1511096720000 329
1511096720000 329
1511096720000 330
1511096720000 330
1511096720000 330
1511096720000 330
1511096720000 330
1511096720000 330
1511096720000 330
1511096720000 330
1511096720000 330
1511096720000 330
1511096720000 331
1511096720000 331
1511096720000 331
1511096720000 331
1511096720000 331
1511096720000 331
1511096720000 331
1511096720000 331
1511096720000 331
1511096720000 331
1511096720000 331
1511096720000 331
1511096720000 331
1511096720000 331
1511096720000 331
1511096720000 331
1511096720000 331
1511096720000 331
1511096720000 331
1511096720000 331
1511096720000 331
1511096720000 331
1511096720000 331
1511096720000 331
1511096720000 332
1511096720000 332
1511096720000 332
1511096720000 332
1511096720000 332
1511096720000 332
1511096720000 332
1511096720000 333
1511096720000 334
1511096720000 589
1511096730000 367
1511096730000 367
1511096730000 367
1511096730000 368
1511096730000 368
1511096730000 368
1511096730000 368
1511096730000 368
1511096730000 368
1511096730000 368
1511096730000 368
1511096730000 368
1511096730000 368
1511096730000 368
1511096730000 368
1511096730000 368
1511096730000 368
1511096730000 368
1511096730000 368
1511096730000 368
1511096730000 368
1511096730000 368
1511096730000 369
1511096730000 369
1511096730000 369
1511096730000 369
1511096730000 369
1511096730000 369
1511096730000 369
1511096730000 369
1511096730000 369
1511096730000 369
1511096730000 369
1511096730000 369
1511096730000 369
1511096730000 369
1511096730000 369
1511096730000 369
1511096730000 369
1511096730000 369
1511096730000 369
1511096730000 369
1511096730000 369
1511096730000 369
1511096730000 369
1511096730000 369
1511096730000 369
1511096730000 369
1511096730000 369
1511096730000 369
1511096730000 369
1511096730000 369
1511096730000 369
1511096730000 369
1511096730000 370
1511096730000 370
1511096730000 370
1511096730000 370
1511096730000 370
1511096730000 370
1511096730000 370
1511096730000 370
1511096730000 370
1511096730000 370
1511096730000 370
1511096730000 370
1511096730000 370
1511096730000 370
1511096730000 370
1511096730000 370
1511096730000 370
1511096730000 370
1511096730000 370
1511096730000 370
1511096730000 370
1511096730000 370
1511096730000 370
1511096730000 370
1511096730000 370
1511096730000 370
1511096730000 370
1511096730000 370
1511096730000 370
1511096730000 370
1511096730000 370
1511096730000 371
1511096730000 371
1511096730000 371
1511096730000 371
1511096730000 371
1511096730000 371
1511096730000 371
1511096730000 371
1511096730000 371
1511096730000 372
1511096730000 372
1511096730000 372
1511096730000 372
1511096730000 373
1511096730000 373
1511096740000 333
1511096740000 333
1511096740000 334
1511096740000 334
1511096740000 334
1511096740000 334
1511096740000 334
1511096740000 334
1511096740000 334
1511096740000 334
1511096740000 334
1511096740000 334
1511096740000 334
1511096740000 334
1511096740000 334
1511096740000 334
1511096740000 334
1511096740000 334
1511096740000 334
1511096740000 334
1511096740000 334
1511096740000 335
1511096740000 335
1511096740000 335
1511096740000 335
1511096740000 335
1511096740000 335
1511096740000 335
1511096740000 335
1511096740000 335
1511096740000 335
1511096740000 335
1511096740000 335
1511096740000 335
1511096740000 335
1511096740000 335
1511096740000 335
1511096740000 335
1511096740000 335
1511096740000 335
1511096740000 335
1511096740000 335
1511096740000 335
1511096740000 335
1511096740000 335
1511096740000 335
1511096740000 335
1511096740000 335
1511096740000 335
1511096740000 335
1511096740000 335
1511096740000 336
1511096740000 336
1511096740000 336
1511096740000 336
1511096740000 336
1511096740000 336
1511096740000 336
1511096740000 336
1511096740000 336
1511096740000 336
1511096740000 336
1511096740000 336
1511096740000 337
1511096740000 337
1511096740000 337
1511096740000 337
1511096740000 337
1511096740000 337
1511096740000 337
1511096740000 337
1511096740000 337
1511096740000 337
1511096740000 337
1511096740000 337
1511096740000 337
1511096740000 337
1511096740000 337
1511096740000 337
1511096740000 337
1511096740000 338
1511096740000 338
1511096740000 338
1511096740000 338
1511096740000 338
1511096740000 338
1511096740000 338
1511096740000 338
1511096740000 339
1511096740000 339
1511096740000 339
1511096740000 340
1511096740000 340
1511096740000 590
1511096740000 591
1511096740000 591
1511096740000 591
1511096740000 592
1511096740000 593
1511096740000 594
1511096750000 326
1511096750000 326
1511096750000 326
1511096750000 327
1511096750000 327
1511096750000 327
1511096750000 327
1511096750000 327
1511096750000 327
1511096750000 327
1511096750000 327
1511096750000 327
1511096750000 327
1511096750000 327
1511096750000 327
1511096750000 327
1511096750000 327
1511096750000 327
1511096750000 327
1511096750000 327
1511096750000 327
1511096750000 327
1511096750000 327
1511096750000 327
1511096750000 327
1511096750000 327
1511096750000 327
1511096750000 327
1511096750000 327
1511096750000 327
1511096750000 327
1511096750000 327
1511096750000 327
1511096750000 328
1511096750000 328
1511096750000 328
1511096750000 328
1511096750000 328
1511096750000 328
1511096750000 328
1511096750000 328
1511096750000 328
1511096750000 328
1511096750000 328
1511096750000 328
1511096750000 328
1511096750000 328
1511096750000 328
1511096750000 328
1511096750000 328
1511096750000 328
1511096750000 328
1511096750000 328
1511096750000 328
1511096750000 328
1511096750000 328
1511096750000 328
1511096750000 328
1511096750000 328
1511096750000 329
1511096750000 329
1511096750000 329
1511096750000 329
1511096750000 329
1511096750000 329
1511096750000 329
1511096750000 329
1511096750000 329
1511096750000 329
1511096750000 329
1511096750000 329
1511096750000 329
1511096750000 329
1511096750000 329
1511096750000 329
1511096750000 329
1511096750000 329
1511096750000 329
1511096750000 329
1511096750000 329
1511096750000 329
1511096750000 329
1511096750000 329
1511096750000 329
1511096750000 329
1511096750000 329
1511096750000 330
1511096750000 330
1511096750000 330
1511096750000 330
1511096750000 330
1511096750000 330
1511096750000 330
1511096750000 330
1511096750000 330
1511096750000 331
1511096750000 331
1511096750000 331
1511096750000 331
1511096750000 619
1511096760000 309
1511096760000 309
1511096760000 309
1511096760000 309
1511096760000 309
1511096760000 309
1511096760000 309
1511096760000 309
1511096760000 309
1511096760000 309
1511096760000 309
1511096760000 309
1511096760000 309
1511096760000 309
1511096760000 309
1511096760000 309
1511096760000 309
1511096760000 310
1511096760000 310
1511096760000 310
1511096760000 310
1511096760000 310
1511096760000 310
1511096760000 310
1511096760000 310
1511096760000 310
1511096760000 310
1511096760000 310
1511096760000 310
1511096760000 310
1511096760000 310
1511096760000 310
1511096760000 310
1511096760000 310
1511096760000 310
1511096760000 310
1511096760000 310
1511096760000 311
1511096760000 311
1511096760000 311
1511096760000 311
1511096760000 311
1511096760000 311
1511096760000 311
1511096760000 311
1511096760000 311
1511096760000 311
1511096760000 311
1511096760000 311
1511096760000 311
1511096760000 311
1511096760000 311
1511096760000 311
1511096760000 312
1511096760000 312
1511096760000 312
1511096760000 312
1511096760000 312
1511096760000 312
1511096760000 312
1511096760000 312
1511096760000 312
1511096760000 312
1511096760000 312
1511096760000 312
1511096760000 312
1511096760000 312
1511096760000 312
1511096760000 312
1511096760000 312
1511096760000 313
1511096760000 313
1511096760000 313
1511096760000 313
1511096760000 313
1511096760000 313
1511096760000 313
1511096760000 313
1511096760000 313
1511096760000 313
1511096760000 314
1511096760000 314
1511096760000 314
1511096760000 315
1511096760000 315
1511096760000 315
1511096760000 576
1511096760000 577
1511096760000 577
1511096760000 577
1511096760000 578
1511096760000 580
1511096760000 581
1511096760000 582
1511096760000 582
1511096760000 584
1511096760000 585
1511096760000 585
1511096760000 614
1511096760000 614
1511096770000 313
1511096770000 313
1511096770000 313
1511096770000 313
1511096770000 314
1511096770000 314
1511096770000 314
1511096770000 314
1511096770000 314
1511096770000 314
1511096770000 314
1511096770000 314
1511096770000 314
1511096770000 314
1511096770000 314
1511096770000 314
1511096770000 314
1511096770000 314
1511096770000 314
1511096770000 314
1511096770000 314
1511096770000 314
1511096770000 314
1511096770000 314
1511096770000 314
1511096770000 314
1511096770000 314
1511096770000 314
1511096770000 314
1511096770000 314
1511096770000 314
1511096770000 314
1511096770000 314
1511096770000 315
1511096770000 315
1511096770000 315
1511096770000 315
1511096770000 315
1511096770000 315
1511096770000 315
1511096770000 315
1511096770000 315
1511096770000 315
1511096770000 315
1511096770000 315
1511096770000 315
1511096770000 315
1511096770000 315
1511096770000 315
1511096770000 316
1511096770000 316
1511096770000 316
1511096770000 316
1511096770000 316
1511096770000 316
1511096770000 316
1511096770000 316
1511096770000 316
1511096770000 316
1511096770000 316
1511096770000 316
1511096770000 316
1511096770000 316
1511096770000 316
1511096770000 316
1511096770000 316
1511096770000 316
1511096770000 316
1511096770000 317
1511096770000 317
1511096770000 317
1511096770000 317
1511096770000 317
1511096770000 317
1511096770000 318
1511096770000 318
1511096770000 318
1511096770000 577
1511096770000 579
1511096770000 580
1511096770000 580
1511096770000 580
1511096770000 581
1511096770000 583
1511096770000 583
1511096770000 583
1511096770000 583
1511096770000 586
1511096770000 594
1511096770000 594
1511096770000 594
1511096770000 595
1511096770000 624
1511096770000 625
1511096770000 626
1511096770000 626
1511096770000 627
1511096770000 627
1511096770000 630
1511096770000 630
1511096780000 277
1511096780000 277
1511096780000 278
1511096780000 278
1511096780000 278
1511096780000 278
1511096780000 278
1511096780000 278
1511096780000 278
1511096780000 278
1511096780000 278
1511096780000 278
1511096780000 278
1511096780000 278
1511096780000 278
1511096780000 278
1511096780000 278
1511096780000 278
1511096780000 278
1511096780000 278
1511096780000 278
1511096780000 278
1511096780000 278
1511096780000 278
1511096780000 278
1511096780000 278
1511096780000 278
1511096780000 278
1511096780000 279
1511096780000 279
1511096780000 279
1511096780000 279
1511096780000 279
1511096780000 279
1511096780000 279
1511096780000 279
1511096780000 279
1511096780000 279
1511096780000 279
1511096780000 279
1511096780000 279
1511096780000 279
1511096780000 279
1511096780000 279
1511096780000 279
1511096780000 279
1511096780000 279
1511096780000 279
1511096780000 279
1511096780000 279
1511096780000 279
1511096780000 279
1511096780000 280
1511096780000 280
1511096780000 280
1511096780000 280
1511096780000 280
1511096780000 280
1511096780000 280
1511096780000 280
1511096780000 280
1511096780000 280
1511096780000 280
1511096780000 280
1511096780000 280
1511096780000 280
1511096780000 280
1511096780000 280
1511096780000 280
1511096780000 280
1511096780000 280
1511096780000 281
1511096780000 281
1511096780000 281
1511096780000 281
1511096780000 281
1511096780000 281
1511096780000 282
1511096780000 282
1511096780000 587
1511096780000 588
1511096780000 594
1511096780000 594
1511096780000 594
1511096780000 594
1511096780000 594
1511096780000 595
1511096780000 595
1511096780000 595
1511096780000 596
1511096780000 596
1511096780000 597
1511096780000 597
1511096780000 597
1511096780000 597
1511096780000 598
1511096780000 598
1511096780000 600
1511096780000 601
1511096780000 601
1511096790000 291
1511096790000 291
1511096790000 291
1511096790000 291
1511096790000 291
1511096790000 291
1511096790000 291
1511096790000 291
1511096790000 291
1511096790000 292
1511096790000 292
1511096790000 292
1511096790000 292
1511096790000 292
1511096790000 292
1511096790000 292
1511096790000 292
1511096790000 292
1511096790000 292
1511096790000 292
1511096790000 292
1511096790000 292
1511096790000 292
1511096790000 292
1511096790000 292
1511096790000 292
1511096790000 292
1511096790000 292
1511096790000 292
1511096790000 292
1511096790000 292
1511096790000 292
1511096790000 292
1511096790000 293
1511096790000 293
1511096790000 293
1511096790000 293
1511096790000 293
1511096790000 293
1511096790000 293
1511096790000 293
1511096790000 293
1511096790000 293
1511096790000 293
1511096790000 293
1511096790000 293
1511096790000 293
1511096790000 293
1511096790000 293
1511096790000 293
1511096790000 293
1511096790000 293
1511096790000 293
1511096790000 293
1511096790000 293
1511096790000 294
1511096790000 294
1511096790000 294
1511096790000 294
1511096790000 294
1511096790000 294
1511096790000 294
1511096790000 294
1511096790000 294
1511096790000 294
1511096790000 294
1511096790000 294
1511096790000 294
1511096790000 294
1511096790000 294
1511096790000 294
1511096790000 294
1511096790000 294
1511096790000 294
1511096790000 295
1511096790000 295
1511096790000 295
1511096790000 295
1511096790000 295
1511096790000 295
1511096790000 295
1511096790000 295
1511096790000 295
1511096790000 295
1511096790000 295
1511096790000 295
1511096790000 295
1511096790000 295
1511096790000 295
1511096790000 295
1511096790000 296
1511096790000 296
1511096790000 297
1511096790000 613
1511096790000 619
1511096790000 620
1511096790000 620
1511096790000 621
1511096790000 621
1511096790000 622
1511096800000 339
1511096800000 340
1511096800000 340
1511096800000 340
1511096800000 340
1511096800000 340
1511096800000 340
1511096800000 341
1511096800000 341
1511096800000 341
1511096800000 341
1511096800000 341
1511096800000 341
1511096800000 341
1511096800000 341
1511096800000 341
1511096800000 341
1511096800000 341
1511096800000 341
1511096800000 341
1511096800000 341
1511096800000 341
1511096800000 341
1511096800000 341
1511096800000 341
1511096800000 342
1511096800000 342
1511096800000 342
1511096800000 342
1511096800000 342
1511096800000 342
1511096800000 342
1511096800000 342
1511096800000 342
1511096800000 342
1511096800000 342
1511096800000 342
1511096800000 342
1511096800000 342
1511096800000 342
1511096800000 342
1511096800000 342
1511096800000 342
1511096800000 342
1511096800000 342
1511096800000 342
1511096800000 342
1511096800000 342
1511096800000 343
1511096800000 343
1511096800000 343
1511096800000 343
1511096800000 344
1511096800000 344
1511096800000 344
1511096800000 344
1511096800000 344
1511096800000 344
1511096800000 344
1511096800000 344
1511096800000 344
1511096800000 344
1511096800000 344
1511096800000 344
1511096800000 344
1511096800000 344
1511096800000 344
1511096800000 345
1511096800000 345
1511096800000 345
1511096800000 345
1511096800000 345
1511096800000 345
1511096800000 345
1511096800000 345
1511096800000 345
1511096800000 345
1511096800000 345
1511096800000 346
1511096800000 346
1511096800000 346
1511096800000 346
1511096800000 346
1511096800000 346
1511096800000 346
1511096800000 347
1511096800000 347
1511096800000 365
1511096800000 365
1511096800000 365
1511096800000 365
1511096800000 365
1511096800000 366
1511096800000 366
1511096800000 567
1511096800000 572
1511096800000 573
1511096800000 574
1511096800000 575
1511096800000 585
1511096810000 338
1511096810000 338
1511096810000 338
1511096810000 338
1511096810000 338
1511096810000 339
1511096810000 339
1511096810000 339
1511096810000 339
1511096810000 339
1511096810000 339
1511096810000 339
1511096810000 340
1511096810000 340
1511096810000 340
1511096810000 340
1511096810000 340
1511096810000 340
1511096810000 340
1511096810000 340
1511096810000 340
1511096810000 340
1511096810000 340
1511096810000 340
1511096810000 340
1511096810000 340
1511096810000 340
1511096810000 340
1511096810000 341
1511096810000 341
1511096810000 341
1511096810000 341
1511096810000 341
1511096810000 341
1511096810000 341
1511096810000 341
1511096810000 341
1511096810000 341
1511096810000 342
1511096810000 342
1511096810000 342
1511096810000 342
1511096810000 342
1511096810000 342
1511096810000 342
1511096810000 342
1511096810000 343
1511096810000 343
1511096810000 343
1511096810000 343
1511096810000 343
1511096810000 343
1511096810000 343
1511096810000 343
1511096810000 343
1511096810000 343
1511096810000 343
1511096810000 343
1511096810000 343
1511096810000 344
1511096810000 344
1511096810000 344
1511096810000 344
1511096810000 344
1511096810000 344
1511096810000 344
1511096810000 344
1511096810000 344
1511096810000 344
1511096810000 344
1511096810000 344
1511096810000 344
1511096810000 345
1511096810000 345
1511096810000 345
1511096810000 345
1511096810000 345
1511096810000 345
1511096810000 345
1511096810000 345
1511096810000 345
1511096810000 345
1511096810000 345
1511096810000 345
1511096810000 345
1511096810000 345
1511096810000 345
1511096810000 345
1511096810000 345
1511096810000 346
1511096810000 346
1511096810000 346
1511096810000 346
1511096810000 346
1511096810000 346
1511096810000 346
1511096810000 346
1511096810000 346
1511096810000 346
1511096810000 364
1511096820000 281
1511096820000 281
1511096820000 281
1511096820000 281
1511096820000 281
1511096820000 281
1511096820000 281
1511096820000 281
1511096820000 282
1511096820000 282
1511096820000 282
1511096820000 282
1511096820000 282
1511096820000 282
1511096820000 282
1511096820000 282
1511096820000 282
1511096820000 282
1511096820000 282
1511096820000 282
1511096820000 282
1511096820000 282
1511096820000 282
1511096820000 282
1511096820000 282
1511096820000 282
1511096820000 282
1511096820000 282
1511096820000 282
1511096820000 282
1511096820000 282
1511096820000 282
1511096820000 282
1511096820000 282
1511096820000 282
1511096820000 282
1511096820000 282
1511096820000 282
1511096820000 282
1511096820000 282
1511096820000 282
1511096820000 282
1511096820000 282
1511096820000 282
1511096820000 282
1511096820000 283
1511096820000 283
1511096820000 283
1511096820000 283
1511096820000 283
1511096820000 283
1511096820000 283
1511096820000 283
1511096820000 283
1511096820000 283
1511096820000 283
1511096820000 283
1511096820000 284
1511096820000 284
1511096820000 284
1511096820000 284
1511096820000 284
1511096820000 284
1511096820000 284
1511096820000 284
1511096820000 284
1511096820000 284
1511096820000 284
1511096820000 284
1511096820000 284
1511096820000 284
1511096820000 284
1511096820000 284
1511096820000 284
1511096820000 284
1511096820000 284
1511096820000 284
1511096820000 284
1511096820000 284
1511096820000 284
1511096820000 284
1511096820000 285
1511096820000 285
1511096820000 285
1511096820000 285
1511096820000 285
1511096820000 285
1511096820000 285
1511096820000 285
1511096820000 285
1511096820000 285
1511096820000 285
1511096820000 286
1511096820000 286
1511096820000 286
1511096820000 287
1511096820000 287
1511096820000 314
1511096820000 314
1511096820000 315
1511096830000 312
1511096830000 312
1511096830000 312
1511096830000 312
1511096830000 312
1511096830000 312
1511096830000 312
1511096830000 312
1511096830000 312
1511096830000 312
1511096830000 312
1511096830000 313
1511096830000 313
1511096830000 313
1511096830000 313
1511096830000 313
1511096830000 313
1511096830000 313
1511096830000 313
1511096830000 313
1511096830000 313
1511096830000 313
1511096830000 313
1511096830000 313
1511096830000 313
1511096830000 313
1511096830000 313
1511096830000 313
1511096830000 313
1511096830000 313
1511096830000 313
1511096830000 313
1511096830000 313
1511096830000 313
1511096830000 313
1511096830000 313
1511096830000 313
1511096830000 313
1511096830000 313
1511096830000 313
1511096830000 314
1511096830000 314
1511096830000 314
1511096830000 314
1511096830000 314
1511096830000 314
1511096830000 314
1511096830000 314
1511096830000 314
1511096830000 314
1511096830000 314
1511096830000 314
1511096830000 314
1511096830000 315
1511096830000 315
1511096830000 315
1511096830000 315
1511096830000 315
1511096830000 315
1511096830000 315
1511096830000 316
1511096830000 316
1511096830000 316
1511096830000 316
1511096830000 317
1511096830000 317
1511096830000 322
1511096830000 323
1511096830000 323
1511096830000 323
1511096830000 324
1511096830000 325
1511096830000 325
1511096830000 325
1511096830000 326
1511096830000 326
1511096830000 326
1511096830000 326
1511096830000 327
1511096830000 328
1511096830000 328
1511096830000 329
1511096830000 329
1511096830000 331
1511096830000 331
1511096830000 331
1511096830000 332
1511096830000 332
1511096830000 332
1511096830000 333
1511096830000 334
1511096830000 334
1511096830000 350
1511096830000 351
1511096830000 351
1511096830000 351
1511096830000 351
1511096830000 352
1511096830000 352
1511096830000 353
1511096840000 328
1511096840000 328
1511096840000 328
1511096840000 328
1511096840000 328
1511096840000 328
1511096840000 328
1511096840000 329
1511096840000 329
1511096840000 329
1511096840000 329
1511096840000 329
1511096840000 329
1511096840000 330
1511096840000 330
1511096840000 330
1511096840000 330
1511096840000 330
1511096840000 330
1511096840000 330
1511096840000 330
1511096840000 330
1511096840000 330
1511096840000 330
1511096840000 330
1511096840000 330
1511096840000 330
1511096840000 330
1511096840000 330
1511096840000 330
1511096840000 331
1511096840000 331
1511096840000 331
1511096840000 331
1511096840000 331
1511096840000 331
1511096840000 331
1511096840000 331
1511096840000 331
1511096840000 331
1511096840000 331
1511096840000 331
1511096840000 331
1511096840000 331
1511096840000 331
1511096840000 331
1511096840000 331
1511096840000 331
1511096840000 331
1511096840000 331
1511096840000 331
1511096840000 332
1511096840000 332
1511096840000 332
1511096840000 332
1511096840000 332
1511096840000 333
1511096840000 333
1511096840000 333
1511096840000 333
1511096840000 333
1511096840000 333
1511096840000 333
1511096840000 334
1511096840000 334
1511096840000 334
1511096840000 334
1511096840000 334
1511096840000 334
1511096840000 334
1511096840000 334
1511096840000 334
1511096840000 334
1511096840000 334
1511096840000 334
1511096840000 334
1511096840000 334
1511096840000 335
1511096840000 335
1511096840000 335
1511096840000 335
1511096840000 335
1511096840000 335
1511096840000 335
1511096840000 335
1511096840000 335
1511096840000 335
1511096840000 335
1511096840000 335
1511096840000 335
1511096840000 336
1511096840000 336
1511096840000 336
1511096840000 336
1511096840000 336
1511096840000 336
1511096840000 337
1511096840000 337
1511096840000 337
1511096840000 345
1511096850000 337
1511096850000 337
1511096850000 337
1511096850000 338
1511096850000 338
1511096850000 338
1511096850000 338
1511096850000 338
1511096850000 338
1511096850000 338
1511096850000 338
1511096850000 338
1511096850000 338
1511096850000 338
1511096850000 338
1511096850000 338
1511096850000 338
1511096850000 338
1511096850000 338
1511096850000 338
1511096850000 338
1511096850000 338
1511096850000 338
1511096850000 338
1511096850000 338
1511096850000 338
1511096850000 338
1511096850000 338
1511096850000 338
1511096850000 338
1511096850000 339
1511096850000 339
1511096850000 339
1511096850000 339
1511096850000 339
1511096850000 339
1511096850000 339
1511096850000 339
1511096850000 339
1511096850000 339
1511096850000 339
1511096850000 339
1511096850000 339
1511096850000 339
1511096850000 339
1511096850000 339
1511096850000 339
1511096850000 339
1511096850000 339
1511096850000 339
1511096850000 339
1511096850000 339
1511096850000 339
1511096850000 340
1511096850000 340
1511096850000 340
1511096850000 340
1511096850000 340
1511096850000 340
1511096850000 341
1511096850000 341
1511096850000 341
1511096850000 341
1511096850000 341
1511096850000 341
1511096850000 341
1511096850000 341
1511096850000 341
1511096850000 341
1511096850000 341
1511096850000 341
1511096850000 341
1511096850000 342
1511096850000 342
1511096850000 342
1511096850000 342
1511096850000 342
1511096850000 342
1511096850000 342
1511096850000 342
1511096850000 342
1511096850000 342
1511096850000 342
1511096850000 342
1511096850000 342
1511096850000 342
1511096850000 342
1511096850000 342
1511096850000 342
1511096850000 342
1511096850000 342
1511096850000 342
1511096850000 342
1511096850000 343
1511096850000 343
1511096850000 343
1511096850000 343
1511096850000 344
1511096850000 344
1511096850000 344
1511096860000 317
1511096860000 317
1511096860000 317
1511096860000 317
1511096860000 317
1511096860000 317
1511096860000 317
1511096860000 318
1511096860000 318
1511096860000 318
1511096860000 318
1511096860000 318
1511096860000 318
1511096860000 318
1511096860000 318
1511096860000 318
1511096860000 318
1511096860000 318
1511096860000 318
1511096860000 318
1511096860000 318
1511096860000 318
1511096860000 318
1511096860000 318
1511096860000 318
1511096860000 318
1511096860000 318
1511096860000 318
1511096860000 318
1511096860000 318
1511096860000 318
1511096860000 318
1511096860000 318
1511096860000 318
1511096860000 318
1511096860000 318
1511096860000 318
1511096860000 318
1511096860000 318
1511096860000 318
1511096860000 318
1511096860000 318
1511096860000 318
1511096860000 318
1511096860000 318
1511096860000 318
1511096860000 318
1511096860000 318
1511096860000 318
1511096860000 318
1511096860000 318
1511096860000 318
1511096860000 318
1511096860000 318
1511096860000 319
1511096860000 319
1511096860000 319
1511096860000 319
1511096860000 319
1511096860000 319
1511096860000 319
1511096860000 319
1511096860000 319
1511096860000 319
1511096860000 319
1511096860000 319
1511096860000 319
1511096860000 319
1511096860000 319
1511096860000 319
1511096860000 320
1511096860000 320
1511096860000 320
1511096860000 320
1511096860000 320
1511096860000 320
1511096860000 320
1511096860000 320
1511096860000 320
1511096860000 320
1511096860000 320
1511096860000 320
1511096860000 320
1511096860000 320
1511096860000 320
1511096860000 320
1511096860000 320
1511096860000 320
1511096860000 320
1511096860000 320
1511096860000 320
1511096860000 321
1511096860000 321
1511096860000 321
1511096860000 321
1511096860000 321
1511096860000 321
1511096860000 322
1511096860000 334
1511096860000 335
1511096870000 342
1511096870000 342
1511096870000 342
1511096870000 342
1511096870000 342
1511096870000 342
1511096870000 342
1511096870000 342
1511096870000 342
1511096870000 342
1511096870000 342
1511096870000 342
1511096870000 342
1511096870000 342
1511096870000 342
1511096870000 343
1511096870000 343
1511096870000 343
1511096870000 343
1511096870000 343
1511096870000 343
1511096870000 343
1511096870000 343
1511096870000 343
1511096870000 343
1511096870000 343
1511096870000 343
1511096870000 343
1511096870000 343
1511096870000 343
1511096870000 343
1511096870000 343
1511096870000 343
1511096870000 343
1511096870000 343
1511096870000 343
1511096870000 343
1511096870000 343
1511096870000 343
1511096870000 343
1511096870000 343
1511096870000 343
1511096870000 343
1511096870000 343
1511096870000 343
1511096870000 343
1511096870000 343
1511096870000 343
1511096870000 343
1511096870000 343
1511096870000 343
1511096870000 343
1511096870000 344
1511096870000 344
1511096870000 344
1511096870000 344
1511096870000 344
1511096870000 344
1511096870000 344
1511096870000 344
1511096870000 344
1511096870000 344
1511096870000 344
1511096870000 344
1511096870000 344
1511096870000 344
1511096870000 344
1511096870000 344
1511096870000 344
1511096870000 344
1511096870000 344
1511096870000 344
1511096870000 344
1511096870000 344
1511096870000 345
1511096870000 345
1511096870000 345
1511096870000 345
1511096870000 345
1511096870000 345
1511096870000 345
1511096870000 345
1511096870000 345
1511096870000 345
1511096870000 345
1511096870000 345
1511096870000 345
1511096870000 345
1511096870000 345
1511096870000 345
1511096870000 345
1511096870000 345
1511096870000 346
1511096870000 346
1511096870000 346
1511096870000 346
1511096870000 346
1511096870000 346
1511096870000 346
1511096870000 347
1511096880000 327
1511096880000 327
1511096880000 327
1511096880000 327
1511096880000 327
1511096880000 327
1511096880000 328
1511096880000 328
1511096880000 328
1511096880000 328
1511096880000 328
1511096880000 328
1511096880000 328
1511096880000 328
1511096880000 328
1511096880000 328
1511096880000 328
1511096880000 328
1511096880000 328
1511096880000 328
1511096880000 328
1511096880000 328
1511096880000 328
1511096880000 328
1511096880000 328
1511096880000 328
1511096880000 328
1511096880000 328
1511096880000 328
1511096880000 328
1511096880000 328
1511096880000 328
1511096880000 328
1511096880000 328
1511096880000 328
1511096880000 328
1511096880000 328
1511096880000 329
1511096880000 329
1511096880000 329
1511096880000 329
1511096880000 329
1511096880000 329
1511096880000 329
1511096880000 329
1511096880000 329
1511096880000 329
1511096880000 329
1511096880000 329
1511096880000 329
1511096880000 329
1511096880000 329
1511096880000 329
1511096880000 329
1511096880000 329
1511096880000 329
1511096880000 329
1511096880000 329
1511096880000 329
1511096880000 329
1511096880000 330
1511096880000 330
1511096880000 330
1511096880000 330
1511096880000 330
1511096880000 330
1511096880000 330
1511096880000 330
1511096880000 330
1511096880000 330
1511096880000 330
1511096880000 330
1511096880000 330
1511096880000 330
1511096880000 330
1511096880000 330
1511096880000 330
1511096880000 330
1511096880000 330
1511096880000 330
1511096880000 330
1511096880000 330
1511096880000 330
1511096880000 330
1511096880000 330
1511096880000 330
1511096880000 331
1511096880000 331
1511096880000 331
1511096880000 331
1511096880000 331
1511096880000 331
1511096880000 331
1511096880000 331
1511096880000 331
1511096880000 332
1511096880000 332
1511096880000 332
1511096880000 335
1511096880000 335
1511096890000 333
1511096890000 334
1511096890000 334
1511096890000 334
1511096890000 334
1511096890000 334
1511096890000 335
1511096890000 335
1511096890000 335
1511096890000 335
1511096890000 335
1511096890000 335
1511096890000 335
1511096890000 335
1511096890000 335
1511096890000 335
1511096890000 335
1511096890000 335
1511096890000 335
1511096890000 335
1511096890000 335
1511096890000 335
1511096890000 335
1511096890000 335
1511096890000 335
1511096890000 335
1511096890000 335
1511096890000 335
1511096890000 335
1511096890000 335
1511096890000 335
1511096890000 335
1511096890000 335
1511096890000 335
1511096890000 335
1511096890000 335
1511096890000 335
1511096890000 335
1511096890000 336
1511096890000 336
1511096890000 336
1511096890000 336
1511096890000 336
1511096890000 336
1511096890000 336
1511096890000 336
1511096890000 336
1511096890000 336
1511096890000 336
1511096890000 336
1511096890000 336
1511096890000 336
1511096890000 336
1511096890000 337
1511096890000 337
1511096890000 337
1511096890000 337
1511096890000 337
1511096890000 337
1511096890000 337
1511096890000 337
1511096890000 337
1511096890000 337
1511096890000 337
1511096890000 337
1511096890000 337
1511096890000 337
1511096890000 337
1511096890000 338
1511096890000 338
1511096890000 338
1511096890000 338
1511096890000 338
1511096890000 338
1511096890000 338
1511096890000 338
1511096890000 338
1511096890000 338
1511096890000 338
1511096890000 338
1511096890000 338
1511096890000 338
1511096890000 338
1511096890000 338
1511096890000 338
1511096890000 338
1511096890000 339
1511096890000 339
1511096890000 339
1511096890000 339
1511096890000 339
1511096890000 339
1511096890000 339
1511096890000 339
1511096890000 339
1511096890000 339
1511096890000 340
1511096890000 340
1511096890000 360
1511096890000 360
1511096900000 345
1511096900000 345
1511096900000 345
1511096900000 345
1511096900000 345
1511096900000 346
1511096900000 346
1511096900000 346
1511096900000 346
1511096900000 346
1511096900000 346
1511096900000 346
1511096900000 346
1511096900000 346
1511096900000 346
1511096900000 346
1511096900000 346
1511096900000 346
1511096900000 346
1511096900000 346
1511096900000 346
1511096900000 346
1511096900000 346
1511096900000 346
1511096900000 346
1511096900000 346
1511096900000 346
1511096900000 346
1511096900000 346
1511096900000 346
1511096900000 346
1511096900000 346
1511096900000 346
1511096900000 346
1511096900000 346
1511096900000 346
1511096900000 346
1511096900000 346
1511096900000 346
1511096900000 346
1511096900000 346
1511096900000 346
1511096900000 346
1511096900000 346
1511096900000 346
1511096900000 346
1511096900000 346
1511096900000 346
1511096900000 346
1511096900000 346
1511096900000 346
1511096900000 346
1511096900000 346
1511096900000 346
1511096900000 346
1511096900000 346
1511096900000 346
1511096900000 347
1511096900000 347
1511096900000 347
1511096900000 347
1511096900000 347
1511096900000 347
1511096900000 347
1511096900000 347
1511096900000 348
1511096900000 348
1511096900000 348
1511096900000 348
1511096900000 348
1511096900000 348
1511096900000 348
1511096900000 348
1511096900000 348
1511096900000 348
1511096900000 348
1511096900000 348
1511096900000 348
1511096900000 348
1511096900000 348
1511096900000 348
1511096900000 348
1511096900000 348
1511096900000 348
1511096900000 348
1511096900000 348
1511096900000 348
1511096900000 348
1511096900000 349
1511096900000 349
1511096900000 349
1511096900000 349
1511096900000 349
1511096900000 349
1511096900000 350
1511096900000 350
1511096900000 350
1511096900000 351
1511096900000 351
1511096900000 351
1511096910000 306
1511096910000 307
1511096910000 307
1511096910000 307
1511096910000 307
1511096910000 307
1511096910000 307
1511096910000 307
1511096910000 307
1511096910000 307
1511096910000 307
1511096910000 307
1511096910000 307
1511096910000 307
1511096910000 307
1511096910000 307
1511096910000 307
1511096910000 307
1511096910000 307
1511096910000 307
1511096910000 307
1511096910000 307
1511096910000 307
1511096910000 307
1511096910000 308
1511096910000 308
1511096910000 308
1511096910000 308
1511096910000 308
1511096910000 308
1511096910000 308
1511096910000 308
1511096910000 308
1511096910000 308
1511096910000 308
1511096910000 308
1511096910000 308
1511096910000 308
1511096910000 308
1511096910000 308
1511096910000 308
1511096910000 308
1511096910000 308
1511096910000 308
1511096910000 308
1511096910000 308
1511096910000 308
1511096910000 308
1511096910000 308
1511096910000 308
1511096910000 308
1511096910000 309
1511096910000 309
1511096910000 309
1511096910000 309
1511096910000 309
1511096910000 309
1511096910000 309
1511096910000 309
1511096910000 309
1511096910000 309
1511096910000 309
1511096910000 309
1511096910000 309
1511096910000 309
1511096910000 309
1511096910000 309
1511096910000 309
1511096910000 309
1511096910000 309
1511096910000 310
1511096910000 310
1511096910000 310
1511096910000 310
1511096910000 310
1511096910000 310
1511096910000 310
1511096910000 310
1511096910000 310
1511096910000 310
1511096910000 310
1511096910000 310
1511096910000 310
1511096910000 310
1511096910000 310
1511096910000 311
1511096910000 311
1511096910000 311
1511096910000 311
1511096910000 311
1511096910000 311
1511096910000 311
1511096910000 311
1511096910000 311
1511096910000 312
1511096910000 312
1511096910000 312
1511096910000 313
1511096910000 313
1511096910000 313
1511096920000 331
1511096920000 332
1511096920000 332
1511096920000 332
1511096920000 332
1511096920000 332
1511096920000 332
1511096920000 332
1511096920000 332
1511096920000 332
1511096920000 332
1511096920000 332
1511096920000 332
1511096920000 332
1511096920000 332
1511096920000 332
1511096920000 332
1511096920000 332
1511096920000 332
1511096920000 332
1511096920000 332
1511096920000 332
1511096920000 332
1511096920000 332
1511096920000 332
1511096920000 332
1511096920000 332
1511096920000 332
1511096920000 332
1511096920000 332
1511096920000 333
1511096920000 333
1511096920000 333
1511096920000 333
1511096920000 333
1511096920000 333
1511096920000 333
1511096920000 333
1511096920000 333
1511096920000 333
1511096920000 333
1511096920000 333
1511096920000 333
1511096920000 333
1511096920000 333
1511096920000 333
1511096920000 333
1511096920000 333
1511096920000 333
1511096920000 333
1511096920000 333
1511096920000 333
1511096920000 333
1511096920000 333
1511096920000 333
1511096920000 333
1511096920000 333
1511096920000 333
1511096920000 334
1511096920000 334
1511096920000 334
1511096920000 334
1511096920000 334
1511096920000 334
1511096920000 334
1511096920000 334
1511096920000 334
1511096920000 334
1511096920000 334
1511096920000 334
1511096920000 334
1511096920000 334
1511096920000 334
1511096920000 334
1511096920000 334
1511096920000 334
1511096920000 334
1511096920000 334
1511096920000 334
1511096920000 334
1511096920000 334
1511096920000 334
1511096920000 334
1511096920000 334
1511096920000 335
1511096920000 335
1511096920000 335
1511096920000 335
1511096920000 335
1511096920000 335
1511096920000 335
1511096920000 335
1511096920000 335
1511096920000 335
1511096920000 336
1511096920000 336
1511096920000 336
1511096920000 336
1511096920000 337
1511096920000 348
1511096930000 294
1511096930000 294
1511096930000 294
1511096930000 294
1511096930000 294
1511096930000 294
1511096930000 294
1511096930000 295
1511096930000 295
1511096930000 295
1511096930000 295
1511096930000 295
1511096930000 295
1511096930000 295
1511096930000 295
1511096930000 295
1511096930000 295
1511096930000 295
1511096930000 295
1511096930000 295
1511096930000 295
1511096930000 295
1511096930000 295
1511096930000 295
1511096930000 295
1511096930000 295
1511096930000 295
1511096930000 295
1511096930000 295
1511096930000 295
1511096930000 295
1511096930000 296
1511096930000 296
1511096930000 296
1511096930000 296
1511096930000 296
1511096930000 296
1511096930000 296
1511096930000 296
1511096930000 296
1511096930000 296
1511096930000 296
1511096930000 296
1511096930000 296
1511096930000 296
1511096930000 296
1511096930000 296
1511096930000 296
1511096930000 296
1511096930000 297
1511096930000 297
1511096930000 297
1511096930000 297
1511096930000 297
1511096930000 297
1511096930000 297
1511096930000 297
1511096930000 297
1511096930000 297
1511096930000 297
1511096930000 297
1511096930000 297
1511096930000 297
1511096930000 297
1511096930000 298
1511096930000 298
1511096930000 298
1511096930000 298
1511096930000 298
1511096930000 298
1511096930000 298
1511096930000 298
1511096930000 298
1511096930000 298
1511096930000 298
1511096930000 298
1511096930000 298
1511096930000 298
1511096930000 298
1511096930000 298
1511096930000 298
1511096930000 298
1511096930000 298
1511096930000 298
1511096930000 298
1511096930000 298
1511096930000 298
1511096930000 298
1511096930000 299
1511096930000 299
1511096930000 299
1511096930000 299
1511096930000 299
1511096930000 299
1511096930000 299
1511096930000 299
1511096930000 299
1511096930000 300
1511096930000 300
1511096930000 300
1511096940000 288
1511096940000 288
1511096940000 288
1511096940000 288
1511096940000 288
1511096940000 288
1511096940000 288
1511096940000 288
1511096940000 288
1511096940000 288
1511096940000 288
1511096940000 288
1511096940000 288
1511096940000 288
1511096940000 288
1511096940000 288
1511096940000 288
1511096940000 288
1511096940000 288
1511096940000 288
1511096940000 288
1511096940000 288
1511096940000 288
1511096940000 288
1511096940000 288
1511096940000 288
1511096940000 288
1511096940000 288
1511096940000 288
1511096940000 289
1511096940000 289
1511096940000 289
1511096940000 289
1511096940000 289
1511096940000 289
1511096940000 289
1511096940000 289
1511096940000 289
1511096940000 289
1511096940000 289
1511096940000 289
1511096940000 289
1511096940000 289
1511096940000 289
1511096940000 289
1511096940000 289
1511096940000 289
1511096940000 289
1511096940000 289
1511096940000 289
1511096940000 289
1511096940000 289
1511096940000 289
1511096940000 289
1511096940000 290
1511096940000 290
1511096940000 290
1511096940000 291
1511096940000 291
1511096940000 291
1511096940000 291
1511096940000 291
1511096940000 291
1511096940000 291
1511096940000 291
1511096940000 291
1511096940000 291
1511096940000 291
1511096940000 291
1511096940000 291
1511096940000 291
1511096940000 292
1511096940000 292
1511096940000 292
1511096940000 292
1511096940000 292
1511096940000 292
1511096940000 292
1511096940000 292
1511096940000 292
1511096940000 292
1511096940000 292
1511096940000 292
1511096940000 292
1511096940000 292
1511096940000 292
1511096940000 292
1511096940000 292
1511096940000 293
1511096940000 293
1511096940000 293
1511096940000 293
1511096940000 293
1511096940000 293
1511096940000 293
1511096940000 293
1511096940000 293
1511096940000 294
1511096940000 294
1511096940000 294
1511096950000 336
1511096950000 336
1511096950000 337
1511096950000 337
1511096950000 337
1511096950000 337
1511096950000 337
1511096950000 337
1511096950000 337
1511096950000 337
1511096950000 337
1511096950000 337
1511096950000 337
1511096950000 337
1511096950000 337
1511096950000 337
1511096950000 337
1511096950000 337
1511096950000 337
1511096950000 337
1511096950000 338
1511096950000 338
1511096950000 338
1511096950000 338
1511096950000 338
1511096950000 338
1511096950000 338
1511096950000 338
1511096950000 338
1511096950000 338
1511096950000 338
1511096950000 338
1511096950000 338
1511096950000 338
1511096950000 338
1511096950000 338
1511096950000 338
1511096950000 338
1511096950000 339
1511096950000 339
1511096950000 339
1511096950000 339
1511096950000 339
1511096950000 339
1511096950000 339
1511096950000 339
1511096950000 339
1511096950000 339
1511096950000 339
1511096950000 339
1511096950000 339
1511096950000 339
1511096950000 339
1511096950000 339
1511096950000 339
1511096950000 340
1511096950000 340
1511096950000 340
1511096950000 340
1511096950000 340
1511096950000 340
1511096950000 340
1511096950000 340
1511096950000 340
1511096950000 340
1511096950000 340
1511096950000 340
1511096950000 340
1511096950000 340
1511096950000 340
1511096950000 340
1511096950000 340
1511096950000 341
1511096950000 341
1511096950000 341
1511096950000 341
1511096950000 341
1511096950000 341
1511096950000 341
1511096950000 341
1511096950000 341
1511096950000 341
1511096950000 341
1511096950000 341
1511096950000 341
1511096950000 341
1511096950000 341
1511096950000 341
1511096950000 341
1511096950000 341
1511096950000 342
1511096950000 342
1511096950000 342
1511096950000 342
1511096950000 342
1511096950000 343
1511096950000 343
1511096950000 343
1511096950000 343
1511096950000 344
1511096960000 316
1511096960000 316
1511096960000 316
1511096960000 316
1511096960000 316
1511096960000 316
1511096960000 316
1511096960000 316
1511096960000 316
1511096960000 316
1511096960000 316
1511096960000 316
1511096960000 316
1511096960000 316
1511096960000 316
1511096960000 317
1511096960000 317
1511096960000 317
1511096960000 317
1511096960000 317
1511096960000 317
1511096960000 317
1511096960000 317
1511096960000 317
1511096960000 317
1511096960000 317
1511096960000 317
1511096960000 317
1511096960000 317
1511096960000 317
1511096960000 317
1511096960000 317
1511096960000 317
1511096960000 317
1511096960000 317
1511096960000 317
1511096960000 317
1511096960000 317
1511096960000 317
1511096960000 317
1511096960000 317
1511096960000 317
1511096960000 317
1511096960000 317
1511096960000 317
1511096960000 317
1511096960000 317
1511096960000 317
1511096960000 317
1511096960000 318
1511096960000 318
1511096960000 318
1511096960000 318
1511096960000 318
1511096960000 318
1511096960000 319
1511096960000 319
1511096960000 319
1511096960000 319
1511096960000 319
1511096960000 319
1511096960000 319
1511096960000 319
1511096960000 319
1511096960000 319
1511096960000 319
1511096960000 319
1511096960000 319
1511096960000 319
1511096960000 319
1511096960000 319
1511096960000 319
1511096960000 319
1511096960000 319
1511096960000 320
1511096960000 320
1511096960000 320
1511096960000 320
1511096960000 320
1511096960000 320
1511096960000 320
1511096960000 320
1511096960000 320
1511096960000 321
1511096960000 321
1511096960000 321
1511096960000 321
1511096960000 321
1511096960000 321
1511096960000 321
1511096960000 321
1511096960000 322
1511096960000 322
1511096960000 323
1511096960000 328
1511096960000 329
1511096960000 329
1511096960000 329
1511096960000 336
1511096960000 336
1511096970000 -2722
1511096970000 -2725
1511096970000 -2726
1511096970000 -2740
1511096970000 -2958
1511096970000 -2980
1511096970000 -2981
1511096970000 -2982
1511096970000 -2982
1511096970000 -2984
1511096970000 -2984
1511096970000 -2984
1511096970000 -2985
1511096970000 -2985
1511096970000 -2985
1511096970000 -2985
1511096970000 -2986
1511096970000 -2987
1511096970000 -2988
1511096970000 -2988
1511096970000 -2988
1511096970000 -2988
1511096970000 -2988
1511096970000 -2988
1511096970000 -3687
1511096970000 -3701
1511096970000 -3703
1511096970000 -3703
1511096970000 -3704
1511096970000 -3714
1511096970000 -3717
1511096970000 -3723
1511096970000 -3724
1511096970000 -3724
1511096970000 -3724
1511096970000 -3724
1511096970000 -3725
1511096970000 -3725
1511096970000 -3726
1511096970000 -3726
1511096970000 -3727
1511096970000 -3728
1511096970000 -3729
1511096970000 -3729
1511096970000 -3729
1511096970000 -3730
1511096970000 -3730
1511096970000 -3731
1511096970000 -3735
1511096970000 -3739
1511096970000 -3739
1511096970000 -3981
1511096970000 -3982
1511096970000 -3983
1511096970000 -3983
1511096970000 -3984
1511096970000 -3984
1511096970000 -3984
1511096970000 -3984
1511096970000 -3985
1511096970000 -3985
1511096970000 -3985
1511096970000 -3985
1511096970000 -3985
1511096970000 -3985
1511096970000 -3985
1511096970000 -3985
1511096970000 -3988
1511096970000 -3988
1511096970000 -3988
1511096970000 -3988
1511096970000 -3988
1511096970000 -3988
1511096970000 -3988
1511096970000 -3988
1511096970000 -3988
1511096970000 -3988
1511096970000 -3988
1511096970000 -3988
1511096970000 -3988
1511096970000 -3988
1511096970000 -3988
1511096970000 -3989
1511096970000 -4687
1511096970000 -4702
1511096970000 -4724
1511096970000 -4726
1511096970000 -4726
1511096970000 -4731
1511096970000 -4732
1511096970000 -4738
1511096970000 -4739
1511096970000 -4985
1511096970000 -4985
1511096970000 -4988
1511096970000 -4988
1511096970000 -4988
1511096970000 -4988
1511096970000 -4988
1511096970000 -4988
