1511020990000 289
1511020990000 290
1511020990000 290
1511020990000 290
1511020990000 290
1511020990000 290
1511020990000 290
1511020990000 290
1511020990000 290
1511020990000 290
1511020990000 290
1511020990000 290
1511020990000 290
1511020990000 290
1511020990000 290
1511020990000 290
1511020990000 290
1511020990000 290
1511020990000 291
1511020990000 291
1511020990000 291
1511020990000 291
1511020990000 291
1511020990000 291
1511020990000 291
1511020990000 291
1511020990000 291
1511020990000 291
1511020990000 291
1511020990000 291
1511020990000 291
1511020990000 291
1511020990000 291
1511020990000 291
1511020990000 291
1511020990000 291
1511020990000 291
1511020990000 291
1511020990000 291
1511020990000 291
1511020990000 291
1511020990000 291
1511020990000 291
1511020990000 291
1511020990000 291
1511020990000 291
1511020990000 291
1511020990000 291
1511020990000 291
1511020990000 291
1511020990000 291
1511020990000 291
1511020990000 291
1511020990000 291
1511020990000 291
1511020990000 291
1511020990000 291
1511020990000 292
1511020990000 292
1511020990000 292
1511020990000 292
1511020990000 292
1511020990000 292
1511020990000 292
1511020990000 292
1511020990000 292
1511020990000 292
1511020990000 292
1511020990000 292
1511020990000 292
1511020990000 293
1511020990000 293
1511020990000 293
1511020990000 293
1511020990000 293
1511020990000 293
1511020990000 293
1511020990000 293
1511020990000 293
1511020990000 293
1511020990000 293
1511020990000 293
1511020990000 293
1511020990000 293
1511020990000 293
1511020990000 293
1511020990000 293
1511020990000 293
1511020990000 293
1511020990000 293
1511020990000 293
1511020990000 294
1511020990000 294
1511020990000 294
1511020990000 294
1511020990000 295
1511020990000 315
1511020990000 320
1511020990000 321
1511020990000 321
1511021000000 307
1511021000000 307
1511021000000 307
1511021000000 307
1511021000000 307
1511021000000 307
1511021000000 307
1511021000000 307
1511021000000 307
1511021000000 307
1511021000000 307
1511021000000 307
1511021000000 308
1511021000000 308
1511021000000 308
1511021000000 308
1511021000000 308
1511021000000 308
1511021000000 308
1511021000000 308
1511021000000 308
1511021000000 308
1511021000000 308
1511021000000 308
1511021000000 308
1511021000000 308
1511021000000 308
1511021000000 308
1511021000000 308
1511021000000 308
1511021000000 308
1511021000000 308
1511021000000 308
1511021000000 308
1511021000000 308
1511021000000 308
1511021000000 308
1511021000000 308
1511021000000 308
1511021000000 309
1511021000000 309
1511021000000 309
1511021000000 309
1511021000000 309
1511021000000 309
1511021000000 309
1511021000000 309
1511021000000 309
1511021000000 309
1511021000000 309
1511021000000 309
1511021000000 309
1511021000000 309
1511021000000 309
1511021000000 309
1511021000000 309
1511021000000 310
1511021000000 310
1511021000000 310
1511021000000 310
1511021000000 310
1511021000000 310
1511021000000 310
1511021000000 310
1511021000000 310
1511021000000 310
1511021000000 310
1511021000000 310
1511021000000 310
1511021000000 310
1511021000000 310
1511021000000 310
1511021000000 310
1511021000000 310
1511021000000 310
1511021000000 310
1511021000000 310
1511021000000 310
1511021000000 311
1511021000000 311
1511021000000 311
1511021000000 311
1511021000000 311
1511021000000 311
1511021000000 311
1511021000000 311
1511021000000 311
1511021000000 311
1511021000000 311
1511021000000 311
1511021000000 311
1511021000000 311
1511021000000 311
1511021000000 311
1511021000000 311
1511021000000 312
1511021000000 312
1511021000000 312
1511021000000 312
1511021000000 313
1511021010000 271
1511021010000 271
1511021010000 271
1511021010000 272
1511021010000 272
1511021010000 272
1511021010000 272
1511021010000 272
1511021010000 272
1511021010000 272
1511021010000 272
1511021010000 272
1511021010000 272
1511021010000 272
1511021010000 272
1511021010000 272
1511021010000 272
1511021010000 272
1511021010000 272
1511021010000 272
1511021010000 272
1511021010000 272
1511021010000 273
1511021010000 273
1511021010000 273
1511021010000 273
1511021010000 273
1511021010000 273
1511021010000 273
1511021010000 273
1511021010000 273
1511021010000 273
1511021010000 273
1511021010000 273
1511021010000 273
1511021010000 273
1511021010000 273
1511021010000 273
1511021010000 273
1511021010000 273
1511021010000 273
1511021010000 273
1511021010000 273
1511021010000 273
1511021010000 273
1511021010000 273
1511021010000 273
1511021010000 273
1511021010000 273
1511021010000 273
1511021010000 273
1511021010000 273
1511021010000 273
1511021010000 273
1511021010000 274
1511021010000 274
1511021010000 274
1511021010000 275
1511021010000 275
1511021010000 275
1511021010000 275
1511021010000 275
1511021010000 275
1511021010000 275
1511021010000 275
1511021010000 275
1511021010000 275
1511021010000 276
1511021010000 276
1511021010000 276
1511021010000 276
1511021010000 276
1511021010000 276
1511021010000 276
1511021010000 276
1511021010000 276
1511021010000 276
1511021010000 276
1511021010000 276
1511021010000 276
1511021010000 276
1511021010000 276
1511021010000 276
1511021010000 276
1511021010000 276
1511021010000 276
1511021010000 277
1511021010000 277
1511021010000 277
1511021010000 277
1511021010000 277
1511021010000 277
1511021010000 278
1511021010000 278
1511021010000 278
1511021010000 278
1511021010000 278
1511021010000 279
1511021010000 280
1511021010000 280
1511021020000 258
1511021020000 258
1511021020000 258
1511021020000 258
1511021020000 258
1511021020000 258
1511021020000 258
1511021020000 258
1511021020000 258
1511021020000 258
1511021020000 258
1511021020000 258
1511021020000 259
1511021020000 259
1511021020000 259
1511021020000 259
1511021020000 259
1511021020000 259
1511021020000 259
1511021020000 259
1511021020000 259
1511021020000 259
1511021020000 259
1511021020000 259
1511021020000 259
1511021020000 259
1511021020000 259
1511021020000 259
1511021020000 259
1511021020000 259
1511021020000 259
1511021020000 259
1511021020000 259
1511021020000 259
1511021020000 259
1511021020000 259
1511021020000 260
1511021020000 260
1511021020000 260
1511021020000 260
1511021020000 260
1511021020000 260
1511021020000 260
1511021020000 260
1511021020000 260
1511021020000 260
1511021020000 260
1511021020000 260
1511021020000 260
1511021020000 260
1511021020000 260
1511021020000 260
1511021020000 260
1511021020000 260
1511021020000 260
1511021020000 260
1511021020000 260
1511021020000 261
1511021020000 261
1511021020000 261
1511021020000 261
1511021020000 261
1511021020000 262
1511021020000 262
1511021020000 262
1511021020000 262
1511021020000 262
1511021020000 262
1511021020000 262
1511021020000 262
1511021020000 262
1511021020000 262
1511021020000 262
1511021020000 262
1511021020000 262
1511021020000 262
1511021020000 262
1511021020000 262
1511021020000 262
1511021020000 262
1511021020000 262
1511021020000 262
1511021020000 262
1511021020000 262
1511021020000 263
1511021020000 263
1511021020000 263
1511021020000 263
1511021020000 263
1511021020000 263
1511021020000 263
1511021020000 263
1511021020000 263
1511021020000 263
1511021020000 263
1511021020000 263
1511021020000 264
1511021020000 264
1511021020000 264
1511021020000 264
1511021030000 277
1511021030000 277
1511021030000 277
1511021030000 277
1511021030000 277
1511021030000 277
1511021030000 277
1511021030000 277
1511021030000 277
1511021030000 277
1511021030000 277
1511021030000 277
1511021030000 278
1511021030000 278
1511021030000 278
1511021030000 278
1511021030000 278
1511021030000 278
1511021030000 278
1511021030000 278
1511021030000 278
1511021030000 278
1511021030000 278
1511021030000 278
1511021030000 278
1511021030000 278
1511021030000 278
1511021030000 278
1511021030000 279
1511021030000 279
1511021030000 279
1511021030000 279
1511021030000 279
1511021030000 279
1511021030000 280
1511021030000 280
1511021030000 280
1511021030000 280
1511021030000 280
1511021030000 280
1511021030000 280
1511021030000 280
1511021030000 280
1511021030000 280
1511021030000 280
1511021030000 280
1511021030000 280
1511021030000 280
1511021030000 280
1511021030000 280
1511021030000 280
1511021030000 280
1511021030000 280
1511021030000 280
1511021030000 281
1511021030000 281
1511021030000 281
1511021030000 281
1511021030000 281
1511021030000 281
1511021030000 282
1511021030000 282
1511021030000 282
1511021030000 282
1511021030000 282
1511021030000 282
1511021030000 282
1511021030000 282
1511021030000 283
1511021030000 283
1511021030000 283
1511021030000 283
1511021030000 283
1511021030000 283
1511021030000 283
1511021030000 283
1511021030000 283
1511021030000 283
1511021030000 283
1511021030000 283
1511021030000 283
1511021030000 283
1511021030000 283
1511021030000 284
1511021030000 284
1511021030000 284
1511021030000 284
1511021030000 284
1511021030000 284
1511021030000 284
1511021030000 285
1511021030000 285
1511021030000 285
1511021030000 295
1511021030000 296
1511021030000 296
1511021030000 296
1511021030000 296
1511021030000 307
1511021030000 308
1511021040000 300
1511021040000 300
1511021040000 301
1511021040000 301
1511021040000 301
1511021040000 301
1511021040000 301
1511021040000 301
1511021040000 302
1511021040000 302
1511021040000 302
1511021040000 302
1511021040000 302
1511021040000 302
1511021040000 302
1511021040000 302
1511021040000 302
1511021040000 302
1511021040000 302
1511021040000 302
1511021040000 302
1511021040000 302
1511021040000 302
1511021040000 302
1511021040000 302
1511021040000 302
1511021040000 302
1511021040000 302
1511021040000 302
1511021040000 302
1511021040000 303
1511021040000 303
1511021040000 303
1511021040000 303
1511021040000 303
1511021040000 303
1511021040000 303
1511021040000 303
1511021040000 303
1511021040000 303
1511021040000 303
1511021040000 303
1511021040000 303
1511021040000 303
1511021040000 303
1511021040000 304
1511021040000 304
1511021040000 304
1511021040000 304
1511021040000 304
1511021040000 304
1511021040000 304
1511021040000 304
1511021040000 305
1511021040000 305
1511021040000 305
1511021040000 305
1511021040000 305
1511021040000 305
1511021040000 305
1511021040000 305
1511021040000 305
1511021040000 305
1511021040000 305
1511021040000 305
1511021040000 305
1511021040000 305
1511021040000 305
1511021040000 305
1511021040000 305
1511021040000 305
1511021040000 305
1511021040000 305
1511021040000 305
1511021040000 305
1511021040000 305
1511021040000 306
1511021040000 306
1511021040000 306
1511021040000 306
1511021040000 306
1511021040000 306
1511021040000 306
1511021040000 306
1511021040000 307
1511021040000 307
1511021040000 307
1511021040000 316
1511021040000 318
1511021040000 319
1511021040000 319
1511021040000 319
1511021040000 319
1511021040000 320
1511021040000 321
1511021040000 321
1511021040000 322
1511021040000 323
1511021040000 323
1511021040000 324
1511021050000 309
1511021050000 310
1511021050000 310
1511021050000 310
1511021050000 310
1511021050000 310
1511021050000 310
1511021050000 310
1511021050000 310
1511021050000 310
1511021050000 310
1511021050000 310
1511021050000 310
1511021050000 310
1511021050000 310
1511021050000 310
1511021050000 310
1511021050000 310
1511021050000 310
1511021050000 310
1511021050000 310
1511021050000 310
1511021050000 310
1511021050000 310
1511021050000 310
1511021050000 310
1511021050000 310
1511021050000 311
1511021050000 311
1511021050000 311
1511021050000 311
1511021050000 311
1511021050000 311
1511021050000 311
1511021050000 311
1511021050000 311
1511021050000 311
1511021050000 311
1511021050000 311
1511021050000 311
1511021050000 311
1511021050000 311
1511021050000 311
1511021050000 311
1511021050000 311
1511021050000 311
1511021050000 311
1511021050000 311
1511021050000 311
1511021050000 311
1511021050000 311
1511021050000 311
1511021050000 311
1511021050000 311
1511021050000 311
1511021050000 311
1511021050000 311
1511021050000 311
1511021050000 311
1511021050000 311
1511021050000 311
1511021050000 312
1511021050000 312
1511021050000 312
1511021050000 312
1511021050000 312
1511021050000 312
1511021050000 312
1511021050000 312
1511021050000 312
1511021050000 312
1511021050000 312
1511021050000 312
1511021050000 312
1511021050000 312
1511021050000 312
1511021050000 312
1511021050000 312
1511021050000 312
1511021050000 312
1511021050000 312
1511021050000 313
1511021050000 313
1511021050000 313
1511021050000 313
1511021050000 313
1511021050000 313
1511021050000 313
1511021050000 313
1511021050000 313
1511021050000 320
1511021050000 320
1511021050000 327
1511021050000 327
1511021050000 327
1511021050000 329
1511021050000 329
1511021050000 330
1511021050000 344
1511021050000 345
1511021060000 326
1511021060000 327
1511021060000 327
1511021060000 327
1511021060000 327
1511021060000 327
1511021060000 327
1511021060000 327
1511021060000 327
1511021060000 328
1511021060000 328
1511021060000 328
1511021060000 328
1511021060000 328
1511021060000 328
1511021060000 328
1511021060000 328
1511021060000 328
1511021060000 328
1511021060000 328
1511021060000 328
1511021060000 328
1511021060000 328
1511021060000 328
1511021060000 328
1511021060000 328
1511021060000 328
1511021060000 328
1511021060000 328
1511021060000 328
1511021060000 328
1511021060000 328
1511021060000 328
1511021060000 328
1511021060000 328
1511021060000 328
1511021060000 328
1511021060000 328
1511021060000 329
1511021060000 329
1511021060000 329
1511021060000 329
1511021060000 329
1511021060000 329
1511021060000 329
1511021060000 329
1511021060000 329
1511021060000 329
1511021060000 329
1511021060000 329
1511021060000 329
1511021060000 329
1511021060000 329
1511021060000 329
1511021060000 329
1511021060000 330
1511021060000 330
1511021060000 330
1511021060000 330
1511021060000 330
1511021060000 330
1511021060000 330
1511021060000 330
1511021060000 330
1511021060000 330
1511021060000 330
1511021060000 330
1511021060000 330
1511021060000 330
1511021060000 330
1511021060000 330
1511021060000 330
1511021060000 330
1511021060000 330
1511021060000 330
1511021060000 330
1511021060000 330
1511021060000 330
1511021060000 331
1511021060000 331
1511021060000 331
1511021060000 331
1511021060000 331
1511021060000 331
1511021060000 331
1511021060000 331
1511021060000 331
1511021060000 332
1511021060000 332
1511021060000 338
1511021060000 338
1511021060000 339
1511021060000 342
1511021060000 342
1511021060000 350
1511021060000 350
1511021060000 350
1511021060000 350
1511021060000 351
1511021060000 351
1511021070000 289
1511021070000 289
1511021070000 289
1511021070000 289
1511021070000 289
1511021070000 289
1511021070000 289
1511021070000 290
1511021070000 290
1511021070000 290
1511021070000 290
1511021070000 290
1511021070000 290
1511021070000 290
1511021070000 290
1511021070000 290
1511021070000 290
1511021070000 290
1511021070000 290
1511021070000 290
1511021070000 290
1511021070000 290
1511021070000 290
1511021070000 291
1511021070000 291
1511021070000 291
1511021070000 291
1511021070000 291
1511021070000 291
1511021070000 291
1511021070000 291
1511021070000 291
1511021070000 291
1511021070000 291
1511021070000 291
1511021070000 291
1511021070000 291
1511021070000 291
1511021070000 291
1511021070000 291
1511021070000 292
1511021070000 292
1511021070000 292
1511021070000 292
1511021070000 292
1511021070000 292
1511021070000 292
1511021070000 292
1511021070000 292
1511021070000 292
1511021070000 292
1511021070000 293
1511021070000 293
1511021070000 293
1511021070000 293
1511021070000 293
1511021070000 293
1511021070000 293
1511021070000 293
1511021070000 293
1511021070000 294
1511021070000 294
1511021070000 294
1511021070000 294
1511021070000 294
1511021070000 294
1511021070000 295
1511021070000 295
1511021070000 295
1511021070000 295
1511021070000 295
1511021070000 295
1511021070000 295
1511021070000 295
1511021070000 295
1511021070000 295
1511021070000 295
1511021070000 295
1511021070000 295
1511021070000 295
1511021070000 295
1511021070000 295
1511021070000 295
1511021070000 295
1511021070000 296
1511021070000 296
1511021070000 296
1511021070000 296
1511021070000 296
1511021070000 296
1511021070000 297
1511021070000 297
1511021070000 297
1511021070000 297
1511021070000 297
1511021070000 297
1511021070000 298
1511021070000 303
1511021070000 303
1511021070000 304
1511021080000 298
1511021080000 298
1511021080000 298
1511021080000 299
1511021080000 299
1511021080000 299
1511021080000 300
1511021080000 300
1511021080000 300
1511021080000 300
1511021080000 300
1511021080000 300
1511021080000 300
1511021080000 300
1511021080000 300
1511021080000 301
1511021080000 301
1511021080000 301
1511021080000 301
1511021080000 301
1511021080000 301
1511021080000 301
1511021080000 301
1511021080000 301
1511021080000 301
1511021080000 301
1511021080000 301
1511021080000 301
1511021080000 301
1511021080000 301
1511021080000 301
1511021080000 301
1511021080000 301
1511021080000 301
1511021080000 301
1511021080000 301
1511021080000 301
1511021080000 301
1511021080000 302
1511021080000 302
1511021080000 302
1511021080000 302
1511021080000 302
1511021080000 302
1511021080000 302
1511021080000 302
1511021080000 302
1511021080000 302
1511021080000 302
1511021080000 302
1511021080000 302
1511021080000 302
1511021080000 302
1511021080000 302
1511021080000 302
1511021080000 302
1511021080000 303
1511021080000 303
1511021080000 303
1511021080000 303
1511021080000 303
1511021080000 303
1511021080000 303
1511021080000 303
1511021080000 303
1511021080000 303
1511021080000 303
1511021080000 303
1511021080000 303
1511021080000 303
1511021080000 304
1511021080000 304
1511021080000 304
1511021080000 304
1511021080000 304
1511021080000 304
1511021080000 304
1511021080000 304
1511021080000 304
1511021080000 304
1511021080000 304
1511021080000 304
1511021080000 304
1511021080000 304
1511021080000 305
1511021080000 305
1511021080000 305
1511021080000 305
1511021080000 305
1511021080000 305
1511021080000 305
1511021080000 305
1511021080000 305
1511021080000 306
1511021080000 314
1511021080000 315
1511021080000 316
1511021080000 316
1511021080000 316
1511021080000 317
1511021090000 286
1511021090000 286
1511021090000 286
1511021090000 286
1511021090000 286
1511021090000 286
1511021090000 287
1511021090000 287
1511021090000 287
1511021090000 287
1511021090000 287
1511021090000 287
1511021090000 287
1511021090000 287
1511021090000 287
1511021090000 287
1511021090000 287
1511021090000 287
1511021090000 287
1511021090000 287
1511021090000 287
1511021090000 288
1511021090000 288
1511021090000 288
1511021090000 288
1511021090000 288
1511021090000 288
1511021090000 288
1511021090000 288
1511021090000 288
1511021090000 288
1511021090000 288
1511021090000 288
1511021090000 288
1511021090000 288
1511021090000 288
1511021090000 288
1511021090000 288
1511021090000 288
1511021090000 288
1511021090000 288
1511021090000 288
1511021090000 288
1511021090000 288
1511021090000 288
1511021090000 288
1511021090000 288
1511021090000 288
1511021090000 288
1511021090000 288
1511021090000 288
1511021090000 288
1511021090000 289
1511021090000 289
1511021090000 289
1511021090000 289
1511021090000 289
1511021090000 289
1511021090000 289
1511021090000 289
1511021090000 289
1511021090000 290
1511021090000 290
1511021090000 290
1511021090000 290
1511021090000 290
1511021090000 290
1511021090000 290
1511021090000 290
1511021090000 290
1511021090000 290
1511021090000 290
1511021090000 290
1511021090000 290
1511021090000 290
1511021090000 290
1511021090000 290
1511021090000 290
1511021090000 290
1511021090000 290
1511021090000 290
1511021090000 290
1511021090000 290
1511021090000 290
1511021090000 291
1511021090000 291
1511021090000 291
1511021090000 291
1511021090000 291
1511021090000 291
1511021090000 291
1511021090000 291
1511021090000 292
1511021090000 315
1511021090000 316
1511021090000 316
1511021090000 316
1511021090000 316
1511021090000 317
1511021090000 318
1511021100000 284
1511021100000 284
1511021100000 284
1511021100000 285
1511021100000 285
1511021100000 285
1511021100000 285
1511021100000 285
1511021100000 285
1511021100000 285
1511021100000 285
1511021100000 285
1511021100000 285
1511021100000 285
1511021100000 285
1511021100000 285
1511021100000 285
1511021100000 285
1511021100000 285
1511021100000 285
1511021100000 285
1511021100000 286
1511021100000 286
1511021100000 286
1511021100000 286
1511021100000 286
1511021100000 286
1511021100000 286
1511021100000 286
1511021100000 286
1511021100000 286
1511021100000 286
1511021100000 286
1511021100000 286
1511021100000 286
1511021100000 286
1511021100000 286
1511021100000 286
1511021100000 286
1511021100000 286
1511021100000 286
1511021100000 286
1511021100000 286
1511021100000 286
1511021100000 286
1511021100000 286
1511021100000 287
1511021100000 287
1511021100000 287
1511021100000 287
1511021100000 287
1511021100000 287
1511021100000 287
1511021100000 287
1511021100000 287
1511021100000 287
1511021100000 288
1511021100000 288
1511021100000 288
1511021100000 288
1511021100000 288
1511021100000 288
1511021100000 288
1511021100000 288
1511021100000 288
1511021100000 288
1511021100000 288
1511021100000 288
1511021100000 288
1511021100000 288
1511021100000 288
1511021100000 288
1511021100000 288
1511021100000 288
1511021100000 288
1511021100000 288
1511021100000 288
1511021100000 288
1511021100000 289
1511021100000 289
1511021100000 289
1511021100000 289
1511021100000 289
1511021100000 289
1511021100000 289
1511021100000 289
1511021100000 289
1511021100000 290
1511021100000 290
1511021100000 290
1511021100000 290
1511021100000 290
1511021100000 311
1511021100000 311
1511021100000 312
1511021100000 312
1511021100000 312
1511021100000 312
1511021100000 318
1511021100000 318
1511021110000 336
1511021110000 336
1511021110000 336
1511021110000 336
1511021110000 336
1511021110000 336
1511021110000 336
1511021110000 336
1511021110000 336
1511021110000 336
1511021110000 336
1511021110000 336
1511021110000 336
1511021110000 336
1511021110000 336
1511021110000 337
1511021110000 337
1511021110000 337
1511021110000 337
1511021110000 337
1511021110000 337
1511021110000 337
1511021110000 337
1511021110000 337
1511021110000 337
1511021110000 337
1511021110000 337
1511021110000 337
1511021110000 337
1511021110000 337
1511021110000 337
1511021110000 337
1511021110000 337
1511021110000 337
1511021110000 337
1511021110000 337
1511021110000 337
1511021110000 337
1511021110000 337
1511021110000 337
1511021110000 337
1511021110000 337
1511021110000 337
1511021110000 337
1511021110000 337
1511021110000 337
1511021110000 337
1511021110000 337
1511021110000 337
1511021110000 337
1511021110000 338
1511021110000 338
1511021110000 338
1511021110000 338
1511021110000 338
1511021110000 338
1511021110000 338
1511021110000 338
1511021110000 338
1511021110000 338
1511021110000 338
1511021110000 338
1511021110000 338
1511021110000 338
1511021110000 338
1511021110000 338
1511021110000 338
1511021110000 338
1511021110000 338
1511021110000 338
1511021110000 338
1511021110000 338
1511021110000 338
1511021110000 339
1511021110000 339
1511021110000 339
1511021110000 339
1511021110000 339
1511021110000 339
1511021110000 339
1511021110000 339
1511021110000 339
1511021110000 339
1511021110000 339
1511021110000 339
1511021110000 339
1511021110000 339
1511021110000 339
1511021110000 339
1511021110000 339
1511021110000 340
1511021110000 340
1511021110000 340
1511021110000 340
1511021110000 340
1511021110000 340
1511021110000 340
1511021110000 342
1511021110000 342
1511021110000 343
1511021120000 291
1511021120000 291
1511021120000 291
1511021120000 291
1511021120000 291
1511021120000 291
1511021120000 292
1511021120000 292
1511021120000 292
1511021120000 292
1511021120000 292
1511021120000 292
1511021120000 292
1511021120000 292
1511021120000 292
1511021120000 292
1511021120000 292
1511021120000 292
1511021120000 292
1511021120000 292
1511021120000 292
1511021120000 292
1511021120000 293
1511021120000 293
1511021120000 293
1511021120000 293
1511021120000 293
1511021120000 293
1511021120000 293
1511021120000 293
1511021120000 293
1511021120000 293
1511021120000 293
1511021120000 293
1511021120000 293
1511021120000 293
1511021120000 293
1511021120000 293
1511021120000 293
1511021120000 293
1511021120000 293
1511021120000 293
1511021120000 293
1511021120000 293
1511021120000 293
1511021120000 294
1511021120000 294
1511021120000 294
1511021120000 294
1511021120000 294
1511021120000 294
1511021120000 294
1511021120000 294
1511021120000 294
1511021120000 294
1511021120000 294
1511021120000 294
1511021120000 294
1511021120000 295
1511021120000 295
1511021120000 295
1511021120000 295
1511021120000 295
1511021120000 295
1511021120000 295
1511021120000 295
1511021120000 295
1511021120000 295
1511021120000 295
1511021120000 295
1511021120000 295
1511021120000 295
1511021120000 295
1511021120000 295
1511021120000 295
1511021120000 295
1511021120000 296
1511021120000 296
1511021120000 296
1511021120000 296
1511021120000 296
1511021120000 296
1511021120000 296
1511021120000 296
1511021120000 296
1511021120000 296
1511021120000 296
1511021120000 296
1511021120000 296
1511021120000 296
1511021120000 296
1511021120000 296
1511021120000 296
1511021120000 297
1511021120000 297
1511021120000 297
1511021120000 297
1511021120000 297
1511021120000 298
1511021120000 298
1511021130000 292
1511021130000 292
1511021130000 292
1511021130000 292
1511021130000 292
1511021130000 292
1511021130000 292
1511021130000 292
1511021130000 292
1511021130000 292
1511021130000 292
1511021130000 293
1511021130000 293
1511021130000 293
1511021130000 293
1511021130000 293
1511021130000 293
1511021130000 293
1511021130000 293
1511021130000 293
1511021130000 293
1511021130000 293
1511021130000 293
1511021130000 293
1511021130000 293
1511021130000 293
1511021130000 293
1511021130000 293
1511021130000 293
1511021130000 293
1511021130000 293
1511021130000 293
1511021130000 293
1511021130000 293
1511021130000 294
1511021130000 294
1511021130000 294
1511021130000 294
1511021130000 294
1511021130000 294
1511021130000 294
1511021130000 294
1511021130000 294
1511021130000 294
1511021130000 294
1511021130000 294
1511021130000 294
1511021130000 294
1511021130000 294
1511021130000 294
1511021130000 294
1511021130000 294
1511021130000 294
1511021130000 294
1511021130000 294
1511021130000 295
1511021130000 295
1511021130000 296
1511021130000 296
1511021130000 296
1511021130000 296
1511021130000 296
1511021130000 296
1511021130000 296
1511021130000 296
1511021130000 296
1511021130000 296
1511021130000 296
1511021130000 297
1511021130000 297
1511021130000 297
1511021130000 297
1511021130000 297
1511021130000 297
1511021130000 297
1511021130000 297
1511021130000 297
1511021130000 297
1511021130000 297
1511021130000 297
1511021130000 297
1511021130000 298
1511021130000 298
1511021130000 298
1511021130000 298
1511021130000 298
1511021130000 298
1511021130000 298
1511021130000 299
1511021130000 299
1511021130000 299
1511021130000 299
1511021130000 299
1511021130000 299
1511021130000 299
1511021130000 299
1511021130000 299
1511021130000 300
1511021130000 324
1511021130000 324
1511021140000 298
1511021140000 298
1511021140000 299
1511021140000 299
1511021140000 299
1511021140000 299
1511021140000 299
1511021140000 299
1511021140000 299
1511021140000 299
1511021140000 299
1511021140000 299
1511021140000 299
1511021140000 299
1511021140000 299
1511021140000 299
1511021140000 299
1511021140000 299
1511021140000 299
1511021140000 299
1511021140000 299
1511021140000 299
1511021140000 299
1511021140000 299
1511021140000 299
1511021140000 300
1511021140000 300
1511021140000 300
1511021140000 300
1511021140000 300
1511021140000 300
1511021140000 300
1511021140000 300
1511021140000 300
1511021140000 300
1511021140000 300
1511021140000 300
1511021140000 300
1511021140000 300
1511021140000 300
1511021140000 300
1511021140000 300
1511021140000 300
1511021140000 300
1511021140000 300
1511021140000 300
1511021140000 300
1511021140000 300
1511021140000 300
1511021140000 300
1511021140000 300
1511021140000 300
1511021140000 301
1511021140000 301
1511021140000 301
1511021140000 301
1511021140000 301
1511021140000 302
1511021140000 302
1511021140000 302
1511021140000 302
1511021140000 302
1511021140000 302
1511021140000 302
1511021140000 302
1511021140000 302
1511021140000 302
1511021140000 302
1511021140000 302
1511021140000 302
1511021140000 302
1511021140000 302
1511021140000 302
1511021140000 302
1511021140000 302
1511021140000 302
1511021140000 302
1511021140000 302
1511021140000 302
1511021140000 302
1511021140000 302
1511021140000 302
1511021140000 302
1511021140000 302
1511021140000 303
1511021140000 303
1511021140000 303
1511021140000 303
1511021140000 303
1511021140000 303
1511021140000 303
1511021140000 303
1511021140000 303
1511021140000 303
1511021140000 304
1511021140000 309
1511021140000 309
1511021140000 309
1511021140000 309
1511021140000 309
1511021150000 272
1511021150000 272
1511021150000 272
1511021150000 272
1511021150000 273
1511021150000 273
1511021150000 273
1511021150000 273
1511021150000 273
1511021150000 273
1511021150000 273
1511021150000 273
1511021150000 273
1511021150000 273
1511021150000 273
1511021150000 273
1511021150000 273
1511021150000 273
1511021150000 273
1511021150000 273
1511021150000 274
1511021150000 274
1511021150000 274
1511021150000 274
1511021150000 274
1511021150000 274
1511021150000 274
1511021150000 274
1511021150000 274
1511021150000 274
1511021150000 274
1511021150000 274
1511021150000 274
1511021150000 274
1511021150000 274
1511021150000 274
1511021150000 274
1511021150000 274
1511021150000 274
1511021150000 274
1511021150000 274
1511021150000 274
1511021150000 274
1511021150000 274
1511021150000 274
1511021150000 274
1511021150000 274
1511021150000 274
1511021150000 274
1511021150000 274
1511021150000 274
1511021150000 274
1511021150000 274
1511021150000 275
1511021150000 275
1511021150000 275
1511021150000 275
1511021150000 275
1511021150000 275
1511021150000 275
1511021150000 275
1511021150000 275
1511021150000 275
1511021150000 276
1511021150000 276
1511021150000 276
1511021150000 276
1511021150000 276
1511021150000 276
1511021150000 276
1511021150000 276
1511021150000 276
1511021150000 276
1511021150000 276
1511021150000 276
1511021150000 276
1511021150000 276
1511021150000 276
1511021150000 276
1511021150000 276
1511021150000 276
1511021150000 276
1511021150000 276
1511021150000 277
1511021150000 277
1511021150000 277
1511021150000 277
1511021150000 277
1511021150000 277
1511021150000 277
1511021150000 277
1511021150000 277
1511021150000 277
1511021150000 278
1511021150000 283
1511021150000 283
1511021150000 284
1511021150000 284
1511021150000 285
1511021150000 287
1511021160000 298
1511021160000 298
1511021160000 298
1511021160000 298
1511021160000 299
1511021160000 299
1511021160000 299
1511021160000 299
1511021160000 299
1511021160000 299
1511021160000 299
1511021160000 299
1511021160000 299
1511021160000 299
1511021160000 299
1511021160000 299
1511021160000 299
1511021160000 299
1511021160000 300
1511021160000 300
1511021160000 300
1511021160000 300
1511021160000 300
1511021160000 300
1511021160000 300
1511021160000 300
1511021160000 300
1511021160000 300
1511021160000 300
1511021160000 300
1511021160000 300
1511021160000 300
1511021160000 300
1511021160000 300
1511021160000 300
1511021160000 300
1511021160000 300
1511021160000 300
1511021160000 300
1511021160000 300
1511021160000 300
1511021160000 300
1511021160000 300
1511021160000 300
1511021160000 300
1511021160000 301
1511021160000 301
1511021160000 301
1511021160000 301
1511021160000 301
1511021160000 301
1511021160000 301
1511021160000 301
1511021160000 301
1511021160000 301
1511021160000 301
1511021160000 301
1511021160000 302
1511021160000 302
1511021160000 302
1511021160000 302
1511021160000 302
1511021160000 302
1511021160000 302
1511021160000 302
1511021160000 302
1511021160000 302
1511021160000 302
1511021160000 302
1511021160000 302
1511021160000 302
1511021160000 302
1511021160000 302
1511021160000 302
1511021160000 302
1511021160000 302
1511021160000 302
1511021160000 302
1511021160000 302
1511021160000 303
1511021160000 303
1511021160000 303
1511021160000 303
1511021160000 303
1511021160000 303
1511021160000 303
1511021160000 303
1511021160000 303
1511021160000 303
1511021160000 303
1511021160000 303
1511021160000 303
1511021160000 303
1511021160000 303
1511021160000 303
1511021160000 303
1511021160000 304
1511021160000 304
1511021160000 304
1511021160000 304
1511021170000 296
1511021170000 296
1511021170000 296
1511021170000 296
1511021170000 296
1511021170000 296
1511021170000 296
1511021170000 297
1511021170000 297
1511021170000 297
1511021170000 297
1511021170000 297
1511021170000 297
1511021170000 297
1511021170000 297
1511021170000 297
1511021170000 297
1511021170000 297
1511021170000 297
1511021170000 297
1511021170000 297
1511021170000 297
1511021170000 297
1511021170000 297
1511021170000 297
1511021170000 297
1511021170000 297
1511021170000 297
1511021170000 297
1511021170000 297
1511021170000 297
1511021170000 297
1511021170000 297
1511021170000 297
1511021170000 297
1511021170000 297
1511021170000 297
1511021170000 297
1511021170000 297
1511021170000 297
1511021170000 298
1511021170000 298
1511021170000 298
1511021170000 298
1511021170000 298
1511021170000 298
1511021170000 298
1511021170000 298
1511021170000 298
1511021170000 298
1511021170000 298
1511021170000 298
1511021170000 298
1511021170000 298
1511021170000 298
1511021170000 298
1511021170000 298
1511021170000 298
1511021170000 298
1511021170000 298
1511021170000 298
1511021170000 298
1511021170000 298
1511021170000 298
1511021170000 298
1511021170000 298
1511021170000 298
1511021170000 298
1511021170000 298
1511021170000 298
1511021170000 298
1511021170000 298
1511021170000 298
1511021170000 299
1511021170000 299
1511021170000 299
1511021170000 299
1511021170000 299
1511021170000 299
1511021170000 299
1511021170000 299
1511021170000 299
1511021170000 299
1511021170000 299
1511021170000 299
1511021170000 299
1511021170000 299
1511021170000 299
1511021170000 299
1511021170000 299
1511021170000 299
1511021170000 299
1511021170000 300
1511021170000 300
1511021170000 300
1511021170000 300
1511021170000 307
1511021170000 308
1511021170000 308
1511021170000 308
1511021180000 301
1511021180000 301
1511021180000 301
1511021180000 301
1511021180000 301
1511021180000 302
1511021180000 302
1511021180000 302
1511021180000 302
1511021180000 302
1511021180000 302
1511021180000 302
1511021180000 302
1511021180000 302
1511021180000 302
1511021180000 302
1511021180000 302
1511021180000 302
1511021180000 302
1511021180000 302
1511021180000 302
1511021180000 302
1511021180000 302
1511021180000 302
1511021180000 302
1511021180000 302
1511021180000 302
1511021180000 302
1511021180000 302
1511021180000 302
1511021180000 302
1511021180000 302
1511021180000 302
1511021180000 302
1511021180000 302
1511021180000 302
1511021180000 302
1511021180000 302
1511021180000 302
1511021180000 302
1511021180000 302
1511021180000 302
1511021180000 303
1511021180000 303
1511021180000 303
1511021180000 303
1511021180000 303
1511021180000 303
1511021180000 303
1511021180000 303
1511021180000 303
1511021180000 303
1511021180000 303
1511021180000 303
1511021180000 303
1511021180000 303
1511021180000 303
1511021180000 304
1511021180000 304
1511021180000 304
1511021180000 304
1511021180000 304
1511021180000 304
1511021180000 304
1511021180000 304
1511021180000 304
1511021180000 304
1511021180000 304
1511021180000 304
1511021180000 304
1511021180000 304
1511021180000 305
1511021180000 305
1511021180000 305
1511021180000 305
1511021180000 305
1511021180000 305
1511021180000 305
1511021180000 305
1511021180000 305
1511021180000 305
1511021180000 305
1511021180000 305
1511021180000 305
1511021180000 305
1511021180000 305
1511021180000 305
1511021180000 306
1511021180000 306
1511021180000 306
1511021180000 306
1511021180000 306
1511021180000 306
1511021180000 306
1511021180000 306
1511021180000 307
1511021180000 307
1511021180000 307
1511021180000 330
1511021180000 330
1511021190000 298
1511021190000 298
1511021190000 298
1511021190000 298
1511021190000 298
1511021190000 298
1511021190000 298
1511021190000 298
1511021190000 298
1511021190000 298
1511021190000 299
1511021190000 299
1511021190000 299
1511021190000 299
1511021190000 299
1511021190000 299
1511021190000 299
1511021190000 299
1511021190000 299
1511021190000 299
1511021190000 299
1511021190000 299
1511021190000 299
1511021190000 299
1511021190000 299
1511021190000 299
1511021190000 299
1511021190000 299
1511021190000 299
1511021190000 299
1511021190000 299
1511021190000 299
1511021190000 299
1511021190000 299
1511021190000 299
1511021190000 299
1511021190000 299
1511021190000 299
1511021190000 300
1511021190000 300
1511021190000 300
1511021190000 300
1511021190000 300
1511021190000 300
1511021190000 300
1511021190000 300
1511021190000 300
1511021190000 300
1511021190000 300
1511021190000 300
1511021190000 300
1511021190000 300
1511021190000 301
1511021190000 301
1511021190000 301
1511021190000 301
1511021190000 301
1511021190000 302
1511021190000 302
1511021190000 302
1511021190000 302
1511021190000 302
1511021190000 302
1511021190000 302
1511021190000 302
1511021190000 302
1511021190000 302
1511021190000 302
1511021190000 302
1511021190000 302
1511021190000 302
1511021190000 302
1511021190000 302
1511021190000 302
1511021190000 302
1511021190000 302
1511021190000 302
1511021190000 302
1511021190000 302
1511021190000 302
1511021190000 302
1511021190000 303
1511021190000 303
1511021190000 303
1511021190000 303
1511021190000 303
1511021190000 303
1511021190000 303
1511021190000 303
1511021190000 303
1511021190000 303
1511021190000 303
1511021190000 303
1511021190000 304
1511021190000 304
1511021190000 304
1511021190000 310
1511021190000 310
1511021190000 310
1511021190000 311
1511021200000 298
1511021200000 298
1511021200000 298
1511021200000 299
1511021200000 299
1511021200000 299
1511021200000 299
1511021200000 299
1511021200000 299
1511021200000 299
1511021200000 299
1511021200000 299
1511021200000 299
1511021200000 299
1511021200000 299
1511021200000 299
1511021200000 299
1511021200000 299
1511021200000 299
1511021200000 299
1511021200000 299
1511021200000 299
1511021200000 299
1511021200000 299
1511021200000 300
1511021200000 300
1511021200000 300
1511021200000 300
1511021200000 300
1511021200000 300
1511021200000 300
1511021200000 300
1511021200000 300
1511021200000 300
1511021200000 300
1511021200000 300
1511021200000 300
1511021200000 300
1511021200000 300
1511021200000 300
1511021200000 300
1511021200000 300
1511021200000 300
1511021200000 300
1511021200000 300
1511021200000 300
1511021200000 300
1511021200000 300
1511021200000 300
1511021200000 300
1511021200000 300
1511021200000 300
1511021200000 300
1511021200000 300
1511021200000 301
1511021200000 302
1511021200000 302
1511021200000 302
1511021200000 302
1511021200000 302
1511021200000 302
1511021200000 302
1511021200000 302
1511021200000 302
1511021200000 302
1511021200000 302
1511021200000 302
1511021200000 303
1511021200000 303
1511021200000 303
1511021200000 303
1511021200000 303
1511021200000 303
1511021200000 303
1511021200000 303
1511021200000 303
1511021200000 303
1511021200000 303
1511021200000 303
1511021200000 303
1511021200000 303
1511021200000 303
1511021200000 304
1511021200000 304
1511021200000 304
1511021200000 304
1511021200000 304
1511021200000 304
1511021200000 305
1511021200000 305
1511021200000 305
1511021200000 305
1511021200000 305
1511021200000 305
1511021200000 305
1511021200000 305
1511021200000 305
1511021200000 305
1511021200000 306
1511021200000 306
1511021210000 304
1511021210000 305
1511021210000 305
1511021210000 305
1511021210000 305
1511021210000 305
1511021210000 305
1511021210000 305
1511021210000 305
1511021210000 306
1511021210000 306
1511021210000 306
1511021210000 306
1511021210000 306
1511021210000 306
1511021210000 306
1511021210000 306
1511021210000 306
1511021210000 306
1511021210000 306
1511021210000 306
1511021210000 306
1511021210000 306
1511021210000 306
1511021210000 306
1511021210000 307
1511021210000 307
1511021210000 307
1511021210000 307
1511021210000 307
1511021210000 307
1511021210000 307
1511021210000 307
1511021210000 307
1511021210000 307
1511021210000 307
1511021210000 307
1511021210000 307
1511021210000 307
1511021210000 307
1511021210000 307
1511021210000 307
1511021210000 307
1511021210000 307
1511021210000 307
1511021210000 307
1511021210000 307
1511021210000 307
1511021210000 307
1511021210000 307
1511021210000 308
1511021210000 308
1511021210000 309
1511021210000 309
1511021210000 309
1511021210000 309
1511021210000 309
1511021210000 309
1511021210000 309
1511021210000 309
1511021210000 309
1511021210000 309
1511021210000 310
1511021210000 310
1511021210000 310
1511021210000 310
1511021210000 310
1511021210000 310
1511021210000 310
1511021210000 310
1511021210000 310
1511021210000 310
1511021210000 310
1511021210000 310
1511021210000 310
1511021210000 310
1511021210000 310
1511021210000 310
1511021210000 310
1511021210000 310
1511021210000 310
1511021210000 311
1511021210000 311
1511021210000 311
1511021210000 311
1511021210000 311
1511021210000 311
1511021210000 311
1511021210000 311
1511021210000 311
1511021210000 311
1511021210000 312
1511021210000 336
1511021210000 337
1511021210000 337
1511021210000 338
1511021210000 343
1511021210000 343
1511021210000 344
1511021210000 345
1511021220000 294
1511021220000 294
1511021220000 294
1511021220000 294
1511021220000 294
1511021220000 294
1511021220000 294
1511021220000 294
1511021220000 294
1511021220000 294
1511021220000 294
1511021220000 294
1511021220000 294
1511021220000 294
1511021220000 294
1511021220000 295
1511021220000 295
1511021220000 295
1511021220000 295
1511021220000 295
1511021220000 295
1511021220000 295
1511021220000 295
1511021220000 295
1511021220000 295
1511021220000 295
1511021220000 295
1511021220000 295
1511021220000 295
1511021220000 295
1511021220000 295
1511021220000 295
1511021220000 295
1511021220000 295
1511021220000 295
1511021220000 295
1511021220000 295
1511021220000 295
1511021220000 295
1511021220000 295
1511021220000 296
1511021220000 296
1511021220000 296
1511021220000 296
1511021220000 296
1511021220000 296
1511021220000 296
1511021220000 296
1511021220000 296
1511021220000 296
1511021220000 296
1511021220000 296
1511021220000 296
1511021220000 296
1511021220000 296
1511021220000 296
1511021220000 296
1511021220000 296
1511021220000 296
1511021220000 296
1511021220000 297
1511021220000 297
1511021220000 297
1511021220000 297
1511021220000 297
1511021220000 297
1511021220000 297
1511021220000 297
1511021220000 297
1511021220000 297
1511021220000 297
1511021220000 297
1511021220000 297
1511021220000 297
1511021220000 297
1511021220000 297
1511021220000 297
1511021220000 297
1511021220000 297
1511021220000 297
1511021220000 297
1511021220000 297
1511021220000 297
1511021220000 297
1511021220000 297
1511021220000 298
1511021220000 298
1511021220000 298
1511021220000 298
1511021220000 298
1511021220000 298
1511021220000 298
1511021220000 299
1511021220000 299
1511021220000 327
1511021220000 327
1511021220000 328
1511021220000 328
1511021220000 328
1511021220000 329
1511021230000 266
1511021230000 266
1511021230000 266
1511021230000 267
1511021230000 267
1511021230000 267
1511021230000 267
1511021230000 267
1511021230000 267
1511021230000 267
1511021230000 267
1511021230000 267
1511021230000 267
1511021230000 267
1511021230000 267
1511021230000 267
1511021230000 267
1511021230000 267
1511021230000 267
1511021230000 267
1511021230000 267
1511021230000 267
1511021230000 267
1511021230000 267
1511021230000 267
1511021230000 267
1511021230000 267
1511021230000 267
1511021230000 267
1511021230000 267
1511021230000 267
1511021230000 267
1511021230000 267
1511021230000 267
1511021230000 267
1511021230000 267
1511021230000 267
1511021230000 267
1511021230000 267
1511021230000 267
1511021230000 268
1511021230000 268
1511021230000 268
1511021230000 268
1511021230000 268
1511021230000 268
1511021230000 268
1511021230000 268
1511021230000 268
1511021230000 268
1511021230000 268
1511021230000 268
1511021230000 268
1511021230000 268
1511021230000 268
1511021230000 268
1511021230000 268
1511021230000 268
1511021230000 268
1511021230000 268
1511021230000 268
1511021230000 269
1511021230000 269
1511021230000 269
1511021230000 269
1511021230000 269
1511021230000 269
1511021230000 269
1511021230000 269
1511021230000 269
1511021230000 269
1511021230000 269
1511021230000 269
1511021230000 269
1511021230000 269
1511021230000 269
1511021230000 269
1511021230000 269
1511021230000 269
1511021230000 269
1511021230000 269
1511021230000 269
1511021230000 269
1511021230000 269
1511021230000 269
1511021230000 269
1511021230000 269
1511021230000 269
1511021230000 269
1511021230000 269
1511021230000 270
1511021230000 270
1511021230000 270
1511021230000 270
1511021230000 270
1511021230000 270
1511021230000 270
1511021230000 270
1511021230000 270
1511021230000 271
1511021240000 315
1511021240000 315
1511021240000 315
1511021240000 315
1511021240000 315
1511021240000 315
1511021240000 315
1511021240000 315
1511021240000 315
1511021240000 315
1511021240000 315
1511021240000 315
1511021240000 315
1511021240000 315
1511021240000 315
1511021240000 315
1511021240000 315
1511021240000 315
1511021240000 315
1511021240000 315
1511021240000 315
1511021240000 315
1511021240000 316
1511021240000 316
1511021240000 316
1511021240000 316
1511021240000 316
1511021240000 316
1511021240000 316
1511021240000 316
1511021240000 316
1511021240000 316
1511021240000 316
1511021240000 316
1511021240000 316
1511021240000 316
1511021240000 316
1511021240000 316
1511021240000 316
1511021240000 316
1511021240000 316
1511021240000 316
1511021240000 316
1511021240000 316
1511021240000 316
1511021240000 316
1511021240000 316
1511021240000 316
1511021240000 316
1511021240000 316
1511021240000 316
1511021240000 316
1511021240000 316
1511021240000 316
1511021240000 316
1511021240000 316
1511021240000 317
1511021240000 317
1511021240000 317
1511021240000 317
1511021240000 317
1511021240000 317
1511021240000 317
1511021240000 317
1511021240000 317
1511021240000 317
1511021240000 317
1511021240000 317
1511021240000 317
1511021240000 317
1511021240000 317
1511021240000 317
1511021240000 317
1511021240000 317
1511021240000 317
1511021240000 317
1511021240000 317
1511021240000 317
1511021240000 317
1511021240000 317
1511021240000 317
1511021240000 318
1511021240000 318
1511021240000 318
1511021240000 318
1511021240000 318
1511021240000 318
1511021240000 318
1511021240000 318
1511021240000 318
1511021240000 319
1511021240000 319
1511021240000 324
1511021240000 326
1511021240000 326
1511021240000 327
1511021240000 362
1511021240000 362
1511021240000 364
1511021240000 365
1511021250000 255
1511021250000 256
1511021250000 256
1511021250000 256
1511021250000 256
1511021250000 256
1511021250000 256
1511021250000 256
1511021250000 256
1511021250000 256
1511021250000 256
1511021250000 256
1511021250000 256
1511021250000 257
1511021250000 257
1511021250000 257
1511021250000 257
1511021250000 257
1511021250000 257
1511021250000 257
1511021250000 257
1511021250000 257
1511021250000 257
1511021250000 257
1511021250000 257
1511021250000 257
1511021250000 257
1511021250000 257
1511021250000 257
1511021250000 257
1511021250000 257
1511021250000 257
1511021250000 257
1511021250000 257
1511021250000 257
1511021250000 257
1511021250000 257
1511021250000 257
1511021250000 257
1511021250000 257
1511021250000 257
1511021250000 257
1511021250000 257
1511021250000 257
1511021250000 258
1511021250000 258
1511021250000 258
1511021250000 258
1511021250000 258
1511021250000 258
1511021250000 258
1511021250000 259
1511021250000 259
1511021250000 259
1511021250000 259
1511021250000 259
1511021250000 259
1511021250000 259
1511021250000 259
1511021250000 259
1511021250000 259
1511021250000 259
1511021250000 259
1511021250000 259
1511021250000 259
1511021250000 259
1511021250000 259
1511021250000 259
1511021250000 259
1511021250000 259
1511021250000 259
1511021250000 259
1511021250000 259
1511021250000 260
1511021250000 260
1511021250000 260
1511021250000 260
1511021250000 260
1511021250000 260
1511021250000 260
1511021250000 260
1511021250000 260
1511021250000 260
1511021250000 260
1511021250000 260
1511021250000 260
1511021250000 260
1511021250000 261
1511021250000 268
1511021250000 273
1511021250000 274
1511021250000 274
1511021250000 275
1511021250000 276
1511021250000 276
1511021250000 277
1511021250000 278
1511021250000 278
1511021250000 278
1511021250000 278
1511021260000 331
1511021260000 331
1511021260000 331
1511021260000 332
1511021260000 332
1511021260000 332
1511021260000 332
1511021260000 332
1511021260000 332
1511021260000 332
1511021260000 332
1511021260000 332
1511021260000 332
1511021260000 332
1511021260000 332
1511021260000 332
1511021260000 332
1511021260000 332
1511021260000 332
1511021260000 332
1511021260000 333
1511021260000 333
1511021260000 333
1511021260000 333
1511021260000 333
1511021260000 333
1511021260000 333
1511021260000 333
1511021260000 333
1511021260000 333
1511021260000 333
1511021260000 333
1511021260000 333
1511021260000 333
1511021260000 333
1511021260000 333
1511021260000 333
1511021260000 333
1511021260000 333
1511021260000 333
1511021260000 333
1511021260000 333
1511021260000 333
1511021260000 333
1511021260000 333
1511021260000 333
1511021260000 333
1511021260000 333
1511021260000 334
1511021260000 334
1511021260000 334
1511021260000 334
1511021260000 334
1511021260000 335
1511021260000 335
1511021260000 335
1511021260000 335
1511021260000 335
1511021260000 335
1511021260000 335
1511021260000 335
1511021260000 335
1511021260000 335
1511021260000 335
1511021260000 335
1511021260000 335
1511021260000 335
1511021260000 335
1511021260000 335
1511021260000 335
1511021260000 336
1511021260000 336
1511021260000 336
1511021260000 336
1511021260000 336
1511021260000 336
1511021260000 336
1511021260000 336
1511021260000 336
1511021260000 336
1511021260000 336
1511021260000 337
1511021260000 337
1511021260000 337
1511021260000 337
1511021260000 337
1511021260000 347
1511021260000 347
1511021260000 347
1511021260000 347
1511021260000 348
1511021260000 348
1511021260000 350
1511021260000 350
1511021260000 351
1511021260000 352
1511021260000 354
1511021260000 355
1511021260000 355
1511021260000 356
1511021270000 312
1511021270000 312
1511021270000 312
1511021270000 312
1511021270000 312
1511021270000 312
1511021270000 312
1511021270000 312
1511021270000 312
1511021270000 312
1511021270000 312
1511021270000 312
1511021270000 312
1511021270000 313
1511021270000 313
1511021270000 313
1511021270000 313
1511021270000 313
1511021270000 313
1511021270000 313
1511021270000 313
1511021270000 313
1511021270000 313
1511021270000 313
1511021270000 313
1511021270000 313
1511021270000 313
1511021270000 313
1511021270000 313
1511021270000 313
1511021270000 313
1511021270000 313
1511021270000 313
1511021270000 313
1511021270000 313
1511021270000 313
1511021270000 313
1511021270000 313
1511021270000 314
1511021270000 314
1511021270000 314
1511021270000 314
1511021270000 314
1511021270000 314
1511021270000 314
1511021270000 314
1511021270000 314
1511021270000 314
1511021270000 314
1511021270000 314
1511021270000 314
1511021270000 314
1511021270000 314
1511021270000 314
1511021270000 314
1511021270000 314
1511021270000 314
1511021270000 314
1511021270000 314
1511021270000 315
1511021270000 315
1511021270000 315
1511021270000 315
1511021270000 315
1511021270000 315
1511021270000 315
1511021270000 315
1511021270000 315
1511021270000 315
1511021270000 315
1511021270000 315
1511021270000 315
1511021270000 315
1511021270000 315
1511021270000 315
1511021270000 315
1511021270000 315
1511021270000 316
1511021270000 316
1511021270000 316
1511021270000 316
1511021270000 316
1511021270000 316
1511021270000 316
1511021270000 316
1511021270000 316
1511021270000 316
1511021270000 316
1511021270000 316
1511021270000 316
1511021270000 316
1511021270000 316
1511021270000 316
1511021270000 316
1511021270000 316
1511021270000 316
1511021270000 317
1511021270000 317
1511021270000 317
1511021270000 317
1511021280000 282
1511021280000 282
1511021280000 282
1511021280000 282
1511021280000 282
1511021280000 282
1511021280000 282
1511021280000 282
1511021280000 282
1511021280000 282
1511021280000 282
1511021280000 282
1511021280000 282
1511021280000 282
1511021280000 282
1511021280000 282
1511021280000 282
1511021280000 282
1511021280000 282
1511021280000 282
1511021280000 282
1511021280000 283
1511021280000 283
1511021280000 283
1511021280000 283
1511021280000 283
1511021280000 283
1511021280000 283
1511021280000 283
1511021280000 283
1511021280000 283
1511021280000 283
1511021280000 283
1511021280000 283
1511021280000 283
1511021280000 283
1511021280000 283
1511021280000 283
1511021280000 283
1511021280000 283
1511021280000 283
1511021280000 283
1511021280000 284
1511021280000 284
1511021280000 284
1511021280000 284
1511021280000 284
1511021280000 284
1511021280000 284
1511021280000 284
1511021280000 284
1511021280000 284
1511021280000 284
1511021280000 284
1511021280000 284
1511021280000 284
1511021280000 284
1511021280000 284
1511021280000 284
1511021280000 284
1511021280000 284
1511021280000 284
1511021280000 284
1511021280000 284
1511021280000 284
1511021280000 285
1511021280000 285
1511021280000 285
1511021280000 285
1511021280000 285
1511021280000 285
1511021280000 285
1511021280000 285
1511021280000 285
1511021280000 285
1511021280000 285
1511021280000 285
1511021280000 285
1511021280000 285
1511021280000 285
1511021280000 285
1511021280000 285
1511021280000 285
1511021280000 285
1511021280000 285
1511021280000 285
1511021280000 286
1511021280000 286
1511021280000 286
1511021280000 286
1511021280000 286
1511021280000 286
1511021280000 286
1511021280000 300
1511021280000 300
1511021280000 302
1511021280000 302
1511021280000 310
1511021280000 310
1511021280000 310
1511021290000 295
1511021290000 295
1511021290000 295
1511021290000 295
1511021290000 295
1511021290000 295
1511021290000 295
1511021290000 296
1511021290000 296
1511021290000 296
1511021290000 296
1511021290000 296
1511021290000 296
1511021290000 296
1511021290000 296
1511021290000 296
1511021290000 296
1511021290000 296
1511021290000 296
1511021290000 296
1511021290000 296
1511021290000 296
1511021290000 296
1511021290000 296
1511021290000 296
1511021290000 296
1511021290000 296
1511021290000 296
1511021290000 296
1511021290000 296
1511021290000 296
1511021290000 296
1511021290000 296
1511021290000 296
1511021290000 296
1511021290000 296
1511021290000 296
1511021290000 296
1511021290000 296
1511021290000 297
1511021290000 297
1511021290000 297
1511021290000 297
1511021290000 297
1511021290000 297
1511021290000 297
1511021290000 297
1511021290000 297
1511021290000 297
1511021290000 297
1511021290000 297
1511021290000 297
1511021290000 297
1511021290000 297
1511021290000 297
1511021290000 297
1511021290000 297
1511021290000 297
1511021290000 298
1511021290000 298
1511021290000 298
1511021290000 298
1511021290000 298
1511021290000 298
1511021290000 298
1511021290000 298
1511021290000 298
1511021290000 298
1511021290000 298
1511021290000 298
1511021290000 298
1511021290000 298
1511021290000 298
1511021290000 298
1511021290000 298
1511021290000 298
1511021290000 298
1511021290000 298
1511021290000 298
1511021290000 299
1511021290000 299
1511021290000 299
1511021290000 299
1511021290000 300
1511021290000 300
1511021290000 306
1511021290000 306
1511021290000 307
1511021290000 307
1511021290000 307
1511021290000 307
1511021290000 307
1511021290000 308
1511021290000 308
1511021290000 321
1511021290000 322
1511021290000 322
1511021290000 326
1511021290000 326
1511021290000 326
1511021300000 313
1511021300000 314
1511021300000 314
1511021300000 314
1511021300000 314
1511021300000 314
1511021300000 314
1511021300000 314
1511021300000 314
1511021300000 314
1511021300000 314
1511021300000 314
1511021300000 314
1511021300000 314
1511021300000 314
1511021300000 314
1511021300000 314
1511021300000 314
1511021300000 314
1511021300000 314
1511021300000 315
1511021300000 315
1511021300000 315
1511021300000 315
1511021300000 315
1511021300000 315
1511021300000 315
1511021300000 315
1511021300000 315
1511021300000 315
1511021300000 315
1511021300000 315
1511021300000 315
1511021300000 315
1511021300000 315
1511021300000 315
1511021300000 315
1511021300000 315
1511021300000 315
1511021300000 315
1511021300000 315
1511021300000 316
1511021300000 316
1511021300000 316
1511021300000 316
1511021300000 316
1511021300000 316
1511021300000 316
1511021300000 316
1511021300000 316
1511021300000 316
1511021300000 316
1511021300000 316
1511021300000 316
1511021300000 316
1511021300000 316
1511021300000 316
1511021300000 316
1511021300000 316
1511021300000 316
1511021300000 316
1511021300000 316
1511021300000 316
1511021300000 317
1511021300000 317
1511021300000 317
1511021300000 317
1511021300000 317
1511021300000 317
1511021300000 317
1511021300000 317
1511021300000 317
1511021300000 317
1511021300000 317
1511021300000 317
1511021300000 317
1511021300000 317
1511021300000 317
1511021300000 317
1511021300000 317
1511021300000 317
1511021300000 317
1511021300000 317
1511021300000 317
1511021300000 318
1511021300000 318
1511021300000 318
1511021300000 318
1511021300000 318
1511021300000 318
1511021300000 318
1511021300000 318
1511021300000 318
1511021300000 318
1511021300000 319
1511021300000 319
1511021300000 320
1511021300000 320
1511021300000 320
1511021300000 321
1511021310000 299
1511021310000 299
1511021310000 299
1511021310000 299
1511021310000 299
1511021310000 299
1511021310000 299
1511021310000 300
1511021310000 300
1511021310000 300
1511021310000 300
1511021310000 300
1511021310000 300
1511021310000 300
1511021310000 300
1511021310000 300
1511021310000 300
1511021310000 300
1511021310000 300
1511021310000 300
1511021310000 300
1511021310000 300
1511021310000 300
1511021310000 300
1511021310000 300
1511021310000 301
1511021310000 301
1511021310000 301
1511021310000 301
1511021310000 301
1511021310000 301
1511021310000 301
1511021310000 301
1511021310000 301
1511021310000 301
1511021310000 301
1511021310000 301
1511021310000 301
1511021310000 301
1511021310000 301
1511021310000 301
1511021310000 301
1511021310000 302
1511021310000 302
1511021310000 302
1511021310000 302
1511021310000 302
1511021310000 302
1511021310000 302
1511021310000 302
1511021310000 302
1511021310000 302
1511021310000 302
1511021310000 302
1511021310000 302
1511021310000 303
1511021310000 303
1511021310000 303
1511021310000 303
1511021310000 303
1511021310000 303
1511021310000 303
1511021310000 303
1511021310000 303
1511021310000 303
1511021310000 303
1511021310000 303
1511021310000 303
1511021310000 303
1511021310000 304
1511021310000 304
1511021310000 304
1511021310000 304
1511021310000 304
1511021310000 304
1511021310000 304
1511021310000 304
1511021310000 304
1511021310000 304
1511021310000 304
1511021310000 304
1511021310000 304
1511021310000 305
1511021310000 305
1511021310000 305
1511021310000 305
1511021310000 305
1511021310000 305
1511021310000 305
1511021310000 305
1511021310000 306
1511021310000 316
1511021310000 316
1511021310000 317
1511021310000 330
1511021310000 330
1511021310000 332
1511021310000 332
1511021310000 332
1511021310000 332
1511021320000 323
1511021320000 323
1511021320000 323
1511021320000 324
1511021320000 324
1511021320000 324
1511021320000 324
1511021320000 324
1511021320000 324
1511021320000 324
1511021320000 324
1511021320000 324
1511021320000 324
1511021320000 324
1511021320000 324
1511021320000 324
1511021320000 324
1511021320000 324
1511021320000 324
1511021320000 324
1511021320000 324
1511021320000 324
1511021320000 324
1511021320000 324
1511021320000 324
1511021320000 324
1511021320000 324
1511021320000 324
1511021320000 324
1511021320000 324
1511021320000 324
1511021320000 324
1511021320000 324
1511021320000 324
1511021320000 324
1511021320000 325
1511021320000 325
1511021320000 325
1511021320000 325
1511021320000 325
1511021320000 325
1511021320000 325
1511021320000 325
1511021320000 325
1511021320000 325
1511021320000 325
1511021320000 325
1511021320000 325
1511021320000 325
1511021320000 325
1511021320000 325
1511021320000 325
1511021320000 325
1511021320000 325
1511021320000 326
1511021320000 326
1511021320000 326
1511021320000 326
1511021320000 326
1511021320000 326
1511021320000 326
1511021320000 327
1511021320000 327
1511021320000 327
1511021320000 327
1511021320000 327
1511021320000 327
1511021320000 327
1511021320000 327
1511021320000 327
1511021320000 327
1511021320000 327
1511021320000 327
1511021320000 327
1511021320000 327
1511021320000 327
1511021320000 327
1511021320000 327
1511021320000 327
1511021320000 327
1511021320000 327
1511021320000 327
1511021320000 327
1511021320000 327
1511021320000 328
1511021320000 328
1511021320000 328
1511021320000 328
1511021320000 328
1511021320000 328
1511021320000 328
1511021320000 328
1511021320000 328
1511021320000 328
1511021320000 328
1511021320000 329
1511021320000 329
1511021320000 344
1511021320000 344
1511021320000 345
1511021330000 289
1511021330000 289
1511021330000 289
1511021330000 289
1511021330000 289
1511021330000 289
1511021330000 289
1511021330000 289
1511021330000 290
1511021330000 290
1511021330000 290
1511021330000 290
1511021330000 290
1511021330000 290
1511021330000 290
1511021330000 290
1511021330000 290
1511021330000 291
1511021330000 291
1511021330000 291
1511021330000 291
1511021330000 291
1511021330000 291
1511021330000 291
1511021330000 291
1511021330000 291
1511021330000 291
1511021330000 291
1511021330000 291
1511021330000 291
1511021330000 291
1511021330000 291
1511021330000 291
1511021330000 291
1511021330000 291
1511021330000 291
1511021330000 291
1511021330000 291
1511021330000 291
1511021330000 291
1511021330000 291
1511021330000 291
1511021330000 291
1511021330000 291
1511021330000 291
1511021330000 292
1511021330000 292
1511021330000 292
1511021330000 292
1511021330000 292
1511021330000 292
1511021330000 292
1511021330000 292
1511021330000 292
1511021330000 292
1511021330000 292
1511021330000 292
1511021330000 292
1511021330000 292
1511021330000 293
1511021330000 293
1511021330000 293
1511021330000 293
1511021330000 293
1511021330000 293
1511021330000 294
1511021330000 294
1511021330000 294
1511021330000 294
1511021330000 294
1511021330000 294
1511021330000 294
1511021330000 294
1511021330000 294
1511021330000 294
1511021330000 294
1511021330000 294
1511021330000 294
1511021330000 294
1511021330000 294
1511021330000 294
1511021330000 294
1511021330000 294
1511021330000 294
1511021330000 294
1511021330000 295
1511021330000 295
1511021330000 295
1511021330000 295
1511021330000 295
1511021330000 295
1511021330000 295
1511021330000 295
1511021330000 295
1511021330000 295
1511021330000 295
1511021330000 295
1511021330000 296
1511021330000 296
1511021330000 296
1511021340000 269
1511021340000 269
1511021340000 269
1511021340000 269
1511021340000 269
1511021340000 269
1511021340000 269
1511021340000 269
1511021340000 269
1511021340000 269
1511021340000 269
1511021340000 269
1511021340000 270
1511021340000 270
1511021340000 270
1511021340000 270
1511021340000 270
1511021340000 270
1511021340000 270
1511021340000 270
1511021340000 270
1511021340000 270
1511021340000 270
1511021340000 270
1511021340000 270
1511021340000 270
1511021340000 270
1511021340000 270
1511021340000 270
1511021340000 270
1511021340000 270
1511021340000 270
1511021340000 270
1511021340000 270
1511021340000 270
1511021340000 271
1511021340000 271
1511021340000 271
1511021340000 271
1511021340000 271
1511021340000 271
1511021340000 271
1511021340000 271
1511021340000 271
1511021340000 271
1511021340000 271
1511021340000 271
1511021340000 271
1511021340000 271
1511021340000 271
1511021340000 271
1511021340000 271
1511021340000 271
1511021340000 271
1511021340000 272
1511021340000 272
1511021340000 272
1511021340000 272
1511021340000 272
1511021340000 272
1511021340000 272
1511021340000 272
1511021340000 272
1511021340000 272
1511021340000 272
1511021340000 272
1511021340000 272
1511021340000 272
1511021340000 272
1511021340000 272
1511021340000 272
1511021340000 272
1511021340000 272
1511021340000 272
1511021340000 273
1511021340000 273
1511021340000 273
1511021340000 273
1511021340000 273
1511021340000 273
1511021340000 273
1511021340000 273
1511021340000 273
1511021340000 273
1511021340000 273
1511021340000 273
1511021340000 273
1511021340000 273
1511021340000 273
1511021340000 273
1511021340000 273
1511021340000 273
1511021340000 273
1511021340000 274
1511021340000 274
1511021340000 274
1511021340000 275
1511021340000 300
1511021340000 301
1511021340000 301
1511021350000 -6959
1511021350000 -6963
1511021350000 -6964
1511021350000 -6965
1511021350000 -6965
1511021350000 -6968
1511021350000 -6969
1511021350000 -6969
1511021350000 -6969
1511021350000 -6969
1511021350000 -6974
1511021350000 -6975
1511021350000 -6975
1511021350000 -6976
1511021350000 -6982
1511021350000 -6982
1511021350000 -6983
1511021350000 -6984
1511021350000 -6984
1511021350000 -6985
1511021350000 -6986
1511021350000 -6986
1511021350000 -6986
1511021350000 -6986
1511021350000 -6986
1511021350000 -6987
1511021350000 -6987
1511021350000 -6987
1511021350000 -6987
1511021350000 -6987
1511021350000 -6987
1511021350000 -6987
1511021350000 -6987
1511021350000 -6987
1511021350000 -6987
1511021350000 -6988
1511021350000 -6988
1511021350000 -6988
1511021350000 -6988
1511021350000 -6988
1511021350000 -6988
1511021350000 -6989
1511021350000 -6989
1511021350000 -6989
1511021350000 -6989
1511021350000 -6989
1511021350000 -6989
1511021350000 -6989
1511021350000 -6990
1511021350000 -6990
1511021350000 -6990
1511021350000 -6990
1511021350000 -6990
1511021350000 -6990
1511021350000 -6990
1511021350000 -6990
1511021350000 -6990
1511021350000 -6990
1511021350000 -6990
1511021350000 -6990
1511021350000 -6990
1511021350000 -6990
1511021350000 -6990
1511021350000 -6990
1511021350000 -6990
1511021350000 -6990
1511021350000 -6991
1511021350000 -6991
1511021350000 -7963
1511021350000 -7964
1511021350000 -7970
1511021350000 -7983
1511021350000 -7985
1511021350000 -7986
1511021350000 -7986
1511021350000 -7986
1511021350000 -7986
1511021350000 -7987
1511021350000 -7987
1511021350000 -7987
1511021350000 -7988
1511021350000 -7988
1511021350000 -7988
1511021350000 -7988
1511021350000 -7988
1511021350000 -7988
1511021350000 -7988
1511021350000 -7988
1511021350000 -7988
1511021350000 -7988
1511021350000 -7989
1511021350000 -7989
1511021350000 -7989
1511021350000 -7989
1511021350000 -7990
1511021350000 -7990
1511021350000 -7990
1511021350000 -7990
1511021350000 -7991
1511021350000 -7991
