1511093300000 1500
1511093300000 1500
1511093300000 1500
1511093300000 1500
1511093300000 1501
1511093300000 1501
1511093300000 1501
1511093300000 1501
1511093300000 1501
1511093300000 1501
1511093300000 1501
1511093300000 1501
1511093300000 1501
1511093300000 1502
1511093300000 1502
1511093300000 1502
1511093300000 1502
1511093300000 1502
1511093300000 1502
1511093300000 1502
1511093300000 1502
1511093300000 1502
1511093300000 1502
1511093300000 1502
1511093300000 1502
1511093300000 1502
1511093300000 1502
1511093300000 1502
1511093300000 1502
1511093300000 1502
1511093300000 1502
1511093300000 1502
1511093300000 1503
1511093300000 1503
1511093300000 1503
1511093300000 1503
1511093300000 1503
1511093300000 1503
1511093300000 1503
1511093300000 1504
1511093300000 1504
1511093300000 1504
1511093300000 1504
1511093300000 1504
1511093300000 1504
1511093300000 1504
1511093300000 1504
1511093300000 1504
1511093300000 1504
1511093300000 1504
1511093300000 1504
1511093300000 1504
1511093300000 1504
1511093300000 1504
1511093300000 1505
1511093300000 1505
1511093300000 1505
1511093300000 1505
1511093300000 1505
1511093300000 1505
1511093300000 1505
1511093300000 1505
1511093300000 1505
1511093300000 1505
1511093300000 1505
1511093300000 1505
1511093300000 1505
1511093300000 1505
1511093300000 1505
1511093300000 1506
1511093300000 1506
1511093300000 1506
1511093300000 1506
1511093300000 1506
1511093300000 1506
1511093300000 1506
1511093300000 1506
1511093300000 1506
1511093300000 1506
1511093300000 1506
1511093300000 1506
1511093300000 1506
1511093300000 1506
1511093300000 1507
1511093300000 1507
1511093300000 1507
1511093300000 1511
1511093300000 1513
1511093300000 1515
1511093300000 1517
1511093300000 1518
1511093300000 1518
1511093300000 1519
1511093300000 1531
1511093300000 1531
1511093300000 1532
1511093300000 2452
1511093300000 2472
1511093300000 2541
1511093300000 2542
1511093310000 387
1511093310000 387
1511093310000 388
1511093310000 389
1511093310000 389
1511093310000 404
1511093310000 404
1511093310000 404
1511093310000 404
1511093310000 404
1511093310000 404
1511093310000 404
1511093310000 404
1511093310000 404
1511093310000 404
1511093310000 404
1511093310000 405
1511093310000 405
1511093310000 405
1511093310000 405
1511093310000 405
1511093310000 405
1511093310000 405
1511093310000 405
1511093310000 405
1511093310000 405
1511093310000 405
1511093310000 405
1511093310000 405
1511093310000 405
1511093310000 405
1511093310000 405
1511093310000 405
1511093310000 405
1511093310000 405
1511093310000 405
1511093310000 405
1511093310000 405
1511093310000 405
1511093310000 405
1511093310000 405
1511093310000 405
1511093310000 405
1511093310000 405
1511093310000 406
1511093310000 406
1511093310000 406
1511093310000 406
1511093310000 406
1511093310000 406
1511093310000 406
1511093310000 406
1511093310000 406
1511093310000 406
1511093310000 406
1511093310000 406
1511093310000 406
1511093310000 406
1511093310000 406
1511093310000 406
1511093310000 406
1511093310000 406
1511093310000 406
1511093310000 406
1511093310000 406
1511093310000 406
1511093310000 406
1511093310000 406
1511093310000 407
1511093310000 407
1511093310000 407
1511093310000 407
1511093310000 407
1511093310000 407
1511093310000 407
1511093310000 407
1511093310000 407
1511093310000 407
1511093310000 407
1511093310000 407
1511093310000 407
1511093310000 407
1511093310000 407
1511093310000 407
1511093310000 407
1511093310000 407
1511093310000 407
1511093310000 407
1511093310000 407
1511093310000 407
1511093310000 407
1511093310000 407
1511093310000 407
1511093310000 408
1511093310000 408
1511093310000 408
1511093310000 408
1511093310000 408
1511093310000 408
1511093310000 408
1511093320000 283
1511093320000 283
1511093320000 284
1511093320000 284
1511093320000 284
1511093320000 284
1511093320000 284
1511093320000 284
1511093320000 284
1511093320000 284
1511093320000 284
1511093320000 284
1511093320000 284
1511093320000 284
1511093320000 285
1511093320000 285
1511093320000 285
1511093320000 285
1511093320000 285
1511093320000 285
1511093320000 285
1511093320000 285
1511093320000 285
1511093320000 285
1511093320000 285
1511093320000 285
1511093320000 285
1511093320000 285
1511093320000 286
1511093320000 286
1511093320000 286
1511093320000 286
1511093320000 286
1511093320000 286
1511093320000 286
1511093320000 286
1511093320000 286
1511093320000 286
1511093320000 286
1511093320000 286
1511093320000 286
1511093320000 286
1511093320000 286
1511093320000 286
1511093320000 287
1511093320000 287
1511093320000 287
1511093320000 287
1511093320000 287
1511093320000 287
1511093320000 287
1511093320000 287
1511093320000 287
1511093320000 287
1511093320000 287
1511093320000 287
1511093320000 288
1511093320000 288
1511093320000 288
1511093320000 288
1511093320000 288
1511093320000 288
1511093320000 288
1511093320000 288
1511093320000 288
1511093320000 288
1511093320000 288
1511093320000 288
1511093320000 288
1511093320000 288
1511093320000 288
1511093320000 288
1511093320000 288
1511093320000 288
1511093320000 288
1511093320000 288
1511093320000 289
1511093320000 289
1511093320000 289
1511093320000 289
1511093320000 289
1511093320000 289
1511093320000 289
1511093320000 289
1511093320000 289
1511093320000 289
1511093320000 289
1511093320000 289
1511093320000 289
1511093320000 289
1511093320000 289
1511093320000 289
1511093320000 290
1511093320000 290
1511093320000 290
1511093320000 290
1511093320000 291
1511093320000 292
1511093320000 293
1511093320000 293
1511093330000 310
1511093330000 310
1511093330000 310
1511093330000 310
1511093330000 310
1511093330000 310
1511093330000 310
1511093330000 310
1511093330000 310
1511093330000 310
1511093330000 310
1511093330000 310
1511093330000 310
1511093330000 310
1511093330000 310
1511093330000 310
1511093330000 310
1511093330000 311
1511093330000 311
1511093330000 311
1511093330000 311
1511093330000 311
1511093330000 311
1511093330000 311
1511093330000 311
1511093330000 311
1511093330000 311
1511093330000 311
1511093330000 311
1511093330000 311
1511093330000 311
1511093330000 311
1511093330000 311
1511093330000 311
1511093330000 311
1511093330000 311
1511093330000 311
1511093330000 311
1511093330000 311
1511093330000 311
1511093330000 311
1511093330000 312
1511093330000 312
1511093330000 312
1511093330000 312
1511093330000 312
1511093330000 312
1511093330000 312
1511093330000 312
1511093330000 312
1511093330000 312
1511093330000 312
1511093330000 312
1511093330000 313
1511093330000 313
1511093330000 313
1511093330000 313
1511093330000 313
1511093330000 313
1511093330000 313
1511093330000 313
1511093330000 313
1511093330000 313
1511093330000 313
1511093330000 313
1511093330000 313
1511093330000 313
1511093330000 313
1511093330000 313
1511093330000 313
1511093330000 313
1511093330000 313
1511093330000 313
1511093330000 313
1511093330000 314
1511093330000 314
1511093330000 314
1511093330000 314
1511093330000 314
1511093330000 314
1511093330000 314
1511093330000 314
1511093330000 314
1511093330000 314
1511093330000 314
1511093330000 314
1511093330000 314
1511093330000 314
1511093330000 314
1511093330000 314
1511093330000 314
1511093330000 314
1511093330000 315
1511093330000 315
1511093330000 315
1511093330000 315
1511093330000 315
1511093330000 315
1511093330000 316
1511093330000 317
1511093340000 268
1511093340000 268
1511093340000 268
1511093340000 268
1511093340000 268
1511093340000 268
1511093340000 268
1511093340000 268
1511093340000 268
1511093340000 268
1511093340000 268
1511093340000 269
1511093340000 269
1511093340000 269
1511093340000 269
1511093340000 269
1511093340000 269
1511093340000 269
1511093340000 269
1511093340000 269
1511093340000 269
1511093340000 269
1511093340000 269
1511093340000 269
1511093340000 269
1511093340000 269
1511093340000 269
1511093340000 269
1511093340000 269
1511093340000 269
1511093340000 269
1511093340000 269
1511093340000 269
1511093340000 269
1511093340000 269
1511093340000 269
1511093340000 269
1511093340000 269
1511093340000 269
1511093340000 269
1511093340000 269
1511093340000 270
1511093340000 270
1511093340000 270
1511093340000 270
1511093340000 270
1511093340000 270
1511093340000 270
1511093340000 270
1511093340000 270
1511093340000 270
1511093340000 270
1511093340000 270
1511093340000 270
1511093340000 270
1511093340000 270
1511093340000 270
1511093340000 270
1511093340000 270
1511093340000 270
1511093340000 270
1511093340000 270
1511093340000 270
1511093340000 270
1511093340000 270
1511093340000 270
1511093340000 270
1511093340000 270
1511093340000 270
1511093340000 270
1511093340000 270
1511093340000 271
1511093340000 271
1511093340000 271
1511093340000 271
1511093340000 271
1511093340000 271
1511093340000 271
1511093340000 271
1511093340000 271
1511093340000 271
1511093340000 271
1511093340000 271
1511093340000 271
1511093340000 271
1511093340000 271
1511093340000 271
1511093340000 271
1511093340000 272
1511093340000 272
1511093340000 272
1511093340000 272
1511093340000 272
1511093340000 272
1511093340000 272
1511093340000 272
1511093340000 273
1511093340000 273
1511093340000 274
1511093340000 274
1511093350000 336
1511093350000 337
1511093350000 337
1511093350000 337
1511093350000 337
1511093350000 337
1511093350000 337
1511093350000 337
1511093350000 337
1511093350000 337
1511093350000 337
1511093350000 337
1511093350000 337
1511093350000 337
1511093350000 337
1511093350000 337
1511093350000 337
1511093350000 337
1511093350000 337
1511093350000 337
1511093350000 337
1511093350000 337
1511093350000 337
1511093350000 337
1511093350000 337
1511093350000 337
1511093350000 337
1511093350000 337
1511093350000 337
1511093350000 338
1511093350000 338
1511093350000 338
1511093350000 338
1511093350000 338
1511093350000 338
1511093350000 338
1511093350000 338
1511093350000 338
1511093350000 338
1511093350000 338
1511093350000 338
1511093350000 338
1511093350000 338
1511093350000 338
1511093350000 338
1511093350000 338
1511093350000 338
1511093350000 338
1511093350000 338
1511093350000 338
1511093350000 338
1511093350000 338
1511093350000 338
1511093350000 338
1511093350000 338
1511093350000 338
1511093350000 338
1511093350000 338
1511093350000 338
1511093350000 338
1511093350000 338
1511093350000 338
1511093350000 339
1511093350000 339
1511093350000 339
1511093350000 339
1511093350000 339
1511093350000 339
1511093350000 339
1511093350000 339
1511093350000 339
1511093350000 339
1511093350000 339
1511093350000 339
1511093350000 339
1511093350000 339
1511093350000 339
1511093350000 339
1511093350000 339
1511093350000 339
1511093350000 339
1511093350000 339
1511093350000 339
1511093350000 339
1511093350000 339
1511093350000 339
1511093350000 339
1511093350000 340
1511093350000 340
1511093350000 340
1511093350000 340
1511093350000 340
1511093350000 340
1511093350000 340
1511093350000 340
1511093350000 341
1511093350000 341
1511093350000 363
1511093350000 363
1511093350000 363
1511093360000 300
1511093360000 300
1511093360000 300
1511093360000 300
1511093360000 300
1511093360000 301
1511093360000 301
1511093360000 301
1511093360000 301
1511093360000 301
1511093360000 301
1511093360000 301
1511093360000 301
1511093360000 301
1511093360000 301
1511093360000 301
1511093360000 301
1511093360000 301
1511093360000 301
1511093360000 301
1511093360000 301
1511093360000 301
1511093360000 301
1511093360000 301
1511093360000 301
1511093360000 301
1511093360000 301
1511093360000 301
1511093360000 301
1511093360000 301
1511093360000 301
1511093360000 301
1511093360000 301
1511093360000 301
1511093360000 301
1511093360000 302
1511093360000 302
1511093360000 302
1511093360000 302
1511093360000 302
1511093360000 302
1511093360000 302
1511093360000 302
1511093360000 302
1511093360000 302
1511093360000 302
1511093360000 302
1511093360000 302
1511093360000 302
1511093360000 302
1511093360000 302
1511093360000 302
1511093360000 302
1511093360000 302
1511093360000 302
1511093360000 303
1511093360000 303
1511093360000 303
1511093360000 303
1511093360000 303
1511093360000 303
1511093360000 303
1511093360000 303
1511093360000 303
1511093360000 303
1511093360000 303
1511093360000 303
1511093360000 303
1511093360000 303
1511093360000 303
1511093360000 303
1511093360000 303
1511093360000 303
1511093360000 303
1511093360000 303
1511093360000 303
1511093360000 303
1511093360000 303
1511093360000 303
1511093360000 303
1511093360000 304
1511093360000 304
1511093360000 304
1511093360000 304
1511093360000 304
1511093360000 304
1511093360000 304
1511093360000 304
1511093360000 304
1511093360000 304
1511093360000 304
1511093360000 304
1511093360000 305
1511093360000 305
1511093360000 305
1511093360000 305
1511093360000 305
1511093360000 306
1511093360000 306
1511093360000 312
1511093370000 306
1511093370000 306
1511093370000 306
1511093370000 306
1511093370000 306
1511093370000 306
1511093370000 306
1511093370000 306
1511093370000 306
1511093370000 306
1511093370000 306
1511093370000 306
1511093370000 306
1511093370000 306
1511093370000 306
1511093370000 306
1511093370000 306
1511093370000 307
1511093370000 307
1511093370000 307
1511093370000 307
1511093370000 307
1511093370000 307
1511093370000 307
1511093370000 307
1511093370000 307
1511093370000 307
1511093370000 307
1511093370000 307
1511093370000 307
1511093370000 307
1511093370000 307
1511093370000 307
1511093370000 307
1511093370000 307
1511093370000 307
1511093370000 307
1511093370000 307
1511093370000 307
1511093370000 307
1511093370000 307
1511093370000 307
1511093370000 307
1511093370000 307
1511093370000 307
1511093370000 307
1511093370000 307
1511093370000 307
1511093370000 307
1511093370000 307
1511093370000 308
1511093370000 308
1511093370000 308
1511093370000 308
1511093370000 308
1511093370000 308
1511093370000 308
1511093370000 308
1511093370000 308
1511093370000 308
1511093370000 308
1511093370000 308
1511093370000 308
1511093370000 308
1511093370000 308
1511093370000 308
1511093370000 308
1511093370000 308
1511093370000 308
1511093370000 308
1511093370000 308
1511093370000 308
1511093370000 309
1511093370000 309
1511093370000 309
1511093370000 309
1511093370000 309
1511093370000 309
1511093370000 309
1511093370000 309
1511093370000 309
1511093370000 309
1511093370000 309
1511093370000 309
1511093370000 309
1511093370000 310
1511093370000 310
1511093370000 313
1511093370000 313
1511093370000 313
1511093370000 313
1511093370000 313
1511093370000 314
1511093370000 319
1511093370000 320
1511093370000 325
1511093370000 325
1511093370000 326
1511093370000 327
1511093370000 327
1511093380000 415
1511093380000 415
1511093380000 415
1511093380000 416
1511093380000 416
1511093380000 416
1511093380000 416
1511093380000 416
1511093380000 416
1511093380000 416
1511093380000 416
1511093380000 416
1511093380000 416
1511093380000 416
1511093380000 416
1511093380000 416
1511093380000 416
1511093380000 416
1511093380000 416
1511093380000 416
1511093380000 416
1511093380000 416
1511093380000 416
1511093380000 416
1511093380000 416
1511093380000 416
1511093380000 416
1511093380000 416
1511093380000 416
1511093380000 416
1511093380000 416
1511093380000 416
1511093380000 416
1511093380000 416
1511093380000 416
1511093380000 417
1511093380000 417
1511093380000 417
1511093380000 417
1511093380000 417
1511093380000 417
1511093380000 417
1511093380000 417
1511093380000 417
1511093380000 417
1511093380000 417
1511093380000 417
1511093380000 417
1511093380000 417
1511093380000 417
1511093380000 417
1511093380000 418
1511093380000 418
1511093380000 418
1511093380000 418
1511093380000 418
1511093380000 418
1511093380000 418
1511093380000 418
1511093380000 418
1511093380000 418
1511093380000 418
1511093380000 418
1511093380000 418
1511093380000 418
1511093380000 418
1511093380000 418
1511093380000 418
1511093380000 418
1511093380000 418
1511093380000 418
1511093380000 418
1511093380000 418
1511093380000 418
1511093380000 419
1511093380000 419
1511093380000 419
1511093380000 419
1511093380000 419
1511093380000 419
1511093380000 419
1511093380000 419
1511093380000 419
1511093380000 419
1511093380000 419
1511093380000 419
1511093380000 419
1511093380000 419
1511093380000 420
1511093380000 420
1511093380000 420
1511093380000 425
1511093380000 425
1511093380000 426
1511093380000 431
1511093380000 432
1511093380000 432
1511093380000 433
1511093380000 434
1511093380000 434
1511093390000 304
1511093390000 304
1511093390000 304
1511093390000 304
1511093390000 304
1511093390000 304
1511093390000 304
1511093390000 304
1511093390000 304
1511093390000 304
1511093390000 304
1511093390000 304
1511093390000 304
1511093390000 304
1511093390000 304
1511093390000 304
1511093390000 304
1511093390000 304
1511093390000 304
1511093390000 304
1511093390000 304
1511093390000 305
1511093390000 305
1511093390000 305
1511093390000 305
1511093390000 305
1511093390000 305
1511093390000 305
1511093390000 305
1511093390000 305
1511093390000 305
1511093390000 305
1511093390000 305
1511093390000 305
1511093390000 305
1511093390000 305
1511093390000 305
1511093390000 305
1511093390000 305
1511093390000 305
1511093390000 305
1511093390000 305
1511093390000 305
1511093390000 305
1511093390000 305
1511093390000 305
1511093390000 305
1511093390000 305
1511093390000 305
1511093390000 305
1511093390000 305
1511093390000 305
1511093390000 305
1511093390000 305
1511093390000 305
1511093390000 306
1511093390000 306
1511093390000 306
1511093390000 306
1511093390000 306
1511093390000 306
1511093390000 306
1511093390000 306
1511093390000 306
1511093390000 306
1511093390000 306
1511093390000 306
1511093390000 306
1511093390000 306
1511093390000 306
1511093390000 306
1511093390000 306
1511093390000 306
1511093390000 306
1511093390000 306
1511093390000 306
1511093390000 306
1511093390000 306
1511093390000 306
1511093390000 306
1511093390000 306
1511093390000 306
1511093390000 306
1511093390000 306
1511093390000 306
1511093390000 306
1511093390000 307
1511093390000 307
1511093390000 307
1511093390000 307
1511093390000 307
1511093390000 307
1511093390000 307
1511093390000 307
1511093390000 307
1511093390000 307
1511093390000 307
1511093390000 307
1511093390000 308
1511093390000 308
1511093400000 284
1511093400000 284
1511093400000 284
1511093400000 284
1511093400000 284
1511093400000 285
1511093400000 285
1511093400000 285
1511093400000 285
1511093400000 285
1511093400000 285
1511093400000 285
1511093400000 285
1511093400000 285
1511093400000 285
1511093400000 285
1511093400000 286
1511093400000 286
1511093400000 286
1511093400000 286
1511093400000 286
1511093400000 286
1511093400000 286
1511093400000 286
1511093400000 286
1511093400000 286
1511093400000 286
1511093400000 286
1511093400000 286
1511093400000 286
1511093400000 286
1511093400000 286
1511093400000 286
1511093400000 286
1511093400000 286
1511093400000 286
1511093400000 286
1511093400000 286
1511093400000 286
1511093400000 286
1511093400000 286
1511093400000 286
1511093400000 286
1511093400000 286
1511093400000 286
1511093400000 286
1511093400000 286
1511093400000 286
1511093400000 286
1511093400000 286
1511093400000 286
1511093400000 286
1511093400000 287
1511093400000 287
1511093400000 287
1511093400000 287
1511093400000 287
1511093400000 287
1511093400000 287
1511093400000 287
1511093400000 287
1511093400000 287
1511093400000 287
1511093400000 287
1511093400000 287
1511093400000 288
1511093400000 288
1511093400000 288
1511093400000 288
1511093400000 288
1511093400000 288
1511093400000 288
1511093400000 288
1511093400000 288
1511093400000 288
1511093400000 288
1511093400000 288
1511093400000 288
1511093400000 288
1511093400000 288
1511093400000 288
1511093400000 288
1511093400000 288
1511093400000 288
1511093400000 288
1511093400000 288
1511093400000 288
1511093400000 289
1511093400000 289
1511093400000 289
1511093400000 289
1511093400000 289
1511093400000 289
1511093400000 289
1511093400000 289
1511093400000 289
1511093400000 289
1511093400000 290
1511093400000 290
1511093400000 290
1511093410000 313
1511093410000 313
1511093410000 314
1511093410000 314
1511093410000 314
1511093410000 314
1511093410000 314
1511093410000 314
1511093410000 314
1511093410000 314
1511093410000 314
1511093410000 314
1511093410000 314
1511093410000 314
1511093410000 314
1511093410000 314
1511093410000 314
1511093410000 314
1511093410000 314
1511093410000 314
1511093410000 314
1511093410000 314
1511093410000 314
1511093410000 314
1511093410000 314
1511093410000 314
1511093410000 314
1511093410000 314
1511093410000 314
1511093410000 314
1511093410000 315
1511093410000 315
1511093410000 315
1511093410000 315
1511093410000 315
1511093410000 315
1511093410000 315
1511093410000 315
1511093410000 315
1511093410000 315
1511093410000 315
1511093410000 315
1511093410000 315
1511093410000 315
1511093410000 315
1511093410000 315
1511093410000 315
1511093410000 315
1511093410000 315
1511093410000 315
1511093410000 315
1511093410000 315
1511093410000 315
1511093410000 315
1511093410000 315
1511093410000 315
1511093410000 315
1511093410000 315
1511093410000 315
1511093410000 315
1511093410000 316
1511093410000 316
1511093410000 316
1511093410000 316
1511093410000 316
1511093410000 316
1511093410000 316
1511093410000 316
1511093410000 316
1511093410000 316
1511093410000 316
1511093410000 316
1511093410000 316
1511093410000 316
1511093410000 316
1511093410000 316
1511093410000 316
1511093410000 316
1511093410000 316
1511093410000 316
1511093410000 316
1511093410000 316
1511093410000 316
1511093410000 316
1511093410000 316
1511093410000 316
1511093410000 316
1511093410000 317
1511093410000 317
1511093410000 317
1511093410000 317
1511093410000 317
1511093410000 317
1511093410000 318
1511093410000 333
1511093410000 334
1511093410000 334
1511093410000 334
1511093410000 335
1511093410000 335
1511093420000 327
1511093420000 327
1511093420000 327
1511093420000 327
1511093420000 327
1511093420000 327
1511093420000 327
1511093420000 327
1511093420000 328
1511093420000 328
1511093420000 328
1511093420000 328
1511093420000 328
1511093420000 328
1511093420000 328
1511093420000 328
1511093420000 328
1511093420000 328
1511093420000 328
1511093420000 328
1511093420000 328
1511093420000 328
1511093420000 328
1511093420000 328
1511093420000 328
1511093420000 328
1511093420000 328
1511093420000 328
1511093420000 328
1511093420000 328
1511093420000 328
1511093420000 328
1511093420000 328
1511093420000 328
1511093420000 329
1511093420000 329
1511093420000 329
1511093420000 329
1511093420000 329
1511093420000 329
1511093420000 329
1511093420000 329
1511093420000 329
1511093420000 329
1511093420000 329
1511093420000 329
1511093420000 330
1511093420000 330
1511093420000 330
1511093420000 330
1511093420000 330
1511093420000 330
1511093420000 330
1511093420000 330
1511093420000 330
1511093420000 330
1511093420000 330
1511093420000 330
1511093420000 330
1511093420000 330
1511093420000 330
1511093420000 330
1511093420000 331
1511093420000 331
1511093420000 331
1511093420000 331
1511093420000 331
1511093420000 331
1511093420000 331
1511093420000 331
1511093420000 331
1511093420000 331
1511093420000 331
1511093420000 331
1511093420000 331
1511093420000 331
1511093420000 331
1511093420000 332
1511093420000 332
1511093420000 332
1511093420000 337
1511093420000 337
1511093420000 339
1511093420000 339
1511093420000 340
1511093420000 341
1511093420000 341
1511093420000 343
1511093420000 344
1511093420000 345
1511093420000 354
1511093420000 354
1511093420000 355
1511093420000 380
1511093420000 381
1511093420000 384
1511093420000 385
1511093420000 386
1511093420000 387
1511093420000 387
1511093430000 304
1511093430000 304
1511093430000 304
1511093430000 304
1511093430000 304
1511093430000 304
1511093430000 304
1511093430000 304
1511093430000 304
1511093430000 304
1511093430000 304
1511093430000 304
1511093430000 304
1511093430000 304
1511093430000 304
1511093430000 304
1511093430000 304
1511093430000 304
1511093430000 304
1511093430000 304
1511093430000 304
1511093430000 305
1511093430000 305
1511093430000 305
1511093430000 305
1511093430000 305
1511093430000 305
1511093430000 305
1511093430000 305
1511093430000 305
1511093430000 305
1511093430000 305
1511093430000 305
1511093430000 305
1511093430000 305
1511093430000 305
1511093430000 305
1511093430000 305
1511093430000 305
1511093430000 305
1511093430000 305
1511093430000 305
1511093430000 305
1511093430000 305
1511093430000 305
1511093430000 305
1511093430000 305
1511093430000 306
1511093430000 306
1511093430000 306
1511093430000 306
1511093430000 306
1511093430000 306
1511093430000 306
1511093430000 306
1511093430000 306
1511093430000 306
1511093430000 306
1511093430000 306
1511093430000 306
1511093430000 306
1511093430000 306
1511093430000 306
1511093430000 306
1511093430000 306
1511093430000 306
1511093430000 306
1511093430000 306
1511093430000 307
1511093430000 307
1511093430000 307
1511093430000 307
1511093430000 307
1511093430000 307
1511093430000 307
1511093430000 307
1511093430000 307
1511093430000 307
1511093430000 307
1511093430000 307
1511093430000 307
1511093430000 307
1511093430000 307
1511093430000 307
1511093430000 307
1511093430000 307
1511093430000 307
1511093430000 307
1511093430000 307
1511093430000 307
1511093430000 308
1511093430000 308
1511093430000 308
1511093430000 308
1511093430000 308
1511093430000 308
1511093430000 308
1511093430000 309
1511093430000 309
1511093430000 331
1511093440000 267
1511093440000 267
1511093440000 267
1511093440000 267
1511093440000 267
1511093440000 267
1511093440000 267
1511093440000 268
1511093440000 268
1511093440000 268
1511093440000 268
1511093440000 268
1511093440000 268
1511093440000 268
1511093440000 268
1511093440000 268
1511093440000 268
1511093440000 268
1511093440000 269
1511093440000 269
1511093440000 269
1511093440000 269
1511093440000 269
1511093440000 269
1511093440000 269
1511093440000 269
1511093440000 269
1511093440000 269
1511093440000 269
1511093440000 269
1511093440000 269
1511093440000 269
1511093440000 270
1511093440000 270
1511093440000 270
1511093440000 270
1511093440000 270
1511093440000 270
1511093440000 270
1511093440000 270
1511093440000 270
1511093440000 270
1511093440000 270
1511093440000 270
1511093440000 270
1511093440000 270
1511093440000 270
1511093440000 270
1511093440000 270
1511093440000 270
1511093440000 270
1511093440000 271
1511093440000 271
1511093440000 271
1511093440000 271
1511093440000 271
1511093440000 271
1511093440000 271
1511093440000 271
1511093440000 271
1511093440000 271
1511093440000 271
1511093440000 271
1511093440000 271
1511093440000 271
1511093440000 271
1511093440000 271
1511093440000 271
1511093440000 271
1511093440000 271
1511093440000 272
1511093440000 272
1511093440000 272
1511093440000 272
1511093440000 272
1511093440000 272
1511093440000 272
1511093440000 272
1511093440000 272
1511093440000 272
1511093440000 272
1511093440000 272
1511093440000 272
1511093440000 272
1511093440000 272
1511093440000 272
1511093440000 272
1511093440000 273
1511093440000 273
1511093440000 273
1511093440000 273
1511093440000 273
1511093440000 273
1511093440000 273
1511093440000 273
1511093440000 273
1511093440000 273
1511093440000 273
1511093440000 274
1511093440000 295
1511093450000 339
1511093450000 340
1511093450000 340
1511093450000 340
1511093450000 340
1511093450000 340
1511093450000 340
1511093450000 340
1511093450000 340
1511093450000 340
1511093450000 340
1511093450000 340
1511093450000 340
1511093450000 340
1511093450000 340
1511093450000 340
1511093450000 340
1511093450000 340
1511093450000 340
1511093450000 341
1511093450000 341
1511093450000 341
1511093450000 341
1511093450000 341
1511093450000 341
1511093450000 341
1511093450000 341
1511093450000 341
1511093450000 341
1511093450000 341
1511093450000 341
1511093450000 341
1511093450000 341
1511093450000 341
1511093450000 341
1511093450000 341
1511093450000 341
1511093450000 341
1511093450000 341
1511093450000 341
1511093450000 341
1511093450000 341
1511093450000 341
1511093450000 342
1511093450000 342
1511093450000 342
1511093450000 342
1511093450000 342
1511093450000 342
1511093450000 342
1511093450000 342
1511093450000 342
1511093450000 342
1511093450000 342
1511093450000 342
1511093450000 342
1511093450000 342
1511093450000 342
1511093450000 342
1511093450000 342
1511093450000 342
1511093450000 342
1511093450000 342
1511093450000 342
1511093450000 342
1511093450000 342
1511093450000 343
1511093450000 343
1511093450000 343
1511093450000 343
1511093450000 343
1511093450000 343
1511093450000 343
1511093450000 343
1511093450000 343
1511093450000 343
1511093450000 344
1511093450000 344
1511093450000 344
1511093450000 344
1511093450000 344
1511093450000 344
1511093450000 345
1511093450000 369
1511093450000 369
1511093450000 369
1511093450000 369
1511093450000 369
1511093450000 369
1511093450000 370
1511093450000 371
1511093450000 371
1511093450000 371
1511093450000 371
1511093450000 371
1511093450000 372
1511093450000 372
1511093450000 372
1511093450000 373
1511093450000 373
1511093460000 318
1511093460000 318
1511093460000 318
1511093460000 318
1511093460000 318
1511093460000 318
1511093460000 319
1511093460000 319
1511093460000 319
1511093460000 319
1511093460000 319
1511093460000 319
1511093460000 319
1511093460000 319
1511093460000 319
1511093460000 319
1511093460000 319
1511093460000 319
1511093460000 319
1511093460000 319
1511093460000 319
1511093460000 319
1511093460000 319
1511093460000 319
1511093460000 319
1511093460000 320
1511093460000 320
1511093460000 320
1511093460000 320
1511093460000 320
1511093460000 320
1511093460000 320
1511093460000 320
1511093460000 320
1511093460000 320
1511093460000 320
1511093460000 320
1511093460000 320
1511093460000 320
1511093460000 320
1511093460000 320
1511093460000 320
1511093460000 320
1511093460000 320
1511093460000 320
1511093460000 320
1511093460000 320
1511093460000 320
1511093460000 320
1511093460000 321
1511093460000 321
1511093460000 321
1511093460000 321
1511093460000 321
1511093460000 321
1511093460000 321
1511093460000 321
1511093460000 321
1511093460000 321
1511093460000 321
1511093460000 321
1511093460000 321
1511093460000 321
1511093460000 321
1511093460000 321
1511093460000 321
1511093460000 322
1511093460000 322
1511093460000 322
1511093460000 322
1511093460000 322
1511093460000 322
1511093460000 322
1511093460000 322
1511093460000 322
1511093460000 322
1511093460000 322
1511093460000 322
1511093460000 322
1511093460000 322
1511093460000 322
1511093460000 323
1511093460000 323
1511093460000 323
1511093460000 323
1511093460000 323
1511093460000 323
1511093460000 323
1511093460000 323
1511093460000 323
1511093460000 323
1511093460000 323
1511093460000 324
1511093460000 324
1511093460000 334
1511093460000 334
1511093460000 334
1511093460000 335
1511093460000 335
1511093460000 335
1511093470000 314
1511093470000 314
1511093470000 314
1511093470000 314
1511093470000 314
1511093470000 314
1511093470000 314
1511093470000 314
1511093470000 314
1511093470000 314
1511093470000 314
1511093470000 314
1511093470000 315
1511093470000 315
1511093470000 315
1511093470000 315
1511093470000 315
1511093470000 315
1511093470000 315
1511093470000 315
1511093470000 315
1511093470000 315
1511093470000 315
1511093470000 315
1511093470000 315
1511093470000 315
1511093470000 315
1511093470000 315
1511093470000 315
1511093470000 315
1511093470000 315
1511093470000 315
1511093470000 315
1511093470000 315
1511093470000 315
1511093470000 315
1511093470000 315
1511093470000 315
1511093470000 315
1511093470000 315
1511093470000 315
1511093470000 315
1511093470000 315
1511093470000 315
1511093470000 315
1511093470000 315
1511093470000 315
1511093470000 315
1511093470000 315
1511093470000 315
1511093470000 316
1511093470000 316
1511093470000 316
1511093470000 316
1511093470000 316
1511093470000 316
1511093470000 316
1511093470000 316
1511093470000 316
1511093470000 316
1511093470000 316
1511093470000 316
1511093470000 316
1511093470000 316
1511093470000 316
1511093470000 316
1511093470000 316
1511093470000 316
1511093470000 316
1511093470000 316
1511093470000 316
1511093470000 316
1511093470000 316
1511093470000 316
1511093470000 316
1511093470000 316
1511093470000 316
1511093470000 316
1511093470000 316
1511093470000 317
1511093470000 317
1511093470000 317
1511093470000 317
1511093470000 317
1511093470000 317
1511093470000 317
1511093470000 317
1511093470000 317
1511093470000 317
1511093470000 318
1511093470000 318
1511093470000 333
1511093470000 333
1511093470000 334
1511093470000 335
1511093470000 335
1511093470000 336
1511093470000 336
1511093470000 336
1511093470000 337
1511093480000 302
1511093480000 303
1511093480000 303
1511093480000 303
1511093480000 303
1511093480000 303
1511093480000 303
1511093480000 303
1511093480000 303
1511093480000 304
1511093480000 304
1511093480000 304
1511093480000 304
1511093480000 304
1511093480000 304
1511093480000 304
1511093480000 304
1511093480000 304
1511093480000 304
1511093480000 305
1511093480000 305
1511093480000 305
1511093480000 305
1511093480000 305
1511093480000 305
1511093480000 305
1511093480000 305
1511093480000 305
1511093480000 305
1511093480000 305
1511093480000 305
1511093480000 305
1511093480000 305
1511093480000 305
1511093480000 305
1511093480000 305
1511093480000 305
1511093480000 305
1511093480000 305
1511093480000 305
1511093480000 306
1511093480000 306
1511093480000 306
1511093480000 306
1511093480000 306
1511093480000 306
1511093480000 306
1511093480000 306
1511093480000 306
1511093480000 306
1511093480000 306
1511093480000 307
1511093480000 307
1511093480000 307
1511093480000 307
1511093480000 307
1511093480000 307
1511093480000 308
1511093480000 308
1511093480000 308
1511093480000 308
1511093480000 308
1511093480000 308
1511093480000 308
1511093480000 308
1511093480000 309
1511093480000 309
1511093480000 309
1511093480000 309
1511093480000 309
1511093480000 309
1511093480000 309
1511093480000 309
1511093480000 309
1511093480000 309
1511093480000 309
1511093480000 309
1511093480000 309
1511093480000 309
1511093480000 309
1511093480000 310
1511093480000 310
1511093480000 310
1511093480000 310
1511093480000 310
1511093480000 310
1511093480000 310
1511093480000 310
1511093480000 310
1511093480000 311
1511093480000 311
1511093480000 311
1511093480000 311
1511093480000 311
1511093480000 311
1511093480000 311
1511093480000 311
1511093480000 311
1511093480000 312
1511093480000 313
1511093490000 271
1511093490000 271
1511093490000 271
1511093490000 271
1511093490000 271
1511093490000 271
1511093490000 271
1511093490000 271
1511093490000 272
1511093490000 272
1511093490000 272
1511093490000 272
1511093490000 272
1511093490000 272
1511093490000 272
1511093490000 272
1511093490000 272
1511093490000 272
1511093490000 272
1511093490000 272
1511093490000 272
1511093490000 272
1511093490000 272
1511093490000 272
1511093490000 272
1511093490000 272
1511093490000 272
1511093490000 272
1511093490000 272
1511093490000 272
1511093490000 272
1511093490000 272
1511093490000 272
1511093490000 272
1511093490000 272
1511093490000 272
1511093490000 272
1511093490000 272
1511093490000 272
1511093490000 272
1511093490000 272
1511093490000 272
1511093490000 272
1511093490000 272
1511093490000 273
1511093490000 273
1511093490000 273
1511093490000 273
1511093490000 273
1511093490000 273
1511093490000 273
1511093490000 273
1511093490000 273
1511093490000 273
1511093490000 273
1511093490000 273
1511093490000 273
1511093490000 273
1511093490000 273
1511093490000 273
1511093490000 273
1511093490000 273
1511093490000 273
1511093490000 273
1511093490000 274
1511093490000 274
1511093490000 274
1511093490000 274
1511093490000 274
1511093490000 274
1511093490000 274
1511093490000 274
1511093490000 274
1511093490000 274
1511093490000 274
1511093490000 274
1511093490000 274
1511093490000 274
1511093490000 274
1511093490000 274
1511093490000 274
1511093490000 274
1511093490000 274
1511093490000 274
1511093490000 274
1511093490000 275
1511093490000 275
1511093490000 275
1511093490000 275
1511093490000 275
1511093490000 275
1511093490000 275
1511093490000 275
1511093490000 275
1511093490000 275
1511093490000 276
1511093490000 276
1511093490000 276
1511093490000 277
1511093490000 278
1511093500000 280
1511093500000 280
1511093500000 280
1511093500000 280
1511093500000 280
1511093500000 280
1511093500000 280
1511093500000 280
1511093500000 280
1511093500000 280
1511093500000 280
1511093500000 280
1511093500000 280
1511093500000 280
1511093500000 280
1511093500000 281
1511093500000 281
1511093500000 281
1511093500000 281
1511093500000 281
1511093500000 281
1511093500000 281
1511093500000 281
1511093500000 281
1511093500000 281
1511093500000 281
1511093500000 281
1511093500000 281
1511093500000 281
1511093500000 281
1511093500000 281
1511093500000 281
1511093500000 281
1511093500000 282
1511093500000 282
1511093500000 282
1511093500000 282
1511093500000 282
1511093500000 282
1511093500000 282
1511093500000 282
1511093500000 282
1511093500000 282
1511093500000 282
1511093500000 282
1511093500000 282
1511093500000 282
1511093500000 282
1511093500000 282
1511093500000 282
1511093500000 282
1511093500000 282
1511093500000 282
1511093500000 282
1511093500000 282
1511093500000 283
1511093500000 283
1511093500000 283
1511093500000 283
1511093500000 283
1511093500000 283
1511093500000 283
1511093500000 283
1511093500000 283
1511093500000 284
1511093500000 284
1511093500000 284
1511093500000 284
1511093500000 284
1511093500000 284
1511093500000 284
1511093500000 284
1511093500000 284
1511093500000 284
1511093500000 284
1511093500000 284
1511093500000 284
1511093500000 284
1511093500000 284
1511093500000 285
1511093500000 285
1511093500000 285
1511093500000 285
1511093500000 285
1511093500000 285
1511093500000 285
1511093500000 285
1511093500000 285
1511093500000 286
1511093500000 286
1511093500000 286
1511093500000 287
1511093500000 287
1511093500000 288
1511093500000 292
1511093500000 293
1511093500000 293
1511093500000 294
1511093500000 295
1511093500000 295
1511093510000 388
1511093510000 388
1511093510000 389
1511093510000 389
1511093510000 389
1511093510000 389
1511093510000 389
1511093510000 389
1511093510000 389
1511093510000 389
1511093510000 390
1511093510000 390
1511093510000 390
1511093510000 390
1511093510000 390
1511093510000 390
1511093510000 390
1511093510000 390
1511093510000 390
1511093510000 390
1511093510000 390
1511093510000 390
1511093510000 390
1511093510000 390
1511093510000 390
1511093510000 390
1511093510000 390
1511093510000 390
1511093510000 390
1511093510000 390
1511093510000 390
1511093510000 390
1511093510000 390
1511093510000 390
1511093510000 390
1511093510000 390
1511093510000 391
1511093510000 391
1511093510000 391
1511093510000 391
1511093510000 391
1511093510000 391
1511093510000 391
1511093510000 391
1511093510000 391
1511093510000 391
1511093510000 391
1511093510000 391
1511093510000 391
1511093510000 391
1511093510000 391
1511093510000 391
1511093510000 391
1511093510000 392
1511093510000 392
1511093510000 392
1511093510000 392
1511093510000 392
1511093510000 392
1511093510000 392
1511093510000 392
1511093510000 392
1511093510000 392
1511093510000 392
1511093510000 392
1511093510000 392
1511093510000 392
1511093510000 392
1511093510000 392
1511093510000 392
1511093510000 392
1511093510000 392
1511093510000 392
1511093510000 393
1511093510000 393
1511093510000 393
1511093510000 393
1511093510000 393
1511093510000 393
1511093510000 393
1511093510000 393
1511093510000 393
1511093510000 393
1511093510000 393
1511093510000 393
1511093510000 393
1511093510000 393
1511093510000 393
1511093510000 393
1511093510000 393
1511093510000 393
1511093510000 394
1511093510000 394
1511093510000 394
1511093510000 394
1511093510000 394
1511093510000 394
1511093510000 394
1511093510000 394
1511093510000 395
1511093520000 295
1511093520000 295
1511093520000 295
1511093520000 295
1511093520000 295
1511093520000 295
1511093520000 295
1511093520000 295
1511093520000 295
1511093520000 295
1511093520000 295
1511093520000 295
1511093520000 295
1511093520000 295
1511093520000 295
1511093520000 295
1511093520000 295
1511093520000 295
1511093520000 296
1511093520000 296
1511093520000 296
1511093520000 296
1511093520000 296
1511093520000 296
1511093520000 296
1511093520000 296
1511093520000 296
1511093520000 296
1511093520000 296
1511093520000 296
1511093520000 296
1511093520000 296
1511093520000 296
1511093520000 296
1511093520000 296
1511093520000 296
1511093520000 296
1511093520000 296
1511093520000 296
1511093520000 296
1511093520000 297
1511093520000 297
1511093520000 297
1511093520000 297
1511093520000 297
1511093520000 297
1511093520000 297
1511093520000 297
1511093520000 297
1511093520000 297
1511093520000 297
1511093520000 297
1511093520000 297
1511093520000 298
1511093520000 298
1511093520000 298
1511093520000 299
1511093520000 299
1511093520000 299
1511093520000 299
1511093520000 299
1511093520000 299
1511093520000 299
1511093520000 299
1511093520000 299
1511093520000 299
1511093520000 299
1511093520000 299
1511093520000 299
1511093520000 300
1511093520000 300
1511093520000 300
1511093520000 300
1511093520000 300
1511093520000 300
1511093520000 300
1511093520000 300
1511093520000 300
1511093520000 300
1511093520000 300
1511093520000 300
1511093520000 300
1511093520000 300
1511093520000 300
1511093520000 300
1511093520000 301
1511093520000 301
1511093520000 301
1511093520000 301
1511093520000 301
1511093520000 301
1511093520000 301
1511093520000 301
1511093520000 301
1511093520000 301
1511093520000 301
1511093520000 301
1511093520000 302
1511093520000 302
1511093520000 303
1511093530000 302
1511093530000 302
1511093530000 302
1511093530000 302
1511093530000 302
1511093530000 302
1511093530000 302
1511093530000 302
1511093530000 302
1511093530000 302
1511093530000 302
1511093530000 302
1511093530000 302
1511093530000 302
1511093530000 303
1511093530000 303
1511093530000 303
1511093530000 303
1511093530000 303
1511093530000 303
1511093530000 303
1511093530000 303
1511093530000 303
1511093530000 303
1511093530000 303
1511093530000 303
1511093530000 303
1511093530000 303
1511093530000 303
1511093530000 303
1511093530000 303
1511093530000 303
1511093530000 303
1511093530000 303
1511093530000 303
1511093530000 303
1511093530000 303
1511093530000 303
1511093530000 303
1511093530000 303
1511093530000 303
1511093530000 303
1511093530000 303
1511093530000 304
1511093530000 304
1511093530000 304
1511093530000 304
1511093530000 304
1511093530000 304
1511093530000 304
1511093530000 304
1511093530000 304
1511093530000 304
1511093530000 304
1511093530000 304
1511093530000 304
1511093530000 304
1511093530000 304
1511093530000 304
1511093530000 304
1511093530000 304
1511093530000 304
1511093530000 304
1511093530000 304
1511093530000 304
1511093530000 304
1511093530000 304
1511093530000 304
1511093530000 304
1511093530000 304
1511093530000 304
1511093530000 304
1511093530000 304
1511093530000 304
1511093530000 304
1511093530000 305
1511093530000 305
1511093530000 305
1511093530000 305
1511093530000 305
1511093530000 305
1511093530000 305
1511093530000 305
1511093530000 305
1511093530000 305
1511093530000 305
1511093530000 305
1511093530000 306
1511093530000 306
1511093530000 306
1511093530000 306
1511093530000 307
1511093530000 316
1511093530000 316
1511093530000 317
1511093530000 319
1511093530000 319
1511093530000 319
1511093530000 320
1511093530000 329
1511093540000 903
1511093540000 903
1511093540000 903
1511093540000 903
1511093540000 904
1511093540000 904
1511093540000 904
1511093540000 904
1511093540000 904
1511093540000 904
1511093540000 904
1511093540000 906
1511093540000 906
1511093540000 906
1511093540000 906
1511093540000 906
1511093540000 906
1511093540000 906
1511093540000 906
1511093540000 906
1511093540000 906
1511093540000 906
1511093540000 907
1511093540000 907
1511093540000 907
1511093540000 907
1511093540000 907
1511093540000 907
1511093540000 907
1511093540000 907
1511093540000 907
1511093540000 907
1511093540000 907
1511093540000 907
1511093540000 907
1511093540000 907
1511093540000 907
1511093540000 907
1511093540000 907
1511093540000 908
1511093540000 908
1511093540000 908
1511093540000 908
1511093540000 908
1511093540000 908
1511093540000 908
1511093540000 908
1511093540000 908
1511093540000 908
1511093540000 908
1511093540000 908
1511093540000 909
1511093540000 909
1511093540000 909
1511093540000 909
1511093540000 909
1511093540000 909
1511093540000 909
1511093540000 909
1511093540000 909
1511093540000 909
1511093540000 910
1511093540000 910
1511093540000 910
1511093540000 910
1511093540000 911
1511093540000 911
1511093540000 911
1511093540000 911
1511093540000 912
1511093540000 912
1511093540000 912
1511093540000 912
1511093540000 913
1511093540000 913
1511093540000 913
1511093540000 913
1511093540000 913
1511093540000 913
1511093540000 913
1511093540000 914
1511093540000 914
1511093540000 914
1511093540000 914
1511093540000 914
1511093540000 914
1511093540000 914
1511093540000 914
1511093540000 916
1511093540000 916
1511093540000 916
1511093540000 916
1511093540000 917
1511093540000 917
1511093540000 917
1511093540000 918
1511093540000 918
1511093540000 919
1511093540000 919
1511093540000 920
1511093550000 294
1511093550000 294
1511093550000 294
1511093550000 294
1511093550000 294
1511093550000 294
1511093550000 294
1511093550000 295
1511093550000 295
1511093550000 295
1511093550000 295
1511093550000 295
1511093550000 295
1511093550000 295
1511093550000 295
1511093550000 295
1511093550000 295
1511093550000 295
1511093550000 295
1511093550000 295
1511093550000 295
1511093550000 295
1511093550000 295
1511093550000 295
1511093550000 295
1511093550000 295
1511093550000 295
1511093550000 296
1511093550000 296
1511093550000 296
1511093550000 296
1511093550000 296
1511093550000 296
1511093550000 296
1511093550000 296
1511093550000 296
1511093550000 296
1511093550000 296
1511093550000 296
1511093550000 297
1511093550000 297
1511093550000 297
1511093550000 297
1511093550000 297
1511093550000 297
1511093550000 297
1511093550000 297
1511093550000 297
1511093550000 297
1511093550000 297
1511093550000 298
1511093550000 298
1511093550000 298
1511093550000 298
1511093550000 298
1511093550000 298
1511093550000 299
1511093550000 299
1511093550000 299
1511093550000 299
1511093550000 299
1511093550000 299
1511093550000 299
1511093550000 299
1511093550000 299
1511093550000 299
1511093550000 299
1511093550000 299
1511093550000 300
1511093550000 300
1511093550000 300
1511093550000 300
1511093550000 300
1511093550000 300
1511093550000 300
1511093550000 300
1511093550000 300
1511093550000 300
1511093550000 300
1511093550000 300
1511093550000 301
1511093550000 301
1511093550000 301
1511093550000 301
1511093550000 301
1511093550000 301
1511093550000 301
1511093550000 301
1511093550000 301
1511093550000 302
1511093550000 302
1511093550000 302
1511093550000 302
1511093550000 303
1511093550000 324
1511093550000 324
1511093550000 324
1511093550000 325
1511093550000 325
1511093550000 325
1511093560000 299
1511093560000 299
1511093560000 299
1511093560000 299
1511093560000 299
1511093560000 299
1511093560000 300
1511093560000 300
1511093560000 300
1511093560000 300
1511093560000 300
1511093560000 300
1511093560000 300
1511093560000 300
1511093560000 300
1511093560000 300
1511093560000 300
1511093560000 300
1511093560000 300
1511093560000 300
1511093560000 300
1511093560000 300
1511093560000 300
1511093560000 300
1511093560000 300
1511093560000 300
1511093560000 300
1511093560000 301
1511093560000 301
1511093560000 301
1511093560000 301
1511093560000 301
1511093560000 301
1511093560000 301
1511093560000 301
1511093560000 301
1511093560000 301
1511093560000 301
1511093560000 301
1511093560000 301
1511093560000 301
1511093560000 301
1511093560000 301
1511093560000 301
1511093560000 301
1511093560000 301
1511093560000 301
1511093560000 301
1511093560000 301
1511093560000 301
1511093560000 301
1511093560000 302
1511093560000 302
1511093560000 302
1511093560000 302
1511093560000 302
1511093560000 302
1511093560000 302
1511093560000 302
1511093560000 302
1511093560000 302
1511093560000 302
1511093560000 302
1511093560000 302
1511093560000 302
1511093560000 302
1511093560000 302
1511093560000 302
1511093560000 302
1511093560000 302
1511093560000 302
1511093560000 302
1511093560000 302
1511093560000 303
1511093560000 303
1511093560000 303
1511093560000 303
1511093560000 303
1511093560000 303
1511093560000 303
1511093560000 303
1511093560000 303
1511093560000 303
1511093560000 303
1511093560000 303
1511093560000 303
1511093560000 303
1511093560000 303
1511093560000 303
1511093560000 304
1511093560000 304
1511093560000 304
1511093560000 304
1511093560000 304
1511093560000 304
1511093560000 305
1511093560000 314
1511093560000 314
1511093560000 315
1511093560000 315
1511093570000 280
1511093570000 280
1511093570000 280
1511093570000 280
1511093570000 280
1511093570000 280
1511093570000 280
1511093570000 280
1511093570000 280
1511093570000 281
1511093570000 281
1511093570000 281
1511093570000 281
1511093570000 281
1511093570000 281
1511093570000 281
1511093570000 281
1511093570000 281
1511093570000 281
1511093570000 281
1511093570000 281
1511093570000 281
1511093570000 281
1511093570000 281
1511093570000 281
1511093570000 281
1511093570000 281
1511093570000 281
1511093570000 281
1511093570000 281
1511093570000 281
1511093570000 281
1511093570000 281
1511093570000 281
1511093570000 281
1511093570000 281
1511093570000 281
1511093570000 281
1511093570000 282
1511093570000 282
1511093570000 282
1511093570000 282
1511093570000 282
1511093570000 282
1511093570000 282
1511093570000 282
1511093570000 282
1511093570000 282
1511093570000 282
1511093570000 282
1511093570000 282
1511093570000 282
1511093570000 282
1511093570000 282
1511093570000 282
1511093570000 282
1511093570000 282
1511093570000 282
1511093570000 282
1511093570000 282
1511093570000 282
1511093570000 282
1511093570000 282
1511093570000 282
1511093570000 282
1511093570000 282
1511093570000 283
1511093570000 283
1511093570000 283
1511093570000 283
1511093570000 283
1511093570000 283
1511093570000 283
1511093570000 283
1511093570000 283
1511093570000 283
1511093570000 283
1511093570000 283
1511093570000 283
1511093570000 283
1511093570000 283
1511093570000 283
1511093570000 283
1511093570000 283
1511093570000 283
1511093570000 283
1511093570000 284
1511093570000 284
1511093570000 284
1511093570000 284
1511093570000 284
1511093570000 284
1511093570000 284
1511093570000 284
1511093570000 284
1511093570000 284
1511093570000 284
1511093570000 285
1511093570000 285
1511093570000 285
1511093580000 290
1511093580000 290
1511093580000 290
1511093580000 290
1511093580000 290
1511093580000 290
1511093580000 290
1511093580000 290
1511093580000 290
1511093580000 290
1511093580000 290
1511093580000 290
1511093580000 290
1511093580000 290
1511093580000 290
1511093580000 291
1511093580000 291
1511093580000 291
1511093580000 291
1511093580000 291
1511093580000 291
1511093580000 291
1511093580000 291
1511093580000 291
1511093580000 291
1511093580000 291
1511093580000 291
1511093580000 291
1511093580000 291
1511093580000 291
1511093580000 291
1511093580000 291
1511093580000 291
1511093580000 291
1511093580000 291
1511093580000 291
1511093580000 291
1511093580000 291
1511093580000 291
1511093580000 291
1511093580000 291
1511093580000 291
1511093580000 291
1511093580000 291
1511093580000 291
1511093580000 291
1511093580000 291
1511093580000 291
1511093580000 291
1511093580000 292
1511093580000 292
1511093580000 292
1511093580000 292
1511093580000 292
1511093580000 292
1511093580000 292
1511093580000 292
1511093580000 292
1511093580000 292
1511093580000 292
1511093580000 292
1511093580000 292
1511093580000 293
1511093580000 293
1511093580000 293
1511093580000 293
1511093580000 293
1511093580000 293
1511093580000 293
1511093580000 293
1511093580000 293
1511093580000 293
1511093580000 293
1511093580000 293
1511093580000 293
1511093580000 293
1511093580000 293
1511093580000 293
1511093580000 293
1511093580000 293
1511093580000 294
1511093580000 294
1511093580000 294
1511093580000 294
1511093580000 294
1511093580000 294
1511093580000 294
1511093580000 294
1511093580000 294
1511093580000 294
1511093580000 294
1511093580000 294
1511093580000 295
1511093580000 295
1511093580000 295
1511093580000 295
1511093580000 295
1511093580000 295
1511093580000 295
1511093580000 295
1511093590000 319
1511093590000 320
1511093590000 320
1511093590000 320
1511093590000 320
1511093590000 320
1511093590000 320
1511093590000 320
1511093590000 320
1511093590000 320
1511093590000 320
1511093590000 320
1511093590000 320
1511093590000 320
1511093590000 320
1511093590000 320
1511093590000 320
1511093590000 320
1511093590000 320
1511093590000 320
1511093590000 321
1511093590000 321
1511093590000 321
1511093590000 321
1511093590000 321
1511093590000 321
1511093590000 321
1511093590000 321
1511093590000 321
1511093590000 321
1511093590000 322
1511093590000 322
1511093590000 322
1511093590000 322
1511093590000 322
1511093590000 322
1511093590000 322
1511093590000 322
1511093590000 322
1511093590000 322
1511093590000 322
1511093590000 322
1511093590000 322
1511093590000 322
1511093590000 322
1511093590000 322
1511093590000 322
1511093590000 322
1511093590000 322
1511093590000 322
1511093590000 322
1511093590000 322
1511093590000 322
1511093590000 322
1511093590000 322
1511093590000 322
1511093590000 322
1511093590000 323
1511093590000 323
1511093590000 323
1511093590000 323
1511093590000 323
1511093590000 323
1511093590000 323
1511093590000 323
1511093590000 323
1511093590000 323
1511093590000 324
1511093590000 324
1511093590000 324
1511093590000 324
1511093590000 324
1511093590000 324
1511093590000 324
1511093590000 324
1511093590000 324
1511093590000 324
1511093590000 324
1511093590000 324
1511093590000 324
1511093590000 324
1511093590000 324
1511093590000 325
1511093590000 325
1511093590000 325
1511093590000 325
1511093590000 325
1511093590000 325
1511093590000 325
1511093590000 325
1511093590000 325
1511093590000 327
1511093590000 327
1511093590000 327
1511093590000 327
1511093590000 327
1511093590000 328
1511093590000 346
1511093590000 347
1511093590000 348
1511093600000 273
1511093600000 274
1511093600000 274
1511093600000 274
1511093600000 274
1511093600000 274
1511093600000 274
1511093600000 274
1511093600000 274
1511093600000 274
1511093600000 274
1511093600000 274
1511093600000 274
1511093600000 274
1511093600000 275
1511093600000 275
1511093600000 275
1511093600000 275
1511093600000 275
1511093600000 275
1511093600000 275
1511093600000 275
1511093600000 275
1511093600000 275
1511093600000 275
1511093600000 275
1511093600000 275
1511093600000 275
1511093600000 275
1511093600000 276
1511093600000 276
1511093600000 276
1511093600000 276
1511093600000 276
1511093600000 276
1511093600000 276
1511093600000 276
1511093600000 276
1511093600000 277
1511093600000 277
1511093600000 277
1511093600000 277
1511093600000 277
1511093600000 277
1511093600000 277
1511093600000 277
1511093600000 277
1511093600000 277
1511093600000 277
1511093600000 277
1511093600000 277
1511093600000 278
1511093600000 278
1511093600000 278
1511093600000 278
1511093600000 278
1511093600000 278
1511093600000 278
1511093600000 278
1511093600000 278
1511093600000 278
1511093600000 278
1511093600000 278
1511093600000 278
1511093600000 279
1511093600000 279
1511093600000 279
1511093600000 279
1511093600000 279
1511093600000 279
1511093600000 279
1511093600000 279
1511093600000 279
1511093600000 279
1511093600000 279
1511093600000 279
1511093600000 279
1511093600000 279
1511093600000 279
1511093600000 280
1511093600000 280
1511093600000 280
1511093600000 280
1511093600000 280
1511093600000 280
1511093600000 280
1511093600000 280
1511093600000 280
1511093600000 280
1511093600000 280
1511093600000 280
1511093600000 280
1511093600000 281
1511093600000 281
1511093600000 281
1511093600000 281
1511093600000 281
1511093600000 281
1511093600000 281
1511093600000 282
1511093610000 345
1511093610000 345
1511093610000 345
1511093610000 345
1511093610000 346
1511093610000 346
1511093610000 346
1511093610000 346
1511093610000 346
1511093610000 346
1511093610000 346
1511093610000 346
1511093610000 346
1511093610000 346
1511093610000 346
1511093610000 346
1511093610000 346
1511093610000 346
1511093610000 346
1511093610000 346
1511093610000 346
1511093610000 346
1511093610000 346
1511093610000 346
1511093610000 346
1511093610000 346
1511093610000 346
1511093610000 346
1511093610000 346
1511093610000 347
1511093610000 347
1511093610000 347
1511093610000 347
1511093610000 347
1511093610000 347
1511093610000 347
1511093610000 347
1511093610000 347
1511093610000 347
1511093610000 347
1511093610000 347
1511093610000 347
1511093610000 347
1511093610000 347
1511093610000 347
1511093610000 347
1511093610000 347
1511093610000 347
1511093610000 347
1511093610000 347
1511093610000 347
1511093610000 347
1511093610000 347
1511093610000 348
1511093610000 348
1511093610000 348
1511093610000 348
1511093610000 348
1511093610000 348
1511093610000 348
1511093610000 348
1511093610000 349
1511093610000 349
1511093610000 349
1511093610000 349
1511093610000 349
1511093610000 349
1511093610000 349
1511093610000 349
1511093610000 349
1511093610000 349
1511093610000 349
1511093610000 349
1511093610000 349
1511093610000 349
1511093610000 349
1511093610000 350
1511093610000 350
1511093610000 350
1511093610000 350
1511093610000 350
1511093610000 350
1511093610000 350
1511093610000 350
1511093610000 350
1511093610000 350
1511093610000 350
1511093610000 350
1511093610000 350
1511093610000 350
1511093610000 351
1511093610000 351
1511093610000 351
1511093610000 351
1511093610000 351
1511093610000 351
1511093610000 351
1511093610000 351
1511093610000 352
1511093610000 352
1511093620000 339
1511093620000 339
1511093620000 339
1511093620000 339
1511093620000 339
1511093620000 339
1511093620000 339
1511093620000 339
1511093620000 339
1511093620000 340
1511093620000 340
1511093620000 340
1511093620000 340
1511093620000 340
1511093620000 340
1511093620000 340
1511093620000 340
1511093620000 340
1511093620000 340
1511093620000 340
1511093620000 340
1511093620000 340
1511093620000 340
1511093620000 340
1511093620000 340
1511093620000 340
1511093620000 340
1511093620000 340
1511093620000 340
1511093620000 340
1511093620000 340
1511093620000 340
1511093620000 341
1511093620000 341
1511093620000 341
1511093620000 341
1511093620000 341
1511093620000 341
1511093620000 341
1511093620000 341
1511093620000 341
1511093620000 341
1511093620000 341
1511093620000 341
1511093620000 341
1511093620000 341
1511093620000 341
1511093620000 341
1511093620000 341
1511093620000 341
1511093620000 342
1511093620000 342
1511093620000 342
1511093620000 342
1511093620000 342
1511093620000 342
1511093620000 342
1511093620000 342
1511093620000 342
1511093620000 342
1511093620000 342
1511093620000 342
1511093620000 343
1511093620000 343
1511093620000 343
1511093620000 343
1511093620000 343
1511093620000 343
1511093620000 343
1511093620000 343
1511093620000 343
1511093620000 343
1511093620000 343
1511093620000 343
1511093620000 343
1511093620000 343
1511093620000 343
1511093620000 343
1511093620000 343
1511093620000 343
1511093620000 343
1511093620000 344
1511093620000 344
1511093620000 344
1511093620000 344
1511093620000 344
1511093620000 344
1511093620000 344
1511093620000 344
1511093620000 344
1511093620000 344
1511093620000 344
1511093620000 344
1511093620000 344
1511093620000 344
1511093620000 344
1511093620000 345
1511093620000 345
1511093620000 345
1511093620000 346
1511093630000 306
1511093630000 306
1511093630000 306
1511093630000 306
1511093630000 306
1511093630000 306
1511093630000 307
1511093630000 307
1511093630000 307
1511093630000 307
1511093630000 307
1511093630000 307
1511093630000 307
1511093630000 307
1511093630000 307
1511093630000 307
1511093630000 307
1511093630000 307
1511093630000 307
1511093630000 307
1511093630000 307
1511093630000 307
1511093630000 307
1511093630000 307
1511093630000 307
1511093630000 307
1511093630000 307
1511093630000 307
1511093630000 307
1511093630000 307
1511093630000 307
1511093630000 307
1511093630000 307
1511093630000 307
1511093630000 308
1511093630000 308
1511093630000 308
1511093630000 308
1511093630000 308
1511093630000 308
1511093630000 308
1511093630000 308
1511093630000 308
1511093630000 308
1511093630000 308
1511093630000 308
1511093630000 308
1511093630000 308
1511093630000 308
1511093630000 308
1511093630000 308
1511093630000 308
1511093630000 308
1511093630000 309
1511093630000 309
1511093630000 309
1511093630000 309
1511093630000 309
1511093630000 309
1511093630000 309
1511093630000 309
1511093630000 309
1511093630000 309
1511093630000 309
1511093630000 309
1511093630000 309
1511093630000 309
1511093630000 309
1511093630000 309
1511093630000 309
1511093630000 309
1511093630000 310
1511093630000 310
1511093630000 310
1511093630000 310
1511093630000 310
1511093630000 310
1511093630000 310
1511093630000 310
1511093630000 310
1511093630000 310
1511093630000 310
1511093630000 310
1511093630000 310
1511093630000 310
1511093630000 310
1511093630000 310
1511093630000 311
1511093630000 311
1511093630000 311
1511093630000 311
1511093630000 311
1511093630000 311
1511093630000 311
1511093630000 311
1511093630000 311
1511093630000 311
1511093630000 311
1511093630000 312
1511093630000 317
1511093640000 297
1511093640000 297
1511093640000 297
1511093640000 298
1511093640000 298
1511093640000 298
1511093640000 298
1511093640000 298
1511093640000 298
1511093640000 298
1511093640000 298
1511093640000 298
1511093640000 298
1511093640000 298
1511093640000 298
1511093640000 298
1511093640000 298
1511093640000 298
1511093640000 298
1511093640000 298
1511093640000 298
1511093640000 298
1511093640000 298
1511093640000 298
1511093640000 298
1511093640000 298
1511093640000 298
1511093640000 298
1511093640000 298
1511093640000 298
1511093640000 298
1511093640000 299
1511093640000 299
1511093640000 299
1511093640000 299
1511093640000 299
1511093640000 299
1511093640000 299
1511093640000 299
1511093640000 299
1511093640000 299
1511093640000 299
1511093640000 299
1511093640000 299
1511093640000 299
1511093640000 299
1511093640000 299
1511093640000 299
1511093640000 299
1511093640000 299
1511093640000 299
1511093640000 299
1511093640000 299
1511093640000 299
1511093640000 299
1511093640000 299
1511093640000 299
1511093640000 299
1511093640000 299
1511093640000 299
1511093640000 299
1511093640000 300
1511093640000 300
1511093640000 300
1511093640000 300
1511093640000 300
1511093640000 300
1511093640000 300
1511093640000 300
1511093640000 300
1511093640000 300
1511093640000 300
1511093640000 300
1511093640000 300
1511093640000 300
1511093640000 300
1511093640000 300
1511093640000 300
1511093640000 300
1511093640000 300
1511093640000 300
1511093640000 300
1511093640000 300
1511093640000 300
1511093640000 301
1511093640000 301
1511093640000 301
1511093640000 301
1511093640000 301
1511093640000 301
1511093640000 301
1511093640000 301
1511093640000 301
1511093640000 301
1511093640000 301
1511093640000 302
1511093640000 312
1511093640000 312
1511093640000 312
1511093640000 312
1511093650000 296
1511093650000 296
1511093650000 296
1511093650000 296
1511093650000 297
1511093650000 297
1511093650000 297
1511093650000 297
1511093650000 297
1511093650000 297
1511093650000 297
1511093650000 297
1511093650000 297
1511093650000 297
1511093650000 297
1511093650000 297
1511093650000 297
1511093650000 297
1511093650000 297
1511093650000 297
1511093650000 297
1511093650000 297
1511093650000 297
1511093650000 297
1511093650000 297
1511093650000 297
1511093650000 297
1511093650000 297
1511093650000 297
1511093650000 297
1511093650000 297
1511093650000 297
1511093650000 297
1511093650000 298
1511093650000 298
1511093650000 298
1511093650000 298
1511093650000 298
1511093650000 298
1511093650000 298
1511093650000 298
1511093650000 298
1511093650000 298
1511093650000 298
1511093650000 298
1511093650000 298
1511093650000 298
1511093650000 298
1511093650000 298
1511093650000 298
1511093650000 298
1511093650000 298
1511093650000 299
1511093650000 299
1511093650000 299
1511093650000 299
1511093650000 299
1511093650000 299
1511093650000 299
1511093650000 299
1511093650000 299
1511093650000 299
1511093650000 299
1511093650000 299
1511093650000 299
1511093650000 299
1511093650000 299
1511093650000 299
1511093650000 299
1511093650000 299
1511093650000 299
1511093650000 300
1511093650000 300
1511093650000 300
1511093650000 300
1511093650000 300
1511093650000 300
1511093650000 300
1511093650000 300
1511093650000 300
1511093650000 300
1511093650000 300
1511093650000 300
1511093650000 300
1511093650000 300
1511093650000 300
1511093650000 300
1511093650000 300
1511093650000 300
1511093650000 300
1511093650000 300
1511093650000 300
1511093650000 300
1511093650000 301
1511093650000 301
1511093650000 301
1511093650000 319
1511093650000 320
1511093650000 320
1511093650000 320
1511093660000 304
1511093660000 304
1511093660000 304
1511093660000 305
1511093660000 305
1511093660000 305
1511093660000 305
1511093660000 305
1511093660000 305
1511093660000 305
1511093660000 305
1511093660000 305
1511093660000 305
1511093660000 305
1511093660000 305
1511093660000 305
1511093660000 305
1511093660000 305
1511093660000 305
1511093660000 305
1511093660000 305
1511093660000 305
1511093660000 305
1511093660000 305
1511093660000 305
1511093660000 305
1511093660000 305
1511093660000 305
1511093660000 305
1511093660000 305
1511093660000 305
1511093660000 306
1511093660000 306
1511093660000 306
1511093660000 306
1511093660000 306
1511093660000 306
1511093660000 306
1511093660000 306
1511093660000 306
1511093660000 306
1511093660000 306
1511093660000 306
1511093660000 306
1511093660000 306
1511093660000 306
1511093660000 306
1511093660000 306
1511093660000 306
1511093660000 306
1511093660000 306
1511093660000 306
1511093660000 306
1511093660000 307
1511093660000 307
1511093660000 307
1511093660000 307
1511093660000 307
1511093660000 307
1511093660000 307
1511093660000 307
1511093660000 307
1511093660000 307
1511093660000 307
1511093660000 307
1511093660000 307
1511093660000 307
1511093660000 307
1511093660000 307
1511093660000 307
1511093660000 307
1511093660000 307
1511093660000 307
1511093660000 307
1511093660000 308
1511093660000 308
1511093660000 308
1511093660000 308
1511093660000 308
1511093660000 308
1511093660000 308
1511093660000 308
1511093660000 308
1511093660000 308
1511093660000 308
1511093660000 308
1511093660000 308
1511093660000 308
1511093660000 308
1511093660000 308
1511093660000 308
1511093660000 308
1511093660000 309
1511093660000 309
1511093660000 309
1511093660000 309
1511093660000 309
1511093660000 309
1511093660000 310
1511093660000 310
1511093670000 335
1511093670000 335
1511093670000 335
1511093670000 335
1511093670000 335
1511093670000 335
1511093670000 335
1511093670000 335
1511093670000 335
1511093670000 335
1511093670000 335
1511093670000 336
1511093670000 336
1511093670000 336
1511093670000 336
1511093670000 336
1511093670000 336
1511093670000 336
1511093670000 336
1511093670000 336
1511093670000 336
1511093670000 336
1511093670000 337
1511093670000 337
1511093670000 337
1511093670000 337
1511093670000 337
1511093670000 337
1511093670000 337
1511093670000 337
1511093670000 337
1511093670000 337
1511093670000 337
1511093670000 337
1511093670000 338
1511093670000 338
1511093670000 338
1511093670000 338
1511093670000 338
1511093670000 338
1511093670000 338
1511093670000 338
1511093670000 338
1511093670000 338
1511093670000 338
1511093670000 338
1511093670000 338
1511093670000 339
1511093670000 339
1511093670000 339
1511093670000 339
1511093670000 339
1511093670000 339
1511093670000 339
1511093670000 339
1511093670000 339
1511093670000 339
1511093670000 339
1511093670000 339
1511093670000 339
1511093670000 339
1511093670000 340
1511093670000 340
1511093670000 340
1511093670000 340
1511093670000 340
1511093670000 340
1511093670000 340
1511093670000 340
1511093670000 341
1511093670000 341
1511093670000 341
1511093670000 341
1511093670000 341
1511093670000 341
1511093670000 341
1511093670000 341
1511093670000 341
1511093670000 341
1511093670000 341
1511093670000 341
1511093670000 341
1511093670000 341
1511093670000 342
1511093670000 342
1511093670000 342
1511093670000 342
1511093670000 342
1511093670000 342
1511093670000 342
1511093670000 367
1511093670000 367
1511093670000 368
1511093670000 368
1511093670000 369
1511093670000 369
1511093670000 370
1511093670000 370
1511093670000 370
1511093670000 371
1511093680000 338
1511093680000 338
1511093680000 338
1511093680000 338
1511093680000 338
1511093680000 338
1511093680000 338
1511093680000 338
1511093680000 338
1511093680000 338
1511093680000 338
1511093680000 338
1511093680000 338
1511093680000 339
1511093680000 339
1511093680000 339
1511093680000 339
1511093680000 339
1511093680000 339
1511093680000 339
1511093680000 339
1511093680000 339
1511093680000 339
1511093680000 339
1511093680000 339
1511093680000 339
1511093680000 339
1511093680000 339
1511093680000 339
1511093680000 339
1511093680000 339
1511093680000 339
1511093680000 339
1511093680000 339
1511093680000 339
1511093680000 339
1511093680000 339
1511093680000 339
1511093680000 339
1511093680000 339
1511093680000 339
1511093680000 339
1511093680000 339
1511093680000 340
1511093680000 340
1511093680000 340
1511093680000 340
1511093680000 340
1511093680000 340
1511093680000 340
1511093680000 340
1511093680000 340
1511093680000 340
1511093680000 340
1511093680000 340
1511093680000 341
1511093680000 341
1511093680000 341
1511093680000 341
1511093680000 341
1511093680000 341
1511093680000 341
1511093680000 341
1511093680000 341
1511093680000 341
1511093680000 341
1511093680000 341
1511093680000 341
1511093680000 341
1511093680000 341
1511093680000 341
1511093680000 341
1511093680000 341
1511093680000 341
1511093680000 341
1511093680000 341
1511093680000 341
1511093680000 341
1511093680000 341
1511093680000 342
1511093680000 342
1511093680000 342
1511093680000 342
1511093680000 342
1511093680000 342
1511093680000 342
1511093680000 342
1511093680000 342
1511093680000 342
1511093680000 342
1511093680000 342
1511093680000 342
1511093680000 342
1511093680000 343
1511093680000 343
1511093680000 343
1511093680000 352
1511093680000 352
1511093680000 352
1511093680000 353
1511093690000 345
1511093690000 346
1511093690000 346
1511093690000 346
1511093690000 346
1511093690000 346
1511093690000 347
1511093690000 347
1511093690000 347
1511093690000 347
1511093690000 347
1511093690000 347
1511093690000 347
1511093690000 347
1511093690000 347
1511093690000 347
1511093690000 348
1511093690000 348
1511093690000 348
1511093690000 348
1511093690000 348
1511093690000 348
1511093690000 348
1511093690000 348
1511093690000 348
1511093690000 348
1511093690000 348
1511093690000 348
1511093690000 348
1511093690000 348
1511093690000 348
1511093690000 348
1511093690000 348
1511093690000 348
1511093690000 348
1511093690000 348
1511093690000 349
1511093690000 349
1511093690000 349
1511093690000 349
1511093690000 349
1511093690000 349
1511093690000 349
1511093690000 350
1511093690000 350
1511093690000 350
1511093690000 350
1511093690000 350
1511093690000 350
1511093690000 350
1511093690000 350
1511093690000 350
1511093690000 350
1511093690000 350
1511093690000 350
1511093690000 350
1511093690000 350
1511093690000 350
1511093690000 350
1511093690000 350
1511093690000 351
1511093690000 351
1511093690000 351
1511093690000 351
1511093690000 351
1511093690000 351
1511093690000 351
1511093690000 351
1511093690000 352
1511093690000 352
1511093690000 352
1511093690000 352
1511093690000 352
1511093690000 352
1511093690000 352
1511093690000 352
1511093690000 352
1511093690000 352
1511093690000 352
1511093690000 352
1511093690000 352
1511093690000 352
1511093690000 352
1511093690000 352
1511093690000 352
1511093690000 352
1511093690000 353
1511093690000 353
1511093690000 353
1511093690000 353
1511093690000 353
1511093690000 353
1511093690000 353
1511093690000 353
1511093690000 353
1511093690000 353
1511093690000 353
1511093690000 354
1511093690000 354
1511093690000 354
1511093700000 294
1511093700000 294
1511093700000 294
1511093700000 294
1511093700000 294
1511093700000 294
1511093700000 294
1511093700000 294
1511093700000 294
1511093700000 294
1511093700000 294
1511093700000 294
1511093700000 294
1511093700000 294
1511093700000 294
1511093700000 294
1511093700000 294
1511093700000 294
1511093700000 294
1511093700000 294
1511093700000 294
1511093700000 294
1511093700000 294
1511093700000 294
1511093700000 294
1511093700000 294
1511093700000 294
1511093700000 294
1511093700000 294
1511093700000 294
1511093700000 294
1511093700000 294
1511093700000 294
1511093700000 294
1511093700000 294
1511093700000 294
1511093700000 294
1511093700000 294
1511093700000 294
1511093700000 294
1511093700000 294
1511093700000 294
1511093700000 294
1511093700000 294
1511093700000 295
1511093700000 295
1511093700000 295
1511093700000 295
1511093700000 295
1511093700000 296
1511093700000 296
1511093700000 296
1511093700000 296
1511093700000 296
1511093700000 296
1511093700000 296
1511093700000 296
1511093700000 296
1511093700000 296
1511093700000 296
1511093700000 296
1511093700000 296
1511093700000 296
1511093700000 296
1511093700000 296
1511093700000 296
1511093700000 296
1511093700000 296
1511093700000 296
1511093700000 296
1511093700000 296
1511093700000 296
1511093700000 296
1511093700000 296
1511093700000 296
1511093700000 296
1511093700000 297
1511093700000 297
1511093700000 298
1511093700000 298
1511093700000 298
1511093700000 298
1511093700000 298
1511093700000 299
1511093700000 299
1511093700000 299
1511093700000 299
1511093700000 299
1511093700000 299
1511093700000 300
1511093700000 300
1511093700000 300
1511093700000 318
1511093700000 320
1511093700000 320
1511093700000 320
1511093700000 320
1511093700000 321
1511093700000 321
1511093700000 321
1511093710000 -6986
1511093710000 -6988
1511093710000 -6990
1511093710000 -7957
1511093710000 -7973
1511093710000 -7973
1511093710000 -7982
1511093710000 -7982
1511093710000 -7982
1511093710000 -7982
1511093710000 -7982
1511093710000 -7983
1511093710000 -7983
1511093710000 -7983
1511093710000 -7983
1511093710000 -7983
1511093710000 -7983
1511093710000 -7983
1511093710000 -7983
1511093710000 -7983
1511093710000 -7983
1511093710000 -7983
1511093710000 -7983
1511093710000 -7984
1511093710000 -7984
1511093710000 -7984
1511093710000 -7984
1511093710000 -7985
1511093710000 -7985
1511093710000 -7985
1511093710000 -7985
1511093710000 -7985
1511093710000 -7985
1511093710000 -7985
1511093710000 -7986
1511093710000 -7986
1511093710000 -7986
1511093710000 -7986
1511093710000 -7986
1511093710000 -7986
1511093710000 -7986
1511093710000 -7986
1511093710000 -7986
1511093710000 -7986
1511093710000 -7986
1511093710000 -7986
1511093710000 -7987
1511093710000 -7987
1511093710000 -7987
1511093710000 -7987
1511093710000 -7987
1511093710000 -7987
1511093710000 -7987
1511093710000 -7987
1511093710000 -7987
1511093710000 -7987
1511093710000 -7987
1511093710000 -7987
1511093710000 -7988
1511093710000 -7988
1511093710000 -7988
1511093710000 -7988
1511093710000 -7988
1511093710000 -7989
1511093710000 -7989
1511093710000 -7989
1511093710000 -7990
1511093710000 -8958
1511093710000 -8982
1511093710000 -8983
1511093710000 -8984
1511093710000 -8984
1511093710000 -8984
1511093710000 -8985
1511093710000 -8985
1511093710000 -8985
1511093710000 -8985
1511093710000 -8985
1511093710000 -8985
1511093710000 -8985
1511093710000 -8985
1511093710000 -8985
1511093710000 -8986
1511093710000 -8986
1511093710000 -8986
1511093710000 -8986
1511093710000 -8986
1511093710000 -8986
1511093710000 -8986
1511093710000 -8987
1511093710000 -8987
1511093710000 -8988
1511093710000 -8988
1511093710000 -8988
1511093710000 -8988
1511093710000 -8988
1511093710000 -8989
1511093710000 -8989
1511093710000 -8989
1511093710000 -8990
