1512081720000 2261
1512081720000 2261
1512081720000 2261
1512081720000 2261
1512081720000 2262
1512081720000 2262
1512081720000 2262
1512081720000 2262
1512081720000 2262
1512081720000 2262
1512081720000 2262
1512081720000 2262
1512081720000 2262
1512081720000 2262
1512081720000 2262
1512081720000 2262
1512081720000 2262
1512081720000 2262
1512081720000 2262
1512081720000 2262
1512081720000 2262
1512081720000 2262
1512081720000 2262
1512081720000 2262
1512081720000 2262
1512081720000 2262
1512081720000 2262
1512081720000 2262
1512081720000 2262
1512081720000 2262
1512081720000 2263
1512081720000 2263
1512081720000 2263
1512081720000 2263
1512081720000 2263
1512081720000 2263
1512081720000 2263
1512081720000 2263
1512081720000 2263
1512081720000 2263
1512081720000 2263
1512081720000 2263
1512081720000 2263
1512081720000 2263
1512081720000 2263
1512081720000 2263
1512081720000 2263
1512081720000 2263
1512081720000 2263
1512081720000 2263
1512081720000 2263
1512081720000 2264
1512081720000 2264
1512081720000 2264
1512081720000 2264
1512081720000 2264
1512081720000 2264
1512081720000 2264
1512081720000 2264
1512081720000 2264
1512081720000 2264
1512081720000 2264
1512081720000 2264
1512081720000 2264
1512081720000 2264
1512081720000 2264
1512081720000 2265
1512081720000 2265
1512081720000 2265
1512081720000 2265
1512081720000 2265
1512081720000 2265
1512081720000 2265
1512081720000 2265
1512081720000 2265
1512081720000 2265
1512081720000 2266
1512081720000 2266
1512081720000 2266
1512081720000 2266
1512081720000 2266
1512081720000 2267
1512081720000 2267
1512081720000 2267
1512081720000 2267
1512081720000 2268
1512081720000 2269
1512081720000 2269
1512081720000 2269
1512081720000 2270
1512081720000 2270
1512081720000 2296
1512081720000 2297
1512081720000 2297
1512081720000 2297
1512081720000 2299
1512081720000 2299
1512081720000 2300
1512081720000 2300
1512081720000 2300
1512081730000 2251
1512081730000 2251
1512081730000 2252
1512081730000 2252
1512081730000 2252
1512081730000 2252
1512081730000 2252
1512081730000 2252
1512081730000 2252
1512081730000 2253
1512081730000 2253
1512081730000 2253
1512081730000 2253
1512081730000 2253
1512081730000 2253
1512081730000 2253
1512081730000 2253
1512081730000 2253
1512081730000 2254
1512081730000 2254
1512081730000 2254
1512081730000 2254
1512081730000 2254
1512081730000 2254
1512081730000 2254
1512081730000 2254
1512081730000 2254
1512081730000 2255
1512081730000 2255
1512081730000 2255
1512081730000 2255
1512081730000 2255
1512081730000 2255
1512081730000 2255
1512081730000 2255
1512081730000 2255
1512081730000 2255
1512081730000 2255
1512081730000 2256
1512081730000 2256
1512081730000 2256
1512081730000 2256
1512081730000 2256
1512081730000 2256
1512081730000 2256
1512081730000 2256
1512081730000 2256
1512081730000 2256
1512081730000 2256
1512081730000 2257
1512081730000 2257
1512081730000 2257
1512081730000 2257
1512081730000 2257
1512081730000 2257
1512081730000 2257
1512081730000 2257
1512081730000 2257
1512081730000 2257
1512081730000 2257
1512081730000 2257
1512081730000 2258
1512081730000 2258
1512081730000 2258
1512081730000 2258
1512081730000 2258
1512081730000 2258
1512081730000 2258
1512081730000 2258
1512081730000 2258
1512081730000 2259
1512081730000 2259
1512081730000 2259
1512081730000 2259
1512081730000 2259
1512081730000 2259
1512081730000 2259
1512081730000 2259
1512081730000 2259
1512081730000 2260
1512081730000 2260
1512081730000 2260
1512081730000 2260
1512081730000 2260
1512081730000 2260
1512081730000 2261
1512081730000 2261
1512081730000 2261
1512081730000 2261
1512081730000 2261
1512081730000 2261
1512081730000 2262
1512081730000 2262
1512081730000 2262
1512081730000 2262
1512081730000 2262
1512081730000 2263
1512081730000 2263
1512081730000 2263
1512081730000 2264
1512081740000 2254
1512081740000 2254
1512081740000 2255
1512081740000 2255
1512081740000 2255
1512081740000 2255
1512081740000 2255
1512081740000 2255
1512081740000 2255
1512081740000 2256
1512081740000 2256
1512081740000 2256
1512081740000 2256
1512081740000 2256
1512081740000 2256
1512081740000 2257
1512081740000 2257
1512081740000 2257
1512081740000 2257
1512081740000 2257
1512081740000 2257
1512081740000 2257
1512081740000 2257
1512081740000 2257
1512081740000 2258
1512081740000 2258
1512081740000 2258
1512081740000 2258
1512081740000 2258
1512081740000 2258
1512081740000 2258
1512081740000 2259
1512081740000 2259
1512081740000 2259
1512081740000 2259
1512081740000 2259
1512081740000 2260
1512081740000 2260
1512081740000 2260
1512081740000 2260
1512081740000 2260
1512081740000 2260
1512081740000 2260
1512081740000 2260
1512081740000 2260
1512081740000 2260
1512081740000 2260
1512081740000 2260
1512081740000 2261
1512081740000 2261
1512081740000 2261
1512081740000 2261
1512081740000 2261
1512081740000 2262
1512081740000 2262
1512081740000 2262
1512081740000 2262
1512081740000 2262
1512081740000 2262
1512081740000 2262
1512081740000 2262
1512081740000 2263
1512081740000 2263
1512081740000 2263
1512081740000 2263
1512081740000 2263
1512081740000 2263
1512081740000 2263
1512081740000 2263
1512081740000 2263
1512081740000 2263
1512081740000 2263
1512081740000 2263
1512081740000 2264
1512081740000 2264
1512081740000 2264
1512081740000 2264
1512081740000 2264
1512081740000 2264
1512081740000 2264
1512081740000 2265
1512081740000 2265
1512081740000 2265
1512081740000 2265
1512081740000 2265
1512081740000 2266
1512081740000 2266
1512081740000 2266
1512081740000 2266
1512081740000 2266
1512081740000 2266
1512081740000 2266
1512081740000 2266
1512081740000 2267
1512081740000 2267
1512081740000 2291
1512081740000 2292
1512081740000 2292
1512081740000 2292
1512081740000 2293
1512081750000 2184
1512081750000 2185
1512081750000 2186
1512081750000 2186
1512081750000 2186
1512081750000 2186
1512081750000 2186
1512081750000 2186
1512081750000 2187
1512081750000 2187
1512081750000 2187
1512081750000 2187
1512081750000 2187
1512081750000 2188
1512081750000 2188
1512081750000 2188
1512081750000 2188
1512081750000 2188
1512081750000 2188
1512081750000 2188
1512081750000 2188
1512081750000 2188
1512081750000 2189
1512081750000 2189
1512081750000 2189
1512081750000 2189
1512081750000 2189
1512081750000 2189
1512081750000 2189
1512081750000 2189
1512081750000 2190
1512081750000 2190
1512081750000 2190
1512081750000 2190
1512081750000 2190
1512081750000 2190
1512081750000 2190
1512081750000 2190
1512081750000 2190
1512081750000 2190
1512081750000 2190
1512081750000 2190
1512081750000 2190
1512081750000 2191
1512081750000 2191
1512081750000 2191
1512081750000 2191
1512081750000 2191
1512081750000 2191
1512081750000 2191
1512081750000 2191
1512081750000 2191
1512081750000 2191
1512081750000 2192
1512081750000 2192
1512081750000 2192
1512081750000 2192
1512081750000 2192
1512081750000 2192
1512081750000 2192
1512081750000 2192
1512081750000 2192
1512081750000 2192
1512081750000 2192
1512081750000 2193
1512081750000 2193
1512081750000 2193
1512081750000 2193
1512081750000 2193
1512081750000 2193
1512081750000 2193
1512081750000 2194
1512081750000 2194
1512081750000 2194
1512081750000 2194
1512081750000 2194
1512081750000 2194
1512081750000 2194
1512081750000 2194
1512081750000 2195
1512081750000 2195
1512081750000 2195
1512081750000 2195
1512081750000 2195
1512081750000 2195
1512081750000 2196
1512081750000 2196
1512081750000 2197
1512081750000 2197
1512081750000 2198
1512081750000 2204
1512081750000 2205
1512081750000 2205
1512081750000 2205
1512081750000 2205
1512081750000 2211
1512081750000 2211
1512081750000 2223
1512081750000 2223
1512081750000 2245
1512081760000 1845
1512081760000 1846
1512081760000 1846
1512081760000 1846
1512081760000 1847
1512081760000 1847
1512081760000 1848
1512081760000 1848
1512081760000 1848
1512081760000 1848
1512081760000 1848
1512081760000 1848
1512081760000 1848
1512081760000 1848
1512081760000 1849
1512081760000 1849
1512081760000 1849
1512081760000 1849
1512081760000 1850
1512081760000 1850
1512081760000 1850
1512081760000 1850
1512081760000 1850
1512081760000 1850
1512081760000 1850
1512081760000 1850
1512081760000 1850
1512081760000 1850
1512081760000 1851
1512081760000 1851
1512081760000 1851
1512081760000 1851
1512081760000 1851
1512081760000 1851
1512081760000 1851
1512081760000 1851
1512081760000 1851
1512081760000 1851
1512081760000 1851
1512081760000 1852
1512081760000 1852
1512081760000 1852
1512081760000 1852
1512081760000 1852
1512081760000 1852
1512081760000 1852
1512081760000 1852
1512081760000 1853
1512081760000 1853
1512081760000 1853
1512081760000 1853
1512081760000 1853
1512081760000 1853
1512081760000 1854
1512081760000 1854
1512081760000 1854
1512081760000 1854
1512081760000 1854
1512081760000 1854
1512081760000 1854
1512081760000 1854
1512081760000 1855
1512081760000 1855
1512081760000 1855
1512081760000 1855
1512081760000 1855
1512081760000 1855
1512081760000 1855
1512081760000 1855
1512081760000 1855
1512081760000 1856
1512081760000 1856
1512081760000 1856
1512081760000 1856
1512081760000 1856
1512081760000 1857
1512081760000 1857
1512081760000 1857
1512081760000 1857
1512081760000 1858
1512081760000 1858
1512081760000 1859
1512081760000 1859
1512081760000 1859
1512081760000 1862
1512081760000 1862
1512081760000 1863
1512081760000 1863
1512081760000 1879
1512081760000 1879
1512081760000 1880
1512081760000 1880
1512081760000 1880
1512081760000 1880
1512081760000 1880
1512081760000 1883
1512081760000 1883
1512081760000 1884
1512081760000 1884
1512081760000 1884
1512081770000 2207
1512081770000 2207
1512081770000 2207
1512081770000 2207
1512081770000 2207
1512081770000 2208
1512081770000 2208
1512081770000 2208
1512081770000 2208
1512081770000 2208
1512081770000 2208
1512081770000 2208
1512081770000 2208
1512081770000 2208
1512081770000 2208
1512081770000 2208
1512081770000 2208
1512081770000 2208
1512081770000 2208
1512081770000 2208
1512081770000 2208
1512081770000 2208
1512081770000 2208
1512081770000 2208
1512081770000 2208
1512081770000 2209
1512081770000 2209
1512081770000 2209
1512081770000 2209
1512081770000 2209
1512081770000 2209
1512081770000 2209
1512081770000 2209
1512081770000 2209
1512081770000 2210
1512081770000 2210
1512081770000 2210
1512081770000 2210
1512081770000 2210
1512081770000 2210
1512081770000 2210
1512081770000 2210
1512081770000 2210
1512081770000 2210
1512081770000 2210
1512081770000 2210
1512081770000 2210
1512081770000 2210
1512081770000 2210
1512081770000 2210
1512081770000 2211
1512081770000 2211
1512081770000 2211
1512081770000 2211
1512081770000 2211
1512081770000 2211
1512081770000 2211
1512081770000 2211
1512081770000 2211
1512081770000 2211
1512081770000 2211
1512081770000 2211
1512081770000 2211
1512081770000 2212
1512081770000 2212
1512081770000 2212
1512081770000 2212
1512081770000 2212
1512081770000 2212
1512081770000 2213
1512081770000 2213
1512081770000 2213
1512081770000 2213
1512081770000 2213
1512081770000 2213
1512081770000 2213
1512081770000 2214
1512081770000 2214
1512081770000 2214
1512081770000 2215
1512081770000 2215
1512081770000 2215
1512081770000 2215
1512081770000 2215
1512081770000 2216
1512081770000 2216
1512081770000 2217
1512081770000 2217
1512081770000 2218
1512081770000 2235
1512081770000 2236
1512081770000 2245
1512081770000 2246
1512081770000 2247
1512081770000 2247
1512081770000 2247
1512081770000 2247
1512081770000 2247
1512081770000 2248
1512081770000 2248
1512081780000 2277
1512081780000 2280
1512081780000 2280
1512081780000 2281
1512081780000 2281
1512081780000 2281
1512081780000 2282
1512081780000 2282
1512081780000 2282
1512081780000 2282
1512081780000 2282
1512081780000 2283
1512081780000 2283
1512081780000 2283
1512081780000 2283
1512081780000 2283
1512081780000 2283
1512081780000 2283
1512081780000 2284
1512081780000 2284
1512081780000 2284
1512081780000 2284
1512081780000 2284
1512081780000 2284
1512081780000 2284
1512081780000 2284
1512081780000 2284
1512081780000 2284
1512081780000 2284
1512081780000 2284
1512081780000 2285
1512081780000 2285
1512081780000 2285
1512081780000 2285
1512081780000 2286
1512081780000 2286
1512081780000 2286
1512081780000 2286
1512081780000 2286
1512081780000 2286
1512081780000 2286
1512081780000 2286
1512081780000 2286
1512081780000 2286
1512081780000 2287
1512081780000 2287
1512081780000 2287
1512081780000 2287
1512081780000 2287
1512081780000 2287
1512081780000 2287
1512081780000 2287
1512081780000 2287
1512081780000 2287
1512081780000 2287
1512081780000 2288
1512081780000 2288
1512081780000 2288
1512081780000 2288
1512081780000 2288
1512081780000 2288
1512081780000 2288
1512081780000 2288
1512081780000 2288
1512081780000 2288
1512081780000 2288
1512081780000 2288
1512081780000 2289
1512081780000 2289
1512081780000 2289
1512081780000 2289
1512081780000 2289
1512081780000 2289
1512081780000 2289
1512081780000 2289
1512081780000 2289
1512081780000 2289
1512081780000 2289
1512081780000 2289
1512081780000 2289
1512081780000 2290
1512081780000 2290
1512081780000 2290
1512081780000 2290
1512081780000 2290
1512081780000 2291
1512081780000 2291
1512081780000 2291
1512081780000 2291
1512081780000 2291
1512081780000 2291
1512081780000 2291
1512081780000 2292
1512081780000 2292
1512081780000 2293
1512081780000 2293
1512081780000 2294
1512081780000 2294
1512081780000 2295
1512081780000 2295
1512081790000 2255
1512081790000 2255
1512081790000 2255
1512081790000 2256
1512081790000 2256
1512081790000 2256
1512081790000 2256
1512081790000 2256
1512081790000 2256
1512081790000 2256
1512081790000 2256
1512081790000 2256
1512081790000 2256
1512081790000 2256
1512081790000 2256
1512081790000 2256
1512081790000 2256
1512081790000 2256
1512081790000 2256
1512081790000 2257
1512081790000 2257
1512081790000 2257
1512081790000 2257
1512081790000 2257
1512081790000 2257
1512081790000 2257
1512081790000 2257
1512081790000 2257
1512081790000 2257
1512081790000 2257
1512081790000 2257
1512081790000 2257
1512081790000 2257
1512081790000 2257
1512081790000 2258
1512081790000 2258
1512081790000 2258
1512081790000 2258
1512081790000 2258
1512081790000 2258
1512081790000 2258
1512081790000 2258
1512081790000 2258
1512081790000 2258
1512081790000 2258
1512081790000 2258
1512081790000 2258
1512081790000 2258
1512081790000 2259
1512081790000 2259
1512081790000 2259
1512081790000 2259
1512081790000 2259
1512081790000 2259
1512081790000 2259
1512081790000 2259
1512081790000 2259
1512081790000 2259
1512081790000 2259
1512081790000 2259
1512081790000 2259
1512081790000 2260
1512081790000 2260
1512081790000 2260
1512081790000 2260
1512081790000 2260
1512081790000 2260
1512081790000 2260
1512081790000 2260
1512081790000 2260
1512081790000 2261
1512081790000 2261
1512081790000 2261
1512081790000 2261
1512081790000 2261
1512081790000 2261
1512081790000 2261
1512081790000 2262
1512081790000 2262
1512081790000 2262
1512081790000 2262
1512081790000 2262
1512081790000 2263
1512081790000 2263
1512081790000 2263
1512081790000 2270
1512081790000 2270
1512081790000 2276
1512081790000 2276
1512081790000 2280
1512081790000 2281
1512081790000 2281
1512081790000 2281
1512081790000 2299
1512081790000 2299
1512081790000 2299
1512081790000 2300
1512081790000 2300
1512081790000 2301
1512081790000 2301
1512081800000 2234
1512081800000 2234
1512081800000 2234
1512081800000 2234
1512081800000 2234
1512081800000 2234
1512081800000 2234
1512081800000 2234
1512081800000 2234
1512081800000 2234
1512081800000 2235
1512081800000 2235
1512081800000 2235
1512081800000 2235
1512081800000 2235
1512081800000 2235
1512081800000 2235
1512081800000 2235
1512081800000 2235
1512081800000 2235
1512081800000 2235
1512081800000 2235
1512081800000 2236
1512081800000 2236
1512081800000 2236
1512081800000 2236
1512081800000 2236
1512081800000 2236
1512081800000 2236
1512081800000 2236
1512081800000 2236
1512081800000 2236
1512081800000 2236
1512081800000 2236
1512081800000 2236
1512081800000 2237
1512081800000 2237
1512081800000 2237
1512081800000 2237
1512081800000 2237
1512081800000 2237
1512081800000 2237
1512081800000 2237
1512081800000 2237
1512081800000 2237
1512081800000 2237
1512081800000 2237
1512081800000 2237
1512081800000 2237
1512081800000 2237
1512081800000 2237
1512081800000 2238
1512081800000 2238
1512081800000 2238
1512081800000 2238
1512081800000 2238
1512081800000 2238
1512081800000 2238
1512081800000 2238
1512081800000 2238
1512081800000 2239
1512081800000 2239
1512081800000 2239
1512081800000 2239
1512081800000 2239
1512081800000 2240
1512081800000 2240
1512081800000 2240
1512081800000 2240
1512081800000 2240
1512081800000 2240
1512081800000 2241
1512081800000 2241
1512081800000 2241
1512081800000 2241
1512081800000 2241
1512081800000 2241
1512081800000 2241
1512081800000 2241
1512081800000 2241
1512081800000 2241
1512081800000 2241
1512081800000 2242
1512081800000 2242
1512081800000 2242
1512081800000 2242
1512081800000 2242
1512081800000 2242
1512081800000 2242
1512081800000 2242
1512081800000 2243
1512081800000 2243
1512081800000 2243
1512081800000 2243
1512081800000 2243
1512081800000 2272
1512081800000 2272
1512081800000 2273
1512081800000 2273
1512081800000 2273
1512081810000 2235
1512081810000 2236
1512081810000 2236
1512081810000 2236
1512081810000 2236
1512081810000 2236
1512081810000 2236
1512081810000 2236
1512081810000 2236
1512081810000 2236
1512081810000 2236
1512081810000 2236
1512081810000 2236
1512081810000 2236
1512081810000 2236
1512081810000 2236
1512081810000 2236
1512081810000 2236
1512081810000 2236
1512081810000 2236
1512081810000 2236
1512081810000 2236
1512081810000 2236
1512081810000 2236
1512081810000 2236
1512081810000 2236
1512081810000 2236
1512081810000 2236
1512081810000 2237
1512081810000 2237
1512081810000 2237
1512081810000 2237
1512081810000 2237
1512081810000 2237
1512081810000 2237
1512081810000 2237
1512081810000 2237
1512081810000 2237
1512081810000 2237
1512081810000 2237
1512081810000 2237
1512081810000 2237
1512081810000 2237
1512081810000 2237
1512081810000 2237
1512081810000 2237
1512081810000 2237
1512081810000 2237
1512081810000 2238
1512081810000 2238
1512081810000 2238
1512081810000 2238
1512081810000 2238
1512081810000 2238
1512081810000 2238
1512081810000 2238
1512081810000 2238
1512081810000 2238
1512081810000 2238
1512081810000 2238
1512081810000 2238
1512081810000 2238
1512081810000 2238
1512081810000 2238
1512081810000 2238
1512081810000 2239
1512081810000 2239
1512081810000 2239
1512081810000 2239
1512081810000 2239
1512081810000 2239
1512081810000 2239
1512081810000 2239
1512081810000 2239
1512081810000 2239
1512081810000 2240
1512081810000 2240
1512081810000 2240
1512081810000 2240
1512081810000 2240
1512081810000 2240
1512081810000 2240
1512081810000 2240
1512081810000 2241
1512081810000 2241
1512081810000 2241
1512081810000 2241
1512081810000 2241
1512081810000 2241
1512081810000 2242
1512081810000 2242
1512081810000 2257
1512081810000 2259
1512081810000 2259
1512081810000 2260
1512081810000 2275
1512081810000 2275
1512081810000 2275
1512081810000 2275
1512081810000 2275
1512081820000 2183
1512081820000 2184
1512081820000 2185
1512081820000 2185
1512081820000 2185
1512081820000 2185
1512081820000 2185
1512081820000 2185
1512081820000 2185
1512081820000 2185
1512081820000 2185
1512081820000 2186
1512081820000 2186
1512081820000 2186
1512081820000 2186
1512081820000 2186
1512081820000 2186
1512081820000 2187
1512081820000 2187
1512081820000 2187
1512081820000 2187
1512081820000 2187
1512081820000 2187
1512081820000 2188
1512081820000 2188
1512081820000 2188
1512081820000 2188
1512081820000 2188
1512081820000 2188
1512081820000 2188
1512081820000 2188
1512081820000 2188
1512081820000 2188
1512081820000 2188
1512081820000 2188
1512081820000 2188
1512081820000 2188
1512081820000 2188
1512081820000 2188
1512081820000 2188
1512081820000 2189
1512081820000 2189
1512081820000 2189
1512081820000 2189
1512081820000 2189
1512081820000 2189
1512081820000 2189
1512081820000 2189
1512081820000 2189
1512081820000 2189
1512081820000 2189
1512081820000 2189
1512081820000 2190
1512081820000 2190
1512081820000 2190
1512081820000 2190
1512081820000 2190
1512081820000 2190
1512081820000 2190
1512081820000 2190
1512081820000 2190
1512081820000 2190
1512081820000 2190
1512081820000 2190
1512081820000 2190
1512081820000 2190
1512081820000 2191
1512081820000 2191
1512081820000 2191
1512081820000 2191
1512081820000 2191
1512081820000 2191
1512081820000 2191
1512081820000 2191
1512081820000 2191
1512081820000 2191
1512081820000 2191
1512081820000 2191
1512081820000 2191
1512081820000 2191
1512081820000 2192
1512081820000 2192
1512081820000 2192
1512081820000 2192
1512081820000 2192
1512081820000 2192
1512081820000 2192
1512081820000 2192
1512081820000 2192
1512081820000 2192
1512081820000 2192
1512081820000 2193
1512081820000 2193
1512081820000 2193
1512081820000 2193
1512081820000 2193
1512081820000 2193
1512081820000 2193
1512081820000 2194
1512081820000 2194
1512081830000 2173
1512081830000 2173
1512081830000 2173
1512081830000 2174
1512081830000 2175
1512081830000 2175
1512081830000 2175
1512081830000 2175
1512081830000 2175
1512081830000 2175
1512081830000 2175
1512081830000 2176
1512081830000 2176
1512081830000 2176
1512081830000 2176
1512081830000 2176
1512081830000 2176
1512081830000 2176
1512081830000 2176
1512081830000 2176
1512081830000 2176
1512081830000 2176
1512081830000 2176
1512081830000 2176
1512081830000 2177
1512081830000 2177
1512081830000 2177
1512081830000 2177
1512081830000 2177
1512081830000 2177
1512081830000 2177
1512081830000 2177
1512081830000 2177
1512081830000 2177
1512081830000 2177
1512081830000 2177
1512081830000 2178
1512081830000 2178
1512081830000 2178
1512081830000 2178
1512081830000 2178
1512081830000 2178
1512081830000 2178
1512081830000 2178
1512081830000 2178
1512081830000 2178
1512081830000 2178
1512081830000 2178
1512081830000 2179
1512081830000 2179
1512081830000 2179
1512081830000 2179
1512081830000 2179
1512081830000 2179
1512081830000 2179
1512081830000 2180
1512081830000 2180
1512081830000 2180
1512081830000 2180
1512081830000 2181
1512081830000 2181
1512081830000 2181
1512081830000 2181
1512081830000 2181
1512081830000 2181
1512081830000 2181
1512081830000 2181
1512081830000 2182
1512081830000 2182
1512081830000 2182
1512081830000 2182
1512081830000 2182
1512081830000 2182
1512081830000 2182
1512081830000 2182
1512081830000 2182
1512081830000 2182
1512081830000 2182
1512081830000 2182
1512081830000 2183
1512081830000 2183
1512081830000 2183
1512081830000 2183
1512081830000 2183
1512081830000 2183
1512081830000 2183
1512081830000 2184
1512081830000 2184
1512081830000 2185
1512081830000 2193
1512081830000 2194
1512081830000 2194
1512081830000 2194
1512081830000 2195
1512081830000 2204
1512081830000 2204
1512081830000 2205
1512081830000 2205
1512081830000 2207
1512081830000 2208
1512081840000 2192
1512081840000 2192
1512081840000 2192
1512081840000 2192
1512081840000 2194
1512081840000 2195
1512081840000 2195
1512081840000 2195
1512081840000 2195
1512081840000 2195
1512081840000 2195
1512081840000 2196
1512081840000 2196
1512081840000 2196
1512081840000 2196
1512081840000 2196
1512081840000 2197
1512081840000 2197
1512081840000 2197
1512081840000 2197
1512081840000 2197
1512081840000 2197
1512081840000 2197
1512081840000 2197
1512081840000 2197
1512081840000 2197
1512081840000 2197
1512081840000 2197
1512081840000 2198
1512081840000 2198
1512081840000 2198
1512081840000 2198
1512081840000 2198
1512081840000 2198
1512081840000 2198
1512081840000 2198
1512081840000 2198
1512081840000 2198
1512081840000 2198
1512081840000 2199
1512081840000 2199
1512081840000 2199
1512081840000 2199
1512081840000 2199
1512081840000 2199
1512081840000 2199
1512081840000 2199
1512081840000 2199
1512081840000 2199
1512081840000 2199
1512081840000 2199
1512081840000 2199
1512081840000 2200
1512081840000 2200
1512081840000 2200
1512081840000 2200
1512081840000 2200
1512081840000 2200
1512081840000 2200
1512081840000 2200
1512081840000 2200
1512081840000 2200
1512081840000 2200
1512081840000 2200
1512081840000 2201
1512081840000 2201
1512081840000 2201
1512081840000 2201
1512081840000 2201
1512081840000 2201
1512081840000 2201
1512081840000 2201
1512081840000 2201
1512081840000 2201
1512081840000 2202
1512081840000 2202
1512081840000 2202
1512081840000 2202
1512081840000 2202
1512081840000 2202
1512081840000 2202
1512081840000 2202
1512081840000 2202
1512081840000 2203
1512081840000 2203
1512081840000 2203
1512081840000 2204
1512081840000 2204
1512081840000 2205
1512081840000 2205
1512081840000 2205
1512081840000 2206
1512081840000 2206
1512081840000 2207
1512081840000 2207
1512081840000 2208
1512081840000 2208
1512081840000 2210
1512081840000 2211
1512081840000 2212
1512081850000 1818
1512081850000 1818
1512081850000 1818
1512081850000 1818
1512081850000 1818
1512081850000 1818
1512081850000 1818
1512081850000 1818
1512081850000 1818
1512081850000 1818
1512081850000 1818
1512081850000 1818
1512081850000 1818
1512081850000 1818
1512081850000 1818
1512081850000 1818
1512081850000 1819
1512081850000 1819
1512081850000 1819
1512081850000 1819
1512081850000 1819
1512081850000 1819
1512081850000 1819
1512081850000 1819
1512081850000 1819
1512081850000 1819
1512081850000 1819
1512081850000 1819
1512081850000 1819
1512081850000 1819
1512081850000 1819
1512081850000 1819
1512081850000 1819
1512081850000 1819
1512081850000 1819
1512081850000 1819
1512081850000 1819
1512081850000 1819
1512081850000 1820
1512081850000 1820
1512081850000 1820
1512081850000 1820
1512081850000 1820
1512081850000 1820
1512081850000 1820
1512081850000 1820
1512081850000 1820
1512081850000 1820
1512081850000 1820
1512081850000 1820
1512081850000 1820
1512081850000 1820
1512081850000 1820
1512081850000 1820
1512081850000 1820
1512081850000 1820
1512081850000 1821
1512081850000 1821
1512081850000 1821
1512081850000 1821
1512081850000 1821
1512081850000 1821
1512081850000 1821
1512081850000 1821
1512081850000 1821
1512081850000 1821
1512081850000 1821
1512081850000 1821
1512081850000 1821
1512081850000 1821
1512081850000 1821
1512081850000 1821
1512081850000 1822
1512081850000 1822
1512081850000 1822
1512081850000 1822
1512081850000 1822
1512081850000 1822
1512081850000 1822
1512081850000 1822
1512081850000 1822
1512081850000 1822
1512081850000 1822
1512081850000 1822
1512081850000 1822
1512081850000 1822
1512081850000 1822
1512081850000 1823
1512081850000 1823
1512081850000 1823
1512081850000 1823
1512081850000 1823
1512081850000 1823
1512081850000 1841
1512081850000 1841
1512081850000 1855
1512081850000 1855
1512081850000 1855
1512081850000 1855
1512081850000 1856
1512081860000 2202
1512081860000 2203
1512081860000 2203
1512081860000 2203
1512081860000 2203
1512081860000 2203
1512081860000 2203
1512081860000 2203
1512081860000 2203
1512081860000 2203
1512081860000 2203
1512081860000 2203
1512081860000 2203
1512081860000 2203
1512081860000 2203
1512081860000 2203
1512081860000 2203
1512081860000 2203
1512081860000 2203
1512081860000 2203
1512081860000 2203
1512081860000 2203
1512081860000 2203
1512081860000 2204
1512081860000 2204
1512081860000 2204
1512081860000 2204
1512081860000 2204
1512081860000 2204
1512081860000 2204
1512081860000 2204
1512081860000 2204
1512081860000 2204
1512081860000 2204
1512081860000 2204
1512081860000 2204
1512081860000 2204
1512081860000 2204
1512081860000 2204
1512081860000 2204
1512081860000 2204
1512081860000 2204
1512081860000 2204
1512081860000 2204
1512081860000 2204
1512081860000 2204
1512081860000 2204
1512081860000 2205
1512081860000 2205
1512081860000 2205
1512081860000 2205
1512081860000 2205
1512081860000 2205
1512081860000 2205
1512081860000 2205
1512081860000 2205
1512081860000 2205
1512081860000 2205
1512081860000 2205
1512081860000 2205
1512081860000 2206
1512081860000 2206
1512081860000 2206
1512081860000 2206
1512081860000 2206
1512081860000 2206
1512081860000 2206
1512081860000 2206
1512081860000 2206
1512081860000 2206
1512081860000 2206
1512081860000 2206
1512081860000 2206
1512081860000 2206
1512081860000 2207
1512081860000 2207
1512081860000 2207
1512081860000 2207
1512081860000 2207
1512081860000 2207
1512081860000 2208
1512081860000 2208
1512081860000 2208
1512081860000 2208
1512081860000 2209
1512081860000 2209
1512081860000 2209
1512081860000 2209
1512081860000 2209
1512081860000 2209
1512081860000 2210
1512081860000 2210
1512081860000 2210
1512081860000 2211
1512081860000 2227
1512081860000 2228
1512081860000 2228
1512081860000 2229
1512081860000 2229
1512081860000 2229
1512081870000 2201
1512081870000 2201
1512081870000 2201
1512081870000 2201
1512081870000 2201
1512081870000 2201
1512081870000 2201
1512081870000 2201
1512081870000 2201
1512081870000 2201
1512081870000 2201
1512081870000 2202
1512081870000 2202
1512081870000 2202
1512081870000 2202
1512081870000 2202
1512081870000 2202
1512081870000 2202
1512081870000 2202
1512081870000 2202
1512081870000 2202
1512081870000 2202
1512081870000 2202
1512081870000 2202
1512081870000 2202
1512081870000 2202
1512081870000 2202
1512081870000 2202
1512081870000 2202
1512081870000 2202
1512081870000 2202
1512081870000 2202
1512081870000 2202
1512081870000 2202
1512081870000 2202
1512081870000 2202
1512081870000 2202
1512081870000 2202
1512081870000 2203
1512081870000 2203
1512081870000 2203
1512081870000 2203
1512081870000 2203
1512081870000 2203
1512081870000 2203
1512081870000 2203
1512081870000 2203
1512081870000 2203
1512081870000 2203
1512081870000 2203
1512081870000 2203
1512081870000 2203
1512081870000 2203
1512081870000 2203
1512081870000 2203
1512081870000 2203
1512081870000 2203
1512081870000 2204
1512081870000 2204
1512081870000 2204
1512081870000 2204
1512081870000 2204
1512081870000 2204
1512081870000 2204
1512081870000 2204
1512081870000 2204
1512081870000 2204
1512081870000 2204
1512081870000 2204
1512081870000 2204
1512081870000 2204
1512081870000 2204
1512081870000 2204
1512081870000 2204
1512081870000 2205
1512081870000 2205
1512081870000 2205
1512081870000 2205
1512081870000 2205
1512081870000 2206
1512081870000 2206
1512081870000 2206
1512081870000 2206
1512081870000 2206
1512081870000 2207
1512081870000 2207
1512081870000 2208
1512081870000 2227
1512081870000 2228
1512081870000 2228
1512081870000 2228
1512081870000 2229
1512081870000 2229
1512081870000 2229
1512081870000 2229
1512081870000 2229
1512081870000 2230
1512081870000 2230
1512081870000 2243
1512081870000 2243
1512081880000 2205
1512081880000 2205
1512081880000 2205
1512081880000 2205
1512081880000 2205
1512081880000 2205
1512081880000 2206
1512081880000 2206
1512081880000 2206
1512081880000 2206
1512081880000 2206
1512081880000 2206
1512081880000 2206
1512081880000 2206
1512081880000 2206
1512081880000 2206
1512081880000 2206
1512081880000 2206
1512081880000 2206
1512081880000 2206
1512081880000 2206
1512081880000 2206
1512081880000 2206
1512081880000 2206
1512081880000 2206
1512081880000 2207
1512081880000 2207
1512081880000 2207
1512081880000 2207
1512081880000 2207
1512081880000 2207
1512081880000 2207
1512081880000 2207
1512081880000 2207
1512081880000 2207
1512081880000 2207
1512081880000 2207
1512081880000 2207
1512081880000 2207
1512081880000 2207
1512081880000 2207
1512081880000 2207
1512081880000 2207
1512081880000 2207
1512081880000 2207
1512081880000 2207
1512081880000 2207
1512081880000 2207
1512081880000 2207
1512081880000 2207
1512081880000 2207
1512081880000 2207
1512081880000 2207
1512081880000 2208
1512081880000 2208
1512081880000 2208
1512081880000 2208
1512081880000 2208
1512081880000 2208
1512081880000 2208
1512081880000 2208
1512081880000 2208
1512081880000 2208
1512081880000 2208
1512081880000 2209
1512081880000 2209
1512081880000 2209
1512081880000 2209
1512081880000 2209
1512081880000 2209
1512081880000 2209
1512081880000 2209
1512081880000 2209
1512081880000 2209
1512081880000 2209
1512081880000 2209
1512081880000 2209
1512081880000 2209
1512081880000 2209
1512081880000 2209
1512081880000 2209
1512081880000 2209
1512081880000 2210
1512081880000 2210
1512081880000 2210
1512081880000 2210
1512081880000 2210
1512081880000 2210
1512081880000 2210
1512081880000 2211
1512081880000 2211
1512081880000 2211
1512081880000 2213
1512081880000 344
1512081880000 344
1512081880000 356
1512081880000 356
1512081880000 357
1512081880000 357
1512081880000 357
1512081890000 2237
1512081890000 2237
1512081890000 2237
1512081890000 2237
1512081890000 2237
1512081890000 2238
1512081890000 2238
1512081890000 2238
1512081890000 2238
1512081890000 2238
1512081890000 2238
1512081890000 2238
1512081890000 2238
1512081890000 2238
1512081890000 2238
1512081890000 2239
1512081890000 2239
1512081890000 2239
1512081890000 2239
1512081890000 2239
1512081890000 2239
1512081890000 2239
1512081890000 2239
1512081890000 2239
1512081890000 2239
1512081890000 2239
1512081890000 2239
1512081890000 2239
1512081890000 2239
1512081890000 2239
1512081890000 2239
1512081890000 2239
1512081890000 2240
1512081890000 2240
1512081890000 2240
1512081890000 2240
1512081890000 2240
1512081890000 2240
1512081890000 2240
1512081890000 2240
1512081890000 2240
1512081890000 2240
1512081890000 2240
1512081890000 2240
1512081890000 2240
1512081890000 2240
1512081890000 2240
1512081890000 2240
1512081890000 2240
1512081890000 2241
1512081890000 2241
1512081890000 2241
1512081890000 2241
1512081890000 2241
1512081890000 2241
1512081890000 2241
1512081890000 2241
1512081890000 2241
1512081890000 2241
1512081890000 2241
1512081890000 2241
1512081890000 2242
1512081890000 2242
1512081890000 2242
1512081890000 2242
1512081890000 2242
1512081890000 2242
1512081890000 2242
1512081890000 2242
1512081890000 2242
1512081890000 2242
1512081890000 2242
1512081890000 2243
1512081890000 2243
1512081890000 2243
1512081890000 2243
1512081890000 2243
1512081890000 2243
1512081890000 2243
1512081890000 2243
1512081890000 2243
1512081890000 2244
1512081890000 2244
1512081890000 2244
1512081890000 2244
1512081890000 2245
1512081890000 2245
1512081890000 2246
1512081890000 2250
1512081890000 2250
1512081890000 2250
1512081890000 2251
1512081890000 2262
1512081890000 2262
1512081890000 2263
1512081890000 2263
1512081890000 2263
1512081890000 2264
1512081890000 2268
1512081890000 2268
1512081900000 2273
1512081900000 2274
1512081900000 2274
1512081900000 2275
1512081900000 2275
1512081900000 2275
1512081900000 2275
1512081900000 2275
1512081900000 2275
1512081900000 2275
1512081900000 2275
1512081900000 2276
1512081900000 2276
1512081900000 2276
1512081900000 2276
1512081900000 2276
1512081900000 2276
1512081900000 2276
1512081900000 2276
1512081900000 2277
1512081900000 2277
1512081900000 2277
1512081900000 2277
1512081900000 2277
1512081900000 2277
1512081900000 2277
1512081900000 2277
1512081900000 2277
1512081900000 2277
1512081900000 2277
1512081900000 2277
1512081900000 2278
1512081900000 2279
1512081900000 2279
1512081900000 2279
1512081900000 2279
1512081900000 2279
1512081900000 2279
1512081900000 2279
1512081900000 2279
1512081900000 2279
1512081900000 2279
1512081900000 2279
1512081900000 2280
1512081900000 2280
1512081900000 2280
1512081900000 2280
1512081900000 2280
1512081900000 2280
1512081900000 2280
1512081900000 2280
1512081900000 2280
1512081900000 2280
1512081900000 2280
1512081900000 2281
1512081900000 2281
1512081900000 2281
1512081900000 2281
1512081900000 2281
1512081900000 2281
1512081900000 2281
1512081900000 2281
1512081900000 2281
1512081900000 2281
1512081900000 2281
1512081900000 2281
1512081900000 2281
1512081900000 2281
1512081900000 2281
1512081900000 2282
1512081900000 2282
1512081900000 2282
1512081900000 2282
1512081900000 2282
1512081900000 2282
1512081900000 2282
1512081900000 2282
1512081900000 2282
1512081900000 2282
1512081900000 2283
1512081900000 2283
1512081900000 2283
1512081900000 2283
1512081900000 2283
1512081900000 2283
1512081900000 2283
1512081900000 2284
1512081900000 2284
1512081900000 2284
1512081900000 2285
1512081900000 2285
1512081900000 2285
1512081900000 2285
1512081900000 2288
1512081900000 2288
1512081900000 2290
1512081900000 2291
1512081900000 2291
1512081900000 2300
1512081900000 2301
1512081910000 2217
1512081910000 2217
1512081910000 2217
1512081910000 2217
1512081910000 2217
1512081910000 2217
1512081910000 2218
1512081910000 2218
1512081910000 2218
1512081910000 2218
1512081910000 2218
1512081910000 2218
1512081910000 2218
1512081910000 2218
1512081910000 2218
1512081910000 2218
1512081910000 2218
1512081910000 2218
1512081910000 2219
1512081910000 2219
1512081910000 2219
1512081910000 2219
1512081910000 2219
1512081910000 2219
1512081910000 2219
1512081910000 2219
1512081910000 2219
1512081910000 2219
1512081910000 2219
1512081910000 2219
1512081910000 2219
1512081910000 2219
1512081910000 2219
1512081910000 2219
1512081910000 2220
1512081910000 2220
1512081910000 2220
1512081910000 2220
1512081910000 2220
1512081910000 2220
1512081910000 2220
1512081910000 2220
1512081910000 2220
1512081910000 2220
1512081910000 2220
1512081910000 2220
1512081910000 2220
1512081910000 2220
1512081910000 2220
1512081910000 2220
1512081910000 2220
1512081910000 2221
1512081910000 2221
1512081910000 2221
1512081910000 2221
1512081910000 2221
1512081910000 2221
1512081910000 2221
1512081910000 2221
1512081910000 2221
1512081910000 2221
1512081910000 2221
1512081910000 2222
1512081910000 2222
1512081910000 2222
1512081910000 2222
1512081910000 2222
1512081910000 2222
1512081910000 2222
1512081910000 2222
1512081910000 2222
1512081910000 2222
1512081910000 2222
1512081910000 2222
1512081910000 2222
1512081910000 2222
1512081910000 2222
1512081910000 2222
1512081910000 2223
1512081910000 2223
1512081910000 2223
1512081910000 2223
1512081910000 2223
1512081910000 2223
1512081910000 2223
1512081910000 2223
1512081910000 2223
1512081910000 2223
1512081910000 2224
1512081910000 2224
1512081910000 2224
1512081910000 2224
1512081910000 2224
1512081910000 2225
1512081910000 2225
1512081910000 2225
1512081910000 2244
1512081910000 2245
1512081910000 2245
1512081910000 2246
1512081920000 1828
1512081920000 1829
1512081920000 1829
1512081920000 1829
1512081920000 1829
1512081920000 1829
1512081920000 1829
1512081920000 1829
1512081920000 1829
1512081920000 1829
1512081920000 1829
1512081920000 1829
1512081920000 1829
1512081920000 1829
1512081920000 1829
1512081920000 1829
1512081920000 1829
1512081920000 1829
1512081920000 1829
1512081920000 1829
1512081920000 1829
1512081920000 1829
1512081920000 1829
1512081920000 1830
1512081920000 1830
1512081920000 1830
1512081920000 1830
1512081920000 1830
1512081920000 1830
1512081920000 1830
1512081920000 1830
1512081920000 1830
1512081920000 1830
1512081920000 1830
1512081920000 1830
1512081920000 1830
1512081920000 1830
1512081920000 1831
1512081920000 1831
1512081920000 1831
1512081920000 1831
1512081920000 1831
1512081920000 1831
1512081920000 1831
1512081920000 1831
1512081920000 1831
1512081920000 1831
1512081920000 1831
1512081920000 1831
1512081920000 1831
1512081920000 1831
1512081920000 1831
1512081920000 1831
1512081920000 1831
1512081920000 1831
1512081920000 1831
1512081920000 1831
1512081920000 1831
1512081920000 1831
1512081920000 1831
1512081920000 1832
1512081920000 1832
1512081920000 1832
1512081920000 1832
1512081920000 1832
1512081920000 1832
1512081920000 1832
1512081920000 1832
1512081920000 1832
1512081920000 1832
1512081920000 1832
1512081920000 1832
1512081920000 1832
1512081920000 1832
1512081920000 1833
1512081920000 1833
1512081920000 1833
1512081920000 1833
1512081920000 1833
1512081920000 1833
1512081920000 1833
1512081920000 1833
1512081920000 1833
1512081920000 1833
1512081920000 1833
1512081920000 1834
1512081920000 1834
1512081920000 1834
1512081920000 1834
1512081920000 1834
1512081920000 1835
1512081920000 1852
1512081920000 1853
1512081920000 1853
1512081920000 1854
1512081920000 1867
1512081920000 1867
1512081920000 1867
1512081920000 1867
1512081920000 1867
1512081930000 2187
1512081930000 2187
1512081930000 2187
1512081930000 2187
1512081930000 2187
1512081930000 2187
1512081930000 2187
1512081930000 2187
1512081930000 2187
1512081930000 2187
1512081930000 2188
1512081930000 2188
1512081930000 2188
1512081930000 2188
1512081930000 2188
1512081930000 2188
1512081930000 2188
1512081930000 2188
1512081930000 2188
1512081930000 2188
1512081930000 2188
1512081930000 2188
1512081930000 2188
1512081930000 2188
1512081930000 2188
1512081930000 2188
1512081930000 2188
1512081930000 2188
1512081930000 2188
1512081930000 2188
1512081930000 2188
1512081930000 2188
1512081930000 2188
1512081930000 2189
1512081930000 2189
1512081930000 2189
1512081930000 2189
1512081930000 2189
1512081930000 2189
1512081930000 2189
1512081930000 2189
1512081930000 2189
1512081930000 2189
1512081930000 2189
1512081930000 2189
1512081930000 2189
1512081930000 2190
1512081930000 2190
1512081930000 2190
1512081930000 2190
1512081930000 2190
1512081930000 2190
1512081930000 2190
1512081930000 2190
1512081930000 2190
1512081930000 2190
1512081930000 2190
1512081930000 2190
1512081930000 2190
1512081930000 2190
1512081930000 2190
1512081930000 2190
1512081930000 2190
1512081930000 2190
1512081930000 2190
1512081930000 2190
1512081930000 2190
1512081930000 2190
1512081930000 2191
1512081930000 2191
1512081930000 2191
1512081930000 2191
1512081930000 2191
1512081930000 2191
1512081930000 2191
1512081930000 2192
1512081930000 2192
1512081930000 2192
1512081930000 2192
1512081930000 2192
1512081930000 2192
1512081930000 2192
1512081930000 2192
1512081930000 2192
1512081930000 2192
1512081930000 2192
1512081930000 2193
1512081930000 2193
1512081930000 2194
1512081930000 2204
1512081930000 2204
1512081930000 2204
1512081930000 2204
1512081930000 2204
1512081930000 2205
1512081930000 2206
1512081930000 2211
1512081930000 2212
1512081930000 2213
1512081930000 2213
1512081940000 2218
1512081940000 2218
1512081940000 2219
1512081940000 2219
1512081940000 2219
1512081940000 2219
1512081940000 2219
1512081940000 2219
1512081940000 2219
1512081940000 2220
1512081940000 2220
1512081940000 2220
1512081940000 2220
1512081940000 2220
1512081940000 2220
1512081940000 2220
1512081940000 2220
1512081940000 2220
1512081940000 2220
1512081940000 2220
1512081940000 2220
1512081940000 2220
1512081940000 2220
1512081940000 2221
1512081940000 2221
1512081940000 2221
1512081940000 2221
1512081940000 2221
1512081940000 2221
1512081940000 2221
1512081940000 2221
1512081940000 2221
1512081940000 2221
1512081940000 2221
1512081940000 2221
1512081940000 2221
1512081940000 2221
1512081940000 2221
1512081940000 2221
1512081940000 2221
1512081940000 2221
1512081940000 2221
1512081940000 2222
1512081940000 2222
1512081940000 2222
1512081940000 2222
1512081940000 2222
1512081940000 2222
1512081940000 2222
1512081940000 2222
1512081940000 2222
1512081940000 2222
1512081940000 2222
1512081940000 2222
1512081940000 2222
1512081940000 2222
1512081940000 2222
1512081940000 2222
1512081940000 2222
1512081940000 2222
1512081940000 2222
1512081940000 2222
1512081940000 2222
1512081940000 2222
1512081940000 2223
1512081940000 2223
1512081940000 2223
1512081940000 2223
1512081940000 2223
1512081940000 2223
1512081940000 2223
1512081940000 2223
1512081940000 2223
1512081940000 2224
1512081940000 2224
1512081940000 2224
1512081940000 2224
1512081940000 2224
1512081940000 2224
1512081940000 2224
1512081940000 2224
1512081940000 2224
1512081940000 2225
1512081940000 2225
1512081940000 2225
1512081940000 2225
1512081940000 2225
1512081940000 2225
1512081940000 2225
1512081940000 2225
1512081940000 2225
1512081940000 2226
1512081940000 2226
1512081940000 2226
1512081940000 2227
1512081940000 2227
1512081940000 2227
1512081940000 2246
1512081940000 2246
1512081940000 2247
1512081950000 3722
1512081950000 3724
1512081950000 3724
1512081950000 3725
1512081950000 3725
1512081950000 3726
1512081950000 3726
1512081950000 3726
1512081950000 3726
1512081950000 3726
1512081950000 3728
1512081950000 3728
1512081950000 3728
1512081950000 3728
1512081950000 3728
1512081950000 3728
1512081950000 3729
1512081950000 3729
1512081950000 3729
1512081950000 3729
1512081950000 3729
1512081950000 3729
1512081950000 3729
1512081950000 3729
1512081950000 3729
1512081950000 3729
1512081950000 3730
1512081950000 3730
1512081950000 3730
1512081950000 3730
1512081950000 3730
1512081950000 3730
1512081950000 3730
1512081950000 3730
1512081950000 3730
1512081950000 3730
1512081950000 3730
1512081950000 3730
1512081950000 3730
1512081950000 3730
1512081950000 3730
1512081950000 3731
1512081950000 3731
1512081950000 3731
1512081950000 3731
1512081950000 3731
1512081950000 3731
1512081950000 3731
1512081950000 3731
1512081950000 3731
1512081950000 3731
1512081950000 3731
1512081950000 3731
1512081950000 3731
1512081950000 3732
1512081950000 3732
1512081950000 3734
1512081950000 3734
1512081950000 3735
1512081950000 3735
1512081950000 3735
1512081950000 3736
1512081950000 3736
1512081950000 3736
1512081950000 3736
1512081950000 3757
1512081950000 3757
1512081950000 3759
1512081950000 3760
1512081950000 3760
1512081950000 3761
1512081950000 3761
1512081950000 3761
1512081950000 3761
1512081950000 3761
1512081950000 3761
1512081950000 3762
1512081950000 3762
1512081950000 3762
1512081950000 3762
1512081950000 3763
1512081950000 3763
1512081950000 3763
1512081950000 3763
1512081950000 3764
1512081950000 3767
1512081950000 3767
1512081950000 3768
1512081950000 3782
1512081950000 3782
1512081950000 3782
1512081950000 3782
1512081950000 3782
1512081950000 3782
1512081950000 3782
1512081950000 3783
1512081950000 3783
1512081950000 3783
1512081950000 3784
1512081950000 3784
1512081960000 1704
1512081960000 1704
1512081960000 1704
1512081960000 1704
1512081960000 1704
1512081960000 1704
1512081960000 1704
1512081960000 1704
1512081960000 1704
1512081960000 1704
1512081960000 1704
1512081960000 1704
1512081960000 1704
1512081960000 1704
1512081960000 1704
1512081960000 1704
1512081960000 1704
1512081960000 1704
1512081960000 1704
1512081960000 1704
1512081960000 1704
1512081960000 1704
1512081960000 1704
1512081960000 1704
1512081960000 1704
1512081960000 1704
1512081960000 1705
1512081960000 1705
1512081960000 1705
1512081960000 1705
1512081960000 1705
1512081960000 1705
1512081960000 1705
1512081960000 1705
1512081960000 1705
1512081960000 1705
1512081960000 1705
1512081960000 1705
1512081960000 1705
1512081960000 1705
1512081960000 1705
1512081960000 1705
1512081960000 1705
1512081960000 1705
1512081960000 1705
1512081960000 1705
1512081960000 1705
1512081960000 1705
1512081960000 1705
1512081960000 1706
1512081960000 1706
1512081960000 1706
1512081960000 1706
1512081960000 1706
1512081960000 1706
1512081960000 1706
1512081960000 1706
1512081960000 1706
1512081960000 1706
1512081960000 1706
1512081960000 1706
1512081960000 1706
1512081960000 1706
1512081960000 1707
1512081960000 1707
1512081960000 1707
1512081960000 1707
1512081960000 1707
1512081960000 1707
1512081960000 1707
1512081960000 1707
1512081960000 1707
1512081960000 1707
1512081960000 1707
1512081960000 1708
1512081960000 1708
1512081960000 1708
1512081960000 1708
1512081960000 1708
1512081960000 1708
1512081960000 1709
1512081960000 1710
1512081960000 1741
1512081960000 1741
1512081960000 1742
1512081960000 1742
1512081960000 1742
1512081960000 1742
1512081960000 1742
1512081960000 1742
1512081960000 1743
1512081960000 1743
1512081960000 1743
1512081960000 1743
1512081960000 1744
1512081960000 1744
1512081960000 1744
1512081960000 1744
1512081960000 1744
1512081960000 1744
1512081970000 1677
1512081970000 1677
1512081970000 1677
1512081970000 1677
1512081970000 1677
1512081970000 1677
1512081970000 1677
1512081970000 1677
1512081970000 1677
1512081970000 1677
1512081970000 1677
1512081970000 1677
1512081970000 1677
1512081970000 1678
1512081970000 1678
1512081970000 1678
1512081970000 1678
1512081970000 1678
1512081970000 1678
1512081970000 1678
1512081970000 1679
1512081970000 1679
1512081970000 1679
1512081970000 1679
1512081970000 1679
1512081970000 1679
1512081970000 1680
1512081970000 1680
1512081970000 1680
1512081970000 1680
1512081970000 1680
1512081970000 1680
1512081970000 1680
1512081970000 1680
1512081970000 1680
1512081970000 1680
1512081970000 1681
1512081970000 1681
1512081970000 1681
1512081970000 1681
1512081970000 1681
1512081970000 1681
1512081970000 1681
1512081970000 1681
1512081970000 1682
1512081970000 1682
1512081970000 1682
1512081970000 1682
1512081970000 1682
1512081970000 1683
1512081970000 1683
1512081970000 1683
1512081970000 1683
1512081970000 1683
1512081970000 1683
1512081970000 1683
1512081970000 1683
1512081970000 1683
1512081970000 1684
1512081970000 1684
1512081970000 1684
1512081970000 1684
1512081970000 1684
1512081970000 1685
1512081970000 1685
1512081970000 1685
1512081970000 1685
1512081970000 1686
1512081970000 1714
1512081970000 1714
1512081970000 1715
1512081970000 1715
1512081970000 1715
1512081970000 1715
1512081970000 1715
1512081970000 1715
1512081970000 1715
1512081970000 1715
1512081970000 1715
1512081970000 1715
1512081970000 1715
1512081970000 1715
1512081970000 1715
1512081970000 1715
1512081970000 1716
1512081970000 1716
1512081970000 1716
1512081970000 1716
1512081970000 1717
1512081970000 1717
1512081970000 1717
1512081970000 1717
1512081970000 1717
1512081970000 1717
1512081970000 1718
1512081970000 1718
1512081970000 1718
1512081970000 1721
1512081970000 1721
1512081970000 1721
1512081980000 1660
1512081980000 1660
1512081980000 1660
1512081980000 1660
1512081980000 1660
1512081980000 1660
1512081980000 1660
1512081980000 1660
1512081980000 1660
1512081980000 1660
1512081980000 1660
1512081980000 1661
1512081980000 1661
1512081980000 1661
1512081980000 1661
1512081980000 1661
1512081980000 1661
1512081980000 1661
1512081980000 1661
1512081980000 1661
1512081980000 1661
1512081980000 1661
1512081980000 1661
1512081980000 1661
1512081980000 1661
1512081980000 1661
1512081980000 1662
1512081980000 1662
1512081980000 1662
1512081980000 1662
1512081980000 1662
1512081980000 1662
1512081980000 1662
1512081980000 1662
1512081980000 1662
1512081980000 1662
1512081980000 1662
1512081980000 1662
1512081980000 1663
1512081980000 1663
1512081980000 1663
1512081980000 1663
1512081980000 1663
1512081980000 1663
1512081980000 1663
1512081980000 1663
1512081980000 1663
1512081980000 1663
1512081980000 1664
1512081980000 1664
1512081980000 1664
1512081980000 1664
1512081980000 1664
1512081980000 1665
1512081980000 1665
1512081980000 1665
1512081980000 1665
1512081980000 1665
1512081980000 1665
1512081980000 1666
1512081980000 1666
1512081980000 1666
1512081980000 1667
1512081980000 1668
1512081980000 1668
1512081980000 1668
1512081980000 1669
1512081980000 1677
1512081980000 1677
1512081980000 1677
1512081980000 1678
1512081980000 1678
1512081980000 1689
1512081980000 1689
1512081980000 1697
1512081980000 1698
1512081980000 1698
1512081980000 1698
1512081980000 1698
1512081980000 1699
1512081980000 1699
1512081980000 1699
1512081980000 1699
1512081980000 1699
1512081980000 1700
1512081980000 1700
1512081980000 1701
1512081980000 1702
1512081980000 1702
1512081980000 1702
1512081980000 1702
1512081980000 1702
1512081980000 1702
1512081980000 1702
1512081980000 1703
1512081980000 1703
1512081980000 1703
1512081980000 1704
1512081980000 1704
1512081980000 1704
1512081990000 1661
1512081990000 1661
1512081990000 1661
1512081990000 1661
1512081990000 1662
1512081990000 1662
1512081990000 1662
1512081990000 1662
1512081990000 1662
1512081990000 1662
1512081990000 1662
1512081990000 1662
1512081990000 1662
1512081990000 1662
1512081990000 1662
1512081990000 1663
1512081990000 1663
1512081990000 1663
1512081990000 1663
1512081990000 1663
1512081990000 1663
1512081990000 1663
1512081990000 1664
1512081990000 1664
1512081990000 1664
1512081990000 1664
1512081990000 1664
1512081990000 1664
1512081990000 1664
1512081990000 1665
1512081990000 1665
1512081990000 1665
1512081990000 1665
1512081990000 1665
1512081990000 1665
1512081990000 1666
1512081990000 1666
1512081990000 1666
1512081990000 1666
1512081990000 1666
1512081990000 1667
1512081990000 1667
1512081990000 1667
1512081990000 1667
1512081990000 1667
1512081990000 1667
1512081990000 1667
1512081990000 1667
1512081990000 1667
1512081990000 1667
1512081990000 1667
1512081990000 1667
1512081990000 1668
1512081990000 1668
1512081990000 1669
1512081990000 1669
1512081990000 1669
1512081990000 1669
1512081990000 1669
1512081990000 1669
1512081990000 1669
1512081990000 1669
1512081990000 1669
1512081990000 1669
1512081990000 1669
1512081990000 1670
1512081990000 1670
1512081990000 1670
1512081990000 1670
1512081990000 1670
1512081990000 1670
1512081990000 1671
1512081990000 1671
1512081990000 1672
1512081990000 1672
1512081990000 1673
1512081990000 1685
1512081990000 1686
1512081990000 1697
1512081990000 1698
1512081990000 1698
1512081990000 1698
1512081990000 1698
1512081990000 1699
1512081990000 1699
1512081990000 1699
1512081990000 1699
1512081990000 1699
1512081990000 1699
1512081990000 1700
1512081990000 1701
1512081990000 1701
1512081990000 1701
1512081990000 1701
1512081990000 1701
1512081990000 1702
1512081990000 1702
1512081990000 1702
1512081990000 1702
1512081990000 1721
1512082000000 1684
1512082000000 1684
1512082000000 1684
1512082000000 1684
1512082000000 1684
1512082000000 1684
1512082000000 1684
1512082000000 1684
1512082000000 1684
1512082000000 1684
1512082000000 1685
1512082000000 1685
1512082000000 1685
1512082000000 1685
1512082000000 1685
1512082000000 1685
1512082000000 1685
1512082000000 1686
1512082000000 1686
1512082000000 1686
1512082000000 1686
1512082000000 1686
1512082000000 1686
1512082000000 1686
1512082000000 1686
1512082000000 1686
1512082000000 1686
1512082000000 1686
1512082000000 1687
1512082000000 1687
1512082000000 1687
1512082000000 1687
1512082000000 1687
1512082000000 1687
1512082000000 1687
1512082000000 1687
1512082000000 1687
1512082000000 1687
1512082000000 1687
1512082000000 1688
1512082000000 1688
1512082000000 1688
1512082000000 1688
1512082000000 1688
1512082000000 1688
1512082000000 1688
1512082000000 1688
1512082000000 1688
1512082000000 1688
1512082000000 1688
1512082000000 1689
1512082000000 1689
1512082000000 1689
1512082000000 1689
1512082000000 1689
1512082000000 1689
1512082000000 1689
1512082000000 1689
1512082000000 1689
1512082000000 1689
1512082000000 1702
1512082000000 1702
1512082000000 1704
1512082000000 1704
1512082000000 1705
1512082000000 1721
1512082000000 1722
1512082000000 1722
1512082000000 1723
1512082000000 1723
1512082000000 1723
1512082000000 1723
1512082000000 1723
1512082000000 1723
1512082000000 1723
1512082000000 1723
1512082000000 1723
1512082000000 1724
1512082000000 1724
1512082000000 1724
1512082000000 1724
1512082000000 1724
1512082000000 1724
1512082000000 1724
1512082000000 1724
1512082000000 1724
1512082000000 1725
1512082000000 1725
1512082000000 1725
1512082000000 1725
1512082000000 1725
1512082000000 1725
1512082000000 1726
1512082000000 1726
1512082000000 1726
1512082000000 1726
1512082000000 1726
1512082000000 1727
1512082000000 1727
1512082000000 1748
1512082010000 1671
1512082010000 1672
1512082010000 1672
1512082010000 1672
1512082010000 1673
1512082010000 1673
1512082010000 1673
1512082010000 1673
1512082010000 1673
1512082010000 1673
1512082010000 1673
1512082010000 1673
1512082010000 1674
1512082010000 1674
1512082010000 1674
1512082010000 1674
1512082010000 1674
1512082010000 1674
1512082010000 1674
1512082010000 1674
1512082010000 1674
1512082010000 1674
1512082010000 1674
1512082010000 1674
1512082010000 1674
1512082010000 1674
1512082010000 1675
1512082010000 1675
1512082010000 1675
1512082010000 1675
1512082010000 1675
1512082010000 1675
1512082010000 1675
1512082010000 1675
1512082010000 1675
1512082010000 1675
1512082010000 1675
1512082010000 1675
1512082010000 1676
1512082010000 1676
1512082010000 1676
1512082010000 1676
1512082010000 1676
1512082010000 1676
1512082010000 1676
1512082010000 1676
1512082010000 1677
1512082010000 1677
1512082010000 1677
1512082010000 1677
1512082010000 1677
1512082010000 1677
1512082010000 1677
1512082010000 1677
1512082010000 1677
1512082010000 1677
1512082010000 1678
1512082010000 1678
1512082010000 1678
1512082010000 1678
1512082010000 1678
1512082010000 1679
1512082010000 1679
1512082010000 1679
1512082010000 1679
1512082010000 1680
1512082010000 1686
1512082010000 1686
1512082010000 1687
1512082010000 1687
1512082010000 1687
1512082010000 1687
1512082010000 1687
1512082010000 1687
1512082010000 1687
1512082010000 1709
1512082010000 1710
1512082010000 1711
1512082010000 1711
1512082010000 1711
1512082010000 1711
1512082010000 1711
1512082010000 1712
1512082010000 1712
1512082010000 1713
1512082010000 1713
1512082010000 1713
1512082010000 1713
1512082010000 1713
1512082010000 1713
1512082010000 1713
1512082010000 1714
1512082010000 1714
1512082010000 1714
1512082010000 1714
1512082010000 1714
1512082010000 1714
1512082010000 1714
1512082010000 1714
1512082010000 1715
1512082020000 1708
1512082020000 1708
1512082020000 1709
1512082020000 1709
1512082020000 1709
1512082020000 1709
1512082020000 1709
1512082020000 1710
1512082020000 1710
1512082020000 1710
1512082020000 1710
1512082020000 1711
1512082020000 1711
1512082020000 1711
1512082020000 1711
1512082020000 1711
1512082020000 1711
1512082020000 1711
1512082020000 1711
1512082020000 1712
1512082020000 1712
1512082020000 1712
1512082020000 1712
1512082020000 1713
1512082020000 1713
1512082020000 1713
1512082020000 1713
1512082020000 1713
1512082020000 1713
1512082020000 1713
1512082020000 1713
1512082020000 1713
1512082020000 1714
1512082020000 1714
1512082020000 1714
1512082020000 1714
1512082020000 1714
1512082020000 1714
1512082020000 1715
1512082020000 1715
1512082020000 1715
1512082020000 1715
1512082020000 1715
1512082020000 1715
1512082020000 1716
1512082020000 1716
1512082020000 1716
1512082020000 1716
1512082020000 1716
1512082020000 1716
1512082020000 1716
1512082020000 1716
1512082020000 1717
1512082020000 1717
1512082020000 1717
1512082020000 1717
1512082020000 1717
1512082020000 1717
1512082020000 1718
1512082020000 1718
1512082020000 1719
1512082020000 1719
1512082020000 1719
1512082020000 1719
1512082020000 1719
1512082020000 1719
1512082020000 1719
1512082020000 1719
1512082020000 1720
1512082020000 1720
1512082020000 1721
1512082020000 1721
1512082020000 1721
1512082020000 1721
1512082020000 1721
1512082020000 1721
1512082020000 1723
1512082020000 1724
1512082020000 1733
1512082020000 1733
1512082020000 1734
1512082020000 1734
1512082020000 1746
1512082020000 1746
1512082020000 1746
1512082020000 1746
1512082020000 1747
1512082020000 1747
1512082020000 1747
1512082020000 1747
1512082020000 1747
1512082020000 1747
1512082020000 1748
1512082020000 1748
1512082020000 1748
1512082020000 1749
1512082020000 1749
1512082020000 1749
1512082020000 1749
1512082020000 1749
1512082030000 1713
1512082030000 1713
1512082030000 1713
1512082030000 1714
1512082030000 1714
1512082030000 1714
1512082030000 1714
1512082030000 1714
1512082030000 1715
1512082030000 1715
1512082030000 1715
1512082030000 1715
1512082030000 1715
1512082030000 1715
1512082030000 1715
1512082030000 1715
1512082030000 1715
1512082030000 1715
1512082030000 1715
1512082030000 1715
1512082030000 1715
1512082030000 1716
1512082030000 1716
1512082030000 1716
1512082030000 1716
1512082030000 1716
1512082030000 1716
1512082030000 1716
1512082030000 1716
1512082030000 1716
1512082030000 1716
1512082030000 1716
1512082030000 1717
1512082030000 1717
1512082030000 1717
1512082030000 1717
1512082030000 1717
1512082030000 1717
1512082030000 1717
1512082030000 1717
1512082030000 1717
1512082030000 1717
1512082030000 1717
1512082030000 1718
1512082030000 1718
1512082030000 1718
1512082030000 1718
1512082030000 1718
1512082030000 1718
1512082030000 1718
1512082030000 1718
1512082030000 1718
1512082030000 1718
1512082030000 1719
1512082030000 1719
1512082030000 1719
1512082030000 1720
1512082030000 1720
1512082030000 1721
1512082030000 1721
1512082030000 1722
1512082030000 1722
1512082030000 1722
1512082030000 1732
1512082030000 1732
1512082030000 1733
1512082030000 1741
1512082030000 1741
1512082030000 1741
1512082030000 1741
1512082030000 1742
1512082030000 1742
1512082030000 1742
1512082030000 1742
1512082030000 1750
1512082030000 1751
1512082030000 1751
1512082030000 1751
1512082030000 1751
1512082030000 1751
1512082030000 1752
1512082030000 1752
1512082030000 1752
1512082030000 1752
1512082030000 1753
1512082030000 1753
1512082030000 1753
1512082030000 1753
1512082030000 1753
1512082030000 1753
1512082030000 1753
1512082030000 1753
1512082030000 1754
1512082030000 1754
1512082030000 1754
1512082030000 1754
1512082030000 1754
1512082030000 1754
1512082030000 1754
1512082030000 1755
1512082040000 1689
1512082040000 1689
1512082040000 1689
1512082040000 1690
1512082040000 1690
1512082040000 1690
1512082040000 1690
1512082040000 1691
1512082040000 1691
1512082040000 1691
1512082040000 1691
1512082040000 1691
1512082040000 1691
1512082040000 1691
1512082040000 1691
1512082040000 1692
1512082040000 1692
1512082040000 1692
1512082040000 1692
1512082040000 1692
1512082040000 1692
1512082040000 1692
1512082040000 1692
1512082040000 1692
1512082040000 1692
1512082040000 1692
1512082040000 1692
1512082040000 1692
1512082040000 1693
1512082040000 1693
1512082040000 1693
1512082040000 1693
1512082040000 1693
1512082040000 1693
1512082040000 1694
1512082040000 1694
1512082040000 1694
1512082040000 1694
1512082040000 1694
1512082040000 1694
1512082040000 1694
1512082040000 1694
1512082040000 1694
1512082040000 1694
1512082040000 1694
1512082040000 1694
1512082040000 1695
1512082040000 1695
1512082040000 1695
1512082040000 1695
1512082040000 1696
1512082040000 1696
1512082040000 1696
1512082040000 1696
1512082040000 1696
1512082040000 1696
1512082040000 1696
1512082040000 1696
1512082040000 1696
1512082040000 1696
1512082040000 1696
1512082040000 1697
1512082040000 1697
1512082040000 1697
1512082040000 1697
1512082040000 1697
1512082040000 1697
1512082040000 1697
1512082040000 1697
1512082040000 1698
1512082040000 1699
1512082040000 1700
1512082040000 1725
1512082040000 1725
1512082040000 1725
1512082040000 1725
1512082040000 1726
1512082040000 1726
1512082040000 1726
1512082040000 1726
1512082040000 1727
1512082040000 1727
1512082040000 1727
1512082040000 1727
1512082040000 1728
1512082040000 1728
1512082040000 1728
1512082040000 1728
1512082040000 1729
1512082040000 1729
1512082040000 1729
1512082040000 1729
1512082040000 1730
1512082040000 1731
1512082040000 1731
1512082040000 1732
1512082040000 1732
1512082040000 1732
1512082040000 1733
1512082040000 1733
1512082050000 1684
1512082050000 1685
1512082050000 1685
1512082050000 1685
1512082050000 1685
1512082050000 1685
1512082050000 1685
1512082050000 1685
1512082050000 1685
1512082050000 1686
1512082050000 1686
1512082050000 1686
1512082050000 1686
1512082050000 1687
1512082050000 1687
1512082050000 1687
1512082050000 1687
1512082050000 1687
1512082050000 1687
1512082050000 1687
1512082050000 1688
1512082050000 1688
1512082050000 1688
1512082050000 1688
1512082050000 1688
1512082050000 1688
1512082050000 1688
1512082050000 1688
1512082050000 1688
1512082050000 1688
1512082050000 1688
1512082050000 1688
1512082050000 1689
1512082050000 1689
1512082050000 1689
1512082050000 1689
1512082050000 1689
1512082050000 1690
1512082050000 1690
1512082050000 1690
1512082050000 1690
1512082050000 1690
1512082050000 1690
1512082050000 1690
1512082050000 1690
1512082050000 1690
1512082050000 1690
1512082050000 1690
1512082050000 1690
1512082050000 1690
1512082050000 1690
1512082050000 1691
1512082050000 1691
1512082050000 1691
1512082050000 1692
1512082050000 1692
1512082050000 1692
1512082050000 1692
1512082050000 1692
1512082050000 1692
1512082050000 1692
1512082050000 1692
1512082050000 1692
1512082050000 1692
1512082050000 1692
1512082050000 1692
1512082050000 1692
1512082050000 1692
1512082050000 1692
1512082050000 1693
1512082050000 1693
1512082050000 1693
1512082050000 1693
1512082050000 1693
1512082050000 1693
1512082050000 1693
1512082050000 1694
1512082050000 1694
1512082050000 1695
1512082050000 1722
1512082050000 1722
1512082050000 1723
1512082050000 1723
1512082050000 1723
1512082050000 1723
1512082050000 1723
1512082050000 1723
1512082050000 1723
1512082050000 1723
1512082050000 1723
1512082050000 1724
1512082050000 1724
1512082050000 1724
1512082050000 1725
1512082050000 1725
1512082050000 1725
1512082050000 1726
1512082050000 1727
1512082050000 1727
1512082050000 1728
1512082060000 1687
1512082060000 1687
1512082060000 1688
1512082060000 1688
1512082060000 1688
1512082060000 1688
1512082060000 1688
1512082060000 1688
1512082060000 1688
1512082060000 1688
1512082060000 1688
1512082060000 1688
1512082060000 1688
1512082060000 1688
1512082060000 1688
1512082060000 1689
1512082060000 1689
1512082060000 1689
1512082060000 1689
1512082060000 1689
1512082060000 1689
1512082060000 1689
1512082060000 1689
1512082060000 1689
1512082060000 1689
1512082060000 1689
1512082060000 1689
1512082060000 1689
1512082060000 1689
1512082060000 1689
1512082060000 1690
1512082060000 1690
1512082060000 1690
1512082060000 1690
1512082060000 1690
1512082060000 1690
1512082060000 1690
1512082060000 1690
1512082060000 1690
1512082060000 1690
1512082060000 1690
1512082060000 1690
1512082060000 1690
1512082060000 1690
1512082060000 1690
1512082060000 1690
1512082060000 1691
1512082060000 1691
1512082060000 1691
1512082060000 1691
1512082060000 1691
1512082060000 1691
1512082060000 1691
1512082060000 1691
1512082060000 1691
1512082060000 1691
1512082060000 1692
1512082060000 1692
1512082060000 1693
1512082060000 1693
1512082060000 1693
1512082060000 1693
1512082060000 1693
1512082060000 1694
1512082060000 1694
1512082060000 1694
1512082060000 1694
1512082060000 1694
1512082060000 1712
1512082060000 1713
1512082060000 1724
1512082060000 1725
1512082060000 1726
1512082060000 1726
1512082060000 1726
1512082060000 1727
1512082060000 1727
1512082060000 1727
1512082060000 1727
1512082060000 1727
1512082060000 1727
1512082060000 1727
1512082060000 1728
1512082060000 1728
1512082060000 1728
1512082060000 1729
1512082060000 1729
1512082060000 1729
1512082060000 1729
1512082060000 1730
1512082060000 1730
1512082060000 1730
1512082060000 1730
1512082060000 1730
1512082060000 1730
1512082060000 1730
1512082060000 1731
1512082060000 1731
1512082060000 1731
1512082060000 1731
1512082070000 1662
1512082070000 1663
1512082070000 1663
1512082070000 1663
1512082070000 1663
1512082070000 1664
1512082070000 1664
1512082070000 1664
1512082070000 1664
1512082070000 1665
1512082070000 1665
1512082070000 1665
1512082070000 1665
1512082070000 1665
1512082070000 1665
1512082070000 1666
1512082070000 1666
1512082070000 1666
1512082070000 1666
1512082070000 1666
1512082070000 1666
1512082070000 1666
1512082070000 1666
1512082070000 1666
1512082070000 1667
1512082070000 1667
1512082070000 1667
1512082070000 1667
1512082070000 1667
1512082070000 1667
1512082070000 1667
1512082070000 1668
1512082070000 1668
1512082070000 1668
1512082070000 1668
1512082070000 1668
1512082070000 1668
1512082070000 1669
1512082070000 1669
1512082070000 1669
1512082070000 1669
1512082070000 1669
1512082070000 1669
1512082070000 1670
1512082070000 1670
1512082070000 1670
1512082070000 1670
1512082070000 1670
1512082070000 1670
1512082070000 1670
1512082070000 1670
1512082070000 1671
1512082070000 1671
1512082070000 1671
1512082070000 1671
1512082070000 1671
1512082070000 1671
1512082070000 1671
1512082070000 1671
1512082070000 1671
1512082070000 1672
1512082070000 1672
1512082070000 1672
1512082070000 1672
1512082070000 1672
1512082070000 1673
1512082070000 1674
1512082070000 1674
1512082070000 1678
1512082070000 1678
1512082070000 1678
1512082070000 1679
1512082070000 1679
1512082070000 1679
1512082070000 1679
1512082070000 1700
1512082070000 1701
1512082070000 1701
1512082070000 1702
1512082070000 1702
1512082070000 1702
1512082070000 1702
1512082070000 1702
1512082070000 1702
1512082070000 1702
1512082070000 1702
1512082070000 1703
1512082070000 1703
1512082070000 1703
1512082070000 1703
1512082070000 1703
1512082070000 1703
1512082070000 1703
1512082070000 1703
1512082070000 1703
1512082070000 1704
1512082070000 1704
1512082070000 1704
1512082070000 1705
1512082070000 1709
1512082080000 1668
1512082080000 1668
1512082080000 1669
1512082080000 1669
1512082080000 1670
1512082080000 1670
1512082080000 1670
1512082080000 1670
1512082080000 1670
1512082080000 1671
1512082080000 1671
1512082080000 1671
1512082080000 1671
1512082080000 1671
1512082080000 1671
1512082080000 1671
1512082080000 1671
1512082080000 1672
1512082080000 1672
1512082080000 1672
1512082080000 1672
1512082080000 1672
1512082080000 1672
1512082080000 1672
1512082080000 1672
1512082080000 1672
1512082080000 1672
1512082080000 1672
1512082080000 1672
1512082080000 1672
1512082080000 1672
1512082080000 1672
1512082080000 1672
1512082080000 1672
1512082080000 1672
1512082080000 1673
1512082080000 1673
1512082080000 1673
1512082080000 1673
1512082080000 1673
1512082080000 1673
1512082080000 1673
1512082080000 1673
1512082080000 1673
1512082080000 1673
1512082080000 1673
1512082080000 1673
1512082080000 1673
1512082080000 1673
1512082080000 1673
1512082080000 1673
1512082080000 1673
1512082080000 1673
1512082080000 1673
1512082080000 1674
1512082080000 1674
1512082080000 1674
1512082080000 1674
1512082080000 1674
1512082080000 1674
1512082080000 1674
1512082080000 1674
1512082080000 1674
1512082080000 1674
1512082080000 1674
1512082080000 1674
1512082080000 1674
1512082080000 1674
1512082080000 1674
1512082080000 1674
1512082080000 1674
1512082080000 1675
1512082080000 1675
1512082080000 1675
1512082080000 1675
1512082080000 1675
1512082080000 1675
1512082080000 1675
1512082080000 1675
1512082080000 1676
1512082080000 1676
1512082080000 1676
1512082080000 1676
1512082080000 1676
1512082080000 1677
1512082080000 1677
1512082080000 1678
1512082080000 1706
1512082080000 1707
1512082080000 1707
1512082080000 1707
1512082080000 1707
1512082080000 1708
1512082080000 1708
1512082080000 1708
1512082080000 1708
1512082080000 1708
1512082080000 1709
1512082080000 1710
1512082080000 1710
1512082090000 1693
1512082090000 1693
1512082090000 1693
1512082090000 1693
1512082090000 1694
1512082090000 1694
1512082090000 1694
1512082090000 1695
1512082090000 1695
1512082090000 1695
1512082090000 1695
1512082090000 1695
1512082090000 1695
1512082090000 1695
1512082090000 1695
1512082090000 1695
1512082090000 1695
1512082090000 1696
1512082090000 1696
1512082090000 1696
1512082090000 1697
1512082090000 1697
1512082090000 1697
1512082090000 1697
1512082090000 1697
1512082090000 1697
1512082090000 1697
1512082090000 1697
1512082090000 1697
1512082090000 1697
1512082090000 1697
1512082090000 1698
1512082090000 1698
1512082090000 1698
1512082090000 1698
1512082090000 1698
1512082090000 1698
1512082090000 1699
1512082090000 1699
1512082090000 1699
1512082090000 1699
1512082090000 1699
1512082090000 1699
1512082090000 1699
1512082090000 1699
1512082090000 1699
1512082090000 1700
1512082090000 1700
1512082090000 1700
1512082090000 1700
1512082090000 1700
1512082090000 1700
1512082090000 1700
1512082090000 1700
1512082090000 1700
1512082090000 1701
1512082090000 1701
1512082090000 1701
1512082090000 1702
1512082090000 1702
1512082090000 1703
1512082090000 1723
1512082090000 1723
1512082090000 1723
1512082090000 1723
1512082090000 1724
1512082090000 1730
1512082090000 1731
1512082090000 1731
1512082090000 1731
1512082090000 1731
1512082090000 1731
1512082090000 1731
1512082090000 1731
1512082090000 1731
1512082090000 1731
1512082090000 1732
1512082090000 1732
1512082090000 1732
1512082090000 1732
1512082090000 1732
1512082090000 1732
1512082090000 1732
1512082090000 1733
1512082090000 1733
1512082090000 1733
1512082090000 1733
1512082090000 1733
1512082090000 1733
1512082090000 1733
1512082090000 1733
1512082090000 1733
1512082090000 1734
1512082090000 1734
1512082090000 1734
1512082090000 1735
1512082090000 1735
1512082090000 1735
1512082090000 1735
1512082090000 1736
1512082100000 1349
1512082100000 1351
1512082100000 1352
1512082100000 1352
1512082100000 1352
1512082100000 1352
1512082100000 1353
1512082100000 1353
1512082100000 1353
1512082100000 1353
1512082100000 1353
1512082100000 1354
1512082100000 1354
1512082100000 1354
1512082100000 1354
1512082100000 1354
1512082100000 1354
1512082100000 1354
1512082100000 1355
1512082100000 1355
1512082100000 1355
1512082100000 1355
1512082100000 1355
1512082100000 1355
1512082100000 1355
1512082100000 1355
1512082100000 1355
1512082100000 1355
1512082100000 1355
1512082100000 1355
1512082100000 1355
1512082100000 1355
1512082100000 1355
1512082100000 1355
1512082100000 1355
1512082100000 1356
1512082100000 1356
1512082100000 1356
1512082100000 1356
1512082100000 1356
1512082100000 1356
1512082100000 1356
1512082100000 1356
1512082100000 1356
1512082100000 1356
1512082100000 1356
1512082100000 1356
1512082100000 1356
1512082100000 1356
1512082100000 1357
1512082100000 1357
1512082100000 1357
1512082100000 1357
1512082100000 1357
1512082100000 1357
1512082100000 1357
1512082100000 1357
1512082100000 1357
1512082100000 1357
1512082100000 1357
1512082100000 1357
1512082100000 1357
1512082100000 1358
1512082100000 1358
1512082100000 1358
1512082100000 1358
1512082100000 1358
1512082100000 1358
1512082100000 1359
1512082100000 1360
1512082100000 1361
1512082100000 1361
1512082100000 1370
1512082100000 1371
1512082100000 1371
1512082100000 1371
1512082100000 1384
1512082100000 1387
1512082100000 1387
1512082100000 1388
1512082100000 1388
1512082100000 1388
1512082100000 1389
1512082100000 1389
1512082100000 1389
1512082100000 1389
1512082100000 1389
1512082100000 1389
1512082100000 1390
1512082100000 1390
1512082100000 1390
1512082100000 1390
1512082100000 1391
1512082100000 1391
1512082100000 1391
1512082100000 1391
1512082100000 1391
1512082100000 1396
1512082100000 1397
1512082100000 1411
1512082110000 1708
1512082110000 1708
1512082110000 1708
1512082110000 1708
1512082110000 1708
1512082110000 1708
1512082110000 1708
1512082110000 1708
1512082110000 1708
1512082110000 1708
1512082110000 1708
1512082110000 1708
1512082110000 1708
1512082110000 1708
1512082110000 1708
1512082110000 1708
1512082110000 1708
1512082110000 1708
1512082110000 1708
1512082110000 1709
1512082110000 1709
1512082110000 1709
1512082110000 1710
1512082110000 1711
1512082110000 1711
1512082110000 1711
1512082110000 1711
1512082110000 1711
1512082110000 1711
1512082110000 1711
1512082110000 1711
1512082110000 1711
1512082110000 1711
1512082110000 1711
1512082110000 1711
1512082110000 1711
1512082110000 1711
1512082110000 1711
1512082110000 1711
1512082110000 1711
1512082110000 1711
1512082110000 1711
1512082110000 1712
1512082110000 1712
1512082110000 1712
1512082110000 1713
1512082110000 1713
1512082110000 1713
1512082110000 1713
1512082110000 1713
1512082110000 1713
1512082110000 1713
1512082110000 1713
1512082110000 1713
1512082110000 1713
1512082110000 1714
1512082110000 1714
1512082110000 1715
1512082110000 1715
1512082110000 1715
1512082110000 1715
1512082110000 1716
1512082110000 1716
1512082110000 1716
1512082110000 1716
1512082110000 1716
1512082110000 1716
1512082110000 1716
1512082110000 1716
1512082110000 1716
1512082110000 1716
1512082110000 1717
1512082110000 1717
1512082110000 1717
1512082110000 1717
1512082110000 1717
1512082110000 1717
1512082110000 1718
1512082110000 1718
1512082110000 1718
1512082110000 1719
1512082110000 1719
1512082110000 1719
1512082110000 1719
1512082110000 1719
1512082110000 1720
1512082110000 1720
1512082110000 1720
1512082110000 1721
1512082110000 1722
1512082110000 1723
1512082110000 1723
1512082110000 1730
1512082110000 1731
1512082110000 1731
1512082110000 1731
1512082110000 1732
1512082110000 1744
1512082110000 1744
1512082110000 1745
1512082120000 -6235
1512082120000 -6236
1512082120000 -6237
1512082120000 -6260
1512082120000 -6260
1512082120000 -6260
1512082120000 -6261
1512082120000 -6261
1512082120000 -6261
1512082120000 -6261
1512082120000 -6261
1512082120000 -6261
1512082120000 -6261
1512082120000 -6261
1512082120000 -6262
1512082120000 -6262
1512082120000 -6262
1512082120000 -6262
1512082120000 -6262
1512082120000 -6262
1512082120000 -6262
1512082120000 -6263
1512082120000 -6263
1512082120000 -6263
1512082120000 -6263
1512082120000 -6263
1512082120000 -6263
1512082120000 -6263
1512082120000 -6264
1512082120000 -6264
1512082120000 -6264
1512082120000 -6264
1512082120000 -6264
1512082120000 -6265
1512082120000 -6265
1512082120000 -6265
1512082120000 -6265
1512082120000 -6265
1512082120000 -6265
1512082120000 -6265
1512082120000 -6266
1512082120000 -6266
1512082120000 -6266
1512082120000 -6266
1512082120000 -6266
1512082120000 -6267
1512082120000 -6267
1512082120000 -6267
1512082120000 -6268
1512082120000 -6268
1512082120000 -6269
1512082120000 -6269
1512082120000 -6270
1512082120000 -6270
1512082120000 -6270
1512082120000 -8251
1512082120000 -8252
1512082120000 -8266
1512082120000 -8274
1512082120000 -8274
1512082120000 -8275
1512082120000 -8276
1512082120000 -8276
1512082120000 -8276
1512082120000 -8276
1512082120000 -8276
1512082120000 -8277
1512082120000 -8277
1512082120000 -8277
1512082120000 -8278
1512082120000 -8278
1512082120000 -8278
1512082120000 -8278
1512082120000 -8278
1512082120000 -8278
1512082120000 -8279
1512082120000 -8279
1512082120000 -8279
1512082120000 -8279
1512082120000 -8280
1512082120000 -8280
1512082120000 -8281
1512082120000 -8281
1512082120000 -8281
1512082120000 -8281
1512082120000 -8282
1512082120000 -8282
1512082120000 -8282
1512082120000 -8285
1512082120000 -8285
1512082120000 -8285
1512082120000 -8285
1512082120000 -8285
1512082120000 -8285
1512082120000 -8285
1512082120000 -8285
1512082120000 -8286
1512082120000 -8286
1512082120000 -8287
1512082120000 -8288
