1512134380000 11679
1512134380000 11679
1512134380000 11679
1512134380000 11679
1512134380000 11679
1512134380000 11679
1512134380000 11680
1512134380000 11680
1512134380000 11680
1512134380000 11680
1512134380000 11680
1512134380000 11681
1512134380000 11681
1512134380000 11681
1512134380000 11681
1512134380000 11681
1512134380000 11682
1512134380000 11682
1512134380000 11682
1512134380000 11682
1512134380000 11682
1512134380000 11683
1512134380000 11683
1512134380000 11683
1512134380000 11683
1512134380000 11683
1512134380000 11683
1512134380000 11684
1512134380000 11684
1512134380000 11684
1512134380000 11684
1512134380000 11684
1512134380000 11685
1512134380000 11685
1512134380000 11685
1512134380000 11685
1512134380000 11685
1512134380000 11686
1512134380000 11686
1512134380000 11686
1512134380000 11686
1512134380000 11686
1512134380000 11686
1512134380000 11687
1512134380000 11687
1512134380000 11687
1512134380000 11687
1512134380000 11687
1512134380000 11688
1512134380000 11688
1512134380000 11688
1512134380000 11688
1512134380000 11688
1512134380000 11689
1512134380000 11689
1512134380000 11689
1512134380000 11689
1512134380000 11689
1512134380000 11689
1512134380000 11690
1512134380000 11690
1512134380000 11690
1512134380000 11690
1512134380000 11690
1512134380000 11691
1512134380000 11691
1512134380000 11691
1512134380000 11691
1512134380000 11691
1512134380000 11692
1512134380000 11692
1512134380000 11692
1512134380000 11692
1512134380000 11692
1512134380000 11693
1512134380000 11693
1512134380000 11693
1512134380000 11693
1512134380000 11693
1512134380000 11693
1512134380000 11694
1512134380000 11694
1512134380000 11694
1512134380000 11694
1512134380000 11694
1512134380000 11695
1512134380000 11695
1512134380000 11695
1512134380000 11695
1512134380000 11695
1512134380000 11696
1512134380000 11696
1512134380000 11696
1512134380000 11696
1512134380000 11696
1512134380000 11697
1512134380000 11697
1512134380000 11697
1512134380000 11697
1512134380000 11697
1512134390000 11482
1512134390000 11482
1512134390000 11483
1512134390000 11483
1512134390000 11483
1512134390000 11483
1512134390000 11483
1512134390000 11483
1512134390000 11483
1512134390000 11484
1512134390000 11484
1512134390000 11484
1512134390000 11484
1512134390000 11484
1512134390000 11484
1512134390000 11484
1512134390000 11484
1512134390000 11485
1512134390000 11485
1512134390000 11485
1512134390000 11485
1512134390000 11485
1512134390000 11485
1512134390000 11485
1512134390000 11486
1512134390000 11486
1512134390000 11486
1512134390000 11486
1512134390000 11486
1512134390000 11486
1512134390000 11486
1512134390000 11487
1512134390000 11487
1512134390000 11487
1512134390000 11487
1512134390000 11487
1512134390000 11487
1512134390000 11487
1512134390000 11487
1512134390000 11488
1512134390000 11488
1512134390000 11488
1512134390000 11488
1512134390000 11488
1512134390000 11488
1512134390000 11488
1512134390000 11489
1512134390000 11489
1512134390000 11489
1512134390000 11489
1512134390000 11489
1512134390000 11489
1512134390000 11489
1512134390000 11490
1512134390000 11490
1512134390000 11490
1512134390000 11490
1512134390000 11490
1512134390000 11490
1512134390000 11490
1512134390000 11490
1512134390000 11491
1512134390000 11491
1512134390000 11491
1512134390000 11491
1512134390000 11491
1512134390000 11491
1512134390000 11491
1512134390000 11492
1512134390000 11492
1512134390000 11492
1512134390000 11492
1512134390000 11492
1512134390000 11492
1512134390000 11492
1512134390000 11492
1512134390000 11493
1512134390000 11493
1512134390000 11493
1512134390000 11493
1512134390000 11493
1512134390000 11493
1512134390000 11493
1512134390000 11494
1512134390000 11494
1512134390000 11494
1512134390000 11494
1512134390000 11494
1512134390000 11494
1512134390000 11494
1512134390000 11495
1512134390000 11495
1512134390000 11495
1512134390000 11495
1512134390000 11495
1512134390000 11495
1512134390000 11495
1512134390000 11496
1512134390000 11496
1512134390000 11496
1512134400000 11447
1512134400000 11448
1512134400000 11448
1512134400000 11448
1512134400000 11448
1512134400000 11448
1512134400000 11448
1512134400000 11448
1512134400000 11448
1512134400000 11448
1512134400000 11448
1512134400000 11449
1512134400000 11449
1512134400000 11449
1512134400000 11449
1512134400000 11449
1512134400000 11449
1512134400000 11449
1512134400000 11449
1512134400000 11449
1512134400000 11449
1512134400000 11450
1512134400000 11450
1512134400000 11450
1512134400000 11450
1512134400000 11450
1512134400000 11450
1512134400000 11450
1512134400000 11450
1512134400000 11450
1512134400000 11451
1512134400000 11451
1512134400000 11451
1512134400000 11451
1512134400000 11451
1512134400000 11451
1512134400000 11451
1512134400000 11451
1512134400000 11451
1512134400000 11451
1512134400000 11452
1512134400000 11452
1512134400000 11452
1512134400000 11452
1512134400000 11452
1512134400000 11452
1512134400000 11452
1512134400000 11452
1512134400000 11452
1512134400000 11452
1512134400000 11453
1512134400000 11453
1512134400000 11453
1512134400000 11453
1512134400000 11453
1512134400000 11453
1512134400000 11453
1512134400000 11453
1512134400000 11453
1512134400000 11453
1512134400000 11454
1512134400000 11454
1512134400000 11454
1512134400000 11454
1512134400000 11454
1512134400000 11454
1512134400000 11454
1512134400000 11454
1512134400000 11455
1512134400000 11455
1512134400000 11455
1512134400000 11455
1512134400000 11455
1512134400000 11455
1512134400000 11455
1512134400000 11455
1512134400000 11455
1512134400000 11455
1512134400000 11456
1512134400000 11456
1512134400000 11456
1512134400000 11456
1512134400000 11456
1512134400000 11456
1512134400000 11456
1512134400000 11456
1512134400000 11456
1512134400000 11457
1512134400000 11457
1512134400000 11457
1512134400000 11457
1512134400000 11457
1512134400000 11457
1512134400000 11457
1512134400000 11457
1512134400000 11457
1512134400000 11457
1512134400000 11458
1512134400000 11458
1512134400000 11458
1512134410000 11466
1512134410000 11467
1512134410000 11467
1512134410000 11467
1512134410000 11467
1512134410000 11467
1512134410000 11467
1512134410000 11467
1512134410000 11467
1512134410000 11467
1512134410000 11467
1512134410000 11468
1512134410000 11468
1512134410000 11468
1512134410000 11468
1512134410000 11468
1512134410000 11468
1512134410000 11468
1512134410000 11468
1512134410000 11468
1512134410000 11468
1512134410000 11468
1512134410000 11469
1512134410000 11469
1512134410000 11469
1512134410000 11469
1512134410000 11469
1512134410000 11469
1512134410000 11469
1512134410000 11469
1512134410000 11469
1512134410000 11469
1512134410000 11470
1512134410000 11470
1512134410000 11470
1512134410000 11470
1512134410000 11470
1512134410000 11470
1512134410000 11470
1512134410000 11470
1512134410000 11470
1512134410000 11470
1512134410000 11470
1512134410000 11471
1512134410000 11471
1512134410000 11471
1512134410000 11471
1512134410000 11471
1512134410000 11471
1512134410000 11471
1512134410000 11471
1512134410000 11471
1512134410000 11471
1512134410000 11472
1512134410000 11472
1512134410000 11472
1512134410000 11472
1512134410000 11472
1512134410000 11472
1512134410000 11472
1512134410000 11472
1512134410000 11472
1512134410000 11472
1512134410000 11472
1512134410000 11473
1512134410000 11473
1512134410000 11473
1512134410000 11473
1512134410000 11473
1512134410000 11473
1512134410000 11473
1512134410000 11473
1512134410000 11474
1512134410000 11474
1512134410000 11474
1512134410000 11474
1512134410000 11474
1512134410000 11474
1512134410000 11474
1512134410000 11475
1512134410000 11475
1512134410000 11475
1512134410000 11475
1512134410000 11475
1512134410000 11475
1512134410000 11475
1512134410000 11476
1512134410000 11476
1512134410000 11476
1512134410000 11476
1512134410000 11476
1512134410000 11476
1512134410000 11476
1512134410000 11477
1512134410000 11477
1512134410000 11477
1512134410000 11477
1512134410000 11477
1512134410000 11477
1512134410000 11477
1512134420000 11471
1512134420000 11471
1512134420000 11471
1512134420000 11471
1512134420000 11472
1512134420000 11472
1512134420000 11472
1512134420000 11472
1512134420000 11472
1512134420000 11472
1512134420000 11473
1512134420000 11473
1512134420000 11473
1512134420000 11473
1512134420000 11473
1512134420000 11474
1512134420000 11474
1512134420000 11474
1512134420000 11474
1512134420000 11474
1512134420000 11475
1512134420000 11475
1512134420000 11475
1512134420000 11475
1512134420000 11475
1512134420000 11476
1512134420000 11476
1512134420000 11476
1512134420000 11476
1512134420000 11476
1512134420000 11477
1512134420000 11477
1512134420000 11477
1512134420000 11477
1512134420000 11477
1512134420000 11478
1512134420000 11478
1512134420000 11478
1512134420000 11478
1512134420000 11479
1512134420000 11479
1512134420000 11479
1512134420000 11479
1512134420000 11480
1512134420000 11480
1512134420000 11480
1512134420000 11480
1512134420000 11480
1512134420000 11481
1512134420000 11481
1512134420000 11481
1512134420000 11481
1512134420000 11482
1512134420000 11482
1512134420000 11482
1512134420000 11482
1512134420000 11482
1512134420000 11483
1512134420000 11483
1512134420000 11483
1512134420000 11483
1512134420000 11483
1512134420000 11484
1512134420000 11484
1512134420000 11484
1512134420000 11484
1512134420000 11484
1512134420000 11484
1512134420000 11485
1512134420000 11485
1512134420000 11485
1512134420000 11485
1512134420000 11486
1512134420000 11486
1512134420000 11486
1512134420000 11486
1512134420000 11487
1512134420000 11487
1512134420000 11487
1512134420000 11487
1512134420000 11488
1512134420000 11488
1512134420000 11488
1512134420000 11488
1512134420000 11489
1512134420000 11489
1512134420000 11489
1512134420000 11489
1512134420000 11489
1512134420000 11490
1512134420000 11490
1512134420000 11490
1512134420000 11490
1512134420000 11490
1512134420000 11491
1512134420000 11491
1512134420000 11491
1512134420000 11491
1512134420000 11491
1512134420000 11492
1512134430000 11446
1512134430000 11446
1512134430000 11446
1512134430000 11446
1512134430000 11446
1512134430000 11446
1512134430000 11447
1512134430000 11447
1512134430000 11447
1512134430000 11447
1512134430000 11447
1512134430000 11447
1512134430000 11448
1512134430000 11448
1512134430000 11448
1512134430000 11448
1512134430000 11448
1512134430000 11448
1512134430000 11448
1512134430000 11449
1512134430000 11449
1512134430000 11449
1512134430000 11449
1512134430000 11449
1512134430000 11449
1512134430000 11450
1512134430000 11450
1512134430000 11450
1512134430000 11450
1512134430000 11450
1512134430000 11450
1512134430000 11451
1512134430000 11451
1512134430000 11451
1512134430000 11451
1512134430000 11451
1512134430000 11451
1512134430000 11451
1512134430000 11452
1512134430000 11452
1512134430000 11452
1512134430000 11452
1512134430000 11452
1512134430000 11452
1512134430000 11453
1512134430000 11453
1512134430000 11453
1512134430000 11453
1512134430000 11453
1512134430000 11453
1512134430000 11453
1512134430000 11454
1512134430000 11454
1512134430000 11454
1512134430000 11454
1512134430000 11454
1512134430000 11454
1512134430000 11455
1512134430000 11455
1512134430000 11455
1512134430000 11455
1512134430000 11455
1512134430000 11455
1512134430000 11456
1512134430000 11456
1512134430000 11456
1512134430000 11456
1512134430000 11456
1512134430000 11456
1512134430000 11456
1512134430000 11457
1512134430000 11457
1512134430000 11457
1512134430000 11457
1512134430000 11457
1512134430000 11457
1512134430000 11458
1512134430000 11458
1512134430000 11458
1512134430000 11458
1512134430000 11458
1512134430000 11458
1512134430000 11458
1512134430000 11459
1512134430000 11459
1512134430000 11459
1512134430000 11459
1512134430000 11459
1512134430000 11459
1512134430000 11459
1512134430000 11460
1512134430000 11460
1512134430000 11460
1512134430000 11460
1512134430000 11460
1512134430000 11460
1512134430000 11461
1512134430000 11461
1512134430000 11461
1512134430000 11461
1512134440000 11451
1512134440000 11452
1512134440000 11452
1512134440000 11452
1512134440000 11452
1512134440000 11452
1512134440000 11453
1512134440000 11453
1512134440000 11453
1512134440000 11453
1512134440000 11453
1512134440000 11454
1512134440000 11454
1512134440000 11454
1512134440000 11454
1512134440000 11454
1512134440000 11454
1512134440000 11455
1512134440000 11455
1512134440000 11455
1512134440000 11455
1512134440000 11455
1512134440000 11455
1512134440000 11456
1512134440000 11456
1512134440000 11456
1512134440000 11456
1512134440000 11456
1512134440000 11456
1512134440000 11456
1512134440000 11457
1512134440000 11457
1512134440000 11457
1512134440000 11457
1512134440000 11457
1512134440000 11457
1512134440000 11458
1512134440000 11458
1512134440000 11458
1512134440000 11458
1512134440000 11458
1512134440000 11458
1512134440000 11458
1512134440000 11459
1512134440000 11459
1512134440000 11459
1512134440000 11459
1512134440000 11459
1512134440000 11459
1512134440000 11460
1512134440000 11460
1512134440000 11460
1512134440000 11460
1512134440000 11460
1512134440000 11460
1512134440000 11460
1512134440000 11461
1512134440000 11461
1512134440000 11461
1512134440000 11461
1512134440000 11461
1512134440000 11461
1512134440000 11462
1512134440000 11462
1512134440000 11462
1512134440000 11462
1512134440000 11462
1512134440000 11462
1512134440000 11462
1512134440000 11463
1512134440000 11463
1512134440000 11463
1512134440000 11463
1512134440000 11463
1512134440000 11463
1512134440000 11464
1512134440000 11464
1512134440000 11464
1512134440000 11464
1512134440000 11464
1512134440000 11464
1512134440000 11465
1512134440000 11465
1512134440000 11465
1512134440000 11465
1512134440000 11465
1512134440000 11465
1512134440000 11465
1512134440000 11466
1512134440000 11466
1512134440000 11466
1512134440000 11466
1512134440000 11466
1512134440000 11466
1512134440000 11467
1512134440000 11467
1512134440000 11467
1512134440000 11467
1512134440000 11467
1512134440000 11467
1512134450000 11451
1512134450000 11451
1512134450000 11451
1512134450000 11451
1512134450000 11451
1512134450000 11451
1512134450000 11451
1512134450000 11451
1512134450000 11451
1512134450000 11451
1512134450000 11451
1512134450000 11452
1512134450000 11452
1512134450000 11452
1512134450000 11452
1512134450000 11452
1512134450000 11452
1512134450000 11452
1512134450000 11452
1512134450000 11452
1512134450000 11453
1512134450000 11453
1512134450000 11453
1512134450000 11453
1512134450000 11453
1512134450000 11453
1512134450000 11453
1512134450000 11453
1512134450000 11453
1512134450000 11453
1512134450000 11454
1512134450000 11454
1512134450000 11454
1512134450000 11454
1512134450000 11454
1512134450000 11454
1512134450000 11454
1512134450000 11454
1512134450000 11454
1512134450000 11454
1512134450000 11455
1512134450000 11455
1512134450000 11455
1512134450000 11455
1512134450000 11455
1512134450000 11455
1512134450000 11455
1512134450000 11455
1512134450000 11455
1512134450000 11455
1512134450000 11456
1512134450000 11456
1512134450000 11456
1512134450000 11456
1512134450000 11456
1512134450000 11456
1512134450000 11456
1512134450000 11456
1512134450000 11456
1512134450000 11456
1512134450000 11457
1512134450000 11457
1512134450000 11457
1512134450000 11457
1512134450000 11457
1512134450000 11457
1512134450000 11457
1512134450000 11457
1512134450000 11457
1512134450000 11457
1512134450000 11457
1512134450000 11458
1512134450000 11458
1512134450000 11458
1512134450000 11458
1512134450000 11458
1512134450000 11458
1512134450000 11458
1512134450000 11458
1512134450000 11458
1512134450000 11458
1512134450000 11459
1512134450000 11459
1512134450000 11459
1512134450000 11459
1512134450000 11459
1512134450000 11459
1512134450000 11459
1512134450000 11459
1512134450000 11459
1512134450000 11459
1512134450000 11460
1512134450000 11460
1512134450000 11460
1512134450000 11460
1512134450000 11460
1512134450000 11460
1512134450000 11460
1512134450000 11460
1512134450000 11460
1512134460000 11470
1512134460000 11470
1512134460000 11470
1512134460000 11470
1512134460000 11470
1512134460000 11470
1512134460000 11471
1512134460000 11471
1512134460000 11471
1512134460000 11471
1512134460000 11471
1512134460000 11471
1512134460000 11471
1512134460000 11472
1512134460000 11472
1512134460000 11472
1512134460000 11472
1512134460000 11472
1512134460000 11472
1512134460000 11472
1512134460000 11473
1512134460000 11473
1512134460000 11473
1512134460000 11473
1512134460000 11473
1512134460000 11473
1512134460000 11473
1512134460000 11474
1512134460000 11474
1512134460000 11474
1512134460000 11474
1512134460000 11474
1512134460000 11474
1512134460000 11474
1512134460000 11475
1512134460000 11475
1512134460000 11475
1512134460000 11475
1512134460000 11475
1512134460000 11475
1512134460000 11475
1512134460000 11476
1512134460000 11476
1512134460000 11476
1512134460000 11476
1512134460000 11476
1512134460000 11476
1512134460000 11476
1512134460000 11477
1512134460000 11477
1512134460000 11477
1512134460000 11477
1512134460000 11477
1512134460000 11477
1512134460000 11478
1512134460000 11478
1512134460000 11478
1512134460000 11478
1512134460000 11478
1512134460000 11478
1512134460000 11478
1512134460000 11479
1512134460000 11479
1512134460000 11479
1512134460000 11479
1512134460000 11479
1512134460000 11479
1512134460000 11480
1512134460000 11480
1512134460000 11480
1512134460000 11480
1512134460000 11480
1512134460000 11480
1512134460000 11481
1512134460000 11481
1512134460000 11481
1512134460000 11481
1512134460000 11481
1512134460000 11481
1512134460000 11481
1512134460000 11482
1512134460000 11482
1512134460000 11482
1512134460000 11482
1512134460000 11482
1512134460000 11482
1512134460000 11483
1512134460000 11483
1512134460000 11483
1512134460000 11483
1512134460000 11483
1512134460000 11483
1512134460000 11483
1512134460000 11484
1512134460000 11484
1512134460000 11484
1512134460000 11484
1512134460000 11484
1512134460000 11484
1512134460000 11484
1512134470000 11489
1512134470000 11489
1512134470000 11489
1512134470000 11489
1512134470000 11489
1512134470000 11489
1512134470000 11489
1512134470000 11490
1512134470000 11490
1512134470000 11490
1512134470000 11490
1512134470000 11490
1512134470000 11490
1512134470000 11491
1512134470000 11491
1512134470000 11491
1512134470000 11491
1512134470000 11491
1512134470000 11491
1512134470000 11491
1512134470000 11492
1512134470000 11492
1512134470000 11492
1512134470000 11492
1512134470000 11492
1512134470000 11492
1512134470000 11493
1512134470000 11493
1512134470000 11493
1512134470000 11493
1512134470000 11493
1512134470000 11493
1512134470000 11494
1512134470000 11494
1512134470000 11494
1512134470000 11494
1512134470000 11494
1512134470000 11494
1512134470000 11494
1512134470000 11495
1512134470000 11495
1512134470000 11495
1512134470000 11495
1512134470000 11495
1512134470000 11495
1512134470000 11496
1512134470000 11496
1512134470000 11496
1512134470000 11496
1512134470000 11496
1512134470000 11496
1512134470000 11496
1512134470000 11497
1512134470000 11497
1512134470000 11497
1512134470000 11497
1512134470000 11497
1512134470000 11498
1512134470000 11498
1512134470000 11498
1512134470000 11498
1512134470000 11498
1512134470000 11498
1512134470000 11498
1512134470000 11499
1512134470000 11499
1512134470000 11499
1512134470000 11499
1512134470000 11499
1512134470000 11499
1512134470000 11500
1512134470000 11500
1512134470000 11500
1512134470000 11500
1512134470000 11500
1512134470000 11500
1512134470000 11500
1512134470000 11501
1512134470000 11501
1512134470000 11501
1512134470000 11501
1512134470000 11501
1512134470000 11501
1512134470000 11502
1512134470000 11502
1512134470000 11502
1512134470000 11502
1512134470000 11502
1512134470000 11502
1512134470000 11503
1512134470000 11503
1512134470000 11503
1512134470000 11503
1512134470000 11503
1512134470000 11503
1512134470000 11503
1512134470000 11504
1512134470000 11504
1512134470000 11504
1512134470000 11504
1512134480000 11439
1512134480000 11439
1512134480000 11439
1512134480000 11439
1512134480000 11440
1512134480000 11440
1512134480000 11440
1512134480000 11440
1512134480000 11440
1512134480000 11440
1512134480000 11441
1512134480000 11441
1512134480000 11441
1512134480000 11441
1512134480000 11441
1512134480000 11441
1512134480000 11441
1512134480000 11442
1512134480000 11442
1512134480000 11442
1512134480000 11442
1512134480000 11442
1512134480000 11442
1512134480000 11443
1512134480000 11443
1512134480000 11443
1512134480000 11443
1512134480000 11443
1512134480000 11443
1512134480000 11443
1512134480000 11444
1512134480000 11444
1512134480000 11444
1512134480000 11444
1512134480000 11444
1512134480000 11444
1512134480000 11445
1512134480000 11445
1512134480000 11445
1512134480000 11445
1512134480000 11445
1512134480000 11445
1512134480000 11446
1512134480000 11446
1512134480000 11446
1512134480000 11446
1512134480000 11446
1512134480000 11446
1512134480000 11446
1512134480000 11447
1512134480000 11447
1512134480000 11447
1512134480000 11447
1512134480000 11447
1512134480000 11447
1512134480000 11447
1512134480000 11448
1512134480000 11448
1512134480000 11448
1512134480000 11448
1512134480000 11448
1512134480000 11448
1512134480000 11448
1512134480000 11449
1512134480000 11449
1512134480000 11449
1512134480000 11449
1512134480000 11449
1512134480000 11449
1512134480000 11450
1512134480000 11450
1512134480000 11450
1512134480000 11450
1512134480000 11450
1512134480000 11450
1512134480000 11450
1512134480000 11450
1512134480000 11451
1512134480000 11451
1512134480000 11451
1512134480000 11451
1512134480000 11451
1512134480000 11451
1512134480000 11452
1512134480000 11452
1512134480000 11452
1512134480000 11452
1512134480000 11452
1512134480000 11452
1512134480000 11452
1512134480000 11453
1512134480000 11453
1512134480000 11453
1512134480000 11453
1512134480000 11453
1512134480000 11453
1512134480000 11454
1512134480000 11454
1512134480000 11454
1512134480000 11454
1512134490000 11467
1512134490000 11467
1512134490000 11467
1512134490000 11467
1512134490000 11467
1512134490000 11467
1512134490000 11468
1512134490000 11468
1512134490000 11468
1512134490000 11468
1512134490000 11468
1512134490000 11468
1512134490000 11468
1512134490000 11469
1512134490000 11469
1512134490000 11469
1512134490000 11469
1512134490000 11469
1512134490000 11469
1512134490000 11469
1512134490000 11470
1512134490000 11470
1512134490000 11470
1512134490000 11470
1512134490000 11470
1512134490000 11470
1512134490000 11471
1512134490000 11471
1512134490000 11471
1512134490000 11471
1512134490000 11471
1512134490000 11471
1512134490000 11471
1512134490000 11472
1512134490000 11472
1512134490000 11472
1512134490000 11472
1512134490000 11472
1512134490000 11472
1512134490000 11472
1512134490000 11473
1512134490000 11473
1512134490000 11473
1512134490000 11473
1512134490000 11473
1512134490000 11474
1512134490000 11474
1512134490000 11474
1512134490000 11474
1512134490000 11474
1512134490000 11475
1512134490000 11475
1512134490000 11475
1512134490000 11475
1512134490000 11475
1512134490000 11476
1512134490000 11476
1512134490000 11476
1512134490000 11476
1512134490000 11476
1512134490000 11476
1512134490000 11477
1512134490000 11477
1512134490000 11477
1512134490000 11477
1512134490000 11477
1512134490000 11478
1512134490000 11478
1512134490000 11478
1512134490000 11478
1512134490000 11478
1512134490000 11478
1512134490000 11478
1512134490000 11479
1512134490000 11479
1512134490000 11479
1512134490000 11479
1512134490000 11479
1512134490000 11479
1512134490000 11480
1512134490000 11480
1512134490000 11480
1512134490000 11480
1512134490000 11480
1512134490000 11480
1512134490000 11480
1512134490000 11481
1512134490000 11481
1512134490000 11481
1512134490000 11481
1512134490000 11481
1512134490000 11481
1512134490000 11481
1512134490000 11482
1512134490000 11482
1512134490000 11482
1512134490000 11482
1512134490000 11482
1512134490000 11482
1512134490000 11483
1512134500000 11440
1512134500000 11440
1512134500000 11440
1512134500000 11440
1512134500000 11441
1512134500000 11441
1512134500000 11441
1512134500000 11441
1512134500000 11441
1512134500000 11441
1512134500000 11442
1512134500000 11442
1512134500000 11442
1512134500000 11442
1512134500000 11442
1512134500000 11442
1512134500000 11443
1512134500000 11443
1512134500000 11443
1512134500000 11443
1512134500000 11443
1512134500000 11443
1512134500000 11444
1512134500000 11444
1512134500000 11444
1512134500000 11444
1512134500000 11444
1512134500000 11444
1512134500000 11444
1512134500000 11445
1512134500000 11445
1512134500000 11445
1512134500000 11445
1512134500000 11445
1512134500000 11445
1512134500000 11446
1512134500000 11446
1512134500000 11446
1512134500000 11446
1512134500000 11446
1512134500000 11446
1512134500000 11447
1512134500000 11447
1512134500000 11447
1512134500000 11447
1512134500000 11447
1512134500000 11447
1512134500000 11448
1512134500000 11448
1512134500000 11448
1512134500000 11448
1512134500000 11448
1512134500000 11448
1512134500000 11449
1512134500000 11449
1512134500000 11449
1512134500000 11449
1512134500000 11449
1512134500000 11449
1512134500000 11450
1512134500000 11450
1512134500000 11450
1512134500000 11450
1512134500000 11450
1512134500000 11451
1512134500000 11451
1512134500000 11451
1512134500000 11451
1512134500000 11451
1512134500000 11452
1512134500000 11452
1512134500000 11452
1512134500000 11452
1512134500000 11452
1512134500000 11453
1512134500000 11453
1512134500000 11453
1512134500000 11453
1512134500000 11453
1512134500000 11453
1512134500000 11454
1512134500000 11454
1512134500000 11454
1512134500000 11454
1512134500000 11454
1512134500000 11454
1512134500000 11455
1512134500000 11455
1512134500000 11455
1512134500000 11455
1512134500000 11455
1512134500000 11455
1512134500000 11456
1512134500000 11456
1512134500000 11456
1512134500000 11456
1512134500000 11456
1512134500000 11456
1512134500000 11456
1512134500000 11457
1512134510000 11455
1512134510000 11455
1512134510000 11455
1512134510000 11455
1512134510000 11455
1512134510000 11456
1512134510000 11456
1512134510000 11456
1512134510000 11456
1512134510000 11456
1512134510000 11456
1512134510000 11456
1512134510000 11457
1512134510000 11457
1512134510000 11457
1512134510000 11457
1512134510000 11457
1512134510000 11457
1512134510000 11457
1512134510000 11458
1512134510000 11458
1512134510000 11458
1512134510000 11458
1512134510000 11458
1512134510000 11458
1512134510000 11458
1512134510000 11459
1512134510000 11459
1512134510000 11459
1512134510000 11459
1512134510000 11459
1512134510000 11459
1512134510000 11460
1512134510000 11460
1512134510000 11460
1512134510000 11460
1512134510000 11460
1512134510000 11460
1512134510000 11460
1512134510000 11461
1512134510000 11461
1512134510000 11461
1512134510000 11461
1512134510000 11461
1512134510000 11462
1512134510000 11462
1512134510000 11462
1512134510000 11462
1512134510000 11462
1512134510000 11463
1512134510000 11463
1512134510000 11463
1512134510000 11463
1512134510000 11463
1512134510000 11463
1512134510000 11464
1512134510000 11464
1512134510000 11464
1512134510000 11464
1512134510000 11464
1512134510000 11465
1512134510000 11465
1512134510000 11465
1512134510000 11465
1512134510000 11465
1512134510000 11466
1512134510000 11466
1512134510000 11466
1512134510000 11466
1512134510000 11466
1512134510000 11467
1512134510000 11467
1512134510000 11467
1512134510000 11467
1512134510000 11467
1512134510000 11467
1512134510000 11468
1512134510000 11468
1512134510000 11468
1512134510000 11468
1512134510000 11468
1512134510000 11468
1512134510000 11469
1512134510000 11469
1512134510000 11469
1512134510000 11469
1512134510000 11469
1512134510000 11469
1512134510000 11470
1512134510000 11470
1512134510000 11470
1512134510000 11470
1512134510000 11470
1512134510000 11470
1512134510000 11470
1512134510000 11471
1512134510000 11471
1512134510000 11471
1512134510000 11471
1512134510000 11471
1512134520000 11455
1512134520000 11455
1512134520000 11455
1512134520000 11455
1512134520000 11455
1512134520000 11456
1512134520000 11456
1512134520000 11456
1512134520000 11456
1512134520000 11456
1512134520000 11457
1512134520000 11457
1512134520000 11457
1512134520000 11457
1512134520000 11457
1512134520000 11457
1512134520000 11458
1512134520000 11458
1512134520000 11458
1512134520000 11458
1512134520000 11458
1512134520000 11458
1512134520000 11459
1512134520000 11459
1512134520000 11459
1512134520000 11459
1512134520000 11459
1512134520000 11459
1512134520000 11460
1512134520000 11460
1512134520000 11460
1512134520000 11460
1512134520000 11460
1512134520000 11460
1512134520000 11460
1512134520000 11461
1512134520000 11461
1512134520000 11461
1512134520000 11461
1512134520000 11461
1512134520000 11461
1512134520000 11462
1512134520000 11462
1512134520000 11462
1512134520000 11462
1512134520000 11462
1512134520000 11462
1512134520000 11462
1512134520000 11463
1512134520000 11463
1512134520000 11463
1512134520000 11463
1512134520000 11463
1512134520000 11463
1512134520000 11464
1512134520000 11464
1512134520000 11464
1512134520000 11464
1512134520000 11464
1512134520000 11464
1512134520000 11465
1512134520000 11465
1512134520000 11465
1512134520000 11465
1512134520000 11465
1512134520000 11465
1512134520000 11466
1512134520000 11466
1512134520000 11466
1512134520000 11466
1512134520000 11466
1512134520000 11467
1512134520000 11467
1512134520000 11467
1512134520000 11467
1512134520000 11467
1512134520000 11467
1512134520000 11468
1512134520000 11468
1512134520000 11468
1512134520000 11468
1512134520000 11468
1512134520000 11468
1512134520000 11468
1512134520000 11469
1512134520000 11469
1512134520000 11469
1512134520000 11469
1512134520000 11469
1512134520000 11469
1512134520000 11469
1512134520000 11470
1512134520000 11470
1512134520000 11470
1512134520000 11470
1512134520000 11470
1512134520000 11470
1512134520000 11471
1512134520000 11471
1512134520000 11471
1512134530000 11449
1512134530000 11449
1512134530000 11449
1512134530000 11449
1512134530000 11449
1512134530000 11449
1512134530000 11449
1512134530000 11450
1512134530000 11450
1512134530000 11450
1512134530000 11450
1512134530000 11450
1512134530000 11450
1512134530000 11451
1512134530000 11451
1512134530000 11451
1512134530000 11451
1512134530000 11451
1512134530000 11451
1512134530000 11452
1512134530000 11452
1512134530000 11452
1512134530000 11452
1512134530000 11452
1512134530000 11452
1512134530000 11452
1512134530000 11453
1512134530000 11453
1512134530000 11453
1512134530000 11453
1512134530000 11453
1512134530000 11453
1512134530000 11454
1512134530000 11454
1512134530000 11454
1512134530000 11454
1512134530000 11454
1512134530000 11454
1512134530000 11454
1512134530000 11455
1512134530000 11455
1512134530000 11455
1512134530000 11455
1512134530000 11455
1512134530000 11455
1512134530000 11456
1512134530000 11456
1512134530000 11456
1512134530000 11456
1512134530000 11456
1512134530000 11456
1512134530000 11456
1512134530000 11457
1512134530000 11457
1512134530000 11457
1512134530000 11457
1512134530000 11457
1512134530000 11457
1512134530000 11458
1512134530000 11458
1512134530000 11458
1512134530000 11458
1512134530000 11458
1512134530000 11458
1512134530000 11458
1512134530000 11459
1512134530000 11459
1512134530000 11459
1512134530000 11459
1512134530000 11459
1512134530000 11459
1512134530000 11460
1512134530000 11460
1512134530000 11460
1512134530000 11460
1512134530000 11460
1512134530000 11460
1512134530000 11460
1512134530000 11461
1512134530000 11461
1512134530000 11461
1512134530000 11461
1512134530000 11461
1512134530000 11461
1512134530000 11462
1512134530000 11462
1512134530000 11462
1512134530000 11462
1512134530000 11462
1512134530000 11462
1512134530000 11462
1512134530000 11463
1512134530000 11463
1512134530000 11463
1512134530000 11463
1512134530000 11463
1512134530000 11463
1512134530000 11463
1512134530000 11464
1512134530000 11464
1512134540000 11447
1512134540000 11447
1512134540000 11447
1512134540000 11447
1512134540000 11448
1512134540000 11448
1512134540000 11448
1512134540000 11448
1512134540000 11448
1512134540000 11448
1512134540000 11449
1512134540000 11449
1512134540000 11449
1512134540000 11449
1512134540000 11449
1512134540000 11449
1512134540000 11450
1512134540000 11450
1512134540000 11450
1512134540000 11450
1512134540000 11450
1512134540000 11450
1512134540000 11451
1512134540000 11451
1512134540000 11451
1512134540000 11451
1512134540000 11451
1512134540000 11451
1512134540000 11452
1512134540000 11452
1512134540000 11452
1512134540000 11452
1512134540000 11452
1512134540000 11452
1512134540000 11453
1512134540000 11453
1512134540000 11453
1512134540000 11453
1512134540000 11453
1512134540000 11453
1512134540000 11454
1512134540000 11454
1512134540000 11454
1512134540000 11454
1512134540000 11454
1512134540000 11454
1512134540000 11455
1512134540000 11455
1512134540000 11455
1512134540000 11455
1512134540000 11455
1512134540000 11455
1512134540000 11456
1512134540000 11456
1512134540000 11456
1512134540000 11456
1512134540000 11456
1512134540000 11456
1512134540000 11457
1512134540000 11457
1512134540000 11457
1512134540000 11457
1512134540000 11457
1512134540000 11458
1512134540000 11458
1512134540000 11458
1512134540000 11458
1512134540000 11458
1512134540000 11459
1512134540000 11459
1512134540000 11459
1512134540000 11459
1512134540000 11459
1512134540000 11459
1512134540000 11460
1512134540000 11460
1512134540000 11460
1512134540000 11460
1512134540000 11461
1512134540000 11461
1512134540000 11461
1512134540000 11461
1512134540000 11461
1512134540000 11461
1512134540000 11462
1512134540000 11462
1512134540000 11462
1512134540000 11462
1512134540000 11462
1512134540000 11463
1512134540000 11463
1512134540000 11463
1512134540000 11463
1512134540000 11463
1512134540000 11464
1512134540000 11464
1512134540000 11464
1512134540000 11464
1512134540000 11464
1512134540000 11465
1512134550000 11451
1512134550000 11451
1512134550000 11451
1512134550000 11451
1512134550000 11451
1512134550000 11451
1512134550000 11452
1512134550000 11452
1512134550000 11452
1512134550000 11452
1512134550000 11452
1512134550000 11452
1512134550000 11453
1512134550000 11453
1512134550000 11453
1512134550000 11453
1512134550000 11453
1512134550000 11453
1512134550000 11454
1512134550000 11454
1512134550000 11454
1512134550000 11454
1512134550000 11455
1512134550000 11455
1512134550000 11455
1512134550000 11455
1512134550000 11455
1512134550000 11456
1512134550000 11456
1512134550000 11456
1512134550000 11456
1512134550000 11456
1512134550000 11456
1512134550000 11457
1512134550000 11457
1512134550000 11457
1512134550000 11457
1512134550000 11457
1512134550000 11458
1512134550000 11458
1512134550000 11458
1512134550000 11458
1512134550000 11458
1512134550000 11459
1512134550000 11459
1512134550000 11459
1512134550000 11459
1512134550000 11460
1512134550000 11460
1512134550000 11460
1512134550000 11460
1512134550000 11460
1512134550000 11461
1512134550000 11461
1512134550000 11461
1512134550000 11461
1512134550000 11461
1512134550000 11462
1512134550000 11462
1512134550000 11462
1512134550000 11462
1512134550000 11462
1512134550000 11462
1512134550000 11463
1512134550000 11463
1512134550000 11463
1512134550000 11463
1512134550000 11463
1512134550000 11463
1512134550000 11464
1512134550000 11464
1512134550000 11464
1512134550000 11464
1512134550000 11464
1512134550000 11464
1512134550000 11464
1512134550000 11465
1512134550000 11465
1512134550000 11465
1512134550000 11465
1512134550000 11465
1512134550000 11465
1512134550000 11466
1512134550000 11466
1512134550000 11466
1512134550000 11466
1512134550000 11466
1512134550000 11466
1512134550000 11466
1512134550000 11467
1512134550000 11467
1512134550000 11467
1512134550000 11467
1512134550000 11467
1512134550000 11467
1512134550000 11467
1512134550000 11468
1512134550000 11468
1512134550000 11468
1512134550000 11468
1512134560000 11468
1512134560000 11468
1512134560000 11468
1512134560000 11468
1512134560000 11469
1512134560000 11469
1512134560000 11469
1512134560000 11469
1512134560000 11469
1512134560000 11469
1512134560000 11469
1512134560000 11470
1512134560000 11470
1512134560000 11470
1512134560000 11470
1512134560000 11470
1512134560000 11470
1512134560000 11471
1512134560000 11471
1512134560000 11471
1512134560000 11471
1512134560000 11471
1512134560000 11471
1512134560000 11471
1512134560000 11472
1512134560000 11472
1512134560000 11472
1512134560000 11472
1512134560000 11472
1512134560000 11472
1512134560000 11473
1512134560000 11473
1512134560000 11473
1512134560000 11473
1512134560000 11473
1512134560000 11473
1512134560000 11474
1512134560000 11474
1512134560000 11474
1512134560000 11474
1512134560000 11474
1512134560000 11474
1512134560000 11475
1512134560000 11475
1512134560000 11475
1512134560000 11475
1512134560000 11475
1512134560000 11475
1512134560000 11475
1512134560000 11476
1512134560000 11476
1512134560000 11476
1512134560000 11476
1512134560000 11476
1512134560000 11476
1512134560000 11477
1512134560000 11477
1512134560000 11477
1512134560000 11477
1512134560000 11477
1512134560000 11477
1512134560000 11477
1512134560000 11478
1512134560000 11478
1512134560000 11478
1512134560000 11478
1512134560000 11478
1512134560000 11478
1512134560000 11479
1512134560000 11479
1512134560000 11479
1512134560000 11479
1512134560000 11479
1512134560000 11479
1512134560000 11479
1512134560000 11480
1512134560000 11480
1512134560000 11480
1512134560000 11480
1512134560000 11480
1512134560000 11480
1512134560000 11481
1512134560000 11481
1512134560000 11481
1512134560000 11481
1512134560000 11481
1512134560000 11481
1512134560000 11482
1512134560000 11482
1512134560000 11482
1512134560000 11482
1512134560000 11482
1512134560000 11482
1512134560000 11482
1512134560000 11483
1512134560000 11483
1512134560000 11483
1512134560000 11483
1512134560000 11483
1512134560000 11483
1512134570000 11454
1512134570000 11454
1512134570000 11454
1512134570000 11454
1512134570000 11454
1512134570000 11455
1512134570000 11455
1512134570000 11455
1512134570000 11455
1512134570000 11455
1512134570000 11455
1512134570000 11456
1512134570000 11456
1512134570000 11456
1512134570000 11456
1512134570000 11456
1512134570000 11456
1512134570000 11457
1512134570000 11457
1512134570000 11457
1512134570000 11457
1512134570000 11457
1512134570000 11457
1512134570000 11458
1512134570000 11458
1512134570000 11458
1512134570000 11458
1512134570000 11458
1512134570000 11458
1512134570000 11458
1512134570000 11459
1512134570000 11459
1512134570000 11459
1512134570000 11459
1512134570000 11459
1512134570000 11459
1512134570000 11460
1512134570000 11460
1512134570000 11460
1512134570000 11460
1512134570000 11460
1512134570000 11460
1512134570000 11461
1512134570000 11461
1512134570000 11461
1512134570000 11461
1512134570000 11461
1512134570000 11461
1512134570000 11462
1512134570000 11462
1512134570000 11462
1512134570000 11462
1512134570000 11462
1512134570000 11462
1512134570000 11463
1512134570000 11463
1512134570000 11463
1512134570000 11463
1512134570000 11463
1512134570000 11463
1512134570000 11464
1512134570000 11464
1512134570000 11464
1512134570000 11464
1512134570000 11464
1512134570000 11464
1512134570000 11464
1512134570000 11465
1512134570000 11465
1512134570000 11465
1512134570000 11465
1512134570000 11465
1512134570000 11465
1512134570000 11466
1512134570000 11466
1512134570000 11466
1512134570000 11466
1512134570000 11466
1512134570000 11466
1512134570000 11467
1512134570000 11467
1512134570000 11467
1512134570000 11467
1512134570000 11467
1512134570000 11467
1512134570000 11468
1512134570000 11468
1512134570000 11468
1512134570000 11468
1512134570000 11468
1512134570000 11468
1512134570000 11468
1512134570000 11469
1512134570000 11469
1512134570000 11469
1512134570000 11469
1512134570000 11469
1512134570000 11469
1512134570000 11470
1512134570000 11470
1512134580000 11446
1512134580000 11446
1512134580000 11446
1512134580000 11447
1512134580000 11447
1512134580000 11447
1512134580000 11447
1512134580000 11447
1512134580000 11447
1512134580000 11448
1512134580000 11448
1512134580000 11448
1512134580000 11448
1512134580000 11448
1512134580000 11448
1512134580000 11448
1512134580000 11449
1512134580000 11449
1512134580000 11449
1512134580000 11449
1512134580000 11449
1512134580000 11449
1512134580000 11450
1512134580000 11450
1512134580000 11450
1512134580000 11450
1512134580000 11450
1512134580000 11450
1512134580000 11451
1512134580000 11451
1512134580000 11451
1512134580000 11451
1512134580000 11451
1512134580000 11451
1512134580000 11452
1512134580000 11452
1512134580000 11452
1512134580000 11452
1512134580000 11452
1512134580000 11452
1512134580000 11453
1512134580000 11453
1512134580000 11453
1512134580000 11453
1512134580000 11453
1512134580000 11453
1512134580000 11453
1512134580000 11454
1512134580000 11454
1512134580000 11454
1512134580000 11454
1512134580000 11454
1512134580000 11454
1512134580000 11455
1512134580000 11455
1512134580000 11455
1512134580000 11455
1512134580000 11455
1512134580000 11456
1512134580000 11456
1512134580000 11456
1512134580000 11456
1512134580000 11456
1512134580000 11457
1512134580000 11457
1512134580000 11457
1512134580000 11457
1512134580000 11457
1512134580000 11458
1512134580000 11458
1512134580000 11458
1512134580000 11458
1512134580000 11458
1512134580000 11459
1512134580000 11459
1512134580000 11459
1512134580000 11459
1512134580000 11459
1512134580000 11460
1512134580000 11460
1512134580000 11460
1512134580000 11460
1512134580000 11461
1512134580000 11461
1512134580000 11461
1512134580000 11461
1512134580000 11461
1512134580000 11461
1512134580000 11462
1512134580000 11462
1512134580000 11462
1512134580000 11462
1512134580000 11462
1512134580000 11462
1512134580000 11463
1512134580000 11463
1512134580000 11463
1512134580000 11463
1512134580000 11463
1512134580000 11463
1512134590000 11451
1512134590000 11451
1512134590000 11451
1512134590000 11451
1512134590000 11452
1512134590000 11452
1512134590000 11452
1512134590000 11452
1512134590000 11452
1512134590000 11452
1512134590000 11452
1512134590000 11453
1512134590000 11453
1512134590000 11453
1512134590000 11453
1512134590000 11453
1512134590000 11453
1512134590000 11454
1512134590000 11454
1512134590000 11454
1512134590000 11454
1512134590000 11454
1512134590000 11454
1512134590000 11455
1512134590000 11455
1512134590000 11455
1512134590000 11455
1512134590000 11455
1512134590000 11455
1512134590000 11456
1512134590000 11456
1512134590000 11456
1512134590000 11456
1512134590000 11456
1512134590000 11456
1512134590000 11457
1512134590000 11457
1512134590000 11457
1512134590000 11457
1512134590000 11457
1512134590000 11457
1512134590000 11457
1512134590000 11458
1512134590000 11458
1512134590000 11458
1512134590000 11458
1512134590000 11458
1512134590000 11458
1512134590000 11459
1512134590000 11459
1512134590000 11459
1512134590000 11459
1512134590000 11459
1512134590000 11459
1512134590000 11459
1512134590000 11460
1512134590000 11460
1512134590000 11460
1512134590000 11460
1512134590000 11460
1512134590000 11460
1512134590000 11461
1512134590000 11461
1512134590000 11461
1512134590000 11461
1512134590000 11461
1512134590000 11461
1512134590000 11461
1512134590000 11462
1512134590000 11462
1512134590000 11462
1512134590000 11462
1512134590000 11462
1512134590000 11462
1512134590000 11463
1512134590000 11463
1512134590000 11463
1512134590000 11463
1512134590000 11463
1512134590000 11463
1512134590000 11463
1512134590000 11464
1512134590000 11464
1512134590000 11464
1512134590000 11464
1512134590000 11464
1512134590000 11464
1512134590000 11465
1512134590000 11465
1512134590000 11465
1512134590000 11465
1512134590000 11465
1512134590000 11465
1512134590000 11466
1512134590000 11466
1512134590000 11466
1512134590000 11466
1512134590000 11466
1512134590000 11467
1512134590000 11467
1512134600000 14722
1512134600000 14722
1512134600000 14722
1512134600000 14722
1512134600000 14722
1512134600000 14722
1512134600000 14722
1512134600000 14722
1512134600000 14723
1512134600000 14723
1512134600000 14723
1512134600000 14723
1512134600000 14723
1512134600000 14723
1512134600000 14723
1512134600000 14723
1512134600000 14723
1512134600000 14723
1512134600000 14724
1512134600000 14724
1512134600000 14724
1512134600000 14724
1512134600000 14724
1512134600000 14724
1512134600000 14724
1512134600000 14724
1512134600000 14724
1512134600000 14724
1512134600000 14725
1512134600000 14725
1512134600000 14725
1512134600000 14725
1512134600000 14725
1512134600000 14725
1512134600000 14725
1512134600000 14725
1512134600000 14725
1512134600000 14725
1512134600000 14725
1512134600000 14726
1512134600000 14726
1512134600000 14726
1512134600000 14726
1512134600000 14726
1512134600000 14726
1512134600000 14726
1512134600000 14726
1512134600000 14726
1512134600000 14726
1512134600000 14727
1512134600000 14727
1512134600000 14727
1512134600000 14727
1512134600000 14727
1512134600000 14727
1512134600000 14727
1512134600000 14727
1512134600000 14727
1512134600000 14728
1512134600000 14728
1512134600000 14728
1512134600000 14728
1512134600000 14728
1512134600000 14728
1512134600000 14728
1512134600000 14728
1512134600000 14728
1512134600000 14728
1512134600000 14729
1512134600000 14729
1512134600000 14729
1512134600000 14729
1512134600000 14729
1512134600000 14729
1512134600000 14729
1512134600000 14729
1512134600000 14729
1512134600000 14729
1512134600000 14730
1512134600000 14730
1512134600000 14730
1512134600000 14730
1512134600000 14730
1512134600000 14730
1512134600000 14730
1512134600000 14730
1512134600000 14730
1512134600000 14730
1512134600000 14731
1512134600000 14731
1512134600000 14731
1512134600000 14731
1512134600000 14731
1512134600000 14731
1512134600000 14731
1512134600000 14731
1512134600000 14731
1512134600000 14731
1512134600000 14731
1512134600000 14732
1512134610000 11448
1512134610000 11448
1512134610000 11448
1512134610000 11449
1512134610000 11449
1512134610000 11449
1512134610000 11449
1512134610000 11449
1512134610000 11449
1512134610000 11450
1512134610000 11450
1512134610000 11450
1512134610000 11450
1512134610000 11450
1512134610000 11450
1512134610000 11451
1512134610000 11451
1512134610000 11451
1512134610000 11451
1512134610000 11451
1512134610000 11451
1512134610000 11451
1512134610000 11452
1512134610000 11452
1512134610000 11452
1512134610000 11452
1512134610000 11452
1512134610000 11452
1512134610000 11453
1512134610000 11453
1512134610000 11453
1512134610000 11453
1512134610000 11453
1512134610000 11453
1512134610000 11454
1512134610000 11454
1512134610000 11454
1512134610000 11454
1512134610000 11454
1512134610000 11454
1512134610000 11454
1512134610000 11455
1512134610000 11455
1512134610000 11455
1512134610000 11455
1512134610000 11455
1512134610000 11455
1512134610000 11456
1512134610000 11456
1512134610000 11456
1512134610000 11456
1512134610000 11456
1512134610000 11456
1512134610000 11457
1512134610000 11457
1512134610000 11457
1512134610000 11457
1512134610000 11457
1512134610000 11457
1512134610000 11457
1512134610000 11458
1512134610000 11458
1512134610000 11458
1512134610000 11458
1512134610000 11458
1512134610000 11458
1512134610000 11459
1512134610000 11459
1512134610000 11459
1512134610000 11459
1512134610000 11459
1512134610000 11459
1512134610000 11459
1512134610000 11460
1512134610000 11460
1512134610000 11460
1512134610000 11460
1512134610000 11460
1512134610000 11460
1512134610000 11461
1512134610000 11461
1512134610000 11461
1512134610000 11461
1512134610000 11461
1512134610000 11461
1512134610000 11461
1512134610000 11462
1512134610000 11462
1512134610000 11462
1512134610000 11462
1512134610000 11462
1512134610000 11462
1512134610000 11463
1512134610000 11463
1512134610000 11463
1512134610000 11463
1512134610000 11463
1512134610000 11463
1512134610000 11463
1512134610000 11464
1512134620000 11441
1512134620000 11441
1512134620000 11441
1512134620000 11442
1512134620000 11442
1512134620000 11442
1512134620000 11442
1512134620000 11442
1512134620000 11442
1512134620000 11443
1512134620000 11443
1512134620000 11443
1512134620000 11443
1512134620000 11443
1512134620000 11443
1512134620000 11444
1512134620000 11444
1512134620000 11444
1512134620000 11444
1512134620000 11444
1512134620000 11444
1512134620000 11445
1512134620000 11445
1512134620000 11445
1512134620000 11445
1512134620000 11445
1512134620000 11445
1512134620000 11446
1512134620000 11446
1512134620000 11446
1512134620000 11446
1512134620000 11446
1512134620000 11447
1512134620000 11447
1512134620000 11447
1512134620000 11447
1512134620000 11447
1512134620000 11448
1512134620000 11448
1512134620000 11448
1512134620000 11448
1512134620000 11448
1512134620000 11449
1512134620000 11449
1512134620000 11449
1512134620000 11449
1512134620000 11449
1512134620000 11449
1512134620000 11450
1512134620000 11450
1512134620000 11450
1512134620000 11450
1512134620000 11450
1512134620000 11450
1512134620000 11451
1512134620000 11451
1512134620000 11451
1512134620000 11451
1512134620000 11451
1512134620000 11451
1512134620000 11452
1512134620000 11452
1512134620000 11452
1512134620000 11452
1512134620000 11452
1512134620000 11452
1512134620000 11453
1512134620000 11453
1512134620000 11453
1512134620000 11453
1512134620000 11453
1512134620000 11454
1512134620000 11454
1512134620000 11454
1512134620000 11454
1512134620000 11454
1512134620000 11454
1512134620000 11455
1512134620000 11455
1512134620000 11455
1512134620000 11455
1512134620000 11455
1512134620000 11455
1512134620000 11456
1512134620000 11456
1512134620000 11456
1512134620000 11456
1512134620000 11456
1512134620000 11456
1512134620000 11457
1512134620000 11457
1512134620000 11457
1512134620000 11457
1512134620000 11457
1512134620000 11458
1512134620000 11458
1512134620000 11458
1512134620000 11458
1512134620000 11458
1512134620000 11459
1512134630000 11448
1512134630000 11448
1512134630000 11448
1512134630000 11449
1512134630000 11449
1512134630000 11449
1512134630000 11449
1512134630000 11449
1512134630000 11449
1512134630000 11450
1512134630000 11450
1512134630000 11450
1512134630000 11450
1512134630000 11450
1512134630000 11450
1512134630000 11450
1512134630000 11451
1512134630000 11451
1512134630000 11451
1512134630000 11451
1512134630000 11451
1512134630000 11451
1512134630000 11452
1512134630000 11452
1512134630000 11452
1512134630000 11452
1512134630000 11452
1512134630000 11452
1512134630000 11452
1512134630000 11453
1512134630000 11453
1512134630000 11453
1512134630000 11453
1512134630000 11453
1512134630000 11453
1512134630000 11454
1512134630000 11454
1512134630000 11454
1512134630000 11454
1512134630000 11454
1512134630000 11454
1512134630000 11455
1512134630000 11455
1512134630000 11455
1512134630000 11455
1512134630000 11455
1512134630000 11455
1512134630000 11455
1512134630000 11456
1512134630000 11456
1512134630000 11456
1512134630000 11456
1512134630000 11456
1512134630000 11456
1512134630000 11457
1512134630000 11457
1512134630000 11457
1512134630000 11457
1512134630000 11457
1512134630000 11457
1512134630000 11458
1512134630000 11458
1512134630000 11458
1512134630000 11458
1512134630000 11458
1512134630000 11458
1512134630000 11458
1512134630000 11459
1512134630000 11459
1512134630000 11459
1512134630000 11459
1512134630000 11459
1512134630000 11459
1512134630000 11460
1512134630000 11460
1512134630000 11460
1512134630000 11460
1512134630000 11460
1512134630000 11460
1512134630000 11460
1512134630000 11461
1512134630000 11461
1512134630000 11461
1512134630000 11461
1512134630000 11461
1512134630000 11461
1512134630000 11462
1512134630000 11462
1512134630000 11462
1512134630000 11462
1512134630000 11462
1512134630000 11462
1512134630000 11463
1512134630000 11463
1512134630000 11463
1512134630000 11463
1512134630000 11463
1512134630000 11463
1512134630000 11464
1512134630000 11464
1512134640000 11470
1512134640000 11470
1512134640000 11470
1512134640000 11471
1512134640000 11471
1512134640000 11471
1512134640000 11471
1512134640000 11471
1512134640000 11471
1512134640000 11472
1512134640000 11472
1512134640000 11472
1512134640000 11472
1512134640000 11472
1512134640000 11472
1512134640000 11473
1512134640000 11473
1512134640000 11473
1512134640000 11473
1512134640000 11473
1512134640000 11473
1512134640000 11474
1512134640000 11474
1512134640000 11474
1512134640000 11474
1512134640000 11474
1512134640000 11474
1512134640000 11475
1512134640000 11475
1512134640000 11475
1512134640000 11475
1512134640000 11475
1512134640000 11475
1512134640000 11476
1512134640000 11476
1512134640000 11476
1512134640000 11476
1512134640000 11476
1512134640000 11476
1512134640000 11477
1512134640000 11477
1512134640000 11477
1512134640000 11477
1512134640000 11477
1512134640000 11477
1512134640000 11478
1512134640000 11478
1512134640000 11478
1512134640000 11478
1512134640000 11478
1512134640000 11478
1512134640000 11479
1512134640000 11479
1512134640000 11479
1512134640000 11479
1512134640000 11479
1512134640000 11479
1512134640000 11480
1512134640000 11480
1512134640000 11480
1512134640000 11480
1512134640000 11480
1512134640000 11480
1512134640000 11481
1512134640000 11481
1512134640000 11481
1512134640000 11481
1512134640000 11481
1512134640000 11481
1512134640000 11482
1512134640000 11482
1512134640000 11482
1512134640000 11482
1512134640000 11482
1512134640000 11482
1512134640000 11483
1512134640000 11483
1512134640000 11483
1512134640000 11483
1512134640000 11483
1512134640000 11483
1512134640000 11484
1512134640000 11484
1512134640000 11484
1512134640000 11484
1512134640000 11484
1512134640000 11484
1512134640000 11485
1512134640000 11485
1512134640000 11485
1512134640000 11485
1512134640000 11485
1512134640000 11485
1512134640000 11486
1512134640000 11486
1512134640000 11486
1512134640000 11486
1512134640000 11486
1512134640000 11487
1512134640000 11487
1512134650000 11430
1512134650000 11430
1512134650000 11430
1512134650000 11430
1512134650000 11430
1512134650000 11430
1512134650000 11431
1512134650000 11431
1512134650000 11431
1512134650000 11431
1512134650000 11431
1512134650000 11431
1512134650000 11431
1512134650000 11431
1512134650000 11431
1512134650000 11431
1512134650000 11431
1512134650000 11432
1512134650000 11432
1512134650000 11432
1512134650000 11432
1512134650000 11432
1512134650000 11432
1512134650000 11432
1512134650000 11432
1512134650000 11432
1512134650000 11432
1512134650000 11433
1512134650000 11433
1512134650000 11433
1512134650000 11433
1512134650000 11433
1512134650000 11433
1512134650000 11433
1512134650000 11433
1512134650000 11433
1512134650000 11433
1512134650000 11434
1512134650000 11434
1512134650000 11434
1512134650000 11434
1512134650000 11434
1512134650000 11434
1512134650000 11434
1512134650000 11434
1512134650000 11434
1512134650000 11434
1512134650000 11434
1512134650000 11435
1512134650000 11435
1512134650000 11435
1512134650000 11435
1512134650000 11435
1512134650000 11435
1512134650000 11435
1512134650000 11435
1512134650000 11435
1512134650000 11435
1512134650000 11436
1512134650000 11436
1512134650000 11436
1512134650000 11436
1512134650000 11436
1512134650000 11436
1512134650000 11436
1512134650000 11436
1512134650000 11436
1512134650000 11436
1512134650000 11437
1512134650000 11437
1512134650000 11437
1512134650000 11437
1512134650000 11437
1512134650000 11437
1512134650000 11437
1512134650000 11437
1512134650000 11437
1512134650000 11437
1512134650000 11438
1512134650000 11438
1512134650000 11438
1512134650000 11438
1512134650000 11438
1512134650000 11438
1512134650000 11438
1512134650000 11438
1512134650000 11438
1512134650000 11438
1512134650000 11439
1512134650000 11439
1512134650000 11439
1512134650000 11439
1512134650000 11439
1512134650000 11439
1512134650000 11439
1512134650000 11439
1512134650000 11439
1512134650000 11439
1512134650000 11439
1512134650000 11440
1512134660000 11423
1512134660000 11423
1512134660000 11423
1512134660000 11423
1512134660000 11423
1512134660000 11423
1512134660000 11423
1512134660000 11423
1512134660000 11423
1512134660000 11424
1512134660000 11424
1512134660000 11424
1512134660000 11424
1512134660000 11424
1512134660000 11424
1512134660000 11424
1512134660000 11424
1512134660000 11425
1512134660000 11425
1512134660000 11425
1512134660000 11425
1512134660000 11425
1512134660000 11425
1512134660000 11425
1512134660000 11425
1512134660000 11425
1512134660000 11426
1512134660000 11426
1512134660000 11426
1512134660000 11426
1512134660000 11426
1512134660000 11426
1512134660000 11426
1512134660000 11426
1512134660000 11427
1512134660000 11427
1512134660000 11427
1512134660000 11427
1512134660000 11427
1512134660000 11427
1512134660000 11427
1512134660000 11427
1512134660000 11427
1512134660000 11428
1512134660000 11428
1512134660000 11428
1512134660000 11428
1512134660000 11428
1512134660000 11428
1512134660000 11428
1512134660000 11428
1512134660000 11428
1512134660000 11429
1512134660000 11429
1512134660000 11429
1512134660000 11429
1512134660000 11429
1512134660000 11429
1512134660000 11429
1512134660000 11429
1512134660000 11430
1512134660000 11430
1512134660000 11430
1512134660000 11430
1512134660000 11430
1512134660000 11430
1512134660000 11430
1512134660000 11430
1512134660000 11431
1512134660000 11431
1512134660000 11431
1512134660000 11431
1512134660000 11431
1512134660000 11431
1512134660000 11431
1512134660000 11431
1512134660000 11431
1512134660000 11432
1512134660000 11432
1512134660000 11432
1512134660000 11432
1512134660000 11432
1512134660000 11432
1512134660000 11432
1512134660000 11432
1512134660000 11432
1512134660000 11433
1512134660000 11433
1512134660000 11433
1512134660000 11433
1512134660000 11433
1512134660000 11433
1512134660000 11433
1512134660000 11434
1512134660000 11434
1512134660000 11434
1512134660000 11434
1512134660000 11434
1512134660000 11434
1512134660000 11435
1512134670000 11434
1512134670000 11434
1512134670000 11434
1512134670000 11434
1512134670000 11435
1512134670000 11435
1512134670000 11435
1512134670000 11435
1512134670000 11435
1512134670000 11435
1512134670000 11435
1512134670000 11436
1512134670000 11436
1512134670000 11436
1512134670000 11436
1512134670000 11436
1512134670000 11436
1512134670000 11436
1512134670000 11437
1512134670000 11437
1512134670000 11437
1512134670000 11437
1512134670000 11437
1512134670000 11437
1512134670000 11438
1512134670000 11438
1512134670000 11438
1512134670000 11438
1512134670000 11438
1512134670000 11438
1512134670000 11438
1512134670000 11439
1512134670000 11439
1512134670000 11439
1512134670000 11439
1512134670000 11439
1512134670000 11439
1512134670000 11439
1512134670000 11440
1512134670000 11440
1512134670000 11440
1512134670000 11440
1512134670000 11440
1512134670000 11441
1512134670000 11441
1512134670000 11441
1512134670000 11441
1512134670000 11441
1512134670000 11441
1512134670000 11441
1512134670000 11442
1512134670000 11442
1512134670000 11442
1512134670000 11442
1512134670000 11442
1512134670000 11442
1512134670000 11442
1512134670000 11443
1512134670000 11443
1512134670000 11443
1512134670000 11443
1512134670000 11443
1512134670000 11443
1512134670000 11444
1512134670000 11444
1512134670000 11444
1512134670000 11444
1512134670000 11444
1512134670000 11444
1512134670000 11444
1512134670000 11445
1512134670000 11445
1512134670000 11445
1512134670000 11445
1512134670000 11445
1512134670000 11445
1512134670000 11445
1512134670000 11446
1512134670000 11446
1512134670000 11446
1512134670000 11446
1512134670000 11446
1512134670000 11446
1512134670000 11447
1512134670000 11447
1512134670000 11447
1512134670000 11447
1512134670000 11447
1512134670000 11447
1512134670000 11447
1512134670000 11447
1512134670000 11447
1512134670000 11448
1512134670000 11448
1512134670000 11448
1512134670000 11448
1512134670000 11448
1512134670000 11448
1512134670000 11448
1512134670000 11448
1512134680000 11463
1512134680000 11464
1512134680000 11464
1512134680000 11464
1512134680000 11464
1512134680000 11464
1512134680000 11464
1512134680000 11464
1512134680000 11465
1512134680000 11465
1512134680000 11465
1512134680000 11465
1512134680000 11465
1512134680000 11465
1512134680000 11466
1512134680000 11466
1512134680000 11466
1512134680000 11466
1512134680000 11466
1512134680000 11466
1512134680000 11466
1512134680000 11467
1512134680000 11467
1512134680000 11467
1512134680000 11467
1512134680000 11467
1512134680000 11467
1512134680000 11467
1512134680000 11468
1512134680000 11468
1512134680000 11468
1512134680000 11468
1512134680000 11468
1512134680000 11468
1512134680000 11468
1512134680000 11469
1512134680000 11469
1512134680000 11469
1512134680000 11469
1512134680000 11469
1512134680000 11469
1512134680000 11470
1512134680000 11470
1512134680000 11470
1512134680000 11470
1512134680000 11470
1512134680000 11470
1512134680000 11470
1512134680000 11471
1512134680000 11471
1512134680000 11471
1512134680000 11471
1512134680000 11471
1512134680000 11471
1512134680000 11471
1512134680000 11472
1512134680000 11472
1512134680000 11472
1512134680000 11472
1512134680000 11472
1512134680000 11472
1512134680000 11472
1512134680000 11473
1512134680000 11473
1512134680000 11473
1512134680000 11473
1512134680000 11473
1512134680000 11473
1512134680000 11474
1512134680000 11474
1512134680000 11474
1512134680000 11474
1512134680000 11474
1512134680000 11474
1512134680000 11475
1512134680000 11475
1512134680000 11475
1512134680000 11475
1512134680000 11475
1512134680000 11475
1512134680000 11475
1512134680000 11476
1512134680000 11476
1512134680000 11476
1512134680000 11476
1512134680000 11476
1512134680000 11476
1512134680000 11477
1512134680000 11477
1512134680000 11477
1512134680000 11477
1512134680000 11477
1512134680000 11477
1512134680000 11478
1512134680000 11478
1512134680000 11478
1512134680000 11478
1512134680000 11478
1512134680000 11478
1512134680000 11478
1512134690000 11444
1512134690000 11444
1512134690000 11444
1512134690000 11444
1512134690000 11444
1512134690000 11444
1512134690000 11445
1512134690000 11445
1512134690000 11445
1512134690000 11445
1512134690000 11445
1512134690000 11445
1512134690000 11445
1512134690000 11446
1512134690000 11446
1512134690000 11446
1512134690000 11446
1512134690000 11446
1512134690000 11446
1512134690000 11447
1512134690000 11447
1512134690000 11447
1512134690000 11447
1512134690000 11447
1512134690000 11447
1512134690000 11448
1512134690000 11448
1512134690000 11448
1512134690000 11448
1512134690000 11448
1512134690000 11448
1512134690000 11448
1512134690000 11449
1512134690000 11449
1512134690000 11449
1512134690000 11449
1512134690000 11449
1512134690000 11449
1512134690000 11450
1512134690000 11450
1512134690000 11450
1512134690000 11450
1512134690000 11450
1512134690000 11450
1512134690000 11450
1512134690000 11451
1512134690000 11451
1512134690000 11451
1512134690000 11451
1512134690000 11451
1512134690000 11452
1512134690000 11452
1512134690000 11452
1512134690000 11452
1512134690000 11452
1512134690000 11452
1512134690000 11452
1512134690000 11453
1512134690000 11453
1512134690000 11453
1512134690000 11453
1512134690000 11453
1512134690000 11453
1512134690000 11454
1512134690000 11454
1512134690000 11454
1512134690000 11454
1512134690000 11454
1512134690000 11454
1512134690000 11455
1512134690000 11455
1512134690000 11455
1512134690000 11455
1512134690000 11455
1512134690000 11455
1512134690000 11455
1512134690000 11456
1512134690000 11456
1512134690000 11456
1512134690000 11456
1512134690000 11456
1512134690000 11456
1512134690000 11457
1512134690000 11457
1512134690000 11457
1512134690000 11457
1512134690000 11457
1512134690000 11457
1512134690000 11458
1512134690000 11458
1512134690000 11458
1512134690000 11458
1512134690000 11458
1512134690000 11458
1512134690000 11458
1512134690000 11459
1512134690000 11459
1512134690000 11459
1512134690000 11459
1512134690000 11459
1512134700000 11440
1512134700000 11440
1512134700000 11440
1512134700000 11440
1512134700000 11440
1512134700000 11440
1512134700000 11440
1512134700000 11441
1512134700000 11441
1512134700000 11441
1512134700000 11441
1512134700000 11441
1512134700000 11441
1512134700000 11442
1512134700000 11442
1512134700000 11442
1512134700000 11443
1512134700000 11443
1512134700000 11443
1512134700000 11443
1512134700000 11443
1512134700000 11444
1512134700000 11444
1512134700000 11444
1512134700000 11444
1512134700000 11444
1512134700000 11444
1512134700000 11445
1512134700000 11445
1512134700000 11445
1512134700000 11445
1512134700000 11445
1512134700000 11445
1512134700000 11446
1512134700000 11446
1512134700000 11446
1512134700000 11446
1512134700000 11446
1512134700000 11446
1512134700000 11447
1512134700000 11447
1512134700000 11447
1512134700000 11447
1512134700000 11447
1512134700000 11447
1512134700000 11448
1512134700000 11448
1512134700000 11448
1512134700000 11448
1512134700000 11448
1512134700000 11449
1512134700000 11449
1512134700000 11449
1512134700000 11449
1512134700000 11449
1512134700000 11450
1512134700000 11450
1512134700000 11450
1512134700000 11450
1512134700000 11450
1512134700000 11450
1512134700000 11450
1512134700000 11451
1512134700000 11451
1512134700000 11451
1512134700000 11451
1512134700000 11451
1512134700000 11451
1512134700000 11452
1512134700000 11452
1512134700000 11452
1512134700000 11452
1512134700000 11452
1512134700000 11452
1512134700000 11452
1512134700000 11453
1512134700000 11453
1512134700000 11453
1512134700000 11453
1512134700000 11453
1512134700000 11453
1512134700000 11454
1512134700000 11454
1512134700000 11454
1512134700000 11454
1512134700000 11454
1512134700000 11454
1512134700000 11455
1512134700000 11455
1512134700000 11455
1512134700000 11455
1512134700000 11455
1512134700000 11455
1512134700000 11456
1512134700000 11456
1512134700000 11456
1512134700000 11456
1512134700000 11456
1512134700000 11456
1512134700000 11457
1512134710000 11434
1512134710000 11434
1512134710000 11434
1512134710000 11434
1512134710000 11435
1512134710000 11435
1512134710000 11435
1512134710000 11435
1512134710000 11435
1512134710000 11435
1512134710000 11435
1512134710000 11435
1512134710000 11435
1512134710000 11435
1512134710000 11436
1512134710000 11436
1512134710000 11436
1512134710000 11436
1512134710000 11436
1512134710000 11436
1512134710000 11436
1512134710000 11436
1512134710000 11436
1512134710000 11436
1512134710000 11436
1512134710000 11437
1512134710000 11437
1512134710000 11437
1512134710000 11437
1512134710000 11437
1512134710000 11437
1512134710000 11437
1512134710000 11437
1512134710000 11438
1512134710000 11438
1512134710000 11438
1512134710000 11438
1512134710000 11438
1512134710000 11438
1512134710000 11438
1512134710000 11439
1512134710000 11439
1512134710000 11439
1512134710000 11439
1512134710000 11439
1512134710000 11439
1512134710000 11440
1512134710000 11440
1512134710000 11440
1512134710000 11440
1512134710000 11440
1512134710000 11440
1512134710000 11441
1512134710000 11441
1512134710000 11441
1512134710000 11441
1512134710000 11441
1512134710000 11441
1512134710000 11442
1512134710000 11442
1512134710000 11442
1512134710000 11442
1512134710000 11442
1512134710000 11442
1512134710000 11442
1512134710000 11443
1512134710000 11443
1512134710000 11443
1512134710000 11443
1512134710000 11443
1512134710000 11443
1512134710000 11444
1512134710000 11444
1512134710000 11444
1512134710000 11444
1512134710000 11444
1512134710000 11444
1512134710000 11444
1512134710000 11445
1512134710000 11445
1512134710000 11445
1512134710000 11445
1512134710000 11445
1512134710000 11445
1512134710000 11446
1512134710000 11446
1512134710000 11446
1512134710000 11446
1512134710000 11446
1512134710000 11446
1512134710000 11447
1512134710000 11447
1512134710000 11447
1512134710000 11447
1512134710000 11447
1512134710000 11447
1512134710000 11447
1512134710000 11448
1512134710000 11448
1512134710000 11448
1512134720000 11424
1512134720000 11425
1512134720000 11425
1512134720000 11425
1512134720000 11425
1512134720000 11425
1512134720000 11425
1512134720000 11426
1512134720000 11426
1512134720000 11426
1512134720000 11426
1512134720000 11426
1512134720000 11426
1512134720000 11426
1512134720000 11427
1512134720000 11427
1512134720000 11427
1512134720000 11427
1512134720000 11427
1512134720000 11427
1512134720000 11427
1512134720000 11428
1512134720000 11428
1512134720000 11428
1512134720000 11428
1512134720000 11428
1512134720000 11428
1512134720000 11428
1512134720000 11429
1512134720000 11429
1512134720000 11429
1512134720000 11429
1512134720000 11429
1512134720000 11429
1512134720000 11429
1512134720000 11430
1512134720000 11430
1512134720000 11430
1512134720000 11430
1512134720000 11430
1512134720000 11430
1512134720000 11430
1512134720000 11431
1512134720000 11431
1512134720000 11431
1512134720000 11431
1512134720000 11431
1512134720000 11431
1512134720000 11431
1512134720000 11432
1512134720000 11432
1512134720000 11432
1512134720000 11432
1512134720000 11432
1512134720000 11432
1512134720000 11432
1512134720000 11433
1512134720000 11433
1512134720000 11433
1512134720000 11433
1512134720000 11433
1512134720000 11433
1512134720000 11434
1512134720000 11434
1512134720000 11434
1512134720000 11434
1512134720000 11434
1512134720000 11434
1512134720000 11434
1512134720000 11435
1512134720000 11435
1512134720000 11435
1512134720000 11435
1512134720000 11435
1512134720000 11435
1512134720000 11435
1512134720000 11436
1512134720000 11436
1512134720000 11436
1512134720000 11436
1512134720000 11436
1512134720000 11436
1512134720000 11436
1512134720000 11437
1512134720000 11437
1512134720000 11437
1512134720000 11437
1512134720000 11437
1512134720000 11437
1512134720000 11437
1512134720000 11438
1512134720000 11438
1512134720000 11438
1512134720000 11438
1512134720000 11438
1512134720000 11438
1512134720000 11438
1512134720000 11439
1512134720000 11439
1512134720000 11439
1512134730000 11435
1512134730000 11435
1512134730000 11435
1512134730000 11435
1512134730000 11435
1512134730000 11436
1512134730000 11436
1512134730000 11436
1512134730000 11436
1512134730000 11436
1512134730000 11436
1512134730000 11437
1512134730000 11437
1512134730000 11437
1512134730000 11437
1512134730000 11437
1512134730000 11437
1512134730000 11437
1512134730000 11438
1512134730000 11438
1512134730000 11438
1512134730000 11438
1512134730000 11438
1512134730000 11438
1512134730000 11439
1512134730000 11439
1512134730000 11439
1512134730000 11439
1512134730000 11439
1512134730000 11439
1512134730000 11440
1512134730000 11440
1512134730000 11440
1512134730000 11440
1512134730000 11440
1512134730000 11440
1512134730000 11441
1512134730000 11441
1512134730000 11441
1512134730000 11441
1512134730000 11441
1512134730000 11441
1512134730000 11442
1512134730000 11442
1512134730000 11442
1512134730000 11442
1512134730000 11442
1512134730000 11442
1512134730000 11442
1512134730000 11443
1512134730000 11443
1512134730000 11443
1512134730000 11443
1512134730000 11443
1512134730000 11443
1512134730000 11444
1512134730000 11444
1512134730000 11444
1512134730000 11444
1512134730000 11444
1512134730000 11444
1512134730000 11445
1512134730000 11445
1512134730000 11445
1512134730000 11445
1512134730000 11445
1512134730000 11445
1512134730000 11445
1512134730000 11446
1512134730000 11446
1512134730000 11446
1512134730000 11446
1512134730000 11446
1512134730000 11447
1512134730000 11447
1512134730000 11447
1512134730000 11447
1512134730000 11447
1512134730000 11447
1512134730000 11448
1512134730000 11448
1512134730000 11448
1512134730000 11448
1512134730000 11448
1512134730000 11448
1512134730000 11449
1512134730000 11449
1512134730000 11449
1512134730000 11449
1512134730000 11449
1512134730000 11449
1512134730000 11450
1512134730000 11450
1512134730000 11450
1512134730000 11450
1512134730000 11450
1512134730000 11451
1512134730000 11451
1512134730000 11451
1512134730000 11451
1512134740000 11455
1512134740000 11455
1512134740000 11456
1512134740000 11456
1512134740000 11456
1512134740000 11456
1512134740000 11456
1512134740000 11456
1512134740000 11457
1512134740000 11457
1512134740000 11457
1512134740000 11457
1512134740000 11457
1512134740000 11457
1512134740000 11457
1512134740000 11458
1512134740000 11458
1512134740000 11458
1512134740000 11458
1512134740000 11458
1512134740000 11458
1512134740000 11459
1512134740000 11459
1512134740000 11459
1512134740000 11459
1512134740000 11459
1512134740000 11459
1512134740000 11460
1512134740000 11460
1512134740000 11460
1512134740000 11460
1512134740000 11460
1512134740000 11460
1512134740000 11460
1512134740000 11461
1512134740000 11461
1512134740000 11461
1512134740000 11461
1512134740000 11461
1512134740000 11461
1512134740000 11462
1512134740000 11462
1512134740000 11462
1512134740000 11462
1512134740000 11462
1512134740000 11462
1512134740000 11462
1512134740000 11463
1512134740000 11463
1512134740000 11463
1512134740000 11463
1512134740000 11463
1512134740000 11463
1512134740000 11464
1512134740000 11464
1512134740000 11464
1512134740000 11464
1512134740000 11464
1512134740000 11464
1512134740000 11464
1512134740000 11465
1512134740000 11465
1512134740000 11465
1512134740000 11465
1512134740000 11465
1512134740000 11465
1512134740000 11466
1512134740000 11466
1512134740000 11466
1512134740000 11466
1512134740000 11466
1512134740000 11466
1512134740000 11467
1512134740000 11467
1512134740000 11467
1512134740000 11467
1512134740000 11467
1512134740000 11467
1512134740000 11467
1512134740000 11468
1512134740000 11468
1512134740000 11468
1512134740000 11468
1512134740000 11468
1512134740000 11468
1512134740000 11469
1512134740000 11469
1512134740000 11469
1512134740000 11469
1512134740000 11469
1512134740000 11469
1512134740000 11469
1512134740000 11470
1512134740000 11470
1512134740000 11470
1512134740000 11470
1512134740000 11470
1512134740000 11470
1512134740000 11471
1512134740000 11471
1512134750000 11432
1512134750000 11432
1512134750000 11432
1512134750000 11432
1512134750000 11432
1512134750000 11432
1512134750000 11433
1512134750000 11433
1512134750000 11433
1512134750000 11433
1512134750000 11433
1512134750000 11433
1512134750000 11433
1512134750000 11434
1512134750000 11434
1512134750000 11434
1512134750000 11434
1512134750000 11434
1512134750000 11434
1512134750000 11435
1512134750000 11435
1512134750000 11435
1512134750000 11435
1512134750000 11435
1512134750000 11435
1512134750000 11435
1512134750000 11436
1512134750000 11436
1512134750000 11436
1512134750000 11436
1512134750000 11436
1512134750000 11436
1512134750000 11437
1512134750000 11437
1512134750000 11437
1512134750000 11437
1512134750000 11437
1512134750000 11437
1512134750000 11438
1512134750000 11438
1512134750000 11438
1512134750000 11438
1512134750000 11438
1512134750000 11438
1512134750000 11438
1512134750000 11439
1512134750000 11439
1512134750000 11439
1512134750000 11439
1512134750000 11439
1512134750000 11439
1512134750000 11439
1512134750000 11440
1512134750000 11440
1512134750000 11440
1512134750000 11440
1512134750000 11440
1512134750000 11441
1512134750000 11441
1512134750000 11441
1512134750000 11441
1512134750000 11441
1512134750000 11441
1512134750000 11442
1512134750000 11442
1512134750000 11442
1512134750000 11442
1512134750000 11442
1512134750000 11442
1512134750000 11443
1512134750000 11443
1512134750000 11443
1512134750000 11443
1512134750000 11443
1512134750000 11443
1512134750000 11443
1512134750000 11444
1512134750000 11444
1512134750000 11444
1512134750000 11444
1512134750000 11444
1512134750000 11444
1512134750000 11445
1512134750000 11445
1512134750000 11445
1512134750000 11445
1512134750000 11445
1512134750000 11445
1512134750000 11446
1512134750000 11446
1512134750000 11446
1512134750000 11446
1512134750000 11446
1512134750000 11446
1512134750000 11447
1512134750000 11447
1512134750000 11447
1512134750000 11447
1512134750000 11447
1512134750000 11447
1512134760000 11435
1512134760000 11435
1512134760000 11435
1512134760000 11435
1512134760000 11436
1512134760000 11436
1512134760000 11436
1512134760000 11436
1512134760000 11437
1512134760000 11437
1512134760000 11437
1512134760000 11437
1512134760000 11437
1512134760000 11438
1512134760000 11438
1512134760000 11438
1512134760000 11438
1512134760000 11438
1512134760000 11439
1512134760000 11439
1512134760000 11439
1512134760000 11439
1512134760000 11440
1512134760000 11440
1512134760000 11440
1512134760000 11440
1512134760000 11440
1512134760000 11441
1512134760000 11441
1512134760000 11441
1512134760000 11441
1512134760000 11441
1512134760000 11442
1512134760000 11442
1512134760000 11442
1512134760000 11442
1512134760000 11442
1512134760000 11442
1512134760000 11443
1512134760000 11443
1512134760000 11443
1512134760000 11443
1512134760000 11443
1512134760000 11443
1512134760000 11444
1512134760000 11444
1512134760000 11444
1512134760000 11444
1512134760000 11444
1512134760000 11444
1512134760000 11445
1512134760000 11445
1512134760000 11445
1512134760000 11445
1512134760000 11445
1512134760000 11446
1512134760000 11446
1512134760000 11446
1512134760000 11446
1512134760000 11446
1512134760000 11446
1512134760000 11447
1512134760000 11447
1512134760000 11447
1512134760000 11447
1512134760000 11447
1512134760000 11447
1512134760000 11448
1512134760000 11448
1512134760000 11448
1512134760000 11448
1512134760000 11448
1512134760000 11448
1512134760000 11449
1512134760000 11449
1512134760000 11449
1512134760000 11449
1512134760000 11449
1512134760000 11449
1512134760000 11450
1512134760000 11450
1512134760000 11450
1512134760000 11450
1512134760000 11451
1512134760000 11451
1512134760000 11451
1512134760000 11451
1512134760000 11451
1512134760000 11452
1512134760000 11452
1512134760000 11452
1512134760000 11452
1512134760000 11452
1512134760000 11452
1512134760000 11453
1512134760000 11453
1512134760000 11453
1512134760000 11453
1512134760000 11453
1512134760000 11453
1512134770000 11428
1512134770000 11428
1512134770000 11428
1512134770000 11429
1512134770000 11429
1512134770000 11429
1512134770000 11429
1512134770000 11429
1512134770000 11429
1512134770000 11429
1512134770000 11430
1512134770000 11430
1512134770000 11430
1512134770000 11430
1512134770000 11430
1512134770000 11430
1512134770000 11431
1512134770000 11431
1512134770000 11431
1512134770000 11431
1512134770000 11431
1512134770000 11431
1512134770000 11431
1512134770000 11432
1512134770000 11432
1512134770000 11432
1512134770000 11432
1512134770000 11432
1512134770000 11432
1512134770000 11433
1512134770000 11433
1512134770000 11433
1512134770000 11433
1512134770000 11433
1512134770000 11433
1512134770000 11434
1512134770000 11434
1512134770000 11434
1512134770000 11434
1512134770000 11434
1512134770000 11434
1512134770000 11435
1512134770000 11435
1512134770000 11435
1512134770000 11435
1512134770000 11435
1512134770000 11435
1512134770000 11435
1512134770000 11436
1512134770000 11436
1512134770000 11436
1512134770000 11436
1512134770000 11436
1512134770000 11436
1512134770000 11437
1512134770000 11437
1512134770000 11437
1512134770000 11437
1512134770000 11437
1512134770000 11437
1512134770000 11437
1512134770000 11438
1512134770000 11438
1512134770000 11438
1512134770000 11438
1512134770000 11438
1512134770000 11438
1512134770000 11439
1512134770000 11439
1512134770000 11439
1512134770000 11439
1512134770000 11439
1512134770000 11439
1512134770000 11439
1512134770000 11440
1512134770000 11440
1512134770000 11440
1512134770000 11440
1512134770000 11441
1512134770000 11441
1512134770000 11441
1512134770000 11441
1512134770000 11441
1512134770000 11441
1512134770000 11442
1512134770000 11442
1512134770000 11442
1512134770000 11442
1512134770000 11442
1512134770000 11442
1512134770000 11442
1512134770000 11443
1512134770000 11443
1512134770000 11443
1512134770000 11443
1512134770000 11443
1512134770000 11443
1512134770000 11444
1512134770000 11444
1512134770000 11444
1512134780000 9534
1512134780000 9534
1512134780000 9535
1512134780000 9535
1512134780000 9535
1512134780000 9535
1512134780000 9535
1512134780000 9535
1512134780000 9536
1512134780000 9536
1512134780000 9536
1512134780000 9536
1512134780000 9536
1512134780000 9536
1512134780000 9537
1512134780000 9537
1512134780000 9537
1512134780000 9537
1512134780000 9537
1512134780000 9537
1512134780000 9537
1512134780000 9538
1512134780000 9538
1512134780000 9538
1512134780000 9538
1512134780000 9538
1512134780000 9538
1512134780000 9538
1512134780000 9539
1512134780000 9539
1512134780000 9539
1512134780000 9539
1512134780000 9539
1512134780000 9539
1512134780000 9540
1512134780000 9540
1512134780000 9540
1512134780000 9540
1512134780000 9540
1512134780000 9540
1512134780000 9540
1512134780000 9541
1512134780000 9541
1512134780000 9541
1512134780000 9541
1512134780000 9541
1512134780000 9541
1512134780000 9541
1512134780000 9542
1512134780000 9542
1512134780000 9542
1512134780000 9542
1512134780000 9542
1512134780000 9542
1512134780000 9542
1512134780000 9543
1512134780000 9543
1512134780000 9543
1512134780000 9543
1512134780000 9543
1512134780000 9543
1512134780000 9543
1512134780000 9544
1512134780000 9544
1512134780000 9544
1512134780000 9544
1512134780000 9544
1512134780000 9544
1512134780000 9544
1512134780000 9545
1512134780000 9545
1512134780000 9545
1512134780000 9545
1512134780000 9545
1512134780000 9545
1512134780000 9545
1512134780000 9546
1512134780000 9546
1512134780000 9546
1512134780000 9546
1512134780000 9546
1512134780000 9546
1512134780000 9546
1512134780000 9547
1512134780000 9547
1512134780000 9547
1512134780000 9547
1512134780000 9547
1512134780000 9547
1512134780000 9547
1512134780000 9548
1512134780000 9548
1512134780000 9548
1512134780000 9548
1512134780000 9548
1512134780000 9548
1512134780000 9548
1512134780000 9549
1512134780000 9549
1512134780000 9549
