1512034010000 3160
1512034010000 3160
1512034010000 3161
1512034010000 3161
1512034010000 3162
1512034010000 3163
1512034010000 3163
1512034010000 3163
1512034010000 3163
1512034010000 3163
1512034010000 3164
1512034010000 3164
1512034010000 3164
1512034010000 3164
1512034010000 3165
1512034010000 3165
1512034010000 3166
1512034010000 3167
1512034010000 3167
1512034010000 3169
1512034010000 3169
1512034010000 3169
1512034010000 3169
1512034010000 3169
1512034010000 3169
1512034010000 3170
1512034010000 3170
1512034010000 3170
1512034010000 3170
1512034010000 3170
1512034010000 3171
1512034010000 3171
1512034010000 3171
1512034010000 3171
1512034010000 3171
1512034010000 3171
1512034010000 3172
1512034010000 3172
1512034010000 3172
1512034010000 3172
1512034010000 3172
1512034010000 3172
1512034010000 3172
1512034010000 3172
1512034010000 3173
1512034010000 3173
1512034010000 3173
1512034010000 3173
1512034010000 3173
1512034010000 3174
1512034010000 3174
1512034010000 3174
1512034010000 3174
1512034010000 3174
1512034010000 3175
1512034010000 3175
1512034010000 3175
1512034010000 3175
1512034010000 3175
1512034010000 3176
1512034010000 3176
1512034010000 3176
1512034010000 3176
1512034010000 3176
1512034010000 3176
1512034010000 3177
1512034010000 3177
1512034010000 3177
1512034010000 3177
1512034010000 3177
1512034010000 3178
1512034010000 3178
1512034010000 3178
1512034010000 3178
1512034010000 3178
1512034010000 3178
1512034010000 3179
1512034010000 3179
1512034010000 3179
1512034010000 3179
1512034010000 3180
1512034010000 3180
1512034010000 3181
1512034010000 3181
1512034010000 3181
1512034010000 3181
1512034010000 3181
1512034010000 3182
1512034010000 3182
1512034010000 3182
1512034010000 3197
1512034010000 3198
1512034010000 3198
1512034010000 3207
1512034010000 3208
1512034010000 3231
1512034010000 3233
1512034010000 3233
1512034010000 3269
1512034010000 3270
1512034020000 670
1512034020000 670
1512034020000 670
1512034020000 671
1512034020000 672
1512034020000 672
1512034020000 672
1512034020000 672
1512034020000 672
1512034020000 672
1512034020000 673
1512034020000 673
1512034020000 673
1512034020000 673
1512034020000 673
1512034020000 673
1512034020000 673
1512034020000 673
1512034020000 673
1512034020000 673
1512034020000 674
1512034020000 674
1512034020000 674
1512034020000 674
1512034020000 674
1512034020000 674
1512034020000 674
1512034020000 674
1512034020000 674
1512034020000 674
1512034020000 675
1512034020000 675
1512034020000 675
1512034020000 675
1512034020000 675
1512034020000 675
1512034020000 675
1512034020000 675
1512034020000 675
1512034020000 675
1512034020000 675
1512034020000 675
1512034020000 676
1512034020000 676
1512034020000 676
1512034020000 676
1512034020000 676
1512034020000 676
1512034020000 676
1512034020000 676
1512034020000 676
1512034020000 676
1512034020000 676
1512034020000 676
1512034020000 676
1512034020000 677
1512034020000 677
1512034020000 677
1512034020000 677
1512034020000 677
1512034020000 677
1512034020000 677
1512034020000 677
1512034020000 677
1512034020000 677
1512034020000 677
1512034020000 677
1512034020000 677
1512034020000 677
1512034020000 677
1512034020000 678
1512034020000 678
1512034020000 678
1512034020000 678
1512034020000 678
1512034020000 678
1512034020000 678
1512034020000 678
1512034020000 679
1512034020000 679
1512034020000 679
1512034020000 679
1512034020000 679
1512034020000 679
1512034020000 679
1512034020000 679
1512034020000 679
1512034020000 679
1512034020000 680
1512034020000 680
1512034020000 680
1512034020000 680
1512034020000 680
1512034020000 681
1512034020000 681
1512034020000 681
1512034020000 689
1512034020000 690
1512034020000 690
1512034020000 690
1512034030000 680
1512034030000 681
1512034030000 681
1512034030000 681
1512034030000 681
1512034030000 681
1512034030000 682
1512034030000 682
1512034030000 682
1512034030000 682
1512034030000 683
1512034030000 683
1512034030000 683
1512034030000 683
1512034030000 683
1512034030000 683
1512034030000 683
1512034030000 683
1512034030000 683
1512034030000 683
1512034030000 683
1512034030000 683
1512034030000 683
1512034030000 683
1512034030000 683
1512034030000 684
1512034030000 684
1512034030000 684
1512034030000 684
1512034030000 684
1512034030000 684
1512034030000 684
1512034030000 684
1512034030000 684
1512034030000 684
1512034030000 684
1512034030000 684
1512034030000 685
1512034030000 685
1512034030000 685
1512034030000 685
1512034030000 685
1512034030000 685
1512034030000 685
1512034030000 685
1512034030000 685
1512034030000 685
1512034030000 685
1512034030000 685
1512034030000 685
1512034030000 686
1512034030000 686
1512034030000 686
1512034030000 686
1512034030000 686
1512034030000 686
1512034030000 686
1512034030000 686
1512034030000 686
1512034030000 686
1512034030000 686
1512034030000 686
1512034030000 686
1512034030000 686
1512034030000 686
1512034030000 687
1512034030000 687
1512034030000 687
1512034030000 687
1512034030000 687
1512034030000 687
1512034030000 687
1512034030000 687
1512034030000 687
1512034030000 687
1512034030000 687
1512034030000 687
1512034030000 687
1512034030000 687
1512034030000 688
1512034030000 688
1512034030000 688
1512034030000 688
1512034030000 688
1512034030000 688
1512034030000 688
1512034030000 688
1512034030000 689
1512034030000 689
1512034030000 690
1512034030000 695
1512034030000 695
1512034030000 696
1512034030000 721
1512034030000 721
1512034030000 721
1512034030000 722
1512034030000 722
1512034030000 722
1512034030000 722
1512034040000 662
1512034040000 663
1512034040000 663
1512034040000 663
1512034040000 663
1512034040000 663
1512034040000 663
1512034040000 663
1512034040000 663
1512034040000 663
1512034040000 663
1512034040000 663
1512034040000 663
1512034040000 664
1512034040000 664
1512034040000 664
1512034040000 664
1512034040000 664
1512034040000 664
1512034040000 664
1512034040000 664
1512034040000 664
1512034040000 664
1512034040000 664
1512034040000 664
1512034040000 664
1512034040000 664
1512034040000 665
1512034040000 665
1512034040000 665
1512034040000 665
1512034040000 665
1512034040000 665
1512034040000 665
1512034040000 665
1512034040000 665
1512034040000 665
1512034040000 665
1512034040000 665
1512034040000 665
1512034040000 665
1512034040000 665
1512034040000 665
1512034040000 665
1512034040000 666
1512034040000 666
1512034040000 666
1512034040000 666
1512034040000 666
1512034040000 666
1512034040000 666
1512034040000 666
1512034040000 666
1512034040000 666
1512034040000 666
1512034040000 666
1512034040000 666
1512034040000 666
1512034040000 666
1512034040000 666
1512034040000 666
1512034040000 666
1512034040000 666
1512034040000 666
1512034040000 666
1512034040000 666
1512034040000 666
1512034040000 666
1512034040000 667
1512034040000 667
1512034040000 667
1512034040000 667
1512034040000 667
1512034040000 667
1512034040000 667
1512034040000 667
1512034040000 667
1512034040000 667
1512034040000 667
1512034040000 667
1512034040000 667
1512034040000 667
1512034040000 667
1512034040000 667
1512034040000 668
1512034040000 668
1512034040000 668
1512034040000 668
1512034040000 668
1512034040000 668
1512034040000 669
1512034040000 669
1512034040000 669
1512034040000 701
1512034040000 701
1512034040000 702
1512034040000 702
1512034040000 702
1512034040000 702
1512034040000 702
1512034050000 1641
1512034050000 1641
1512034050000 1641
1512034050000 1641
1512034050000 1641
1512034050000 1641
1512034050000 1641
1512034050000 1641
1512034050000 1642
1512034050000 1642
1512034050000 1642
1512034050000 1642
1512034050000 1642
1512034050000 1642
1512034050000 1642
1512034050000 1642
1512034050000 1642
1512034050000 1642
1512034050000 1642
1512034050000 1642
1512034050000 1642
1512034050000 1642
1512034050000 1643
1512034050000 1643
1512034050000 1643
1512034050000 1643
1512034050000 1643
1512034050000 1643
1512034050000 1643
1512034050000 1643
1512034050000 1643
1512034050000 1643
1512034050000 1643
1512034050000 1643
1512034050000 1643
1512034050000 1644
1512034050000 1644
1512034050000 1644
1512034050000 1644
1512034050000 1644
1512034050000 1644
1512034050000 1644
1512034050000 1644
1512034050000 1644
1512034050000 1644
1512034050000 1644
1512034050000 1644
1512034050000 1644
1512034050000 1644
1512034050000 1644
1512034050000 1644
1512034050000 1644
1512034050000 1644
1512034050000 1644
1512034050000 1644
1512034050000 1645
1512034050000 1645
1512034050000 1645
1512034050000 1645
1512034050000 1645
1512034050000 1645
1512034050000 1645
1512034050000 1645
1512034050000 1645
1512034050000 1645
1512034050000 1645
1512034050000 1646
1512034050000 1646
1512034050000 1646
1512034050000 1646
1512034050000 1646
1512034050000 1646
1512034050000 1646
1512034050000 1646
1512034050000 1646
1512034050000 1646
1512034050000 1647
1512034050000 1647
1512034050000 1647
1512034050000 1647
1512034050000 1647
1512034050000 1647
1512034050000 1648
1512034050000 1648
1512034050000 1648
1512034050000 1648
1512034050000 1648
1512034050000 1649
1512034050000 1649
1512034050000 1649
1512034050000 1649
1512034050000 1650
1512034050000 1650
1512034050000 352
1512034050000 352
1512034050000 352
1512034050000 352
1512034050000 352
1512034050000 352
1512034050000 353
1512034060000 661
1512034060000 662
1512034060000 663
1512034060000 663
1512034060000 663
1512034060000 663
1512034060000 663
1512034060000 663
1512034060000 663
1512034060000 663
1512034060000 663
1512034060000 664
1512034060000 664
1512034060000 664
1512034060000 664
1512034060000 664
1512034060000 664
1512034060000 664
1512034060000 665
1512034060000 665
1512034060000 665
1512034060000 665
1512034060000 665
1512034060000 665
1512034060000 665
1512034060000 666
1512034060000 666
1512034060000 666
1512034060000 666
1512034060000 666
1512034060000 666
1512034060000 666
1512034060000 666
1512034060000 666
1512034060000 666
1512034060000 667
1512034060000 667
1512034060000 667
1512034060000 667
1512034060000 667
1512034060000 667
1512034060000 667
1512034060000 667
1512034060000 667
1512034060000 667
1512034060000 667
1512034060000 667
1512034060000 667
1512034060000 667
1512034060000 667
1512034060000 667
1512034060000 668
1512034060000 668
1512034060000 668
1512034060000 668
1512034060000 668
1512034060000 668
1512034060000 668
1512034060000 668
1512034060000 668
1512034060000 668
1512034060000 668
1512034060000 668
1512034060000 668
1512034060000 668
1512034060000 669
1512034060000 669
1512034060000 669
1512034060000 669
1512034060000 669
1512034060000 669
1512034060000 669
1512034060000 669
1512034060000 669
1512034060000 669
1512034060000 670
1512034060000 670
1512034060000 670
1512034060000 670
1512034060000 670
1512034060000 670
1512034060000 670
1512034060000 670
1512034060000 670
1512034060000 670
1512034060000 671
1512034060000 671
1512034060000 671
1512034060000 695
1512034060000 695
1512034060000 701
1512034060000 702
1512034060000 702
1512034060000 702
1512034060000 702
1512034060000 702
1512034060000 702
1512034060000 714
1512034060000 715
1512034060000 715
1512034070000 658
1512034070000 658
1512034070000 658
1512034070000 658
1512034070000 658
1512034070000 659
1512034070000 659
1512034070000 659
1512034070000 659
1512034070000 659
1512034070000 659
1512034070000 659
1512034070000 659
1512034070000 659
1512034070000 659
1512034070000 659
1512034070000 659
1512034070000 659
1512034070000 660
1512034070000 660
1512034070000 660
1512034070000 660
1512034070000 660
1512034070000 660
1512034070000 660
1512034070000 660
1512034070000 660
1512034070000 660
1512034070000 660
1512034070000 660
1512034070000 660
1512034070000 660
1512034070000 661
1512034070000 661
1512034070000 661
1512034070000 661
1512034070000 661
1512034070000 661
1512034070000 661
1512034070000 661
1512034070000 661
1512034070000 661
1512034070000 661
1512034070000 661
1512034070000 661
1512034070000 661
1512034070000 661
1512034070000 661
1512034070000 661
1512034070000 661
1512034070000 661
1512034070000 661
1512034070000 661
1512034070000 661
1512034070000 661
1512034070000 661
1512034070000 662
1512034070000 662
1512034070000 662
1512034070000 662
1512034070000 662
1512034070000 662
1512034070000 662
1512034070000 662
1512034070000 662
1512034070000 662
1512034070000 662
1512034070000 662
1512034070000 662
1512034070000 662
1512034070000 662
1512034070000 662
1512034070000 662
1512034070000 662
1512034070000 662
1512034070000 663
1512034070000 663
1512034070000 663
1512034070000 663
1512034070000 663
1512034070000 663
1512034070000 663
1512034070000 663
1512034070000 663
1512034070000 664
1512034070000 664
1512034070000 664
1512034070000 664
1512034070000 664
1512034070000 664
1512034070000 664
1512034070000 665
1512034070000 688
1512034070000 695
1512034070000 696
1512034070000 696
1512034070000 696
1512034070000 696
1512034070000 696
1512034070000 696
1512034080000 1280
1512034080000 1281
1512034080000 1281
1512034080000 1281
1512034080000 1281
1512034080000 1281
1512034080000 1281
1512034080000 1281
1512034080000 1281
1512034080000 1281
1512034080000 1281
1512034080000 1281
1512034080000 1281
1512034080000 1281
1512034080000 1281
1512034080000 1281
1512034080000 1281
1512034080000 1281
1512034080000 1281
1512034080000 1281
1512034080000 1281
1512034080000 1281
1512034080000 1281
1512034080000 1281
1512034080000 1281
1512034080000 1281
1512034080000 1282
1512034080000 1282
1512034080000 1282
1512034080000 1282
1512034080000 1282
1512034080000 1282
1512034080000 1282
1512034080000 1282
1512034080000 1282
1512034080000 1282
1512034080000 1282
1512034080000 1282
1512034080000 1282
1512034080000 1282
1512034080000 1282
1512034080000 1283
1512034080000 1283
1512034080000 1283
1512034080000 1283
1512034080000 1283
1512034080000 1283
1512034080000 1283
1512034080000 1283
1512034080000 1283
1512034080000 1283
1512034080000 1283
1512034080000 1283
1512034080000 1283
1512034080000 1283
1512034080000 1283
1512034080000 1283
1512034080000 1283
1512034080000 1283
1512034080000 1284
1512034080000 1284
1512034080000 1284
1512034080000 1284
1512034080000 1284
1512034080000 1284
1512034080000 1284
1512034080000 1284
1512034080000 1284
1512034080000 1284
1512034080000 1284
1512034080000 1285
1512034080000 1285
1512034080000 1285
1512034080000 1285
1512034080000 1285
1512034080000 1285
1512034080000 1285
1512034080000 1285
1512034080000 1286
1512034080000 1286
1512034080000 1286
1512034080000 1286
1512034080000 1286
1512034080000 1286
1512034080000 1286
1512034080000 1286
1512034080000 1287
1512034080000 1287
1512034080000 1288
1512034080000 1288
1512034080000 1307
1512034080000 1307
1512034080000 1307
1512034080000 340
1512034080000 340
1512034080000 340
1512034080000 341
1512034080000 341
1512034080000 341
1512034080000 341
1512034090000 1268
1512034090000 1268
1512034090000 1268
1512034090000 1268
1512034090000 1268
1512034090000 1268
1512034090000 1268
1512034090000 1268
1512034090000 1269
1512034090000 1269
1512034090000 1269
1512034090000 1269
1512034090000 1269
1512034090000 1269
1512034090000 1269
1512034090000 1269
1512034090000 1269
1512034090000 1269
1512034090000 1269
1512034090000 1269
1512034090000 1269
1512034090000 1269
1512034090000 1269
1512034090000 1269
1512034090000 1269
1512034090000 1269
1512034090000 1269
1512034090000 1269
1512034090000 1269
1512034090000 1269
1512034090000 1269
1512034090000 1270
1512034090000 1270
1512034090000 1270
1512034090000 1270
1512034090000 1270
1512034090000 1270
1512034090000 1270
1512034090000 1270
1512034090000 1270
1512034090000 1270
1512034090000 1270
1512034090000 1270
1512034090000 1270
1512034090000 1270
1512034090000 1270
1512034090000 1270
1512034090000 1270
1512034090000 1270
1512034090000 1270
1512034090000 1270
1512034090000 1270
1512034090000 1270
1512034090000 1270
1512034090000 1271
1512034090000 1271
1512034090000 1271
1512034090000 1271
1512034090000 1271
1512034090000 1271
1512034090000 1271
1512034090000 1271
1512034090000 1271
1512034090000 1271
1512034090000 1271
1512034090000 1271
1512034090000 1271
1512034090000 1271
1512034090000 1271
1512034090000 1271
1512034090000 1271
1512034090000 1271
1512034090000 1271
1512034090000 1271
1512034090000 1272
1512034090000 1272
1512034090000 1272
1512034090000 1272
1512034090000 1272
1512034090000 1272
1512034090000 1272
1512034090000 1272
1512034090000 1272
1512034090000 1272
1512034090000 1273
1512034090000 1273
1512034090000 1274
1512034090000 1274
1512034090000 1274
1512034090000 1299
1512034090000 1299
1512034090000 1299
1512034090000 1300
1512034090000 340
1512034090000 340
1512034090000 340
1512034090000 340
1512034090000 340
1512034090000 341
1512034090000 341
1512034100000 1657
1512034100000 1657
1512034100000 1657
1512034100000 1657
1512034100000 1657
1512034100000 1657
1512034100000 1657
1512034100000 1657
1512034100000 1657
1512034100000 1657
1512034100000 1657
1512034100000 1657
1512034100000 1657
1512034100000 1657
1512034100000 1657
1512034100000 1657
1512034100000 1657
1512034100000 1657
1512034100000 1658
1512034100000 1658
1512034100000 1658
1512034100000 1658
1512034100000 1658
1512034100000 1658
1512034100000 1658
1512034100000 1658
1512034100000 1658
1512034100000 1658
1512034100000 1658
1512034100000 1658
1512034100000 1658
1512034100000 1658
1512034100000 1658
1512034100000 1658
1512034100000 1658
1512034100000 1658
1512034100000 1658
1512034100000 1658
1512034100000 1658
1512034100000 1658
1512034100000 1658
1512034100000 1658
1512034100000 1658
1512034100000 1658
1512034100000 1659
1512034100000 1659
1512034100000 1659
1512034100000 1659
1512034100000 1659
1512034100000 1659
1512034100000 1659
1512034100000 1659
1512034100000 1659
1512034100000 1659
1512034100000 1659
1512034100000 1659
1512034100000 1659
1512034100000 1659
1512034100000 1659
1512034100000 1659
1512034100000 1659
1512034100000 1659
1512034100000 1660
1512034100000 1660
1512034100000 1660
1512034100000 1660
1512034100000 1660
1512034100000 1660
1512034100000 1660
1512034100000 1660
1512034100000 1660
1512034100000 1660
1512034100000 1660
1512034100000 1660
1512034100000 1660
1512034100000 1660
1512034100000 1661
1512034100000 1661
1512034100000 1661
1512034100000 1661
1512034100000 1661
1512034100000 1661
1512034100000 1661
1512034100000 1662
1512034100000 1662
1512034100000 1662
1512034100000 1662
1512034100000 1662
1512034100000 1663
1512034100000 1663
1512034100000 1663
1512034100000 1664
1512034100000 1664
1512034100000 347
1512034100000 347
1512034100000 347
1512034100000 347
1512034100000 347
1512034100000 348
1512034100000 348
1512034110000 1289
1512034110000 1289
1512034110000 1289
1512034110000 1289
1512034110000 1289
1512034110000 1289
1512034110000 1289
1512034110000 1289
1512034110000 1289
1512034110000 1289
1512034110000 1289
1512034110000 1289
1512034110000 1289
1512034110000 1290
1512034110000 1290
1512034110000 1290
1512034110000 1290
1512034110000 1290
1512034110000 1290
1512034110000 1290
1512034110000 1290
1512034110000 1290
1512034110000 1290
1512034110000 1290
1512034110000 1290
1512034110000 1291
1512034110000 1291
1512034110000 1291
1512034110000 1291
1512034110000 1291
1512034110000 1291
1512034110000 1291
1512034110000 1291
1512034110000 1291
1512034110000 1291
1512034110000 1291
1512034110000 1292
1512034110000 1292
1512034110000 1292
1512034110000 1292
1512034110000 1292
1512034110000 1292
1512034110000 1292
1512034110000 1292
1512034110000 1292
1512034110000 1293
1512034110000 1293
1512034110000 1293
1512034110000 1293
1512034110000 1293
1512034110000 1293
1512034110000 1293
1512034110000 1293
1512034110000 1293
1512034110000 1293
1512034110000 1293
1512034110000 1293
1512034110000 1293
1512034110000 1293
1512034110000 1293
1512034110000 1293
1512034110000 1294
1512034110000 1294
1512034110000 1294
1512034110000 1294
1512034110000 1294
1512034110000 1295
1512034110000 1295
1512034110000 1296
1512034110000 1296
1512034110000 1296
1512034110000 1296
1512034110000 1296
1512034110000 1297
1512034110000 1297
1512034110000 1297
1512034110000 1297
1512034110000 1297
1512034110000 1297
1512034110000 1297
1512034110000 1298
1512034110000 1299
1512034110000 1299
1512034110000 1300
1512034110000 1300
1512034110000 1301
1512034110000 1301
1512034110000 1302
1512034110000 1302
1512034110000 1302
1512034110000 1303
1512034110000 1303
1512034110000 1322
1512034110000 1327
1512034110000 1328
1512034110000 1328
1512034110000 1328
1512034110000 1328
1512034110000 1328
1512034110000 1328
1512034120000 618
1512034120000 618
1512034120000 618
1512034120000 619
1512034120000 619
1512034120000 619
1512034120000 619
1512034120000 619
1512034120000 619
1512034120000 620
1512034120000 620
1512034120000 620
1512034120000 620
1512034120000 620
1512034120000 620
1512034120000 620
1512034120000 621
1512034120000 621
1512034120000 621
1512034120000 621
1512034120000 621
1512034120000 621
1512034120000 621
1512034120000 621
1512034120000 621
1512034120000 621
1512034120000 621
1512034120000 621
1512034120000 621
1512034120000 622
1512034120000 622
1512034120000 622
1512034120000 622
1512034120000 622
1512034120000 622
1512034120000 622
1512034120000 622
1512034120000 623
1512034120000 623
1512034120000 623
1512034120000 623
1512034120000 623
1512034120000 623
1512034120000 623
1512034120000 623
1512034120000 623
1512034120000 623
1512034120000 623
1512034120000 623
1512034120000 623
1512034120000 623
1512034120000 623
1512034120000 624
1512034120000 624
1512034120000 624
1512034120000 624
1512034120000 624
1512034120000 624
1512034120000 624
1512034120000 624
1512034120000 624
1512034120000 624
1512034120000 624
1512034120000 624
1512034120000 624
1512034120000 624
1512034120000 624
1512034120000 624
1512034120000 624
1512034120000 625
1512034120000 625
1512034120000 625
1512034120000 625
1512034120000 625
1512034120000 625
1512034120000 625
1512034120000 625
1512034120000 625
1512034120000 625
1512034120000 625
1512034120000 625
1512034120000 625
1512034120000 625
1512034120000 626
1512034120000 626
1512034120000 626
1512034120000 626
1512034120000 626
1512034120000 626
1512034120000 626
1512034120000 626
1512034120000 627
1512034120000 627
1512034120000 656
1512034120000 656
1512034120000 656
1512034120000 656
1512034120000 656
1512034120000 656
1512034120000 656
1512034130000 1629
1512034130000 1629
1512034130000 1629
1512034130000 1629
1512034130000 1629
1512034130000 1629
1512034130000 1629
1512034130000 1630
1512034130000 1630
1512034130000 1630
1512034130000 1630
1512034130000 1630
1512034130000 1630
1512034130000 1630
1512034130000 1630
1512034130000 1630
1512034130000 1630
1512034130000 1630
1512034130000 1630
1512034130000 1631
1512034130000 1631
1512034130000 1631
1512034130000 1631
1512034130000 1631
1512034130000 1631
1512034130000 1631
1512034130000 1631
1512034130000 1631
1512034130000 1631
1512034130000 1631
1512034130000 1631
1512034130000 1631
1512034130000 1631
1512034130000 1631
1512034130000 1631
1512034130000 1631
1512034130000 1632
1512034130000 1632
1512034130000 1632
1512034130000 1632
1512034130000 1632
1512034130000 1632
1512034130000 1632
1512034130000 1632
1512034130000 1632
1512034130000 1632
1512034130000 1632
1512034130000 1632
1512034130000 1632
1512034130000 1632
1512034130000 1633
1512034130000 1633
1512034130000 1633
1512034130000 1633
1512034130000 1633
1512034130000 1633
1512034130000 1633
1512034130000 1633
1512034130000 1633
1512034130000 1633
1512034130000 1633
1512034130000 1634
1512034130000 1634
1512034130000 1634
1512034130000 1634
1512034130000 1634
1512034130000 1634
1512034130000 1634
1512034130000 1634
1512034130000 1635
1512034130000 1635
1512034130000 1635
1512034130000 1635
1512034130000 1635
1512034130000 1635
1512034130000 1635
1512034130000 1636
1512034130000 1636
1512034130000 1636
1512034130000 1636
1512034130000 1636
1512034130000 1636
1512034130000 1637
1512034130000 1637
1512034130000 1637
1512034130000 1638
1512034130000 1638
1512034130000 1638
1512034130000 1638
1512034130000 1639
1512034130000 1639
1512034130000 1639
1512034130000 1639
1512034130000 1639
1512034130000 1640
1512034130000 1640
1512034130000 1641
1512034130000 1642
1512034130000 1662
1512034130000 1662
1512034140000 1664
1512034140000 1664
1512034140000 1664
1512034140000 1664
1512034140000 1665
1512034140000 1665
1512034140000 1665
1512034140000 1665
1512034140000 1665
1512034140000 1665
1512034140000 1665
1512034140000 1665
1512034140000 1665
1512034140000 1665
1512034140000 1665
1512034140000 1665
1512034140000 1665
1512034140000 1665
1512034140000 1665
1512034140000 1665
1512034140000 1665
1512034140000 1665
1512034140000 1665
1512034140000 1665
1512034140000 1665
1512034140000 1665
1512034140000 1665
1512034140000 1665
1512034140000 1666
1512034140000 1666
1512034140000 1666
1512034140000 1666
1512034140000 1666
1512034140000 1666
1512034140000 1666
1512034140000 1666
1512034140000 1666
1512034140000 1666
1512034140000 1666
1512034140000 1666
1512034140000 1666
1512034140000 1666
1512034140000 1666
1512034140000 1666
1512034140000 1666
1512034140000 1666
1512034140000 1667
1512034140000 1667
1512034140000 1667
1512034140000 1667
1512034140000 1667
1512034140000 1667
1512034140000 1667
1512034140000 1667
1512034140000 1667
1512034140000 1667
1512034140000 1667
1512034140000 1667
1512034140000 1667
1512034140000 1667
1512034140000 1668
1512034140000 1668
1512034140000 1668
1512034140000 1668
1512034140000 1668
1512034140000 1668
1512034140000 1668
1512034140000 1668
1512034140000 1668
1512034140000 1668
1512034140000 1668
1512034140000 1668
1512034140000 1668
1512034140000 1669
1512034140000 1669
1512034140000 1669
1512034140000 1669
1512034140000 1670
1512034140000 1670
1512034140000 1670
1512034140000 1670
1512034140000 1670
1512034140000 1671
1512034140000 1677
1512034140000 1677
1512034140000 1684
1512034140000 1684
1512034140000 1684
1512034140000 1702
1512034140000 341
1512034140000 341
1512034140000 341
1512034140000 342
1512034140000 356
1512034140000 356
1512034140000 356
1512034140000 356
1512034140000 356
1512034140000 357
1512034140000 357
1512034150000 1690
1512034150000 1690
1512034150000 1690
1512034150000 1690
1512034150000 1690
1512034150000 1691
1512034150000 1691
1512034150000 1691
1512034150000 1691
1512034150000 1691
1512034150000 1691
1512034150000 1691
1512034150000 1691
1512034150000 1691
1512034150000 1691
1512034150000 1691
1512034150000 1691
1512034150000 1692
1512034150000 1692
1512034150000 1692
1512034150000 1692
1512034150000 1692
1512034150000 1692
1512034150000 1692
1512034150000 1692
1512034150000 1692
1512034150000 1692
1512034150000 1692
1512034150000 1692
1512034150000 1692
1512034150000 1692
1512034150000 1692
1512034150000 1692
1512034150000 1692
1512034150000 1692
1512034150000 1692
1512034150000 1692
1512034150000 1692
1512034150000 1693
1512034150000 1693
1512034150000 1693
1512034150000 1693
1512034150000 1693
1512034150000 1693
1512034150000 1693
1512034150000 1693
1512034150000 1693
1512034150000 1693
1512034150000 1693
1512034150000 1693
1512034150000 1694
1512034150000 1694
1512034150000 1694
1512034150000 1694
1512034150000 1694
1512034150000 1694
1512034150000 1694
1512034150000 1694
1512034150000 1694
1512034150000 1694
1512034150000 1694
1512034150000 1694
1512034150000 1694
1512034150000 1694
1512034150000 1694
1512034150000 1694
1512034150000 1694
1512034150000 1694
1512034150000 1694
1512034150000 1694
1512034150000 1694
1512034150000 1695
1512034150000 1695
1512034150000 1695
1512034150000 1695
1512034150000 1695
1512034150000 1695
1512034150000 1695
1512034150000 1695
1512034150000 1696
1512034150000 1696
1512034150000 1696
1512034150000 1696
1512034150000 1696
1512034150000 1696
1512034150000 1696
1512034150000 1696
1512034150000 1697
1512034150000 1697
1512034150000 1717
1512034150000 1717
1512034150000 1717
1512034150000 1718
1512034150000 324
1512034150000 324
1512034150000 324
1512034150000 324
1512034150000 324
1512034150000 324
1512034150000 324
1512034160000 705
1512034160000 705
1512034160000 705
1512034160000 706
1512034160000 706
1512034160000 706
1512034160000 706
1512034160000 706
1512034160000 706
1512034160000 706
1512034160000 707
1512034160000 707
1512034160000 707
1512034160000 707
1512034160000 707
1512034160000 708
1512034160000 708
1512034160000 708
1512034160000 708
1512034160000 708
1512034160000 708
1512034160000 708
1512034160000 708
1512034160000 708
1512034160000 708
1512034160000 708
1512034160000 708
1512034160000 709
1512034160000 709
1512034160000 709
1512034160000 709
1512034160000 709
1512034160000 709
1512034160000 709
1512034160000 709
1512034160000 709
1512034160000 709
1512034160000 709
1512034160000 710
1512034160000 710
1512034160000 710
1512034160000 710
1512034160000 710
1512034160000 710
1512034160000 710
1512034160000 710
1512034160000 710
1512034160000 710
1512034160000 710
1512034160000 711
1512034160000 711
1512034160000 711
1512034160000 711
1512034160000 711
1512034160000 711
1512034160000 711
1512034160000 711
1512034160000 711
1512034160000 711
1512034160000 711
1512034160000 711
1512034160000 711
1512034160000 711
1512034160000 711
1512034160000 712
1512034160000 712
1512034160000 712
1512034160000 712
1512034160000 712
1512034160000 712
1512034160000 712
1512034160000 712
1512034160000 712
1512034160000 712
1512034160000 712
1512034160000 712
1512034160000 712
1512034160000 712
1512034160000 713
1512034160000 713
1512034160000 713
1512034160000 713
1512034160000 713
1512034160000 713
1512034160000 713
1512034160000 729
1512034160000 730
1512034160000 730
1512034160000 737
1512034160000 737
1512034160000 738
1512034160000 739
1512034160000 739
1512034160000 744
1512034160000 744
1512034160000 744
1512034160000 745
1512034160000 745
1512034160000 745
1512034160000 745
1512034170000 1691
1512034170000 1691
1512034170000 1691
1512034170000 1691
1512034170000 1691
1512034170000 1691
1512034170000 1691
1512034170000 1691
1512034170000 1691
1512034170000 1691
1512034170000 1691
1512034170000 1692
1512034170000 1692
1512034170000 1692
1512034170000 1692
1512034170000 1692
1512034170000 1692
1512034170000 1692
1512034170000 1692
1512034170000 1692
1512034170000 1692
1512034170000 1692
1512034170000 1692
1512034170000 1692
1512034170000 1692
1512034170000 1693
1512034170000 1693
1512034170000 1693
1512034170000 1693
1512034170000 1693
1512034170000 1693
1512034170000 1693
1512034170000 1693
1512034170000 1693
1512034170000 1693
1512034170000 1693
1512034170000 1693
1512034170000 1694
1512034170000 1694
1512034170000 1694
1512034170000 1694
1512034170000 1694
1512034170000 1694
1512034170000 1694
1512034170000 1694
1512034170000 1694
1512034170000 1694
1512034170000 1694
1512034170000 1694
1512034170000 1694
1512034170000 1694
1512034170000 1694
1512034170000 1694
1512034170000 1694
1512034170000 1695
1512034170000 1695
1512034170000 1695
1512034170000 1695
1512034170000 1695
1512034170000 1695
1512034170000 1695
1512034170000 1695
1512034170000 1695
1512034170000 1695
1512034170000 1695
1512034170000 1696
1512034170000 1696
1512034170000 1696
1512034170000 1696
1512034170000 1696
1512034170000 1696
1512034170000 1697
1512034170000 1697
1512034170000 1697
1512034170000 1697
1512034170000 1697
1512034170000 1697
1512034170000 1697
1512034170000 1697
1512034170000 1698
1512034170000 1698
1512034170000 1698
1512034170000 1698
1512034170000 1698
1512034170000 1698
1512034170000 1699
1512034170000 1699
1512034170000 1699
1512034170000 1699
1512034170000 1699
1512034170000 1700
1512034170000 1700
1512034170000 1701
1512034170000 1747
1512034170000 1747
1512034170000 1747
1512034170000 1747
1512034170000 1747
1512034170000 1747
1512034170000 1748
1512034180000 651
1512034180000 651
1512034180000 651
1512034180000 651
1512034180000 651
1512034180000 651
1512034180000 651
1512034180000 652
1512034180000 652
1512034180000 652
1512034180000 652
1512034180000 652
1512034180000 652
1512034180000 652
1512034180000 652
1512034180000 652
1512034180000 652
1512034180000 652
1512034180000 652
1512034180000 652
1512034180000 652
1512034180000 652
1512034180000 652
1512034180000 652
1512034180000 652
1512034180000 652
1512034180000 653
1512034180000 653
1512034180000 653
1512034180000 653
1512034180000 653
1512034180000 653
1512034180000 653
1512034180000 653
1512034180000 653
1512034180000 653
1512034180000 653
1512034180000 653
1512034180000 653
1512034180000 653
1512034180000 653
1512034180000 653
1512034180000 653
1512034180000 653
1512034180000 653
1512034180000 654
1512034180000 654
1512034180000 654
1512034180000 654
1512034180000 654
1512034180000 654
1512034180000 654
1512034180000 654
1512034180000 654
1512034180000 654
1512034180000 654
1512034180000 654
1512034180000 654
1512034180000 654
1512034180000 654
1512034180000 654
1512034180000 654
1512034180000 654
1512034180000 654
1512034180000 654
1512034180000 654
1512034180000 654
1512034180000 655
1512034180000 655
1512034180000 655
1512034180000 655
1512034180000 655
1512034180000 655
1512034180000 655
1512034180000 655
1512034180000 655
1512034180000 655
1512034180000 655
1512034180000 655
1512034180000 655
1512034180000 655
1512034180000 655
1512034180000 655
1512034180000 655
1512034180000 656
1512034180000 656
1512034180000 656
1512034180000 656
1512034180000 657
1512034180000 658
1512034180000 658
1512034180000 687
1512034180000 687
1512034180000 687
1512034180000 687
1512034180000 687
1512034180000 688
1512034180000 688
1512034180000 689
1512034180000 689
1512034190000 669
1512034190000 669
1512034190000 670
1512034190000 670
1512034190000 670
1512034190000 670
1512034190000 670
1512034190000 670
1512034190000 670
1512034190000 670
1512034190000 670
1512034190000 670
1512034190000 670
1512034190000 670
1512034190000 670
1512034190000 670
1512034190000 670
1512034190000 670
1512034190000 670
1512034190000 670
1512034190000 671
1512034190000 671
1512034190000 671
1512034190000 671
1512034190000 671
1512034190000 671
1512034190000 671
1512034190000 671
1512034190000 671
1512034190000 672
1512034190000 672
1512034190000 672
1512034190000 672
1512034190000 672
1512034190000 672
1512034190000 672
1512034190000 672
1512034190000 672
1512034190000 672
1512034190000 672
1512034190000 672
1512034190000 672
1512034190000 672
1512034190000 672
1512034190000 672
1512034190000 672
1512034190000 672
1512034190000 672
1512034190000 672
1512034190000 672
1512034190000 672
1512034190000 672
1512034190000 672
1512034190000 672
1512034190000 672
1512034190000 672
1512034190000 673
1512034190000 673
1512034190000 673
1512034190000 673
1512034190000 673
1512034190000 673
1512034190000 673
1512034190000 673
1512034190000 673
1512034190000 673
1512034190000 673
1512034190000 673
1512034190000 673
1512034190000 673
1512034190000 673
1512034190000 673
1512034190000 673
1512034190000 673
1512034190000 673
1512034190000 674
1512034190000 674
1512034190000 674
1512034190000 674
1512034190000 674
1512034190000 674
1512034190000 674
1512034190000 674
1512034190000 674
1512034190000 674
1512034190000 674
1512034190000 675
1512034190000 675
1512034190000 676
1512034190000 676
1512034190000 676
1512034190000 676
1512034190000 677
1512034190000 707
1512034190000 707
1512034190000 707
1512034190000 707
1512034190000 707
1512034190000 707
1512034190000 708
1512034200000 659
1512034200000 659
1512034200000 659
1512034200000 660
1512034200000 660
1512034200000 660
1512034200000 660
1512034200000 660
1512034200000 660
1512034200000 660
1512034200000 660
1512034200000 660
1512034200000 661
1512034200000 661
1512034200000 661
1512034200000 661
1512034200000 661
1512034200000 661
1512034200000 661
1512034200000 661
1512034200000 662
1512034200000 662
1512034200000 662
1512034200000 662
1512034200000 662
1512034200000 662
1512034200000 662
1512034200000 662
1512034200000 663
1512034200000 663
1512034200000 663
1512034200000 663
1512034200000 663
1512034200000 663
1512034200000 663
1512034200000 663
1512034200000 663
1512034200000 663
1512034200000 663
1512034200000 663
1512034200000 663
1512034200000 663
1512034200000 663
1512034200000 663
1512034200000 663
1512034200000 663
1512034200000 663
1512034200000 663
1512034200000 663
1512034200000 663
1512034200000 663
1512034200000 663
1512034200000 664
1512034200000 664
1512034200000 664
1512034200000 664
1512034200000 664
1512034200000 664
1512034200000 664
1512034200000 664
1512034200000 664
1512034200000 664
1512034200000 664
1512034200000 664
1512034200000 664
1512034200000 664
1512034200000 664
1512034200000 664
1512034200000 664
1512034200000 664
1512034200000 664
1512034200000 664
1512034200000 664
1512034200000 664
1512034200000 664
1512034200000 664
1512034200000 665
1512034200000 665
1512034200000 665
1512034200000 665
1512034200000 665
1512034200000 665
1512034200000 665
1512034200000 665
1512034200000 665
1512034200000 665
1512034200000 665
1512034200000 665
1512034200000 665
1512034200000 665
1512034200000 665
1512034200000 665
1512034200000 665
1512034200000 666
1512034200000 666
1512034200000 666
1512034200000 667
1512034200000 687
1512034200000 688
1512034200000 688
1512034210000 728
1512034210000 728
1512034210000 728
1512034210000 729
1512034210000 729
1512034210000 729
1512034210000 729
1512034210000 729
1512034210000 729
1512034210000 729
1512034210000 729
1512034210000 729
1512034210000 729
1512034210000 729
1512034210000 729
1512034210000 730
1512034210000 730
1512034210000 730
1512034210000 730
1512034210000 730
1512034210000 730
1512034210000 730
1512034210000 731
1512034210000 731
1512034210000 731
1512034210000 731
1512034210000 731
1512034210000 731
1512034210000 731
1512034210000 731
1512034210000 731
1512034210000 732
1512034210000 732
1512034210000 732
1512034210000 732
1512034210000 732
1512034210000 732
1512034210000 732
1512034210000 732
1512034210000 732
1512034210000 732
1512034210000 732
1512034210000 732
1512034210000 733
1512034210000 733
1512034210000 733
1512034210000 733
1512034210000 733
1512034210000 733
1512034210000 733
1512034210000 733
1512034210000 733
1512034210000 734
1512034210000 734
1512034210000 734
1512034210000 734
1512034210000 734
1512034210000 734
1512034210000 734
1512034210000 734
1512034210000 734
1512034210000 734
1512034210000 734
1512034210000 734
1512034210000 734
1512034210000 734
1512034210000 734
1512034210000 734
1512034210000 734
1512034210000 734
1512034210000 735
1512034210000 735
1512034210000 735
1512034210000 735
1512034210000 735
1512034210000 735
1512034210000 735
1512034210000 735
1512034210000 735
1512034210000 735
1512034210000 736
1512034210000 736
1512034210000 736
1512034210000 736
1512034210000 736
1512034210000 736
1512034210000 736
1512034210000 737
1512034210000 767
1512034210000 768
1512034210000 768
1512034210000 768
1512034210000 768
1512034210000 769
1512034210000 769
1512034210000 773
1512034210000 774
1512034210000 774
1512034210000 775
1512034210000 775
1512034220000 659
1512034220000 659
1512034220000 659
1512034220000 659
1512034220000 659
1512034220000 659
1512034220000 660
1512034220000 660
1512034220000 660
1512034220000 660
1512034220000 660
1512034220000 660
1512034220000 660
1512034220000 660
1512034220000 661
1512034220000 661
1512034220000 661
1512034220000 661
1512034220000 661
1512034220000 661
1512034220000 661
1512034220000 661
1512034220000 661
1512034220000 661
1512034220000 661
1512034220000 661
1512034220000 662
1512034220000 662
1512034220000 662
1512034220000 662
1512034220000 662
1512034220000 662
1512034220000 662
1512034220000 662
1512034220000 662
1512034220000 662
1512034220000 662
1512034220000 662
1512034220000 662
1512034220000 662
1512034220000 662
1512034220000 662
1512034220000 662
1512034220000 662
1512034220000 662
1512034220000 662
1512034220000 662
1512034220000 662
1512034220000 663
1512034220000 663
1512034220000 663
1512034220000 663
1512034220000 663
1512034220000 663
1512034220000 663
1512034220000 663
1512034220000 663
1512034220000 663
1512034220000 663
1512034220000 663
1512034220000 663
1512034220000 663
1512034220000 663
1512034220000 663
1512034220000 663
1512034220000 663
1512034220000 663
1512034220000 663
1512034220000 663
1512034220000 663
1512034220000 664
1512034220000 664
1512034220000 664
1512034220000 664
1512034220000 664
1512034220000 664
1512034220000 664
1512034220000 664
1512034220000 664
1512034220000 664
1512034220000 664
1512034220000 664
1512034220000 664
1512034220000 664
1512034220000 664
1512034220000 665
1512034220000 665
1512034220000 665
1512034220000 665
1512034220000 665
1512034220000 665
1512034220000 666
1512034220000 666
1512034220000 696
1512034220000 696
1512034220000 696
1512034220000 696
1512034220000 696
1512034220000 696
1512034220000 696
1512034230000 652
1512034230000 652
1512034230000 652
1512034230000 653
1512034230000 653
1512034230000 653
1512034230000 653
1512034230000 654
1512034230000 654
1512034230000 654
1512034230000 654
1512034230000 654
1512034230000 654
1512034230000 654
1512034230000 655
1512034230000 655
1512034230000 655
1512034230000 655
1512034230000 655
1512034230000 655
1512034230000 655
1512034230000 656
1512034230000 656
1512034230000 656
1512034230000 656
1512034230000 656
1512034230000 656
1512034230000 657
1512034230000 657
1512034230000 657
1512034230000 657
1512034230000 657
1512034230000 657
1512034230000 657
1512034230000 658
1512034230000 658
1512034230000 658
1512034230000 658
1512034230000 658
1512034230000 658
1512034230000 658
1512034230000 659
1512034230000 659
1512034230000 659
1512034230000 659
1512034230000 659
1512034230000 659
1512034230000 659
1512034230000 659
1512034230000 659
1512034230000 659
1512034230000 660
1512034230000 660
1512034230000 660
1512034230000 660
1512034230000 660
1512034230000 660
1512034230000 660
1512034230000 660
1512034230000 660
1512034230000 660
1512034230000 660
1512034230000 660
1512034230000 660
1512034230000 660
1512034230000 660
1512034230000 661
1512034230000 661
1512034230000 661
1512034230000 661
1512034230000 661
1512034230000 661
1512034230000 661
1512034230000 661
1512034230000 661
1512034230000 661
1512034230000 661
1512034230000 661
1512034230000 661
1512034230000 662
1512034230000 662
1512034230000 662
1512034230000 662
1512034230000 662
1512034230000 662
1512034230000 662
1512034230000 662
1512034230000 662
1512034230000 662
1512034230000 662
1512034230000 663
1512034230000 663
1512034230000 663
1512034230000 663
1512034230000 664
1512034230000 664
1512034230000 664
1512034230000 687
1512034230000 688
1512034230000 688
1512034240000 689
1512034240000 689
1512034240000 689
1512034240000 689
1512034240000 690
1512034240000 690
1512034240000 690
1512034240000 690
1512034240000 690
1512034240000 690
1512034240000 691
1512034240000 691
1512034240000 691
1512034240000 691
1512034240000 691
1512034240000 691
1512034240000 691
1512034240000 692
1512034240000 692
1512034240000 692
1512034240000 692
1512034240000 692
1512034240000 692
1512034240000 692
1512034240000 692
1512034240000 692
1512034240000 693
1512034240000 693
1512034240000 693
1512034240000 693
1512034240000 693
1512034240000 693
1512034240000 693
1512034240000 693
1512034240000 693
1512034240000 693
1512034240000 693
1512034240000 694
1512034240000 694
1512034240000 694
1512034240000 694
1512034240000 694
1512034240000 694
1512034240000 694
1512034240000 694
1512034240000 694
1512034240000 694
1512034240000 694
1512034240000 694
1512034240000 694
1512034240000 695
1512034240000 695
1512034240000 695
1512034240000 695
1512034240000 695
1512034240000 695
1512034240000 695
1512034240000 695
1512034240000 695
1512034240000 695
1512034240000 695
1512034240000 695
1512034240000 695
1512034240000 695
1512034240000 695
1512034240000 695
1512034240000 695
1512034240000 695
1512034240000 695
1512034240000 695
1512034240000 696
1512034240000 696
1512034240000 696
1512034240000 696
1512034240000 696
1512034240000 696
1512034240000 696
1512034240000 696
1512034240000 696
1512034240000 696
1512034240000 696
1512034240000 696
1512034240000 696
1512034240000 696
1512034240000 696
1512034240000 697
1512034240000 697
1512034240000 697
1512034240000 697
1512034240000 698
1512034240000 698
1512034240000 699
1512034240000 699
1512034240000 730
1512034240000 730
1512034240000 730
1512034240000 730
1512034240000 730
1512034240000 730
1512034240000 731
1512034250000 636
1512034250000 637
1512034250000 637
1512034250000 637
1512034250000 637
1512034250000 637
1512034250000 638
1512034250000 638
1512034250000 638
1512034250000 638
1512034250000 638
1512034250000 638
1512034250000 638
1512034250000 638
1512034250000 638
1512034250000 638
1512034250000 638
1512034250000 639
1512034250000 639
1512034250000 639
1512034250000 639
1512034250000 639
1512034250000 639
1512034250000 639
1512034250000 639
1512034250000 639
1512034250000 639
1512034250000 639
1512034250000 639
1512034250000 639
1512034250000 639
1512034250000 639
1512034250000 639
1512034250000 640
1512034250000 640
1512034250000 640
1512034250000 640
1512034250000 640
1512034250000 640
1512034250000 640
1512034250000 640
1512034250000 640
1512034250000 640
1512034250000 640
1512034250000 640
1512034250000 640
1512034250000 640
1512034250000 640
1512034250000 640
1512034250000 641
1512034250000 641
1512034250000 641
1512034250000 641
1512034250000 641
1512034250000 641
1512034250000 641
1512034250000 641
1512034250000 641
1512034250000 641
1512034250000 641
1512034250000 641
1512034250000 641
1512034250000 641
1512034250000 641
1512034250000 641
1512034250000 641
1512034250000 642
1512034250000 642
1512034250000 642
1512034250000 642
1512034250000 642
1512034250000 642
1512034250000 642
1512034250000 642
1512034250000 642
1512034250000 642
1512034250000 642
1512034250000 642
1512034250000 643
1512034250000 643
1512034250000 643
1512034250000 643
1512034250000 643
1512034250000 643
1512034250000 643
1512034250000 643
1512034250000 644
1512034250000 644
1512034250000 644
1512034250000 669
1512034250000 669
1512034250000 670
1512034250000 670
1512034250000 676
1512034250000 676
1512034250000 677
1512034250000 678
1512034250000 678
1512034250000 678
1512034250000 679
1512034260000 667
1512034260000 668
1512034260000 668
1512034260000 668
1512034260000 669
1512034260000 669
1512034260000 669
1512034260000 669
1512034260000 669
1512034260000 669
1512034260000 670
1512034260000 670
1512034260000 670
1512034260000 670
1512034260000 670
1512034260000 670
1512034260000 670
1512034260000 670
1512034260000 670
1512034260000 671
1512034260000 671
1512034260000 671
1512034260000 671
1512034260000 671
1512034260000 672
1512034260000 672
1512034260000 672
1512034260000 672
1512034260000 672
1512034260000 673
1512034260000 673
1512034260000 674
1512034260000 674
1512034260000 674
1512034260000 674
1512034260000 674
1512034260000 674
1512034260000 674
1512034260000 675
1512034260000 675
1512034260000 675
1512034260000 675
1512034260000 675
1512034260000 676
1512034260000 676
1512034260000 676
1512034260000 676
1512034260000 676
1512034260000 676
1512034260000 676
1512034260000 677
1512034260000 677
1512034260000 677
1512034260000 677
1512034260000 677
1512034260000 677
1512034260000 677
1512034260000 677
1512034260000 677
1512034260000 677
1512034260000 678
1512034260000 678
1512034260000 678
1512034260000 678
1512034260000 678
1512034260000 678
1512034260000 678
1512034260000 678
1512034260000 678
1512034260000 678
1512034260000 678
1512034260000 678
1512034260000 678
1512034260000 678
1512034260000 679
1512034260000 679
1512034260000 679
1512034260000 679
1512034260000 679
1512034260000 679
1512034260000 679
1512034260000 679
1512034260000 679
1512034260000 679
1512034260000 679
1512034260000 679
1512034260000 679
1512034260000 679
1512034260000 680
1512034260000 680
1512034260000 680
1512034260000 680
1512034260000 680
1512034260000 680
1512034260000 680
1512034260000 680
1512034260000 680
1512034260000 680
1512034260000 681
1512034260000 681
1512034270000 1655
1512034270000 1655
1512034270000 1655
1512034270000 1655
1512034270000 1655
1512034270000 1655
1512034270000 1656
1512034270000 1656
1512034270000 1656
1512034270000 1656
1512034270000 1656
1512034270000 1656
1512034270000 1656
1512034270000 1656
1512034270000 1656
1512034270000 1656
1512034270000 1657
1512034270000 1657
1512034270000 1657
1512034270000 1657
1512034270000 1657
1512034270000 1657
1512034270000 1657
1512034270000 1657
1512034270000 1657
1512034270000 1657
1512034270000 1657
1512034270000 1657
1512034270000 1657
1512034270000 1657
1512034270000 1658
1512034270000 1658
1512034270000 1658
1512034270000 1658
1512034270000 1658
1512034270000 1658
1512034270000 1658
1512034270000 1658
1512034270000 1658
1512034270000 1658
1512034270000 1658
1512034270000 1658
1512034270000 1658
1512034270000 1658
1512034270000 1658
1512034270000 1658
1512034270000 1658
1512034270000 1659
1512034270000 1659
1512034270000 1659
1512034270000 1659
1512034270000 1659
1512034270000 1659
1512034270000 1659
1512034270000 1659
1512034270000 1659
1512034270000 1659
1512034270000 1659
1512034270000 1660
1512034270000 1660
1512034270000 1660
1512034270000 1660
1512034270000 1660
1512034270000 1660
1512034270000 1660
1512034270000 1660
1512034270000 1660
1512034270000 1660
1512034270000 1660
1512034270000 1661
1512034270000 1661
1512034270000 1661
1512034270000 1661
1512034270000 1661
1512034270000 1661
1512034270000 1662
1512034270000 1662
1512034270000 1663
1512034270000 1663
1512034270000 1663
1512034270000 1663
1512034270000 1664
1512034270000 1665
1512034270000 1666
1512034270000 1667
1512034270000 1673
1512034270000 1673
1512034270000 1674
1512034270000 1674
1512034270000 1674
1512034270000 1684
1512034270000 1684
1512034270000 1684
1512034270000 1691
1512034270000 1691
1512034270000 1691
1512034270000 1691
1512034270000 1691
1512034270000 1691
1512034270000 1691
1512034280000 669
1512034280000 669
1512034280000 669
1512034280000 670
1512034280000 670
1512034280000 671
1512034280000 671
1512034280000 671
1512034280000 671
1512034280000 672
1512034280000 672
1512034280000 672
1512034280000 672
1512034280000 672
1512034280000 672
1512034280000 672
1512034280000 672
1512034280000 673
1512034280000 673
1512034280000 673
1512034280000 674
1512034280000 674
1512034280000 674
1512034280000 674
1512034280000 675
1512034280000 675
1512034280000 675
1512034280000 675
1512034280000 675
1512034280000 675
1512034280000 676
1512034280000 676
1512034280000 676
1512034280000 676
1512034280000 676
1512034280000 676
1512034280000 676
1512034280000 676
1512034280000 676
1512034280000 676
1512034280000 676
1512034280000 676
1512034280000 677
1512034280000 677
1512034280000 677
1512034280000 677
1512034280000 677
1512034280000 678
1512034280000 678
1512034280000 678
1512034280000 678
1512034280000 678
1512034280000 678
1512034280000 678
1512034280000 678
1512034280000 678
1512034280000 678
1512034280000 678
1512034280000 678
1512034280000 678
1512034280000 678
1512034280000 679
1512034280000 679
1512034280000 679
1512034280000 679
1512034280000 679
1512034280000 679
1512034280000 679
1512034280000 679
1512034280000 679
1512034280000 679
1512034280000 679
1512034280000 679
1512034280000 679
1512034280000 680
1512034280000 680
1512034280000 680
1512034280000 680
1512034280000 680
1512034280000 680
1512034280000 680
1512034280000 680
1512034280000 680
1512034280000 680
1512034280000 681
1512034280000 681
1512034280000 681
1512034280000 681
1512034280000 682
1512034280000 682
1512034280000 694
1512034280000 695
1512034280000 695
1512034280000 708
1512034280000 708
1512034280000 709
1512034280000 709
1512034280000 709
1512034280000 709
1512034280000 709
1512034290000 722
1512034290000 722
1512034290000 722
1512034290000 723
1512034290000 723
1512034290000 723
1512034290000 723
1512034290000 723
1512034290000 723
1512034290000 724
1512034290000 724
1512034290000 724
1512034290000 724
1512034290000 724
1512034290000 724
1512034290000 724
1512034290000 724
1512034290000 724
1512034290000 724
1512034290000 724
1512034290000 725
1512034290000 725
1512034290000 725
1512034290000 725
1512034290000 725
1512034290000 725
1512034290000 725
1512034290000 725
1512034290000 725
1512034290000 725
1512034290000 725
1512034290000 725
1512034290000 725
1512034290000 725
1512034290000 726
1512034290000 726
1512034290000 726
1512034290000 726
1512034290000 726
1512034290000 726
1512034290000 726
1512034290000 726
1512034290000 726
1512034290000 726
1512034290000 726
1512034290000 726
1512034290000 726
1512034290000 726
1512034290000 726
1512034290000 726
1512034290000 726
1512034290000 726
1512034290000 726
1512034290000 726
1512034290000 727
1512034290000 727
1512034290000 727
1512034290000 727
1512034290000 727
1512034290000 727
1512034290000 727
1512034290000 727
1512034290000 727
1512034290000 727
1512034290000 727
1512034290000 727
1512034290000 727
1512034290000 727
1512034290000 727
1512034290000 727
1512034290000 727
1512034290000 727
1512034290000 727
1512034290000 727
1512034290000 727
1512034290000 727
1512034290000 727
1512034290000 727
1512034290000 727
1512034290000 727
1512034290000 727
1512034290000 728
1512034290000 728
1512034290000 728
1512034290000 728
1512034290000 728
1512034290000 728
1512034290000 728
1512034290000 728
1512034290000 728
1512034290000 728
1512034290000 728
1512034290000 728
1512034290000 728
1512034290000 729
1512034290000 729
1512034290000 729
1512034290000 729
1512034290000 729
1512034290000 730
1512034300000 657
1512034300000 658
1512034300000 658
1512034300000 658
1512034300000 658
1512034300000 658
1512034300000 659
1512034300000 659
1512034300000 659
1512034300000 659
1512034300000 659
1512034300000 659
1512034300000 659
1512034300000 660
1512034300000 660
1512034300000 660
1512034300000 660
1512034300000 660
1512034300000 660
1512034300000 660
1512034300000 660
1512034300000 660
1512034300000 660
1512034300000 660
1512034300000 660
1512034300000 660
1512034300000 661
1512034300000 661
1512034300000 661
1512034300000 661
1512034300000 661
1512034300000 661
1512034300000 661
1512034300000 661
1512034300000 661
1512034300000 661
1512034300000 661
1512034300000 661
1512034300000 661
1512034300000 661
1512034300000 661
1512034300000 661
1512034300000 661
1512034300000 661
1512034300000 661
1512034300000 661
1512034300000 661
1512034300000 662
1512034300000 662
1512034300000 662
1512034300000 662
1512034300000 662
1512034300000 662
1512034300000 662
1512034300000 662
1512034300000 662
1512034300000 662
1512034300000 662
1512034300000 662
1512034300000 662
1512034300000 662
1512034300000 662
1512034300000 662
1512034300000 663
1512034300000 663
1512034300000 663
1512034300000 663
1512034300000 663
1512034300000 663
1512034300000 663
1512034300000 663
1512034300000 663
1512034300000 663
1512034300000 663
1512034300000 663
1512034300000 663
1512034300000 663
1512034300000 663
1512034300000 663
1512034300000 663
1512034300000 664
1512034300000 664
1512034300000 664
1512034300000 664
1512034300000 664
1512034300000 664
1512034300000 664
1512034300000 664
1512034300000 664
1512034300000 665
1512034300000 665
1512034300000 665
1512034300000 665
1512034300000 696
1512034300000 696
1512034300000 696
1512034300000 696
1512034300000 696
1512034300000 696
1512034300000 697
1512034310000 713
1512034310000 713
1512034310000 713
1512034310000 713
1512034310000 714
1512034310000 714
1512034310000 714
1512034310000 714
1512034310000 714
1512034310000 714
1512034310000 714
1512034310000 714
1512034310000 714
1512034310000 714
1512034310000 714
1512034310000 715
1512034310000 715
1512034310000 715
1512034310000 715
1512034310000 715
1512034310000 715
1512034310000 715
1512034310000 715
1512034310000 715
1512034310000 715
1512034310000 715
1512034310000 715
1512034310000 715
1512034310000 715
1512034310000 716
1512034310000 716
1512034310000 716
1512034310000 716
1512034310000 716
1512034310000 716
1512034310000 716
1512034310000 716
1512034310000 716
1512034310000 716
1512034310000 716
1512034310000 716
1512034310000 716
1512034310000 716
1512034310000 716
1512034310000 716
1512034310000 716
1512034310000 716
1512034310000 716
1512034310000 716
1512034310000 716
1512034310000 716
1512034310000 716
1512034310000 717
1512034310000 717
1512034310000 717
1512034310000 717
1512034310000 717
1512034310000 717
1512034310000 717
1512034310000 717
1512034310000 717
1512034310000 717
1512034310000 717
1512034310000 717
1512034310000 717
1512034310000 717
1512034310000 717
1512034310000 717
1512034310000 717
1512034310000 717
1512034310000 717
1512034310000 717
1512034310000 718
1512034310000 718
1512034310000 718
1512034310000 718
1512034310000 718
1512034310000 718
1512034310000 718
1512034310000 718
1512034310000 718
1512034310000 718
1512034310000 718
1512034310000 718
1512034310000 719
1512034310000 719
1512034310000 719
1512034310000 719
1512034310000 719
1512034310000 719
1512034310000 719
1512034310000 719
1512034310000 719
1512034310000 752
1512034310000 752
1512034310000 752
1512034310000 752
1512034310000 752
1512034310000 753
1512034310000 753
1512034320000 1640
1512034320000 1640
1512034320000 1640
1512034320000 1640
1512034320000 1640
1512034320000 1640
1512034320000 1640
1512034320000 1640
1512034320000 1640
1512034320000 1640
1512034320000 1640
1512034320000 1640
1512034320000 1641
1512034320000 1641
1512034320000 1641
1512034320000 1641
1512034320000 1641
1512034320000 1641
1512034320000 1641
1512034320000 1641
1512034320000 1641
1512034320000 1641
1512034320000 1641
1512034320000 1641
1512034320000 1641
1512034320000 1641
1512034320000 1642
1512034320000 1642
1512034320000 1642
1512034320000 1642
1512034320000 1642
1512034320000 1642
1512034320000 1642
1512034320000 1642
1512034320000 1642
1512034320000 1642
1512034320000 1642
1512034320000 1642
1512034320000 1642
1512034320000 1642
1512034320000 1642
1512034320000 1642
1512034320000 1642
1512034320000 1643
1512034320000 1643
1512034320000 1643
1512034320000 1643
1512034320000 1643
1512034320000 1643
1512034320000 1643
1512034320000 1643
1512034320000 1643
1512034320000 1643
1512034320000 1643
1512034320000 1643
1512034320000 1643
1512034320000 1643
1512034320000 1643
1512034320000 1644
1512034320000 1644
1512034320000 1644
1512034320000 1644
1512034320000 1644
1512034320000 1644
1512034320000 1644
1512034320000 1644
1512034320000 1644
1512034320000 1644
1512034320000 1644
1512034320000 1644
1512034320000 1644
1512034320000 1645
1512034320000 1645
1512034320000 1645
1512034320000 1645
1512034320000 1645
1512034320000 1645
1512034320000 1645
1512034320000 1645
1512034320000 1645
1512034320000 1646
1512034320000 1646
1512034320000 1647
1512034320000 1648
1512034320000 1648
1512034320000 1648
1512034320000 1649
1512034320000 1649
1512034320000 1649
1512034320000 1650
1512034320000 1650
1512034320000 1650
1512034320000 1651
1512034320000 368
1512034320000 368
1512034320000 368
1512034320000 368
1512034320000 369
1512034320000 369
1512034320000 369
1512034330000 637
1512034330000 637
1512034330000 637
1512034330000 637
1512034330000 637
1512034330000 638
1512034330000 638
1512034330000 638
1512034330000 638
1512034330000 638
1512034330000 638
1512034330000 638
1512034330000 638
1512034330000 638
1512034330000 639
1512034330000 639
1512034330000 639
1512034330000 639
1512034330000 639
1512034330000 639
1512034330000 639
1512034330000 639
1512034330000 639
1512034330000 639
1512034330000 639
1512034330000 639
1512034330000 639
1512034330000 639
1512034330000 639
1512034330000 639
1512034330000 639
1512034330000 639
1512034330000 640
1512034330000 640
1512034330000 640
1512034330000 640
1512034330000 640
1512034330000 640
1512034330000 640
1512034330000 640
1512034330000 640
1512034330000 640
1512034330000 640
1512034330000 640
1512034330000 640
1512034330000 640
1512034330000 640
1512034330000 640
1512034330000 641
1512034330000 641
1512034330000 641
1512034330000 641
1512034330000 641
1512034330000 641
1512034330000 641
1512034330000 641
1512034330000 641
1512034330000 641
1512034330000 641
1512034330000 641
1512034330000 641
1512034330000 641
1512034330000 641
1512034330000 641
1512034330000 641
1512034330000 642
1512034330000 642
1512034330000 642
1512034330000 642
1512034330000 642
1512034330000 642
1512034330000 642
1512034330000 642
1512034330000 643
1512034330000 643
1512034330000 643
1512034330000 643
1512034330000 643
1512034330000 644
1512034330000 644
1512034330000 644
1512034330000 644
1512034330000 644
1512034330000 644
1512034330000 644
1512034330000 645
1512034330000 645
1512034330000 645
1512034330000 648
1512034330000 650
1512034330000 650
1512034330000 651
1512034330000 651
1512034330000 676
1512034330000 676
1512034330000 676
1512034330000 677
1512034330000 677
1512034330000 677
1512034330000 677
1512034340000 1091
1512034340000 1092
1512034340000 1092
1512034340000 1092
1512034340000 1093
1512034340000 1093
1512034340000 1093
1512034340000 1094
1512034340000 1094
1512034340000 1094
1512034340000 1094
1512034340000 1094
1512034340000 1095
1512034340000 1095
1512034340000 1095
1512034340000 1095
1512034340000 1095
1512034340000 1095
1512034340000 1095
1512034340000 1095
1512034340000 1096
1512034340000 1096
1512034340000 1096
1512034340000 1096
1512034340000 1097
1512034340000 1097
1512034340000 1097
1512034340000 1097
1512034340000 1097
1512034340000 1098
1512034340000 1098
1512034340000 1098
1512034340000 1098
1512034340000 1098
1512034340000 1098
1512034340000 1099
1512034340000 1099
1512034340000 1099
1512034340000 1099
1512034340000 1099
1512034340000 1099
1512034340000 1099
1512034340000 1099
1512034340000 1100
1512034340000 1100
1512034340000 1100
1512034340000 1100
1512034340000 1100
1512034340000 1100
1512034340000 1100
1512034340000 1100
1512034340000 1100
1512034340000 1100
1512034340000 1100
1512034340000 1100
1512034340000 1100
1512034340000 1101
1512034340000 1101
1512034340000 1101
1512034340000 1101
1512034340000 1101
1512034340000 1101
1512034340000 1101
1512034340000 1101
1512034340000 1101
1512034340000 1101
1512034340000 1101
1512034340000 1101
1512034340000 1101
1512034340000 1102
1512034340000 1102
1512034340000 1102
1512034340000 1102
1512034340000 1102
1512034340000 1102
1512034340000 1102
1512034340000 1103
1512034340000 1103
1512034340000 1103
1512034340000 1103
1512034340000 1103
1512034340000 1103
1512034340000 1104
1512034340000 1104
1512034340000 1104
1512034340000 1105
1512034340000 1105
1512034340000 1105
1512034340000 1106
1512034340000 1106
1512034340000 1107
1512034340000 1107
1512034340000 1107
1512034340000 1127
1512034340000 1128
1512034340000 1128
1512034340000 1128
1512034340000 1128
1512034340000 1128
1512034340000 1129
1512034350000 653
1512034350000 653
1512034350000 653
1512034350000 654
1512034350000 654
1512034350000 655
1512034350000 655
1512034350000 655
1512034350000 655
1512034350000 655
1512034350000 655
1512034350000 655
1512034350000 655
1512034350000 655
1512034350000 656
1512034350000 656
1512034350000 656
1512034350000 656
1512034350000 656
1512034350000 656
1512034350000 656
1512034350000 656
1512034350000 656
1512034350000 657
1512034350000 657
1512034350000 657
1512034350000 657
1512034350000 657
1512034350000 657
1512034350000 657
1512034350000 657
1512034350000 657
1512034350000 657
1512034350000 657
1512034350000 657
1512034350000 657
1512034350000 657
1512034350000 657
1512034350000 657
1512034350000 657
1512034350000 657
1512034350000 657
1512034350000 657
1512034350000 657
1512034350000 657
1512034350000 658
1512034350000 658
1512034350000 658
1512034350000 658
1512034350000 658
1512034350000 658
1512034350000 658
1512034350000 658
1512034350000 658
1512034350000 658
1512034350000 658
1512034350000 658
1512034350000 658
1512034350000 658
1512034350000 658
1512034350000 658
1512034350000 658
1512034350000 658
1512034350000 658
1512034350000 658
1512034350000 658
1512034350000 658
1512034350000 659
1512034350000 659
1512034350000 659
1512034350000 659
1512034350000 659
1512034350000 659
1512034350000 659
1512034350000 659
1512034350000 659
1512034350000 659
1512034350000 659
1512034350000 659
1512034350000 659
1512034350000 659
1512034350000 659
1512034350000 659
1512034350000 660
1512034350000 660
1512034350000 660
1512034350000 660
1512034350000 660
1512034350000 660
1512034350000 660
1512034350000 660
1512034350000 660
1512034350000 660
1512034350000 661
1512034350000 661
1512034350000 678
1512034350000 678
1512034350000 678
1512034350000 678
1512034350000 679
1512034360000 671
1512034360000 672
1512034360000 672
1512034360000 674
1512034360000 674
1512034360000 674
1512034360000 674
1512034360000 674
1512034360000 674
1512034360000 675
1512034360000 675
1512034360000 675
1512034360000 676
1512034360000 676
1512034360000 676
1512034360000 676
1512034360000 676
1512034360000 676
1512034360000 676
1512034360000 676
1512034360000 676
1512034360000 676
1512034360000 677
1512034360000 677
1512034360000 677
1512034360000 677
1512034360000 677
1512034360000 677
1512034360000 678
1512034360000 678
1512034360000 678
1512034360000 678
1512034360000 678
1512034360000 678
1512034360000 678
1512034360000 678
1512034360000 679
1512034360000 679
1512034360000 679
1512034360000 679
1512034360000 679
1512034360000 679
1512034360000 679
1512034360000 680
1512034360000 680
1512034360000 680
1512034360000 680
1512034360000 680
1512034360000 680
1512034360000 680
1512034360000 680
1512034360000 680
1512034360000 680
1512034360000 681
1512034360000 681
1512034360000 681
1512034360000 681
1512034360000 681
1512034360000 681
1512034360000 681
1512034360000 681
1512034360000 682
1512034360000 682
1512034360000 682
1512034360000 682
1512034360000 682
1512034360000 682
1512034360000 682
1512034360000 682
1512034360000 682
1512034360000 682
1512034360000 682
1512034360000 683
1512034360000 683
1512034360000 683
1512034360000 683
1512034360000 683
1512034360000 683
1512034360000 683
1512034360000 684
1512034360000 684
1512034360000 697
1512034360000 698
1512034360000 698
1512034360000 698
1512034360000 703
1512034360000 703
1512034360000 704
1512034360000 705
1512034360000 705
1512034360000 705
1512034360000 706
1512034360000 706
1512034360000 712
1512034360000 712
1512034360000 712
1512034360000 712
1512034360000 712
1512034360000 712
1512034360000 712
1512034370000 722
1512034370000 722
1512034370000 722
1512034370000 722
1512034370000 722
1512034370000 722
1512034370000 722
1512034370000 723
1512034370000 723
1512034370000 723
1512034370000 723
1512034370000 723
1512034370000 723
1512034370000 723
1512034370000 723
1512034370000 723
1512034370000 723
1512034370000 723
1512034370000 723
1512034370000 723
1512034370000 723
1512034370000 723
1512034370000 724
1512034370000 724
1512034370000 724
1512034370000 724
1512034370000 724
1512034370000 724
1512034370000 724
1512034370000 724
1512034370000 724
1512034370000 724
1512034370000 724
1512034370000 724
1512034370000 724
1512034370000 724
1512034370000 724
1512034370000 724
1512034370000 724
1512034370000 725
1512034370000 725
1512034370000 725
1512034370000 725
1512034370000 725
1512034370000 725
1512034370000 725
1512034370000 725
1512034370000 725
1512034370000 725
1512034370000 725
1512034370000 725
1512034370000 725
1512034370000 725
1512034370000 725
1512034370000 725
1512034370000 726
1512034370000 726
1512034370000 726
1512034370000 726
1512034370000 726
1512034370000 726
1512034370000 726
1512034370000 726
1512034370000 726
1512034370000 726
1512034370000 726
1512034370000 726
1512034370000 726
1512034370000 726
1512034370000 726
1512034370000 727
1512034370000 727
1512034370000 727
1512034370000 727
1512034370000 727
1512034370000 727
1512034370000 727
1512034370000 727
1512034370000 727
1512034370000 727
1512034370000 727
1512034370000 728
1512034370000 728
1512034370000 728
1512034370000 729
1512034370000 729
1512034370000 739
1512034370000 739
1512034370000 740
1512034370000 750
1512034370000 750
1512034370000 750
1512034370000 751
1512034370000 764
1512034370000 764
1512034370000 764
1512034370000 764
1512034370000 765
1512034370000 765
1512034370000 765
1512034380000 895
1512034380000 896
1512034380000 896
1512034380000 896
1512034380000 896
1512034380000 896
1512034380000 896
1512034380000 896
1512034380000 896
1512034380000 896
1512034380000 896
1512034380000 896
1512034380000 896
1512034380000 896
1512034380000 897
1512034380000 897
1512034380000 897
1512034380000 897
1512034380000 897
1512034380000 897
1512034380000 897
1512034380000 897
1512034380000 897
1512034380000 897
1512034380000 897
1512034380000 897
1512034380000 897
1512034380000 897
1512034380000 897
1512034380000 897
1512034380000 898
1512034380000 898
1512034380000 898
1512034380000 898
1512034380000 898
1512034380000 898
1512034380000 898
1512034380000 898
1512034380000 898
1512034380000 898
1512034380000 898
1512034380000 898
1512034380000 898
1512034380000 898
1512034380000 898
1512034380000 898
1512034380000 898
1512034380000 898
1512034380000 898
1512034380000 898
1512034380000 898
1512034380000 898
1512034380000 898
1512034380000 899
1512034380000 899
1512034380000 899
1512034380000 899
1512034380000 899
1512034380000 899
1512034380000 899
1512034380000 899
1512034380000 899
1512034380000 899
1512034380000 899
1512034380000 899
1512034380000 899
1512034380000 899
1512034380000 899
1512034380000 899
1512034380000 899
1512034380000 899
1512034380000 899
1512034380000 899
1512034380000 899
1512034380000 899
1512034380000 899
1512034380000 900
1512034380000 900
1512034380000 900
1512034380000 900
1512034380000 900
1512034380000 900
1512034380000 900
1512034380000 900
1512034380000 900
1512034380000 900
1512034380000 900
1512034380000 900
1512034380000 900
1512034380000 900
1512034380000 901
1512034380000 901
1512034380000 901
1512034380000 901
1512034380000 908
1512034380000 909
1512034380000 909
1512034380000 909
1512034380000 910
1512034380000 910
1512034390000 704
1512034390000 704
1512034390000 704
1512034390000 704
1512034390000 704
1512034390000 704
1512034390000 705
1512034390000 705
1512034390000 705
1512034390000 705
1512034390000 705
1512034390000 705
1512034390000 705
1512034390000 705
1512034390000 705
1512034390000 705
1512034390000 705
1512034390000 705
1512034390000 705
1512034390000 706
1512034390000 706
1512034390000 706
1512034390000 706
1512034390000 706
1512034390000 706
1512034390000 706
1512034390000 706
1512034390000 706
1512034390000 706
1512034390000 706
1512034390000 707
1512034390000 707
1512034390000 707
1512034390000 707
1512034390000 707
1512034390000 707
1512034390000 707
1512034390000 707
1512034390000 707
1512034390000 707
1512034390000 707
1512034390000 708
1512034390000 708
1512034390000 708
1512034390000 708
1512034390000 708
1512034390000 708
1512034390000 708
1512034390000 708
1512034390000 708
1512034390000 708
1512034390000 708
1512034390000 708
1512034390000 708
1512034390000 708
1512034390000 708
1512034390000 708
1512034390000 709
1512034390000 709
1512034390000 709
1512034390000 709
1512034390000 709
1512034390000 709
1512034390000 709
1512034390000 709
1512034390000 709
1512034390000 709
1512034390000 709
1512034390000 709
1512034390000 709
1512034390000 709
1512034390000 709
1512034390000 709
1512034390000 709
1512034390000 709
1512034390000 709
1512034390000 709
1512034390000 709
1512034390000 711
1512034390000 711
1512034390000 712
1512034390000 712
1512034390000 712
1512034390000 712
1512034390000 712
1512034390000 712
1512034390000 712
1512034390000 712
1512034390000 712
1512034390000 712
1512034390000 712
1512034390000 712
1512034390000 713
1512034390000 743
1512034390000 743
1512034390000 743
1512034390000 743
1512034390000 744
1512034390000 744
1512034390000 744
1512034400000 682
1512034400000 683
1512034400000 683
1512034400000 683
1512034400000 683
1512034400000 684
1512034400000 684
1512034400000 684
1512034400000 684
1512034400000 684
1512034400000 684
1512034400000 684
1512034400000 685
1512034400000 685
1512034400000 685
1512034400000 685
1512034400000 685
1512034400000 685
1512034400000 685
1512034400000 685
1512034400000 685
1512034400000 685
1512034400000 685
1512034400000 685
1512034400000 685
1512034400000 685
1512034400000 685
1512034400000 685
1512034400000 685
1512034400000 686
1512034400000 686
1512034400000 686
1512034400000 686
1512034400000 686
1512034400000 686
1512034400000 686
1512034400000 686
1512034400000 686
1512034400000 686
1512034400000 686
1512034400000 686
1512034400000 686
1512034400000 686
1512034400000 686
1512034400000 686
1512034400000 686
1512034400000 686
1512034400000 686
1512034400000 686
1512034400000 686
1512034400000 686
1512034400000 686
1512034400000 686
1512034400000 686
1512034400000 687
1512034400000 687
1512034400000 687
1512034400000 687
1512034400000 687
1512034400000 687
1512034400000 687
1512034400000 687
1512034400000 687
1512034400000 687
1512034400000 687
1512034400000 687
1512034400000 687
1512034400000 687
1512034400000 687
1512034400000 687
1512034400000 687
1512034400000 687
1512034400000 687
1512034400000 688
1512034400000 688
1512034400000 688
1512034400000 688
1512034400000 688
1512034400000 688
1512034400000 688
1512034400000 688
1512034400000 688
1512034400000 688
1512034400000 689
1512034400000 689
1512034400000 689
1512034400000 689
1512034400000 689
1512034400000 689
1512034400000 689
1512034400000 689
1512034400000 689
1512034400000 689
1512034400000 720
1512034400000 720
1512034400000 720
1512034400000 720
1512034400000 720
1512034400000 720
1512034400000 720
1512034410000 -276
1512034410000 -276
1512034410000 -309
1512034410000 -309
1512034410000 -310
1512034410000 -310
1512034410000 -310
1512034410000 -310
1512034410000 -310
1512034410000 -310
1512034410000 -311
1512034410000 -311
1512034410000 -311
1512034410000 -311
1512034410000 -311
1512034410000 -311
1512034410000 -311
1512034410000 -311
1512034410000 -312
1512034410000 -312
1512034410000 -312
1512034410000 -312
1512034410000 -312
1512034410000 -313
1512034410000 -313
1512034410000 -313
1512034410000 -313
1512034410000 -313
1512034410000 -313
1512034410000 -313
1512034410000 -313
1512034410000 -313
1512034410000 -313
1512034410000 -313
1512034410000 -314
1512034410000 682
1512034410000 682
1512034410000 682
1512034410000 682
1512034410000 682
1512034410000 683
1512034410000 683
1512034410000 683
1512034410000 683
1512034410000 683
1512034410000 684
1512034410000 684
1512034410000 684
1512034410000 684
1512034410000 684
1512034410000 684
1512034410000 684
1512034410000 685
1512034410000 685
1512034410000 685
1512034410000 685
1512034410000 685
1512034410000 685
1512034410000 685
1512034410000 685
1512034410000 685
1512034410000 686
1512034410000 686
1512034410000 686
1512034410000 686
1512034410000 686
1512034410000 686
1512034410000 686
1512034410000 686
1512034410000 687
1512034410000 687
1512034410000 687
1512034410000 687
1512034410000 687
1512034410000 687
1512034410000 687
1512034410000 687
1512034410000 688
1512034410000 688
1512034410000 688
1512034410000 688
1512034410000 688
1512034410000 688
1512034410000 689
1512034410000 689
1512034410000 689
1512034410000 689
1512034410000 690
1512034410000 690
1512034410000 691
1512034410000 692
1512034410000 692
1512034410000 692
1512034410000 692
1512034410000 697
1512034410000 698
1512034410000 698
1512034410000 698
1512034410000 710
1512034410000 710
