1512071920000 11701
1512071920000 11701
1512071920000 11702
1512071920000 11702
1512071920000 11702
1512071920000 11702
1512071920000 11702
1512071920000 11703
1512071920000 11703
1512071920000 11703
1512071920000 11703
1512071920000 11703
1512071920000 11704
1512071920000 11704
1512071920000 11704
1512071920000 11704
1512071920000 11704
1512071920000 11705
1512071920000 11705
1512071920000 11705
1512071920000 11705
1512071920000 11705
1512071920000 11706
1512071920000 11706
1512071920000 11706
1512071920000 11706
1512071920000 11706
1512071920000 11706
1512071920000 11707
1512071920000 11707
1512071920000 11707
1512071920000 11707
1512071920000 11707
1512071920000 11708
1512071920000 11708
1512071920000 11708
1512071920000 11708
1512071920000 11708
1512071920000 11709
1512071920000 11709
1512071920000 11709
1512071920000 11709
1512071920000 11709
1512071920000 11710
1512071920000 11710
1512071920000 11710
1512071920000 11710
1512071920000 11710
1512071920000 11711
1512071920000 11711
1512071920000 11711
1512071920000 11711
1512071920000 11711
1512071920000 11712
1512071920000 11712
1512071920000 11712
1512071920000 11712
1512071920000 11712
1512071920000 11712
1512071920000 11713
1512071920000 11713
1512071920000 11713
1512071920000 11713
1512071920000 11713
1512071920000 11714
1512071920000 11714
1512071920000 11714
1512071920000 11714
1512071920000 11714
1512071920000 11715
1512071920000 11715
1512071920000 11715
1512071920000 11715
1512071920000 11715
1512071920000 11716
1512071920000 11716
1512071920000 11716
1512071920000 11716
1512071920000 11716
1512071920000 11717
1512071920000 11717
1512071920000 11717
1512071920000 11717
1512071920000 11717
1512071920000 11718
1512071920000 11718
1512071920000 11718
1512071920000 11718
1512071920000 11718
1512071920000 11719
1512071920000 11719
1512071920000 11719
1512071920000 11719
1512071920000 11719
1512071920000 11720
1512071920000 11720
1512071920000 11720
1512071920000 11720
1512071920000 11720
1512071920000 11721
1512071930000 11513
1512071930000 11513
1512071930000 11514
1512071930000 11514
1512071930000 11514
1512071930000 11514
1512071930000 11514
1512071930000 11515
1512071930000 11515
1512071930000 11515
1512071930000 11515
1512071930000 11515
1512071930000 11516
1512071930000 11516
1512071930000 11516
1512071930000 11516
1512071930000 11516
1512071930000 11517
1512071930000 11517
1512071930000 11517
1512071930000 11517
1512071930000 11517
1512071930000 11517
1512071930000 11518
1512071930000 11518
1512071930000 11518
1512071930000 11518
1512071930000 11518
1512071930000 11519
1512071930000 11519
1512071930000 11519
1512071930000 11519
1512071930000 11519
1512071930000 11520
1512071930000 11520
1512071930000 11520
1512071930000 11520
1512071930000 11520
1512071930000 11521
1512071930000 11521
1512071930000 11521
1512071930000 11521
1512071930000 11521
1512071930000 11522
1512071930000 11522
1512071930000 11522
1512071930000 11522
1512071930000 11522
1512071930000 11522
1512071930000 11523
1512071930000 11523
1512071930000 11523
1512071930000 11523
1512071930000 11523
1512071930000 11524
1512071930000 11524
1512071930000 11524
1512071930000 11524
1512071930000 11524
1512071930000 11525
1512071930000 11525
1512071930000 11525
1512071930000 11525
1512071930000 11525
1512071930000 11526
1512071930000 11526
1512071930000 11526
1512071930000 11526
1512071930000 11526
1512071930000 11526
1512071930000 11527
1512071930000 11527
1512071930000 11527
1512071930000 11527
1512071930000 11527
1512071930000 11528
1512071930000 11528
1512071930000 11528
1512071930000 11528
1512071930000 11528
1512071930000 11529
1512071930000 11529
1512071930000 11529
1512071930000 11529
1512071930000 11529
1512071930000 11530
1512071930000 11530
1512071930000 11530
1512071930000 11530
1512071930000 11530
1512071930000 11530
1512071930000 11531
1512071930000 11531
1512071930000 11531
1512071930000 11531
1512071930000 11531
1512071930000 11532
1512071930000 11532
1512071930000 11532
1512071930000 11532
1512071940000 11448
1512071940000 11448
1512071940000 11448
1512071940000 11448
1512071940000 11448
1512071940000 11449
1512071940000 11449
1512071940000 11449
1512071940000 11449
1512071940000 11449
1512071940000 11449
1512071940000 11450
1512071940000 11450
1512071940000 11450
1512071940000 11450
1512071940000 11450
1512071940000 11450
1512071940000 11451
1512071940000 11451
1512071940000 11451
1512071940000 11451
1512071940000 11451
1512071940000 11451
1512071940000 11452
1512071940000 11452
1512071940000 11452
1512071940000 11452
1512071940000 11452
1512071940000 11453
1512071940000 11453
1512071940000 11453
1512071940000 11453
1512071940000 11453
1512071940000 11454
1512071940000 11454
1512071940000 11454
1512071940000 11454
1512071940000 11454
1512071940000 11454
1512071940000 11454
1512071940000 11455
1512071940000 11455
1512071940000 11455
1512071940000 11455
1512071940000 11455
1512071940000 11455
1512071940000 11456
1512071940000 11456
1512071940000 11456
1512071940000 11456
1512071940000 11456
1512071940000 11456
1512071940000 11457
1512071940000 11457
1512071940000 11457
1512071940000 11457
1512071940000 11457
1512071940000 11457
1512071940000 11458
1512071940000 11458
1512071940000 11458
1512071940000 11458
1512071940000 11458
1512071940000 11458
1512071940000 11459
1512071940000 11459
1512071940000 11459
1512071940000 11459
1512071940000 11459
1512071940000 11459
1512071940000 11460
1512071940000 11460
1512071940000 11460
1512071940000 11460
1512071940000 11460
1512071940000 11460
1512071940000 11460
1512071940000 11461
1512071940000 11461
1512071940000 11461
1512071940000 11461
1512071940000 11461
1512071940000 11461
1512071940000 11462
1512071940000 11462
1512071940000 11462
1512071940000 11462
1512071940000 11462
1512071940000 11462
1512071940000 11463
1512071940000 11463
1512071940000 11463
1512071940000 11463
1512071940000 11463
1512071940000 11463
1512071940000 11464
1512071940000 11464
1512071940000 11464
1512071940000 11464
1512071940000 11464
1512071950000 11467
1512071950000 11467
1512071950000 11467
1512071950000 11467
1512071950000 11468
1512071950000 11468
1512071950000 11468
1512071950000 11468
1512071950000 11468
1512071950000 11468
1512071950000 11469
1512071950000 11469
1512071950000 11469
1512071950000 11469
1512071950000 11469
1512071950000 11469
1512071950000 11470
1512071950000 11470
1512071950000 11470
1512071950000 11470
1512071950000 11470
1512071950000 11470
1512071950000 11471
1512071950000 11471
1512071950000 11471
1512071950000 11471
1512071950000 11471
1512071950000 11471
1512071950000 11471
1512071950000 11472
1512071950000 11472
1512071950000 11472
1512071950000 11472
1512071950000 11472
1512071950000 11472
1512071950000 11473
1512071950000 11473
1512071950000 11473
1512071950000 11473
1512071950000 11473
1512071950000 11473
1512071950000 11473
1512071950000 11474
1512071950000 11474
1512071950000 11474
1512071950000 11474
1512071950000 11474
1512071950000 11474
1512071950000 11474
1512071950000 11475
1512071950000 11475
1512071950000 11475
1512071950000 11475
1512071950000 11475
1512071950000 11475
1512071950000 11475
1512071950000 11476
1512071950000 11476
1512071950000 11476
1512071950000 11476
1512071950000 11476
1512071950000 11476
1512071950000 11477
1512071950000 11477
1512071950000 11477
1512071950000 11477
1512071950000 11477
1512071950000 11477
1512071950000 11478
1512071950000 11478
1512071950000 11478
1512071950000 11478
1512071950000 11478
1512071950000 11478
1512071950000 11478
1512071950000 11479
1512071950000 11479
1512071950000 11479
1512071950000 11479
1512071950000 11479
1512071950000 11479
1512071950000 11479
1512071950000 11480
1512071950000 11480
1512071950000 11480
1512071950000 11480
1512071950000 11480
1512071950000 11480
1512071950000 11480
1512071950000 11481
1512071950000 11481
1512071950000 11481
1512071950000 11481
1512071950000 11481
1512071950000 11481
1512071950000 11481
1512071950000 11482
1512071950000 11482
1512071950000 11482
1512071950000 11482
1512071960000 11450
1512071960000 11450
1512071960000 11450
1512071960000 11450
1512071960000 11450
1512071960000 11451
1512071960000 11451
1512071960000 11451
1512071960000 11451
1512071960000 11451
1512071960000 11451
1512071960000 11451
1512071960000 11452
1512071960000 11452
1512071960000 11452
1512071960000 11452
1512071960000 11452
1512071960000 11452
1512071960000 11452
1512071960000 11453
1512071960000 11453
1512071960000 11453
1512071960000 11453
1512071960000 11453
1512071960000 11453
1512071960000 11453
1512071960000 11454
1512071960000 11454
1512071960000 11454
1512071960000 11454
1512071960000 11454
1512071960000 11454
1512071960000 11454
1512071960000 11455
1512071960000 11455
1512071960000 11455
1512071960000 11455
1512071960000 11455
1512071960000 11455
1512071960000 11455
1512071960000 11456
1512071960000 11456
1512071960000 11456
1512071960000 11456
1512071960000 11456
1512071960000 11456
1512071960000 11456
1512071960000 11457
1512071960000 11457
1512071960000 11457
1512071960000 11457
1512071960000 11457
1512071960000 11457
1512071960000 11458
1512071960000 11458
1512071960000 11458
1512071960000 11458
1512071960000 11458
1512071960000 11458
1512071960000 11458
1512071960000 11459
1512071960000 11459
1512071960000 11459
1512071960000 11459
1512071960000 11459
1512071960000 11459
1512071960000 11459
1512071960000 11460
1512071960000 11460
1512071960000 11460
1512071960000 11460
1512071960000 11460
1512071960000 11460
1512071960000 11461
1512071960000 11461
1512071960000 11461
1512071960000 11461
1512071960000 11461
1512071960000 11461
1512071960000 11461
1512071960000 11462
1512071960000 11462
1512071960000 11462
1512071960000 11462
1512071960000 11462
1512071960000 11462
1512071960000 11463
1512071960000 11463
1512071960000 11463
1512071960000 11463
1512071960000 11463
1512071960000 11463
1512071960000 11463
1512071960000 11464
1512071960000 11464
1512071960000 11464
1512071960000 11464
1512071960000 11464
1512071960000 11464
1512071960000 11464
1512071970000 11460
1512071970000 11460
1512071970000 11460
1512071970000 11460
1512071970000 11460
1512071970000 11460
1512071970000 11460
1512071970000 11461
1512071970000 11461
1512071970000 11461
1512071970000 11461
1512071970000 11461
1512071970000 11461
1512071970000 11462
1512071970000 11462
1512071970000 11462
1512071970000 11462
1512071970000 11462
1512071970000 11462
1512071970000 11462
1512071970000 11463
1512071970000 11463
1512071970000 11463
1512071970000 11463
1512071970000 11463
1512071970000 11463
1512071970000 11463
1512071970000 11464
1512071970000 11464
1512071970000 11464
1512071970000 11464
1512071970000 11464
1512071970000 11464
1512071970000 11465
1512071970000 11465
1512071970000 11465
1512071970000 11465
1512071970000 11465
1512071970000 11465
1512071970000 11465
1512071970000 11466
1512071970000 11466
1512071970000 11466
1512071970000 11466
1512071970000 11466
1512071970000 11466
1512071970000 11466
1512071970000 11467
1512071970000 11467
1512071970000 11467
1512071970000 11467
1512071970000 11467
1512071970000 11467
1512071970000 11468
1512071970000 11468
1512071970000 11468
1512071970000 11468
1512071970000 11468
1512071970000 11468
1512071970000 11468
1512071970000 11469
1512071970000 11469
1512071970000 11469
1512071970000 11469
1512071970000 11469
1512071970000 11469
1512071970000 11469
1512071970000 11470
1512071970000 11470
1512071970000 11470
1512071970000 11470
1512071970000 11470
1512071970000 11470
1512071970000 11471
1512071970000 11471
1512071970000 11471
1512071970000 11471
1512071970000 11471
1512071970000 11471
1512071970000 11472
1512071970000 11472
1512071970000 11472
1512071970000 11472
1512071970000 11472
1512071970000 11472
1512071970000 11472
1512071970000 11473
1512071970000 11473
1512071970000 11473
1512071970000 11473
1512071970000 11473
1512071970000 11473
1512071970000 11474
1512071970000 11474
1512071970000 11474
1512071970000 11474
1512071970000 11474
1512071970000 11474
1512071970000 11474
1512071970000 11475
1512071980000 11453
1512071980000 11453
1512071980000 11453
1512071980000 11453
1512071980000 11453
1512071980000 11453
1512071980000 11453
1512071980000 11454
1512071980000 11454
1512071980000 11454
1512071980000 11454
1512071980000 11454
1512071980000 11454
1512071980000 11455
1512071980000 11455
1512071980000 11455
1512071980000 11455
1512071980000 11455
1512071980000 11455
1512071980000 11455
1512071980000 11456
1512071980000 11456
1512071980000 11456
1512071980000 11456
1512071980000 11456
1512071980000 11456
1512071980000 11457
1512071980000 11457
1512071980000 11457
1512071980000 11457
1512071980000 11457
1512071980000 11457
1512071980000 11458
1512071980000 11458
1512071980000 11458
1512071980000 11458
1512071980000 11458
1512071980000 11458
1512071980000 11458
1512071980000 11459
1512071980000 11459
1512071980000 11459
1512071980000 11459
1512071980000 11459
1512071980000 11459
1512071980000 11460
1512071980000 11460
1512071980000 11460
1512071980000 11460
1512071980000 11460
1512071980000 11460
1512071980000 11460
1512071980000 11461
1512071980000 11461
1512071980000 11461
1512071980000 11461
1512071980000 11461
1512071980000 11461
1512071980000 11462
1512071980000 11462
1512071980000 11462
1512071980000 11462
1512071980000 11462
1512071980000 11462
1512071980000 11462
1512071980000 11463
1512071980000 11463
1512071980000 11463
1512071980000 11463
1512071980000 11463
1512071980000 11463
1512071980000 11464
1512071980000 11464
1512071980000 11464
1512071980000 11464
1512071980000 11464
1512071980000 11464
1512071980000 11464
1512071980000 11465
1512071980000 11465
1512071980000 11465
1512071980000 11465
1512071980000 11465
1512071980000 11465
1512071980000 11466
1512071980000 11466
1512071980000 11466
1512071980000 11466
1512071980000 11466
1512071980000 11466
1512071980000 11466
1512071980000 11467
1512071980000 11467
1512071980000 11467
1512071980000 11467
1512071980000 11467
1512071980000 11467
1512071980000 11468
1512071980000 11468
1512071980000 11468
1512071990000 11436
1512071990000 11436
1512071990000 11436
1512071990000 11436
1512071990000 11436
1512071990000 11436
1512071990000 11436
1512071990000 11436
1512071990000 11436
1512071990000 11437
1512071990000 11437
1512071990000 11437
1512071990000 11437
1512071990000 11437
1512071990000 11437
1512071990000 11437
1512071990000 11437
1512071990000 11437
1512071990000 11437
1512071990000 11437
1512071990000 11438
1512071990000 11438
1512071990000 11438
1512071990000 11438
1512071990000 11438
1512071990000 11438
1512071990000 11438
1512071990000 11438
1512071990000 11438
1512071990000 11438
1512071990000 11439
1512071990000 11439
1512071990000 11439
1512071990000 11439
1512071990000 11439
1512071990000 11439
1512071990000 11439
1512071990000 11439
1512071990000 11439
1512071990000 11439
1512071990000 11440
1512071990000 11440
1512071990000 11440
1512071990000 11440
1512071990000 11440
1512071990000 11440
1512071990000 11440
1512071990000 11440
1512071990000 11440
1512071990000 11440
1512071990000 11440
1512071990000 11441
1512071990000 11441
1512071990000 11441
1512071990000 11441
1512071990000 11441
1512071990000 11441
1512071990000 11441
1512071990000 11441
1512071990000 11441
1512071990000 11441
1512071990000 11442
1512071990000 11442
1512071990000 11442
1512071990000 11442
1512071990000 11442
1512071990000 11442
1512071990000 11442
1512071990000 11442
1512071990000 11442
1512071990000 11442
1512071990000 11443
1512071990000 11443
1512071990000 11443
1512071990000 11443
1512071990000 11443
1512071990000 11443
1512071990000 11443
1512071990000 11443
1512071990000 11443
1512071990000 11443
1512071990000 11443
1512071990000 11444
1512071990000 11444
1512071990000 11444
1512071990000 11444
1512071990000 11444
1512071990000 11444
1512071990000 11444
1512071990000 11444
1512071990000 11444
1512071990000 11444
1512071990000 11445
1512071990000 11445
1512071990000 11445
1512071990000 11445
1512071990000 11445
1512071990000 11445
1512071990000 11445
1512071990000 11445
1512072000000 11454
1512072000000 11454
1512072000000 11454
1512072000000 11454
1512072000000 11454
1512072000000 11455
1512072000000 11455
1512072000000 11455
1512072000000 11455
1512072000000 11455
1512072000000 11455
1512072000000 11456
1512072000000 11456
1512072000000 11456
1512072000000 11456
1512072000000 11456
1512072000000 11456
1512072000000 11457
1512072000000 11457
1512072000000 11457
1512072000000 11457
1512072000000 11457
1512072000000 11457
1512072000000 11457
1512072000000 11458
1512072000000 11458
1512072000000 11458
1512072000000 11458
1512072000000 11458
1512072000000 11458
1512072000000 11459
1512072000000 11459
1512072000000 11459
1512072000000 11459
1512072000000 11459
1512072000000 11459
1512072000000 11460
1512072000000 11460
1512072000000 11460
1512072000000 11460
1512072000000 11460
1512072000000 11460
1512072000000 11460
1512072000000 11461
1512072000000 11461
1512072000000 11461
1512072000000 11461
1512072000000 11461
1512072000000 11461
1512072000000 11462
1512072000000 11462
1512072000000 11462
1512072000000 11462
1512072000000 11462
1512072000000 11462
1512072000000 11463
1512072000000 11463
1512072000000 11463
1512072000000 11463
1512072000000 11463
1512072000000 11463
1512072000000 11463
1512072000000 11464
1512072000000 11464
1512072000000 11464
1512072000000 11464
1512072000000 11464
1512072000000 11464
1512072000000 11465
1512072000000 11465
1512072000000 11465
1512072000000 11465
1512072000000 11465
1512072000000 11465
1512072000000 11465
1512072000000 11466
1512072000000 11466
1512072000000 11466
1512072000000 11466
1512072000000 11466
1512072000000 11466
1512072000000 11467
1512072000000 11467
1512072000000 11467
1512072000000 11467
1512072000000 11467
1512072000000 11467
1512072000000 11468
1512072000000 11468
1512072000000 11468
1512072000000 11468
1512072000000 11468
1512072000000 11468
1512072000000 11468
1512072000000 11469
1512072000000 11469
1512072000000 11469
1512072000000 11469
1512072000000 11469
1512072000000 11469
1512072010000 11466
1512072010000 11466
1512072010000 11466
1512072010000 11466
1512072010000 11467
1512072010000 11467
1512072010000 11467
1512072010000 11467
1512072010000 11467
1512072010000 11467
1512072010000 11468
1512072010000 11468
1512072010000 11468
1512072010000 11468
1512072010000 11468
1512072010000 11468
1512072010000 11469
1512072010000 11469
1512072010000 11469
1512072010000 11469
1512072010000 11469
1512072010000 11469
1512072010000 11469
1512072010000 11470
1512072010000 11470
1512072010000 11470
1512072010000 11470
1512072010000 11470
1512072010000 11470
1512072010000 11471
1512072010000 11471
1512072010000 11471
1512072010000 11471
1512072010000 11471
1512072010000 11471
1512072010000 11471
1512072010000 11472
1512072010000 11472
1512072010000 11472
1512072010000 11472
1512072010000 11472
1512072010000 11472
1512072010000 11472
1512072010000 11473
1512072010000 11473
1512072010000 11473
1512072010000 11473
1512072010000 11473
1512072010000 11473
1512072010000 11474
1512072010000 11474
1512072010000 11474
1512072010000 11474
1512072010000 11474
1512072010000 11474
1512072010000 11475
1512072010000 11475
1512072010000 11475
1512072010000 11475
1512072010000 11475
1512072010000 11475
1512072010000 11475
1512072010000 11476
1512072010000 11476
1512072010000 11476
1512072010000 11476
1512072010000 11476
1512072010000 11476
1512072010000 11477
1512072010000 11477
1512072010000 11477
1512072010000 11477
1512072010000 11477
1512072010000 11477
1512072010000 11478
1512072010000 11478
1512072010000 11478
1512072010000 11478
1512072010000 11478
1512072010000 11478
1512072010000 11478
1512072010000 11479
1512072010000 11479
1512072010000 11479
1512072010000 11479
1512072010000 11479
1512072010000 11479
1512072010000 11480
1512072010000 11480
1512072010000 11480
1512072010000 11480
1512072010000 11480
1512072010000 11480
1512072010000 11480
1512072010000 11481
1512072010000 11481
1512072010000 11481
1512072010000 11481
1512072010000 11481
1512072010000 11481
1512072020000 11442
1512072020000 11442
1512072020000 11442
1512072020000 11442
1512072020000 11442
1512072020000 11442
1512072020000 11442
1512072020000 11443
1512072020000 11443
1512072020000 11443
1512072020000 11443
1512072020000 11443
1512072020000 11443
1512072020000 11443
1512072020000 11444
1512072020000 11444
1512072020000 11444
1512072020000 11444
1512072020000 11444
1512072020000 11444
1512072020000 11444
1512072020000 11445
1512072020000 11445
1512072020000 11445
1512072020000 11445
1512072020000 11445
1512072020000 11445
1512072020000 11445
1512072020000 11446
1512072020000 11446
1512072020000 11446
1512072020000 11446
1512072020000 11446
1512072020000 11446
1512072020000 11446
1512072020000 11447
1512072020000 11447
1512072020000 11447
1512072020000 11447
1512072020000 11447
1512072020000 11447
1512072020000 11447
1512072020000 11448
1512072020000 11448
1512072020000 11448
1512072020000 11448
1512072020000 11448
1512072020000 11448
1512072020000 11448
1512072020000 11449
1512072020000 11449
1512072020000 11449
1512072020000 11449
1512072020000 11449
1512072020000 11449
1512072020000 11449
1512072020000 11450
1512072020000 11450
1512072020000 11450
1512072020000 11450
1512072020000 11450
1512072020000 11450
1512072020000 11450
1512072020000 11451
1512072020000 11451
1512072020000 11451
1512072020000 11451
1512072020000 11451
1512072020000 11451
1512072020000 11451
1512072020000 11452
1512072020000 11452
1512072020000 11452
1512072020000 11452
1512072020000 11452
1512072020000 11452
1512072020000 11453
1512072020000 11453
1512072020000 11453
1512072020000 11453
1512072020000 11453
1512072020000 11453
1512072020000 11453
1512072020000 11454
1512072020000 11454
1512072020000 11454
1512072020000 11454
1512072020000 11454
1512072020000 11454
1512072020000 11454
1512072020000 11455
1512072020000 11455
1512072020000 11455
1512072020000 11455
1512072020000 11455
1512072020000 11455
1512072020000 11455
1512072020000 11456
1512072020000 11456
1512072020000 11456
1512072030000 11457
1512072030000 11457
1512072030000 11457
1512072030000 11457
1512072030000 11457
1512072030000 11457
1512072030000 11458
1512072030000 11458
1512072030000 11458
1512072030000 11458
1512072030000 11458
1512072030000 11458
1512072030000 11458
1512072030000 11459
1512072030000 11459
1512072030000 11459
1512072030000 11459
1512072030000 11459
1512072030000 11459
1512072030000 11459
1512072030000 11460
1512072030000 11460
1512072030000 11460
1512072030000 11460
1512072030000 11460
1512072030000 11460
1512072030000 11461
1512072030000 11461
1512072030000 11461
1512072030000 11461
1512072030000 11461
1512072030000 11461
1512072030000 11462
1512072030000 11462
1512072030000 11462
1512072030000 11462
1512072030000 11462
1512072030000 11462
1512072030000 11462
1512072030000 11463
1512072030000 11463
1512072030000 11463
1512072030000 11463
1512072030000 11463
1512072030000 11463
1512072030000 11464
1512072030000 11464
1512072030000 11464
1512072030000 11464
1512072030000 11464
1512072030000 11464
1512072030000 11464
1512072030000 11465
1512072030000 11465
1512072030000 11465
1512072030000 11465
1512072030000 11465
1512072030000 11465
1512072030000 11466
1512072030000 11466
1512072030000 11466
1512072030000 11466
1512072030000 11466
1512072030000 11466
1512072030000 11467
1512072030000 11467
1512072030000 11467
1512072030000 11467
1512072030000 11467
1512072030000 11467
1512072030000 11468
1512072030000 11468
1512072030000 11468
1512072030000 11468
1512072030000 11468
1512072030000 11468
1512072030000 11468
1512072030000 11469
1512072030000 11469
1512072030000 11469
1512072030000 11469
1512072030000 11469
1512072030000 11469
1512072030000 11470
1512072030000 11470
1512072030000 11470
1512072030000 11470
1512072030000 11470
1512072030000 11470
1512072030000 11471
1512072030000 11471
1512072030000 11471
1512072030000 11471
1512072030000 11471
1512072030000 11471
1512072030000 11471
1512072030000 11472
1512072030000 11472
1512072030000 11472
1512072030000 11472
1512072040000 11435
1512072040000 11435
1512072040000 11435
1512072040000 11435
1512072040000 11435
1512072040000 11435
1512072040000 11436
1512072040000 11436
1512072040000 11436
1512072040000 11436
1512072040000 11436
1512072040000 11436
1512072040000 11437
1512072040000 11437
1512072040000 11437
1512072040000 11437
1512072040000 11437
1512072040000 11437
1512072040000 11437
1512072040000 11438
1512072040000 11438
1512072040000 11438
1512072040000 11438
1512072040000 11438
1512072040000 11438
1512072040000 11439
1512072040000 11439
1512072040000 11439
1512072040000 11439
1512072040000 11439
1512072040000 11439
1512072040000 11439
1512072040000 11440
1512072040000 11440
1512072040000 11440
1512072040000 11440
1512072040000 11440
1512072040000 11440
1512072040000 11441
1512072040000 11441
1512072040000 11441
1512072040000 11441
1512072040000 11441
1512072040000 11441
1512072040000 11441
1512072040000 11442
1512072040000 11442
1512072040000 11442
1512072040000 11442
1512072040000 11442
1512072040000 11442
1512072040000 11443
1512072040000 11443
1512072040000 11443
1512072040000 11443
1512072040000 11443
1512072040000 11443
1512072040000 11444
1512072040000 11444
1512072040000 11444
1512072040000 11444
1512072040000 11444
1512072040000 11444
1512072040000 11444
1512072040000 11445
1512072040000 11445
1512072040000 11445
1512072040000 11445
1512072040000 11445
1512072040000 11445
1512072040000 11446
1512072040000 11446
1512072040000 11446
1512072040000 11446
1512072040000 11446
1512072040000 11446
1512072040000 11446
1512072040000 11447
1512072040000 11447
1512072040000 11447
1512072040000 11447
1512072040000 11447
1512072040000 11447
1512072040000 11448
1512072040000 11448
1512072040000 11448
1512072040000 11448
1512072040000 11448
1512072040000 11448
1512072040000 11448
1512072040000 11449
1512072040000 11449
1512072040000 11449
1512072040000 11449
1512072040000 11449
1512072040000 11449
1512072040000 11450
1512072040000 11450
1512072040000 11450
1512072040000 11450
1512072050000 11447
1512072050000 11447
1512072050000 11447
1512072050000 11447
1512072050000 11448
1512072050000 11448
1512072050000 11448
1512072050000 11448
1512072050000 11448
1512072050000 11448
1512072050000 11448
1512072050000 11449
1512072050000 11449
1512072050000 11449
1512072050000 11449
1512072050000 11449
1512072050000 11449
1512072050000 11450
1512072050000 11450
1512072050000 11450
1512072050000 11450
1512072050000 11450
1512072050000 11450
1512072050000 11451
1512072050000 11451
1512072050000 11451
1512072050000 11451
1512072050000 11451
1512072050000 11451
1512072050000 11452
1512072050000 11452
1512072050000 11452
1512072050000 11452
1512072050000 11452
1512072050000 11452
1512072050000 11453
1512072050000 11453
1512072050000 11453
1512072050000 11453
1512072050000 11453
1512072050000 11453
1512072050000 11453
1512072050000 11454
1512072050000 11454
1512072050000 11454
1512072050000 11454
1512072050000 11454
1512072050000 11454
1512072050000 11455
1512072050000 11455
1512072050000 11455
1512072050000 11455
1512072050000 11455
1512072050000 11455
1512072050000 11456
1512072050000 11456
1512072050000 11456
1512072050000 11456
1512072050000 11456
1512072050000 11456
1512072050000 11456
1512072050000 11457
1512072050000 11457
1512072050000 11457
1512072050000 11457
1512072050000 11457
1512072050000 11457
1512072050000 11458
1512072050000 11458
1512072050000 11458
1512072050000 11458
1512072050000 11458
1512072050000 11458
1512072050000 11459
1512072050000 11459
1512072050000 11459
1512072050000 11459
1512072050000 11459
1512072050000 11459
1512072050000 11459
1512072050000 11460
1512072050000 11460
1512072050000 11460
1512072050000 11460
1512072050000 11460
1512072050000 11460
1512072050000 11461
1512072050000 11461
1512072050000 11461
1512072050000 11461
1512072050000 11461
1512072050000 11461
1512072050000 11461
1512072050000 11462
1512072050000 11462
1512072050000 11462
1512072050000 11462
1512072050000 11462
1512072050000 11462
1512072050000 11463
1512072060000 11459
1512072060000 11459
1512072060000 11459
1512072060000 11459
1512072060000 11459
1512072060000 11459
1512072060000 11459
1512072060000 11460
1512072060000 11460
1512072060000 11460
1512072060000 11460
1512072060000 11460
1512072060000 11460
1512072060000 11460
1512072060000 11461
1512072060000 11461
1512072060000 11461
1512072060000 11461
1512072060000 11461
1512072060000 11461
1512072060000 11461
1512072060000 11462
1512072060000 11462
1512072060000 11462
1512072060000 11462
1512072060000 11462
1512072060000 11462
1512072060000 11462
1512072060000 11463
1512072060000 11463
1512072060000 11463
1512072060000 11463
1512072060000 11463
1512072060000 11463
1512072060000 11463
1512072060000 11464
1512072060000 11464
1512072060000 11464
1512072060000 11464
1512072060000 11464
1512072060000 11464
1512072060000 11465
1512072060000 11465
1512072060000 11465
1512072060000 11465
1512072060000 11465
1512072060000 11465
1512072060000 11465
1512072060000 11466
1512072060000 11466
1512072060000 11466
1512072060000 11466
1512072060000 11466
1512072060000 11466
1512072060000 11467
1512072060000 11467
1512072060000 11467
1512072060000 11467
1512072060000 11467
1512072060000 11467
1512072060000 11468
1512072060000 11468
1512072060000 11468
1512072060000 11468
1512072060000 11468
1512072060000 11468
1512072060000 11468
1512072060000 11469
1512072060000 11469
1512072060000 11469
1512072060000 11469
1512072060000 11469
1512072060000 11469
1512072060000 11470
1512072060000 11470
1512072060000 11470
1512072060000 11470
1512072060000 11470
1512072060000 11470
1512072060000 11470
1512072060000 11471
1512072060000 11471
1512072060000 11471
1512072060000 11471
1512072060000 11471
1512072060000 11471
1512072060000 11472
1512072060000 11472
1512072060000 11472
1512072060000 11472
1512072060000 11472
1512072060000 11472
1512072060000 11472
1512072060000 11473
1512072060000 11473
1512072060000 11473
1512072060000 11473
1512072060000 11473
1512072060000 11473
1512072060000 11474
1512072070000 11447
1512072070000 11448
1512072070000 11448
1512072070000 11448
1512072070000 11448
1512072070000 11448
1512072070000 11448
1512072070000 11449
1512072070000 11449
1512072070000 11449
1512072070000 11449
1512072070000 11449
1512072070000 11449
1512072070000 11449
1512072070000 11450
1512072070000 11450
1512072070000 11450
1512072070000 11450
1512072070000 11450
1512072070000 11451
1512072070000 11451
1512072070000 11451
1512072070000 11451
1512072070000 11451
1512072070000 11451
1512072070000 11451
1512072070000 11452
1512072070000 11452
1512072070000 11452
1512072070000 11452
1512072070000 11452
1512072070000 11452
1512072070000 11453
1512072070000 11453
1512072070000 11453
1512072070000 11453
1512072070000 11453
1512072070000 11453
1512072070000 11454
1512072070000 11454
1512072070000 11454
1512072070000 11454
1512072070000 11454
1512072070000 11454
1512072070000 11454
1512072070000 11455
1512072070000 11455
1512072070000 11455
1512072070000 11455
1512072070000 11455
1512072070000 11455
1512072070000 11456
1512072070000 11456
1512072070000 11456
1512072070000 11456
1512072070000 11456
1512072070000 11456
1512072070000 11456
1512072070000 11457
1512072070000 11457
1512072070000 11457
1512072070000 11457
1512072070000 11457
1512072070000 11457
1512072070000 11458
1512072070000 11458
1512072070000 11458
1512072070000 11458
1512072070000 11458
1512072070000 11458
1512072070000 11459
1512072070000 11459
1512072070000 11459
1512072070000 11459
1512072070000 11459
1512072070000 11459
1512072070000 11459
1512072070000 11460
1512072070000 11460
1512072070000 11460
1512072070000 11460
1512072070000 11460
1512072070000 11460
1512072070000 11461
1512072070000 11461
1512072070000 11461
1512072070000 11461
1512072070000 11461
1512072070000 11461
1512072070000 11462
1512072070000 11462
1512072070000 11462
1512072070000 11462
1512072070000 11462
1512072070000 11462
1512072070000 11462
1512072070000 11463
1512072070000 11463
1512072070000 11463
1512072070000 11463
1512072080000 11448
1512072080000 11448
1512072080000 11448
1512072080000 11448
1512072080000 11449
1512072080000 11449
1512072080000 11449
1512072080000 11449
1512072080000 11449
1512072080000 11449
1512072080000 11449
1512072080000 11450
1512072080000 11450
1512072080000 11450
1512072080000 11450
1512072080000 11450
1512072080000 11450
1512072080000 11450
1512072080000 11450
1512072080000 11451
1512072080000 11451
1512072080000 11451
1512072080000 11451
1512072080000 11451
1512072080000 11451
1512072080000 11451
1512072080000 11452
1512072080000 11452
1512072080000 11452
1512072080000 11452
1512072080000 11452
1512072080000 11452
1512072080000 11452
1512072080000 11452
1512072080000 11453
1512072080000 11453
1512072080000 11453
1512072080000 11453
1512072080000 11453
1512072080000 11453
1512072080000 11453
1512072080000 11454
1512072080000 11454
1512072080000 11454
1512072080000 11454
1512072080000 11454
1512072080000 11454
1512072080000 11454
1512072080000 11454
1512072080000 11455
1512072080000 11455
1512072080000 11455
1512072080000 11455
1512072080000 11455
1512072080000 11455
1512072080000 11455
1512072080000 11455
1512072080000 11456
1512072080000 11456
1512072080000 11456
1512072080000 11456
1512072080000 11456
1512072080000 11456
1512072080000 11456
1512072080000 11456
1512072080000 11457
1512072080000 11457
1512072080000 11457
1512072080000 11457
1512072080000 11457
1512072080000 11457
1512072080000 11457
1512072080000 11458
1512072080000 11458
1512072080000 11458
1512072080000 11458
1512072080000 11458
1512072080000 11458
1512072080000 11458
1512072080000 11459
1512072080000 11459
1512072080000 11459
1512072080000 11459
1512072080000 11459
1512072080000 11459
1512072080000 11459
1512072080000 11459
1512072080000 11460
1512072080000 11460
1512072080000 11460
1512072080000 11460
1512072080000 11460
1512072080000 11460
1512072080000 11460
1512072080000 11461
1512072080000 11461
1512072080000 11461
1512072080000 11461
1512072080000 11461
1512072080000 11461
1512072090000 11449
1512072090000 11449
1512072090000 11450
1512072090000 11450
1512072090000 11450
1512072090000 11450
1512072090000 11450
1512072090000 11450
1512072090000 11451
1512072090000 11451
1512072090000 11451
1512072090000 11451
1512072090000 11451
1512072090000 11451
1512072090000 11452
1512072090000 11452
1512072090000 11452
1512072090000 11452
1512072090000 11452
1512072090000 11453
1512072090000 11453
1512072090000 11453
1512072090000 11453
1512072090000 11453
1512072090000 11454
1512072090000 11454
1512072090000 11454
1512072090000 11454
1512072090000 11454
1512072090000 11455
1512072090000 11455
1512072090000 11455
1512072090000 11455
1512072090000 11456
1512072090000 11456
1512072090000 11456
1512072090000 11456
1512072090000 11457
1512072090000 11457
1512072090000 11457
1512072090000 11457
1512072090000 11457
1512072090000 11457
1512072090000 11458
1512072090000 11458
1512072090000 11458
1512072090000 11458
1512072090000 11458
1512072090000 11459
1512072090000 11459
1512072090000 11459
1512072090000 11459
1512072090000 11459
1512072090000 11459
1512072090000 11460
1512072090000 11460
1512072090000 11460
1512072090000 11460
1512072090000 11460
1512072090000 11460
1512072090000 11461
1512072090000 11461
1512072090000 11461
1512072090000 11461
1512072090000 11461
1512072090000 11462
1512072090000 11462
1512072090000 11462
1512072090000 11462
1512072090000 11462
1512072090000 11463
1512072090000 11463
1512072090000 11463
1512072090000 11463
1512072090000 11464
1512072090000 11464
1512072090000 11464
1512072090000 11464
1512072090000 11464
1512072090000 11465
1512072090000 11465
1512072090000 11465
1512072090000 11465
1512072090000 11465
1512072090000 11466
1512072090000 11466
1512072090000 11466
1512072090000 11466
1512072090000 11466
1512072090000 11466
1512072090000 11466
1512072090000 11466
1512072090000 11467
1512072090000 11467
1512072090000 11467
1512072090000 11467
1512072090000 11467
1512072090000 11467
1512072090000 11467
1512072090000 11468
1512072100000 11464
1512072100000 11464
1512072100000 11464
1512072100000 11464
1512072100000 11464
1512072100000 11464
1512072100000 11464
1512072100000 11465
1512072100000 11465
1512072100000 11465
1512072100000 11465
1512072100000 11465
1512072100000 11465
1512072100000 11466
1512072100000 11466
1512072100000 11466
1512072100000 11466
1512072100000 11466
1512072100000 11466
1512072100000 11466
1512072100000 11467
1512072100000 11467
1512072100000 11467
1512072100000 11467
1512072100000 11467
1512072100000 11467
1512072100000 11468
1512072100000 11468
1512072100000 11468
1512072100000 11468
1512072100000 11468
1512072100000 11468
1512072100000 11469
1512072100000 11469
1512072100000 11469
1512072100000 11469
1512072100000 11469
1512072100000 11469
1512072100000 11469
1512072100000 11470
1512072100000 11470
1512072100000 11470
1512072100000 11470
1512072100000 11470
1512072100000 11471
1512072100000 11471
1512072100000 11471
1512072100000 11471
1512072100000 11471
1512072100000 11471
1512072100000 11471
1512072100000 11472
1512072100000 11472
1512072100000 11472
1512072100000 11472
1512072100000 11472
1512072100000 11472
1512072100000 11473
1512072100000 11473
1512072100000 11473
1512072100000 11473
1512072100000 11473
1512072100000 11473
1512072100000 11474
1512072100000 11474
1512072100000 11474
1512072100000 11474
1512072100000 11474
1512072100000 11474
1512072100000 11474
1512072100000 11475
1512072100000 11475
1512072100000 11475
1512072100000 11475
1512072100000 11475
1512072100000 11476
1512072100000 11476
1512072100000 11476
1512072100000 11476
1512072100000 11476
1512072100000 11476
1512072100000 11476
1512072100000 11477
1512072100000 11477
1512072100000 11477
1512072100000 11477
1512072100000 11477
1512072100000 11477
1512072100000 11478
1512072100000 11478
1512072100000 11478
1512072100000 11478
1512072100000 11478
1512072100000 11478
1512072100000 11478
1512072100000 11479
1512072100000 11479
1512072100000 11479
1512072100000 11479
1512072100000 11479
1512072110000 11442
1512072110000 11442
1512072110000 11442
1512072110000 11443
1512072110000 11443
1512072110000 11443
1512072110000 11443
1512072110000 11443
1512072110000 11443
1512072110000 11443
1512072110000 11444
1512072110000 11444
1512072110000 11444
1512072110000 11444
1512072110000 11444
1512072110000 11444
1512072110000 11444
1512072110000 11445
1512072110000 11445
1512072110000 11445
1512072110000 11445
1512072110000 11445
1512072110000 11445
1512072110000 11445
1512072110000 11446
1512072110000 11446
1512072110000 11446
1512072110000 11446
1512072110000 11446
1512072110000 11446
1512072110000 11446
1512072110000 11447
1512072110000 11447
1512072110000 11447
1512072110000 11447
1512072110000 11447
1512072110000 11447
1512072110000 11447
1512072110000 11448
1512072110000 11448
1512072110000 11448
1512072110000 11448
1512072110000 11448
1512072110000 11448
1512072110000 11448
1512072110000 11449
1512072110000 11449
1512072110000 11449
1512072110000 11449
1512072110000 11449
1512072110000 11449
1512072110000 11449
1512072110000 11450
1512072110000 11450
1512072110000 11450
1512072110000 11450
1512072110000 11450
1512072110000 11450
1512072110000 11450
1512072110000 11451
1512072110000 11451
1512072110000 11451
1512072110000 11451
1512072110000 11451
1512072110000 11451
1512072110000 11451
1512072110000 11452
1512072110000 11452
1512072110000 11452
1512072110000 11452
1512072110000 11452
1512072110000 11452
1512072110000 11452
1512072110000 11453
1512072110000 11453
1512072110000 11453
1512072110000 11453
1512072110000 11453
1512072110000 11453
1512072110000 11453
1512072110000 11454
1512072110000 11454
1512072110000 11454
1512072110000 11454
1512072110000 11454
1512072110000 11454
1512072110000 11454
1512072110000 11455
1512072110000 11455
1512072110000 11455
1512072110000 11455
1512072110000 11455
1512072110000 11455
1512072110000 11455
1512072110000 11456
1512072110000 11456
1512072110000 11456
1512072110000 11456
1512072110000 11456
1512072110000 11456
1512072120000 11442
1512072120000 11442
1512072120000 11443
1512072120000 11443
1512072120000 11443
1512072120000 11443
1512072120000 11443
1512072120000 11443
1512072120000 11443
1512072120000 11444
1512072120000 11444
1512072120000 11444
1512072120000 11444
1512072120000 11444
1512072120000 11444
1512072120000 11444
1512072120000 11445
1512072120000 11445
1512072120000 11445
1512072120000 11445
1512072120000 11445
1512072120000 11445
1512072120000 11445
1512072120000 11446
1512072120000 11446
1512072120000 11446
1512072120000 11446
1512072120000 11446
1512072120000 11446
1512072120000 11446
1512072120000 11447
1512072120000 11447
1512072120000 11447
1512072120000 11447
1512072120000 11447
1512072120000 11447
1512072120000 11448
1512072120000 11448
1512072120000 11448
1512072120000 11448
1512072120000 11448
1512072120000 11448
1512072120000 11448
1512072120000 11449
1512072120000 11449
1512072120000 11449
1512072120000 11449
1512072120000 11449
1512072120000 11449
1512072120000 11449
1512072120000 11450
1512072120000 11450
1512072120000 11450
1512072120000 11450
1512072120000 11450
1512072120000 11450
1512072120000 11450
1512072120000 11451
1512072120000 11451
1512072120000 11451
1512072120000 11451
1512072120000 11451
1512072120000 11451
1512072120000 11451
1512072120000 11452
1512072120000 11452
1512072120000 11452
1512072120000 11452
1512072120000 11452
1512072120000 11452
1512072120000 11452
1512072120000 11453
1512072120000 11453
1512072120000 11453
1512072120000 11453
1512072120000 11453
1512072120000 11453
1512072120000 11453
1512072120000 11454
1512072120000 11454
1512072120000 11454
1512072120000 11454
1512072120000 11454
1512072120000 11454
1512072120000 11455
1512072120000 11455
1512072120000 11455
1512072120000 11455
1512072120000 11455
1512072120000 11455
1512072120000 11455
1512072120000 11456
1512072120000 11456
1512072120000 11456
1512072120000 11456
1512072120000 11456
1512072120000 11456
1512072120000 11456
1512072120000 11457
1512072120000 11457
1512072130000 11445
1512072130000 11446
1512072130000 11446
1512072130000 11446
1512072130000 11446
1512072130000 11446
1512072130000 11447
1512072130000 11447
1512072130000 11447
1512072130000 11447
1512072130000 11448
1512072130000 11448
1512072130000 11448
1512072130000 11448
1512072130000 11448
1512072130000 11449
1512072130000 11449
1512072130000 11449
1512072130000 11449
1512072130000 11449
1512072130000 11450
1512072130000 11450
1512072130000 11450
1512072130000 11450
1512072130000 11450
1512072130000 11451
1512072130000 11451
1512072130000 11451
1512072130000 11451
1512072130000 11451
1512072130000 11452
1512072130000 11452
1512072130000 11452
1512072130000 11452
1512072130000 11452
1512072130000 11453
1512072130000 11453
1512072130000 11453
1512072130000 11453
1512072130000 11453
1512072130000 11453
1512072130000 11454
1512072130000 11454
1512072130000 11454
1512072130000 11454
1512072130000 11454
1512072130000 11454
1512072130000 11455
1512072130000 11455
1512072130000 11455
1512072130000 11455
1512072130000 11455
1512072130000 11455
1512072130000 11455
1512072130000 11456
1512072130000 11456
1512072130000 11456
1512072130000 11456
1512072130000 11456
1512072130000 11456
1512072130000 11457
1512072130000 11457
1512072130000 11457
1512072130000 11457
1512072130000 11457
1512072130000 11457
1512072130000 11457
1512072130000 11458
1512072130000 11458
1512072130000 11458
1512072130000 11458
1512072130000 11458
1512072130000 11458
1512072130000 11459
1512072130000 11459
1512072130000 11459
1512072130000 11459
1512072130000 11459
1512072130000 11459
1512072130000 11459
1512072130000 11460
1512072130000 11460
1512072130000 11460
1512072130000 11460
1512072130000 11460
1512072130000 11460
1512072130000 11461
1512072130000 11461
1512072130000 11461
1512072130000 11461
1512072130000 11461
1512072130000 11461
1512072130000 11461
1512072130000 11462
1512072130000 11462
1512072130000 11462
1512072130000 11462
1512072130000 11462
1512072130000 11462
1512072130000 11463
1512072140000 11635
1512072140000 11635
1512072140000 11635
1512072140000 11635
1512072140000 11635
1512072140000 11636
1512072140000 11636
1512072140000 11636
1512072140000 11636
1512072140000 11637
1512072140000 11637
1512072140000 11637
1512072140000 11637
1512072140000 11637
1512072140000 11638
1512072140000 11638
1512072140000 11638
1512072140000 11638
1512072140000 11638
1512072140000 11638
1512072140000 11638
1512072140000 11639
1512072140000 11639
1512072140000 11639
1512072140000 11639
1512072140000 11639
1512072140000 11639
1512072140000 11639
1512072140000 11640
1512072140000 11640
1512072140000 11640
1512072140000 11640
1512072140000 11640
1512072140000 11640
1512072140000 11640
1512072140000 11641
1512072140000 11641
1512072140000 11641
1512072140000 11641
1512072140000 11641
1512072140000 11641
1512072140000 11641
1512072140000 11642
1512072140000 11642
1512072140000 11642
1512072140000 11642
1512072140000 11642
1512072140000 11642
1512072140000 11643
1512072140000 11643
1512072140000 11643
1512072140000 11643
1512072140000 11643
1512072140000 11643
1512072140000 11643
1512072140000 11644
1512072140000 11644
1512072140000 11644
1512072140000 11644
1512072140000 11644
1512072140000 11644
1512072140000 11644
1512072140000 11645
1512072140000 11645
1512072140000 11645
1512072140000 11645
1512072140000 11645
1512072140000 11645
1512072140000 11645
1512072140000 11646
1512072140000 11646
1512072140000 11646
1512072140000 11646
1512072140000 11646
1512072140000 11646
1512072140000 11646
1512072140000 11647
1512072140000 11647
1512072140000 11647
1512072140000 11647
1512072140000 11647
1512072140000 11647
1512072140000 11647
1512072140000 11648
1512072140000 11648
1512072140000 11648
1512072140000 11648
1512072140000 11648
1512072140000 11648
1512072140000 11648
1512072140000 11649
1512072140000 11649
1512072140000 11649
1512072140000 11649
1512072140000 11649
1512072140000 11649
1512072140000 11650
1512072140000 11650
1512072140000 11650
1512072140000 11650
1512072150000 11437
1512072150000 11437
1512072150000 11437
1512072150000 11437
1512072150000 11437
1512072150000 11437
1512072150000 11438
1512072150000 11438
1512072150000 11438
1512072150000 11438
1512072150000 11438
1512072150000 11438
1512072150000 11439
1512072150000 11439
1512072150000 11439
1512072150000 11439
1512072150000 11439
1512072150000 11439
1512072150000 11439
1512072150000 11440
1512072150000 11440
1512072150000 11440
1512072150000 11440
1512072150000 11440
1512072150000 11440
1512072150000 11441
1512072150000 11441
1512072150000 11441
1512072150000 11441
1512072150000 11441
1512072150000 11441
1512072150000 11442
1512072150000 11442
1512072150000 11442
1512072150000 11442
1512072150000 11442
1512072150000 11442
1512072150000 11442
1512072150000 11443
1512072150000 11443
1512072150000 11443
1512072150000 11443
1512072150000 11443
1512072150000 11443
1512072150000 11444
1512072150000 11444
1512072150000 11444
1512072150000 11444
1512072150000 11444
1512072150000 11444
1512072150000 11444
1512072150000 11445
1512072150000 11445
1512072150000 11445
1512072150000 11445
1512072150000 11445
1512072150000 11445
1512072150000 11446
1512072150000 11446
1512072150000 11446
1512072150000 11446
1512072150000 11446
1512072150000 11446
1512072150000 11447
1512072150000 11447
1512072150000 11447
1512072150000 11447
1512072150000 11447
1512072150000 11447
1512072150000 11447
1512072150000 11448
1512072150000 11448
1512072150000 11448
1512072150000 11448
1512072150000 11448
1512072150000 11448
1512072150000 11449
1512072150000 11449
1512072150000 11449
1512072150000 11449
1512072150000 11449
1512072150000 11449
1512072150000 11450
1512072150000 11450
1512072150000 11450
1512072150000 11450
1512072150000 11450
1512072150000 11450
1512072150000 11450
1512072150000 11451
1512072150000 11451
1512072150000 11451
1512072150000 11451
1512072150000 11451
1512072150000 11451
1512072150000 11452
1512072150000 11452
1512072150000 11452
1512072150000 11452
1512072150000 11452
1512072160000 11439
1512072160000 11439
1512072160000 11439
1512072160000 11439
1512072160000 11440
1512072160000 11440
1512072160000 11440
1512072160000 11440
1512072160000 11440
1512072160000 11440
1512072160000 11440
1512072160000 11441
1512072160000 11441
1512072160000 11441
1512072160000 11441
1512072160000 11441
1512072160000 11441
1512072160000 11441
1512072160000 11442
1512072160000 11442
1512072160000 11442
1512072160000 11442
1512072160000 11442
1512072160000 11442
1512072160000 11442
1512072160000 11443
1512072160000 11443
1512072160000 11443
1512072160000 11443
1512072160000 11443
1512072160000 11443
1512072160000 11443
1512072160000 11444
1512072160000 11444
1512072160000 11444
1512072160000 11444
1512072160000 11444
1512072160000 11444
1512072160000 11445
1512072160000 11445
1512072160000 11445
1512072160000 11445
1512072160000 11445
1512072160000 11445
1512072160000 11445
1512072160000 11446
1512072160000 11446
1512072160000 11446
1512072160000 11446
1512072160000 11446
1512072160000 11446
1512072160000 11447
1512072160000 11447
1512072160000 11447
1512072160000 11447
1512072160000 11447
1512072160000 11447
1512072160000 11447
1512072160000 11448
1512072160000 11448
1512072160000 11448
1512072160000 11448
1512072160000 11448
1512072160000 11448
1512072160000 11448
1512072160000 11449
1512072160000 11449
1512072160000 11449
1512072160000 11449
1512072160000 11449
1512072160000 11449
1512072160000 11449
1512072160000 11450
1512072160000 11450
1512072160000 11450
1512072160000 11450
1512072160000 11450
1512072160000 11450
1512072160000 11451
1512072160000 11451
1512072160000 11451
1512072160000 11451
1512072160000 11451
1512072160000 11451
1512072160000 11451
1512072160000 11452
1512072160000 11452
1512072160000 11452
1512072160000 11452
1512072160000 11452
1512072160000 11452
1512072160000 11452
1512072160000 11453
1512072160000 11453
1512072160000 11453
1512072160000 11453
1512072160000 11453
1512072160000 11453
1512072160000 11454
1512072160000 11454
1512072170000 11444
1512072170000 11444
1512072170000 11445
1512072170000 11445
1512072170000 11445
1512072170000 11445
1512072170000 11445
1512072170000 11445
1512072170000 11445
1512072170000 11446
1512072170000 11446
1512072170000 11446
1512072170000 11446
1512072170000 11446
1512072170000 11446
1512072170000 11446
1512072170000 11447
1512072170000 11447
1512072170000 11447
1512072170000 11447
1512072170000 11447
1512072170000 11447
1512072170000 11447
1512072170000 11448
1512072170000 11448
1512072170000 11448
1512072170000 11448
1512072170000 11448
1512072170000 11448
1512072170000 11448
1512072170000 11448
1512072170000 11449
1512072170000 11449
1512072170000 11449
1512072170000 11449
1512072170000 11449
1512072170000 11449
1512072170000 11450
1512072170000 11450
1512072170000 11450
1512072170000 11450
1512072170000 11450
1512072170000 11450
1512072170000 11450
1512072170000 11451
1512072170000 11451
1512072170000 11451
1512072170000 11451
1512072170000 11451
1512072170000 11451
1512072170000 11451
1512072170000 11452
1512072170000 11452
1512072170000 11452
1512072170000 11452
1512072170000 11452
1512072170000 11452
1512072170000 11452
1512072170000 11452
1512072170000 11453
1512072170000 11453
1512072170000 11453
1512072170000 11453
1512072170000 11453
1512072170000 11453
1512072170000 11453
1512072170000 11454
1512072170000 11454
1512072170000 11454
1512072170000 11454
1512072170000 11454
1512072170000 11454
1512072170000 11454
1512072170000 11455
1512072170000 11455
1512072170000 11455
1512072170000 11455
1512072170000 11455
1512072170000 11455
1512072170000 11455
1512072170000 11456
1512072170000 11456
1512072170000 11456
1512072170000 11456
1512072170000 11456
1512072170000 11456
1512072170000 11456
1512072170000 11457
1512072170000 11457
1512072170000 11457
1512072170000 11457
1512072170000 11457
1512072170000 11457
1512072170000 11457
1512072170000 11458
1512072170000 11458
1512072170000 11458
1512072170000 11458
1512072170000 11458
1512072170000 11458
1512072180000 11448
1512072180000 11448
1512072180000 11448
1512072180000 11448
1512072180000 11448
1512072180000 11448
1512072180000 11448
1512072180000 11449
1512072180000 11449
1512072180000 11449
1512072180000 11449
1512072180000 11449
1512072180000 11449
1512072180000 11449
1512072180000 11450
1512072180000 11450
1512072180000 11450
1512072180000 11450
1512072180000 11450
1512072180000 11450
1512072180000 11450
1512072180000 11451
1512072180000 11451
1512072180000 11451
1512072180000 11451
1512072180000 11451
1512072180000 11451
1512072180000 11451
1512072180000 11451
1512072180000 11452
1512072180000 11452
1512072180000 11452
1512072180000 11452
1512072180000 11452
1512072180000 11452
1512072180000 11452
1512072180000 11453
1512072180000 11453
1512072180000 11453
1512072180000 11453
1512072180000 11453
1512072180000 11453
1512072180000 11453
1512072180000 11454
1512072180000 11454
1512072180000 11454
1512072180000 11454
1512072180000 11454
1512072180000 11454
1512072180000 11454
1512072180000 11455
1512072180000 11455
1512072180000 11455
1512072180000 11455
1512072180000 11455
1512072180000 11455
1512072180000 11455
1512072180000 11456
1512072180000 11456
1512072180000 11456
1512072180000 11456
1512072180000 11456
1512072180000 11456
1512072180000 11456
1512072180000 11456
1512072180000 11457
1512072180000 11457
1512072180000 11457
1512072180000 11457
1512072180000 11457
1512072180000 11457
1512072180000 11458
1512072180000 11458
1512072180000 11458
1512072180000 11458
1512072180000 11458
1512072180000 11458
1512072180000 11459
1512072180000 11459
1512072180000 11459
1512072180000 11459
1512072180000 11459
1512072180000 11459
1512072180000 11459
1512072180000 11460
1512072180000 11460
1512072180000 11460
1512072180000 11460
1512072180000 11460
1512072180000 11460
1512072180000 11461
1512072180000 11461
1512072180000 11461
1512072180000 11461
1512072180000 11461
1512072180000 11461
1512072180000 11461
1512072180000 11462
1512072180000 11462
1512072180000 11462
1512072190000 11455
1512072190000 11455
1512072190000 11455
1512072190000 11456
1512072190000 11456
1512072190000 11456
1512072190000 11456
1512072190000 11457
1512072190000 11457
1512072190000 11457
1512072190000 11457
1512072190000 11457
1512072190000 11458
1512072190000 11458
1512072190000 11458
1512072190000 11458
1512072190000 11458
1512072190000 11459
1512072190000 11459
1512072190000 11459
1512072190000 11459
1512072190000 11460
1512072190000 11460
1512072190000 11460
1512072190000 11460
1512072190000 11460
1512072190000 11460
1512072190000 11461
1512072190000 11461
1512072190000 11461
1512072190000 11461
1512072190000 11461
1512072190000 11461
1512072190000 11462
1512072190000 11462
1512072190000 11462
1512072190000 11462
1512072190000 11462
1512072190000 11462
1512072190000 11462
1512072190000 11463
1512072190000 11463
1512072190000 11463
1512072190000 11463
1512072190000 11463
1512072190000 11463
1512072190000 11464
1512072190000 11464
1512072190000 11464
1512072190000 11464
1512072190000 11464
1512072190000 11464
1512072190000 11465
1512072190000 11465
1512072190000 11465
1512072190000 11465
1512072190000 11465
1512072190000 11465
1512072190000 11465
1512072190000 11466
1512072190000 11466
1512072190000 11466
1512072190000 11466
1512072190000 11466
1512072190000 11466
1512072190000 11467
1512072190000 11467
1512072190000 11467
1512072190000 11467
1512072190000 11467
1512072190000 11467
1512072190000 11468
1512072190000 11468
1512072190000 11468
1512072190000 11468
1512072190000 11468
1512072190000 11468
1512072190000 11468
1512072190000 11469
1512072190000 11469
1512072190000 11469
1512072190000 11469
1512072190000 11469
1512072190000 11469
1512072190000 11470
1512072190000 11470
1512072190000 11470
1512072190000 11470
1512072190000 11470
1512072190000 11470
1512072190000 11470
1512072190000 11471
1512072190000 11471
1512072190000 11471
1512072190000 11471
1512072190000 11471
1512072190000 11471
1512072190000 11472
1512072190000 11472
1512072190000 11472
1512072200000 11441
1512072200000 11441
1512072200000 11441
1512072200000 11441
1512072200000 11441
1512072200000 11441
1512072200000 11442
1512072200000 11442
1512072200000 11442
1512072200000 11442
1512072200000 11442
1512072200000 11442
1512072200000 11442
1512072200000 11443
1512072200000 11443
1512072200000 11443
1512072200000 11443
1512072200000 11443
1512072200000 11443
1512072200000 11444
1512072200000 11444
1512072200000 11444
1512072200000 11444
1512072200000 11444
1512072200000 11444
1512072200000 11444
1512072200000 11445
1512072200000 11445
1512072200000 11445
1512072200000 11445
1512072200000 11445
1512072200000 11445
1512072200000 11446
1512072200000 11446
1512072200000 11446
1512072200000 11446
1512072200000 11446
1512072200000 11446
1512072200000 11446
1512072200000 11447
1512072200000 11447
1512072200000 11447
1512072200000 11447
1512072200000 11447
1512072200000 11447
1512072200000 11447
1512072200000 11448
1512072200000 11448
1512072200000 11448
1512072200000 11448
1512072200000 11448
1512072200000 11448
1512072200000 11449
1512072200000 11449
1512072200000 11449
1512072200000 11449
1512072200000 11449
1512072200000 11449
1512072200000 11450
1512072200000 11450
1512072200000 11450
1512072200000 11450
1512072200000 11450
1512072200000 11450
1512072200000 11450
1512072200000 11451
1512072200000 11451
1512072200000 11451
1512072200000 11451
1512072200000 11451
1512072200000 11451
1512072200000 11452
1512072200000 11452
1512072200000 11452
1512072200000 11452
1512072200000 11452
1512072200000 11452
1512072200000 11452
1512072200000 11453
1512072200000 11453
1512072200000 11453
1512072200000 11453
1512072200000 11453
1512072200000 11454
1512072200000 11454
1512072200000 11454
1512072200000 11454
1512072200000 11454
1512072200000 11454
1512072200000 11454
1512072200000 11455
1512072200000 11455
1512072200000 11455
1512072200000 11455
1512072200000 11455
1512072200000 11455
1512072200000 11456
1512072200000 11456
1512072200000 11456
1512072200000 11456
1512072210000 11445
1512072210000 11445
1512072210000 11445
1512072210000 11445
1512072210000 11446
1512072210000 11446
1512072210000 11446
1512072210000 11446
1512072210000 11446
1512072210000 11446
1512072210000 11446
1512072210000 11447
1512072210000 11447
1512072210000 11447
1512072210000 11447
1512072210000 11447
1512072210000 11447
1512072210000 11447
1512072210000 11448
1512072210000 11448
1512072210000 11448
1512072210000 11448
1512072210000 11448
1512072210000 11448
1512072210000 11448
1512072210000 11449
1512072210000 11449
1512072210000 11449
1512072210000 11449
1512072210000 11449
1512072210000 11449
1512072210000 11450
1512072210000 11450
1512072210000 11450
1512072210000 11450
1512072210000 11450
1512072210000 11450
1512072210000 11450
1512072210000 11451
1512072210000 11451
1512072210000 11451
1512072210000 11451
1512072210000 11451
1512072210000 11451
1512072210000 11451
1512072210000 11452
1512072210000 11452
1512072210000 11452
1512072210000 11452
1512072210000 11452
1512072210000 11452
1512072210000 11452
1512072210000 11453
1512072210000 11453
1512072210000 11453
1512072210000 11453
1512072210000 11453
1512072210000 11453
1512072210000 11454
1512072210000 11454
1512072210000 11454
1512072210000 11454
1512072210000 11454
1512072210000 11454
1512072210000 11454
1512072210000 11455
1512072210000 11455
1512072210000 11455
1512072210000 11455
1512072210000 11455
1512072210000 11455
1512072210000 11455
1512072210000 11456
1512072210000 11456
1512072210000 11456
1512072210000 11456
1512072210000 11456
1512072210000 11456
1512072210000 11456
1512072210000 11457
1512072210000 11457
1512072210000 11457
1512072210000 11457
1512072210000 11457
1512072210000 11457
1512072210000 11458
1512072210000 11458
1512072210000 11458
1512072210000 11458
1512072210000 11458
1512072210000 11458
1512072210000 11459
1512072210000 11459
1512072210000 11459
1512072210000 11459
1512072210000 11459
1512072210000 11459
1512072210000 11459
1512072210000 11460
1512072210000 11460
1512072220000 11437
1512072220000 11437
1512072220000 11438
1512072220000 11438
1512072220000 11438
1512072220000 11438
1512072220000 11438
1512072220000 11438
1512072220000 11438
1512072220000 11439
1512072220000 11439
1512072220000 11439
1512072220000 11439
1512072220000 11439
1512072220000 11439
1512072220000 11439
1512072220000 11440
1512072220000 11440
1512072220000 11440
1512072220000 11440
1512072220000 11440
1512072220000 11440
1512072220000 11441
1512072220000 11441
1512072220000 11441
1512072220000 11441
1512072220000 11441
1512072220000 11441
1512072220000 11441
1512072220000 11442
1512072220000 11442
1512072220000 11442
1512072220000 11442
1512072220000 11442
1512072220000 11442
1512072220000 11442
1512072220000 11443
1512072220000 11443
1512072220000 11443
1512072220000 11443
1512072220000 11443
1512072220000 11443
1512072220000 11443
1512072220000 11444
1512072220000 11444
1512072220000 11444
1512072220000 11444
1512072220000 11444
1512072220000 11444
1512072220000 11444
1512072220000 11445
1512072220000 11445
1512072220000 11445
1512072220000 11445
1512072220000 11445
1512072220000 11445
1512072220000 11446
1512072220000 11446
1512072220000 11446
1512072220000 11446
1512072220000 11446
1512072220000 11446
1512072220000 11446
1512072220000 11447
1512072220000 11447
1512072220000 11447
1512072220000 11447
1512072220000 11447
1512072220000 11447
1512072220000 11448
1512072220000 11448
1512072220000 11448
1512072220000 11448
1512072220000 11448
1512072220000 11448
1512072220000 11448
1512072220000 11449
1512072220000 11449
1512072220000 11449
1512072220000 11449
1512072220000 11449
1512072220000 11449
1512072220000 11450
1512072220000 11450
1512072220000 11450
1512072220000 11450
1512072220000 11450
1512072220000 11450
1512072220000 11450
1512072220000 11451
1512072220000 11451
1512072220000 11451
1512072220000 11451
1512072220000 11451
1512072220000 11451
1512072220000 11451
1512072220000 11452
1512072220000 11452
1512072220000 11452
1512072220000 11452
1512072230000 11442
1512072230000 11443
1512072230000 11443
1512072230000 11443
1512072230000 11443
1512072230000 11443
1512072230000 11443
1512072230000 11443
1512072230000 11444
1512072230000 11444
1512072230000 11444
1512072230000 11444
1512072230000 11444
1512072230000 11444
1512072230000 11445
1512072230000 11445
1512072230000 11445
1512072230000 11445
1512072230000 11445
1512072230000 11445
1512072230000 11445
1512072230000 11446
1512072230000 11446
1512072230000 11446
1512072230000 11446
1512072230000 11446
1512072230000 11446
1512072230000 11446
1512072230000 11447
1512072230000 11447
1512072230000 11447
1512072230000 11447
1512072230000 11447
1512072230000 11447
1512072230000 11447
1512072230000 11448
1512072230000 11448
1512072230000 11448
1512072230000 11448
1512072230000 11448
1512072230000 11448
1512072230000 11448
1512072230000 11449
1512072230000 11449
1512072230000 11449
1512072230000 11449
1512072230000 11449
1512072230000 11449
1512072230000 11450
1512072230000 11450
1512072230000 11450
1512072230000 11450
1512072230000 11450
1512072230000 11450
1512072230000 11450
1512072230000 11451
1512072230000 11451
1512072230000 11451
1512072230000 11451
1512072230000 11451
1512072230000 11451
1512072230000 11452
1512072230000 11452
1512072230000 11452
1512072230000 11452
1512072230000 11452
1512072230000 11452
1512072230000 11452
1512072230000 11453
1512072230000 11453
1512072230000 11453
1512072230000 11453
1512072230000 11453
1512072230000 11453
1512072230000 11454
1512072230000 11454
1512072230000 11454
1512072230000 11454
1512072230000 11454
1512072230000 11454
1512072230000 11454
1512072230000 11455
1512072230000 11455
1512072230000 11455
1512072230000 11455
1512072230000 11455
1512072230000 11455
1512072230000 11456
1512072230000 11456
1512072230000 11456
1512072230000 11456
1512072230000 11456
1512072230000 11456
1512072230000 11456
1512072230000 11457
1512072230000 11457
1512072230000 11457
1512072230000 11457
1512072230000 11457
1512072230000 11457
1512072240000 11467
1512072240000 11467
1512072240000 11467
1512072240000 11467
1512072240000 11468
1512072240000 11468
1512072240000 11468
1512072240000 11468
1512072240000 11468
1512072240000 11468
1512072240000 11468
1512072240000 11469
1512072240000 11469
1512072240000 11469
1512072240000 11469
1512072240000 11469
1512072240000 11470
1512072240000 11470
1512072240000 11470
1512072240000 11470
1512072240000 11470
1512072240000 11470
1512072240000 11470
1512072240000 11471
1512072240000 11471
1512072240000 11471
1512072240000 11471
1512072240000 11471
1512072240000 11471
1512072240000 11472
1512072240000 11472
1512072240000 11472
1512072240000 11472
1512072240000 11472
1512072240000 11472
1512072240000 11473
1512072240000 11473
1512072240000 11473
1512072240000 11473
1512072240000 11473
1512072240000 11473
1512072240000 11473
1512072240000 11474
1512072240000 11474
1512072240000 11474
1512072240000 11474
1512072240000 11474
1512072240000 11474
1512072240000 11475
1512072240000 11475
1512072240000 11475
1512072240000 11475
1512072240000 11475
1512072240000 11475
1512072240000 11475
1512072240000 11476
1512072240000 11476
1512072240000 11476
1512072240000 11476
1512072240000 11476
1512072240000 11476
1512072240000 11477
1512072240000 11477
1512072240000 11477
1512072240000 11477
1512072240000 11477
1512072240000 11478
1512072240000 11478
1512072240000 11478
1512072240000 11478
1512072240000 11478
1512072240000 11479
1512072240000 11479
1512072240000 11479
1512072240000 11479
1512072240000 11479
1512072240000 11480
1512072240000 11480
1512072240000 11480
1512072240000 11480
1512072240000 11480
1512072240000 11481
1512072240000 11481
1512072240000 11481
1512072240000 11481
1512072240000 11481
1512072240000 11482
1512072240000 11482
1512072240000 11482
1512072240000 11482
1512072240000 11482
1512072240000 11483
1512072240000 11483
1512072240000 11483
1512072240000 11483
1512072240000 11483
1512072240000 11484
1512072240000 11484
1512072240000 11484
1512072240000 11484
1512072250000 11447
1512072250000 11447
1512072250000 11447
1512072250000 11447
1512072250000 11447
1512072250000 11448
1512072250000 11448
1512072250000 11448
1512072250000 11448
1512072250000 11448
1512072250000 11448
1512072250000 11448
1512072250000 11449
1512072250000 11449
1512072250000 11449
1512072250000 11449
1512072250000 11449
1512072250000 11450
1512072250000 11450
1512072250000 11450
1512072250000 11450
1512072250000 11450
1512072250000 11450
1512072250000 11451
1512072250000 11451
1512072250000 11451
1512072250000 11451
1512072250000 11451
1512072250000 11451
1512072250000 11451
1512072250000 11452
1512072250000 11452
1512072250000 11452
1512072250000 11452
1512072250000 11452
1512072250000 11452
1512072250000 11453
1512072250000 11453
1512072250000 11453
1512072250000 11453
1512072250000 11453
1512072250000 11453
1512072250000 11454
1512072250000 11454
1512072250000 11454
1512072250000 11454
1512072250000 11454
1512072250000 11454
1512072250000 11454
1512072250000 11455
1512072250000 11455
1512072250000 11455
1512072250000 11455
1512072250000 11455
1512072250000 11455
1512072250000 11456
1512072250000 11456
1512072250000 11456
1512072250000 11456
1512072250000 11456
1512072250000 11456
1512072250000 11457
1512072250000 11457
1512072250000 11457
1512072250000 11457
1512072250000 11457
1512072250000 11457
1512072250000 11457
1512072250000 11458
1512072250000 11458
1512072250000 11458
1512072250000 11458
1512072250000 11458
1512072250000 11459
1512072250000 11459
1512072250000 11459
1512072250000 11459
1512072250000 11459
1512072250000 11459
1512072250000 11459
1512072250000 11460
1512072250000 11460
1512072250000 11460
1512072250000 11460
1512072250000 11460
1512072250000 11460
1512072250000 11461
1512072250000 11461
1512072250000 11461
1512072250000 11461
1512072250000 11461
1512072250000 11461
1512072250000 11462
1512072250000 11462
1512072250000 11462
1512072250000 11462
1512072250000 11462
1512072250000 11462
1512072250000 11462
1512072250000 11463
1512072260000 11450
1512072260000 11451
1512072260000 11451
1512072260000 11451
1512072260000 11451
1512072260000 11451
1512072260000 11451
1512072260000 11451
1512072260000 11452
1512072260000 11452
1512072260000 11452
1512072260000 11452
1512072260000 11452
1512072260000 11452
1512072260000 11453
1512072260000 11453
1512072260000 11453
1512072260000 11453
1512072260000 11453
1512072260000 11453
1512072260000 11454
1512072260000 11454
1512072260000 11454
1512072260000 11454
1512072260000 11454
1512072260000 11454
1512072260000 11454
1512072260000 11455
1512072260000 11455
1512072260000 11455
1512072260000 11455
1512072260000 11455
1512072260000 11455
1512072260000 11456
1512072260000 11456
1512072260000 11456
1512072260000 11456
1512072260000 11456
1512072260000 11456
1512072260000 11457
1512072260000 11457
1512072260000 11457
1512072260000 11457
1512072260000 11457
1512072260000 11457
1512072260000 11457
1512072260000 11458
1512072260000 11458
1512072260000 11458
1512072260000 11458
1512072260000 11458
1512072260000 11458
1512072260000 11458
1512072260000 11459
1512072260000 11459
1512072260000 11459
1512072260000 11459
1512072260000 11459
1512072260000 11459
1512072260000 11459
1512072260000 11460
1512072260000 11460
1512072260000 11460
1512072260000 11460
1512072260000 11460
1512072260000 11460
1512072260000 11461
1512072260000 11461
1512072260000 11461
1512072260000 11461
1512072260000 11461
1512072260000 11461
1512072260000 11461
1512072260000 11462
1512072260000 11462
1512072260000 11462
1512072260000 11462
1512072260000 11462
1512072260000 11462
1512072260000 11462
1512072260000 11463
1512072260000 11463
1512072260000 11463
1512072260000 11463
1512072260000 11463
1512072260000 11463
1512072260000 11463
1512072260000 11464
1512072260000 11464
1512072260000 11464
1512072260000 11464
1512072260000 11464
1512072260000 11464
1512072260000 11464
1512072260000 11465
1512072260000 11465
1512072260000 11465
1512072260000 11465
1512072260000 11465
1512072260000 11465
1512072270000 11440
1512072270000 11441
1512072270000 11441
1512072270000 11441
1512072270000 11441
1512072270000 11441
1512072270000 11442
1512072270000 11442
1512072270000 11442
1512072270000 11442
1512072270000 11442
1512072270000 11442
1512072270000 11443
1512072270000 11443
1512072270000 11443
1512072270000 11443
1512072270000 11443
1512072270000 11443
1512072270000 11443
1512072270000 11443
1512072270000 11444
1512072270000 11444
1512072270000 11444
1512072270000 11444
1512072270000 11444
1512072270000 11444
1512072270000 11444
1512072270000 11445
1512072270000 11445
1512072270000 11445
1512072270000 11445
1512072270000 11445
1512072270000 11445
1512072270000 11445
1512072270000 11446
1512072270000 11446
1512072270000 11446
1512072270000 11446
1512072270000 11446
1512072270000 11446
1512072270000 11446
1512072270000 11446
1512072270000 11447
1512072270000 11447
1512072270000 11447
1512072270000 11447
1512072270000 11447
1512072270000 11447
1512072270000 11447
1512072270000 11448
1512072270000 11448
1512072270000 11448
1512072270000 11448
1512072270000 11448
1512072270000 11448
1512072270000 11448
1512072270000 11448
1512072270000 11449
1512072270000 11449
1512072270000 11449
1512072270000 11449
1512072270000 11449
1512072270000 11449
1512072270000 11449
1512072270000 11450
1512072270000 11450
1512072270000 11450
1512072270000 11450
1512072270000 11450
1512072270000 11450
1512072270000 11450
1512072270000 11451
1512072270000 11451
1512072270000 11451
1512072270000 11451
1512072270000 11451
1512072270000 11451
1512072270000 11451
1512072270000 11451
1512072270000 11452
1512072270000 11452
1512072270000 11452
1512072270000 11452
1512072270000 11452
1512072270000 11452
1512072270000 11452
1512072270000 11453
1512072270000 11453
1512072270000 11453
1512072270000 11453
1512072270000 11453
1512072270000 11453
1512072270000 11454
1512072270000 11454
1512072270000 11454
1512072270000 11454
1512072270000 11454
1512072270000 11454
1512072270000 11455
1512072270000 11455
1512072280000 11452
1512072280000 11452
1512072280000 11453
1512072280000 11453
1512072280000 11453
1512072280000 11453
1512072280000 11453
1512072280000 11453
1512072280000 11454
1512072280000 11454
1512072280000 11454
1512072280000 11454
1512072280000 11454
1512072280000 11454
1512072280000 11454
1512072280000 11455
1512072280000 11455
1512072280000 11455
1512072280000 11455
1512072280000 11455
1512072280000 11455
1512072280000 11456
1512072280000 11456
1512072280000 11456
1512072280000 11456
1512072280000 11456
1512072280000 11456
1512072280000 11456
1512072280000 11457
1512072280000 11457
1512072280000 11457
1512072280000 11457
1512072280000 11457
1512072280000 11457
1512072280000 11458
1512072280000 11458
1512072280000 11458
1512072280000 11458
1512072280000 11458
1512072280000 11458
1512072280000 11458
1512072280000 11459
1512072280000 11459
1512072280000 11459
1512072280000 11459
1512072280000 11459
1512072280000 11459
1512072280000 11460
1512072280000 11460
1512072280000 11460
1512072280000 11460
1512072280000 11460
1512072280000 11460
1512072280000 11460
1512072280000 11461
1512072280000 11461
1512072280000 11461
1512072280000 11461
1512072280000 11461
1512072280000 11461
1512072280000 11462
1512072280000 11462
1512072280000 11462
1512072280000 11462
1512072280000 11462
1512072280000 11462
1512072280000 11462
1512072280000 11463
1512072280000 11463
1512072280000 11463
1512072280000 11463
1512072280000 11463
1512072280000 11463
1512072280000 11464
1512072280000 11464
1512072280000 11464
1512072280000 11464
1512072280000 11464
1512072280000 11464
1512072280000 11464
1512072280000 11465
1512072280000 11465
1512072280000 11465
1512072280000 11465
1512072280000 11465
1512072280000 11465
1512072280000 11465
1512072280000 11466
1512072280000 11466
1512072280000 11466
1512072280000 11466
1512072280000 11466
1512072280000 11466
1512072280000 11466
1512072280000 11467
1512072280000 11467
1512072280000 11467
1512072280000 11467
1512072280000 11467
1512072280000 11467
1512072290000 11439
1512072290000 11439
1512072290000 11440
1512072290000 11440
1512072290000 11440
1512072290000 11440
1512072290000 11440
1512072290000 11440
1512072290000 11441
1512072290000 11441
1512072290000 11441
1512072290000 11441
1512072290000 11441
1512072290000 11441
1512072290000 11441
1512072290000 11442
1512072290000 11442
1512072290000 11442
1512072290000 11442
1512072290000 11442
1512072290000 11442
1512072290000 11443
1512072290000 11443
1512072290000 11443
1512072290000 11443
1512072290000 11443
1512072290000 11443
1512072290000 11443
1512072290000 11444
1512072290000 11444
1512072290000 11444
1512072290000 11444
1512072290000 11444
1512072290000 11444
1512072290000 11445
1512072290000 11445
1512072290000 11445
1512072290000 11445
1512072290000 11445
1512072290000 11445
1512072290000 11445
1512072290000 11446
1512072290000 11446
1512072290000 11446
1512072290000 11446
1512072290000 11446
1512072290000 11446
1512072290000 11447
1512072290000 11447
1512072290000 11447
1512072290000 11447
1512072290000 11447
1512072290000 11447
1512072290000 11448
1512072290000 11448
1512072290000 11448
1512072290000 11448
1512072290000 11448
1512072290000 11448
1512072290000 11448
1512072290000 11449
1512072290000 11449
1512072290000 11449
1512072290000 11449
1512072290000 11449
1512072290000 11449
1512072290000 11450
1512072290000 11450
1512072290000 11450
1512072290000 11450
1512072290000 11450
1512072290000 11450
1512072290000 11451
1512072290000 11451
1512072290000 11451
1512072290000 11451
1512072290000 11451
1512072290000 11451
1512072290000 11451
1512072290000 11452
1512072290000 11452
1512072290000 11452
1512072290000 11452
1512072290000 11452
1512072290000 11452
1512072290000 11453
1512072290000 11453
1512072290000 11453
1512072290000 11453
1512072290000 11453
1512072290000 11453
1512072290000 11454
1512072290000 11454
1512072290000 11454
1512072290000 11454
1512072290000 11454
1512072290000 11454
1512072290000 11455
1512072290000 11455
1512072290000 11455
1512072300000 11445
1512072300000 11445
1512072300000 11445
1512072300000 11445
1512072300000 11445
1512072300000 11446
1512072300000 11446
1512072300000 11446
1512072300000 11446
1512072300000 11446
1512072300000 11446
1512072300000 11447
1512072300000 11447
1512072300000 11447
1512072300000 11447
1512072300000 11447
1512072300000 11447
1512072300000 11447
1512072300000 11448
1512072300000 11448
1512072300000 11448
1512072300000 11448
1512072300000 11448
1512072300000 11448
1512072300000 11449
1512072300000 11449
1512072300000 11449
1512072300000 11449
1512072300000 11449
1512072300000 11449
1512072300000 11449
1512072300000 11450
1512072300000 11450
1512072300000 11450
1512072300000 11450
1512072300000 11450
1512072300000 11450
1512072300000 11451
1512072300000 11451
1512072300000 11451
1512072300000 11451
1512072300000 11451
1512072300000 11451
1512072300000 11451
1512072300000 11452
1512072300000 11452
1512072300000 11452
1512072300000 11452
1512072300000 11452
1512072300000 11452
1512072300000 11453
1512072300000 11453
1512072300000 11453
1512072300000 11453
1512072300000 11453
1512072300000 11453
1512072300000 11454
1512072300000 11454
1512072300000 11454
1512072300000 11454
1512072300000 11454
1512072300000 11454
1512072300000 11454
1512072300000 11455
1512072300000 11455
1512072300000 11455
1512072300000 11455
1512072300000 11455
1512072300000 11455
1512072300000 11455
1512072300000 11456
1512072300000 11456
1512072300000 11456
1512072300000 11456
1512072300000 11456
1512072300000 11456
1512072300000 11457
1512072300000 11457
1512072300000 11457
1512072300000 11457
1512072300000 11457
1512072300000 11457
1512072300000 11458
1512072300000 11458
1512072300000 11458
1512072300000 11458
1512072300000 11458
1512072300000 11458
1512072300000 11458
1512072300000 11459
1512072300000 11459
1512072300000 11459
1512072300000 11459
1512072300000 11459
1512072300000 11459
1512072300000 11460
1512072300000 11460
1512072300000 11460
1512072300000 11460
1512072300000 11460
1512072310000 11453
1512072310000 11453
1512072310000 11453
1512072310000 11453
1512072310000 11454
1512072310000 11454
1512072310000 11454
1512072310000 11454
1512072310000 11454
1512072310000 11455
1512072310000 11455
1512072310000 11455
1512072310000 11455
1512072310000 11456
1512072310000 11456
1512072310000 11456
1512072310000 11456
1512072310000 11456
1512072310000 11457
1512072310000 11457
1512072310000 11457
1512072310000 11457
1512072310000 11457
1512072310000 11458
1512072310000 11458
1512072310000 11458
1512072310000 11458
1512072310000 11458
1512072310000 11458
1512072310000 11458
1512072310000 11459
1512072310000 11459
1512072310000 11459
1512072310000 11459
1512072310000 11459
1512072310000 11459
1512072310000 11460
1512072310000 11460
1512072310000 11460
1512072310000 11460
1512072310000 11460
1512072310000 11460
1512072310000 11461
1512072310000 11461
1512072310000 11461
1512072310000 11461
1512072310000 11461
1512072310000 11461
1512072310000 11462
1512072310000 11462
1512072310000 11462
1512072310000 11462
1512072310000 11462
1512072310000 11462
1512072310000 11462
1512072310000 11463
1512072310000 11463
1512072310000 11463
1512072310000 11463
1512072310000 11463
1512072310000 11463
1512072310000 11464
1512072310000 11464
1512072310000 11464
1512072310000 11464
1512072310000 11464
1512072310000 11464
1512072310000 11465
1512072310000 11465
1512072310000 11465
1512072310000 11465
1512072310000 11465
1512072310000 11465
1512072310000 11465
1512072310000 11466
1512072310000 11466
1512072310000 11466
1512072310000 11466
1512072310000 11466
1512072310000 11466
1512072310000 11467
1512072310000 11467
1512072310000 11467
1512072310000 11467
1512072310000 11467
1512072310000 11467
1512072310000 11468
1512072310000 11468
1512072310000 11468
1512072310000 11468
1512072310000 11468
1512072310000 11468
1512072310000 11468
1512072310000 11469
1512072310000 11469
1512072310000 11469
1512072310000 11469
1512072310000 11469
1512072310000 11469
1512072310000 11470
1512072320000 9570
1512072320000 9571
1512072320000 9571
1512072320000 9571
1512072320000 9571
1512072320000 9571
1512072320000 9571
1512072320000 9571
1512072320000 9572
1512072320000 9572
1512072320000 9572
1512072320000 9572
1512072320000 9572
1512072320000 9572
1512072320000 9572
1512072320000 9573
1512072320000 9573
1512072320000 9573
1512072320000 9573
1512072320000 9573
1512072320000 9573
1512072320000 9574
1512072320000 9574
1512072320000 9574
1512072320000 9574
1512072320000 9574
1512072320000 9574
1512072320000 9574
1512072320000 9575
1512072320000 9575
1512072320000 9575
1512072320000 9575
1512072320000 9575
1512072320000 9575
1512072320000 9576
1512072320000 9576
1512072320000 9576
1512072320000 9576
1512072320000 9576
1512072320000 9576
1512072320000 9576
1512072320000 9577
1512072320000 9577
1512072320000 9577
1512072320000 9577
1512072320000 9577
1512072320000 9577
1512072320000 9578
1512072320000 9578
1512072320000 9578
1512072320000 9578
1512072320000 9578
1512072320000 9578
1512072320000 9578
1512072320000 9579
1512072320000 9579
1512072320000 9579
1512072320000 9579
1512072320000 9579
1512072320000 9579
1512072320000 9580
1512072320000 9580
1512072320000 9580
1512072320000 9580
1512072320000 9580
1512072320000 9580
1512072320000 9580
1512072320000 9581
1512072320000 9581
1512072320000 9581
1512072320000 9581
1512072320000 9581
1512072320000 9581
1512072320000 9582
1512072320000 9582
1512072320000 9582
1512072320000 9582
1512072320000 9582
1512072320000 9582
1512072320000 9582
1512072320000 9583
1512072320000 9583
1512072320000 9583
1512072320000 9583
1512072320000 9583
1512072320000 9583
1512072320000 9584
1512072320000 9584
1512072320000 9584
1512072320000 9584
1512072320000 9584
1512072320000 9584
1512072320000 9584
1512072320000 9585
1512072320000 9585
1512072320000 9585
1512072320000 9585
1512072320000 9585
1512072320000 9585
1512072320000 9586
