1512117500000 1459
1512117500000 1459
1512117500000 1459
1512117500000 1459
1512117500000 1459
1512117500000 1459
1512117500000 1459
1512117500000 1459
1512117500000 1459
1512117500000 1459
1512117500000 1459
1512117500000 1460
1512117500000 1460
1512117500000 1460
1512117500000 1460
1512117500000 1460
1512117500000 1460
1512117500000 1460
1512117500000 1460
1512117500000 1460
1512117500000 1460
1512117500000 1460
1512117500000 1460
1512117500000 1460
1512117500000 1460
1512117500000 1460
1512117500000 1460
1512117500000 1460
1512117500000 1460
1512117500000 1460
1512117500000 1461
1512117500000 1461
1512117500000 1461
1512117500000 1461
1512117500000 1461
1512117500000 1461
1512117500000 1461
1512117500000 1461
1512117500000 1461
1512117500000 1461
1512117500000 1461
1512117500000 1461
1512117500000 1461
1512117500000 1461
1512117500000 1461
1512117500000 1461
1512117500000 1461
1512117500000 1461
1512117500000 1461
1512117500000 1462
1512117500000 1462
1512117500000 1462
1512117500000 1462
1512117500000 1462
1512117500000 1462
1512117500000 1462
1512117500000 1462
1512117500000 1462
1512117500000 1462
1512117500000 1462
1512117500000 1462
1512117500000 1462
1512117500000 1462
1512117500000 1462
1512117500000 1462
1512117500000 1462
1512117500000 1463
1512117500000 1463
1512117500000 1463
1512117500000 1463
1512117500000 1463
1512117500000 1463
1512117500000 1463
1512117500000 1463
1512117500000 1463
1512117500000 1463
1512117500000 1463
1512117500000 1463
1512117500000 1463
1512117500000 1463
1512117500000 1463
1512117500000 1463
1512117500000 1463
1512117500000 1464
1512117500000 1464
1512117500000 1464
1512117500000 1464
1512117500000 1464
1512117500000 1464
1512117500000 1464
1512117500000 1464
1512117500000 1464
1512117500000 1465
1512117500000 1465
1512117500000 1479
1512117500000 1479
1512117500000 1480
1512117500000 1480
1512117500000 1481
1512117500000 1481
1512117510000 319
1512117510000 319
1512117510000 319
1512117510000 319
1512117510000 319
1512117510000 319
1512117510000 319
1512117510000 319
1512117510000 319
1512117510000 319
1512117510000 319
1512117510000 319
1512117510000 319
1512117510000 319
1512117510000 319
1512117510000 319
1512117510000 320
1512117510000 320
1512117510000 320
1512117510000 320
1512117510000 320
1512117510000 320
1512117510000 320
1512117510000 320
1512117510000 320
1512117510000 320
1512117510000 320
1512117510000 320
1512117510000 320
1512117510000 320
1512117510000 320
1512117510000 320
1512117510000 320
1512117510000 320
1512117510000 320
1512117510000 320
1512117510000 320
1512117510000 320
1512117510000 320
1512117510000 320
1512117510000 320
1512117510000 320
1512117510000 320
1512117510000 320
1512117510000 320
1512117510000 321
1512117510000 321
1512117510000 321
1512117510000 321
1512117510000 321
1512117510000 321
1512117510000 321
1512117510000 321
1512117510000 321
1512117510000 321
1512117510000 321
1512117510000 321
1512117510000 321
1512117510000 321
1512117510000 321
1512117510000 321
1512117510000 321
1512117510000 321
1512117510000 321
1512117510000 321
1512117510000 321
1512117510000 321
1512117510000 321
1512117510000 321
1512117510000 321
1512117510000 322
1512117510000 322
1512117510000 322
1512117510000 322
1512117510000 322
1512117510000 322
1512117510000 322
1512117510000 322
1512117510000 322
1512117510000 322
1512117510000 322
1512117510000 322
1512117510000 322
1512117510000 322
1512117510000 322
1512117510000 322
1512117510000 322
1512117510000 322
1512117510000 322
1512117510000 323
1512117510000 323
1512117510000 323
1512117510000 323
1512117510000 323
1512117510000 323
1512117510000 323
1512117510000 324
1512117510000 324
1512117510000 324
1512117510000 331
1512117520000 323
1512117520000 323
1512117520000 323
1512117520000 323
1512117520000 323
1512117520000 323
1512117520000 323
1512117520000 323
1512117520000 323
1512117520000 324
1512117520000 324
1512117520000 324
1512117520000 324
1512117520000 324
1512117520000 324
1512117520000 324
1512117520000 324
1512117520000 324
1512117520000 324
1512117520000 324
1512117520000 324
1512117520000 324
1512117520000 324
1512117520000 324
1512117520000 324
1512117520000 324
1512117520000 324
1512117520000 324
1512117520000 324
1512117520000 324
1512117520000 324
1512117520000 324
1512117520000 324
1512117520000 324
1512117520000 324
1512117520000 324
1512117520000 324
1512117520000 325
1512117520000 325
1512117520000 325
1512117520000 325
1512117520000 325
1512117520000 325
1512117520000 325
1512117520000 325
1512117520000 325
1512117520000 325
1512117520000 325
1512117520000 325
1512117520000 325
1512117520000 325
1512117520000 325
1512117520000 325
1512117520000 325
1512117520000 325
1512117520000 325
1512117520000 325
1512117520000 325
1512117520000 325
1512117520000 325
1512117520000 325
1512117520000 325
1512117520000 325
1512117520000 325
1512117520000 325
1512117520000 325
1512117520000 325
1512117520000 326
1512117520000 326
1512117520000 326
1512117520000 326
1512117520000 326
1512117520000 326
1512117520000 326
1512117520000 326
1512117520000 326
1512117520000 326
1512117520000 326
1512117520000 326
1512117520000 326
1512117520000 326
1512117520000 326
1512117520000 326
1512117520000 326
1512117520000 326
1512117520000 326
1512117520000 326
1512117520000 326
1512117520000 326
1512117520000 326
1512117520000 326
1512117520000 327
1512117520000 327
1512117520000 327
1512117520000 327
1512117520000 328
1512117520000 332
1512117520000 332
1512117520000 332
1512117520000 332
1512117530000 375
1512117530000 375
1512117530000 375
1512117530000 375
1512117530000 375
1512117530000 375
1512117530000 375
1512117530000 375
1512117530000 375
1512117530000 375
1512117530000 375
1512117530000 375
1512117530000 375
1512117530000 375
1512117530000 375
1512117530000 375
1512117530000 375
1512117530000 375
1512117530000 375
1512117530000 375
1512117530000 375
1512117530000 376
1512117530000 376
1512117530000 376
1512117530000 376
1512117530000 376
1512117530000 376
1512117530000 376
1512117530000 376
1512117530000 376
1512117530000 376
1512117530000 376
1512117530000 376
1512117530000 376
1512117530000 376
1512117530000 376
1512117530000 376
1512117530000 376
1512117530000 376
1512117530000 376
1512117530000 376
1512117530000 377
1512117530000 377
1512117530000 377
1512117530000 377
1512117530000 377
1512117530000 377
1512117530000 377
1512117530000 377
1512117530000 377
1512117530000 377
1512117530000 377
1512117530000 377
1512117530000 377
1512117530000 377
1512117530000 377
1512117530000 377
1512117530000 377
1512117530000 377
1512117530000 377
1512117530000 377
1512117530000 377
1512117530000 377
1512117530000 377
1512117530000 377
1512117530000 377
1512117530000 377
1512117530000 377
1512117530000 377
1512117530000 377
1512117530000 377
1512117530000 377
1512117530000 377
1512117530000 377
1512117530000 377
1512117530000 377
1512117530000 377
1512117530000 378
1512117530000 378
1512117530000 378
1512117530000 378
1512117530000 378
1512117530000 378
1512117530000 378
1512117530000 378
1512117530000 378
1512117530000 378
1512117530000 378
1512117530000 378
1512117530000 378
1512117530000 378
1512117530000 378
1512117530000 378
1512117530000 378
1512117530000 378
1512117530000 378
1512117530000 378
1512117530000 378
1512117530000 378
1512117530000 379
1512117540000 342
1512117540000 342
1512117540000 342
1512117540000 342
1512117540000 342
1512117540000 342
1512117540000 342
1512117540000 342
1512117540000 342
1512117540000 342
1512117540000 342
1512117540000 342
1512117540000 342
1512117540000 342
1512117540000 342
1512117540000 342
1512117540000 343
1512117540000 343
1512117540000 343
1512117540000 343
1512117540000 343
1512117540000 343
1512117540000 343
1512117540000 343
1512117540000 343
1512117540000 343
1512117540000 343
1512117540000 343
1512117540000 343
1512117540000 343
1512117540000 343
1512117540000 343
1512117540000 343
1512117540000 343
1512117540000 343
1512117540000 343
1512117540000 343
1512117540000 343
1512117540000 343
1512117540000 343
1512117540000 343
1512117540000 343
1512117540000 343
1512117540000 343
1512117540000 343
1512117540000 343
1512117540000 343
1512117540000 343
1512117540000 343
1512117540000 343
1512117540000 343
1512117540000 343
1512117540000 344
1512117540000 344
1512117540000 344
1512117540000 344
1512117540000 344
1512117540000 344
1512117540000 344
1512117540000 344
1512117540000 344
1512117540000 344
1512117540000 344
1512117540000 344
1512117540000 344
1512117540000 344
1512117540000 344
1512117540000 344
1512117540000 344
1512117540000 345
1512117540000 345
1512117540000 345
1512117540000 345
1512117540000 345
1512117540000 345
1512117540000 345
1512117540000 345
1512117540000 345
1512117540000 345
1512117540000 345
1512117540000 345
1512117540000 345
1512117540000 345
1512117540000 345
1512117540000 345
1512117540000 345
1512117540000 345
1512117540000 345
1512117540000 346
1512117540000 346
1512117540000 346
1512117540000 346
1512117540000 346
1512117540000 346
1512117540000 346
1512117540000 346
1512117540000 353
1512117540000 353
1512117540000 353
1512117540000 353
1512117550000 334
1512117550000 334
1512117550000 334
1512117550000 334
1512117550000 335
1512117550000 335
1512117550000 335
1512117550000 335
1512117550000 335
1512117550000 335
1512117550000 335
1512117550000 335
1512117550000 335
1512117550000 335
1512117550000 335
1512117550000 335
1512117550000 335
1512117550000 335
1512117550000 335
1512117550000 335
1512117550000 335
1512117550000 335
1512117550000 336
1512117550000 336
1512117550000 336
1512117550000 336
1512117550000 336
1512117550000 336
1512117550000 336
1512117550000 336
1512117550000 336
1512117550000 336
1512117550000 336
1512117550000 336
1512117550000 336
1512117550000 336
1512117550000 336
1512117550000 336
1512117550000 336
1512117550000 337
1512117550000 337
1512117550000 337
1512117550000 337
1512117550000 337
1512117550000 337
1512117550000 337
1512117550000 337
1512117550000 337
1512117550000 337
1512117550000 337
1512117550000 337
1512117550000 337
1512117550000 337
1512117550000 337
1512117550000 337
1512117550000 337
1512117550000 337
1512117550000 337
1512117550000 337
1512117550000 337
1512117550000 338
1512117550000 338
1512117550000 338
1512117550000 338
1512117550000 338
1512117550000 338
1512117550000 338
1512117550000 338
1512117550000 338
1512117550000 338
1512117550000 338
1512117550000 338
1512117550000 338
1512117550000 338
1512117550000 338
1512117550000 338
1512117550000 338
1512117550000 338
1512117550000 338
1512117550000 338
1512117550000 338
1512117550000 339
1512117550000 339
1512117550000 340
1512117550000 340
1512117550000 340
1512117550000 341
1512117550000 341
1512117550000 341
1512117550000 341
1512117550000 342
1512117550000 342
1512117550000 342
1512117550000 342
1512117550000 342
1512117550000 342
1512117550000 342
1512117550000 343
1512117550000 344
1512117550000 345
1512117560000 343
1512117560000 343
1512117560000 343
1512117560000 343
1512117560000 343
1512117560000 343
1512117560000 343
1512117560000 343
1512117560000 344
1512117560000 344
1512117560000 344
1512117560000 344
1512117560000 344
1512117560000 344
1512117560000 344
1512117560000 344
1512117560000 344
1512117560000 344
1512117560000 344
1512117560000 344
1512117560000 344
1512117560000 344
1512117560000 344
1512117560000 345
1512117560000 345
1512117560000 345
1512117560000 345
1512117560000 345
1512117560000 345
1512117560000 345
1512117560000 345
1512117560000 345
1512117560000 345
1512117560000 345
1512117560000 345
1512117560000 345
1512117560000 345
1512117560000 345
1512117560000 345
1512117560000 346
1512117560000 346
1512117560000 346
1512117560000 346
1512117560000 346
1512117560000 346
1512117560000 346
1512117560000 346
1512117560000 346
1512117560000 346
1512117560000 346
1512117560000 346
1512117560000 346
1512117560000 346
1512117560000 346
1512117560000 346
1512117560000 346
1512117560000 346
1512117560000 346
1512117560000 347
1512117560000 347
1512117560000 347
1512117560000 347
1512117560000 347
1512117560000 347
1512117560000 347
1512117560000 347
1512117560000 347
1512117560000 347
1512117560000 347
1512117560000 347
1512117560000 347
1512117560000 347
1512117560000 347
1512117560000 348
1512117560000 348
1512117560000 348
1512117560000 348
1512117560000 348
1512117560000 348
1512117560000 348
1512117560000 348
1512117560000 348
1512117560000 348
1512117560000 348
1512117560000 348
1512117560000 348
1512117560000 348
1512117560000 349
1512117560000 349
1512117560000 349
1512117560000 349
1512117560000 349
1512117560000 350
1512117560000 351
1512117560000 351
1512117560000 351
1512117560000 351
1512117560000 351
1512117560000 351
1512117560000 352
1512117570000 394
1512117570000 394
1512117570000 394
1512117570000 394
1512117570000 394
1512117570000 394
1512117570000 394
1512117570000 394
1512117570000 394
1512117570000 394
1512117570000 394
1512117570000 394
1512117570000 394
1512117570000 395
1512117570000 395
1512117570000 395
1512117570000 395
1512117570000 395
1512117570000 395
1512117570000 395
1512117570000 395
1512117570000 395
1512117570000 395
1512117570000 395
1512117570000 395
1512117570000 395
1512117570000 395
1512117570000 395
1512117570000 395
1512117570000 395
1512117570000 395
1512117570000 395
1512117570000 395
1512117570000 395
1512117570000 395
1512117570000 395
1512117570000 395
1512117570000 395
1512117570000 395
1512117570000 395
1512117570000 395
1512117570000 396
1512117570000 396
1512117570000 396
1512117570000 396
1512117570000 396
1512117570000 396
1512117570000 396
1512117570000 396
1512117570000 396
1512117570000 396
1512117570000 396
1512117570000 396
1512117570000 396
1512117570000 396
1512117570000 396
1512117570000 396
1512117570000 396
1512117570000 396
1512117570000 396
1512117570000 396
1512117570000 396
1512117570000 396
1512117570000 396
1512117570000 396
1512117570000 396
1512117570000 396
1512117570000 396
1512117570000 397
1512117570000 397
1512117570000 397
1512117570000 397
1512117570000 397
1512117570000 397
1512117570000 397
1512117570000 397
1512117570000 397
1512117570000 397
1512117570000 397
1512117570000 397
1512117570000 397
1512117570000 397
1512117570000 397
1512117570000 397
1512117570000 397
1512117570000 397
1512117570000 397
1512117570000 397
1512117570000 397
1512117570000 397
1512117570000 398
1512117570000 398
1512117570000 398
1512117570000 398
1512117570000 398
1512117570000 398
1512117570000 398
1512117570000 400
1512117570000 400
1512117570000 400
1512117580000 360
1512117580000 360
1512117580000 360
1512117580000 360
1512117580000 360
1512117580000 360
1512117580000 360
1512117580000 360
1512117580000 360
1512117580000 360
1512117580000 360
1512117580000 360
1512117580000 360
1512117580000 360
1512117580000 360
1512117580000 360
1512117580000 360
1512117580000 360
1512117580000 361
1512117580000 361
1512117580000 361
1512117580000 361
1512117580000 361
1512117580000 361
1512117580000 361
1512117580000 361
1512117580000 361
1512117580000 361
1512117580000 361
1512117580000 361
1512117580000 361
1512117580000 361
1512117580000 361
1512117580000 361
1512117580000 361
1512117580000 361
1512117580000 361
1512117580000 361
1512117580000 361
1512117580000 361
1512117580000 362
1512117580000 362
1512117580000 362
1512117580000 362
1512117580000 362
1512117580000 362
1512117580000 362
1512117580000 362
1512117580000 362
1512117580000 362
1512117580000 362
1512117580000 362
1512117580000 362
1512117580000 362
1512117580000 362
1512117580000 362
1512117580000 362
1512117580000 362
1512117580000 362
1512117580000 362
1512117580000 362
1512117580000 362
1512117580000 362
1512117580000 362
1512117580000 362
1512117580000 363
1512117580000 363
1512117580000 363
1512117580000 363
1512117580000 363
1512117580000 363
1512117580000 363
1512117580000 363
1512117580000 363
1512117580000 363
1512117580000 363
1512117580000 363
1512117580000 363
1512117580000 363
1512117580000 363
1512117580000 363
1512117580000 363
1512117580000 363
1512117580000 363
1512117580000 363
1512117580000 363
1512117580000 363
1512117580000 363
1512117580000 363
1512117580000 364
1512117580000 364
1512117580000 364
1512117580000 364
1512117580000 364
1512117580000 364
1512117580000 364
1512117580000 364
1512117580000 364
1512117580000 364
1512117580000 365
1512117590000 313
1512117590000 313
1512117590000 313
1512117590000 313
1512117590000 313
1512117590000 313
1512117590000 313
1512117590000 313
1512117590000 313
1512117590000 313
1512117590000 313
1512117590000 313
1512117590000 313
1512117590000 313
1512117590000 313
1512117590000 313
1512117590000 313
1512117590000 313
1512117590000 313
1512117590000 313
1512117590000 313
1512117590000 313
1512117590000 313
1512117590000 313
1512117590000 313
1512117590000 314
1512117590000 314
1512117590000 314
1512117590000 314
1512117590000 314
1512117590000 314
1512117590000 314
1512117590000 314
1512117590000 314
1512117590000 314
1512117590000 314
1512117590000 314
1512117590000 314
1512117590000 314
1512117590000 314
1512117590000 314
1512117590000 314
1512117590000 314
1512117590000 314
1512117590000 314
1512117590000 314
1512117590000 314
1512117590000 314
1512117590000 314
1512117590000 314
1512117590000 314
1512117590000 315
1512117590000 315
1512117590000 315
1512117590000 315
1512117590000 315
1512117590000 315
1512117590000 315
1512117590000 315
1512117590000 315
1512117590000 315
1512117590000 315
1512117590000 315
1512117590000 315
1512117590000 315
1512117590000 315
1512117590000 315
1512117590000 315
1512117590000 315
1512117590000 315
1512117590000 315
1512117590000 315
1512117590000 315
1512117590000 315
1512117590000 315
1512117590000 315
1512117590000 315
1512117590000 315
1512117590000 315
1512117590000 315
1512117590000 315
1512117590000 315
1512117590000 315
1512117590000 316
1512117590000 316
1512117590000 316
1512117590000 316
1512117590000 316
1512117590000 316
1512117590000 316
1512117590000 316
1512117590000 316
1512117590000 316
1512117590000 316
1512117590000 316
1512117590000 316
1512117590000 316
1512117590000 316
1512117590000 316
1512117590000 317
1512117600000 334
1512117600000 334
1512117600000 334
1512117600000 334
1512117600000 334
1512117600000 334
1512117600000 334
1512117600000 334
1512117600000 334
1512117600000 334
1512117600000 334
1512117600000 334
1512117600000 334
1512117600000 334
1512117600000 334
1512117600000 335
1512117600000 335
1512117600000 335
1512117600000 335
1512117600000 335
1512117600000 335
1512117600000 335
1512117600000 335
1512117600000 335
1512117600000 335
1512117600000 335
1512117600000 335
1512117600000 335
1512117600000 335
1512117600000 335
1512117600000 335
1512117600000 335
1512117600000 335
1512117600000 335
1512117600000 336
1512117600000 336
1512117600000 336
1512117600000 336
1512117600000 336
1512117600000 336
1512117600000 336
1512117600000 336
1512117600000 336
1512117600000 336
1512117600000 336
1512117600000 336
1512117600000 336
1512117600000 336
1512117600000 336
1512117600000 336
1512117600000 336
1512117600000 336
1512117600000 336
1512117600000 336
1512117600000 336
1512117600000 336
1512117600000 336
1512117600000 337
1512117600000 337
1512117600000 337
1512117600000 337
1512117600000 337
1512117600000 337
1512117600000 337
1512117600000 337
1512117600000 337
1512117600000 337
1512117600000 337
1512117600000 337
1512117600000 337
1512117600000 337
1512117600000 337
1512117600000 338
1512117600000 338
1512117600000 338
1512117600000 338
1512117600000 338
1512117600000 338
1512117600000 338
1512117600000 338
1512117600000 338
1512117600000 338
1512117600000 338
1512117600000 338
1512117600000 338
1512117600000 338
1512117600000 338
1512117600000 338
1512117600000 338
1512117600000 338
1512117600000 338
1512117600000 338
1512117600000 338
1512117600000 339
1512117600000 339
1512117600000 339
1512117600000 339
1512117600000 339
1512117600000 367
1512117600000 367
1512117610000 337
1512117610000 337
1512117610000 337
1512117610000 337
1512117610000 337
1512117610000 337
1512117610000 337
1512117610000 337
1512117610000 337
1512117610000 337
1512117610000 337
1512117610000 337
1512117610000 337
1512117610000 337
1512117610000 338
1512117610000 338
1512117610000 338
1512117610000 338
1512117610000 338
1512117610000 338
1512117610000 338
1512117610000 338
1512117610000 338
1512117610000 338
1512117610000 338
1512117610000 338
1512117610000 338
1512117610000 338
1512117610000 338
1512117610000 338
1512117610000 338
1512117610000 338
1512117610000 338
1512117610000 338
1512117610000 338
1512117610000 338
1512117610000 338
1512117610000 338
1512117610000 338
1512117610000 338
1512117610000 338
1512117610000 338
1512117610000 338
1512117610000 338
1512117610000 338
1512117610000 338
1512117610000 338
1512117610000 339
1512117610000 339
1512117610000 339
1512117610000 339
1512117610000 339
1512117610000 339
1512117610000 339
1512117610000 339
1512117610000 339
1512117610000 339
1512117610000 339
1512117610000 339
1512117610000 339
1512117610000 339
1512117610000 339
1512117610000 339
1512117610000 339
1512117610000 339
1512117610000 339
1512117610000 339
1512117610000 339
1512117610000 339
1512117610000 339
1512117610000 339
1512117610000 339
1512117610000 339
1512117610000 339
1512117610000 339
1512117610000 339
1512117610000 340
1512117610000 340
1512117610000 340
1512117610000 340
1512117610000 340
1512117610000 340
1512117610000 340
1512117610000 340
1512117610000 340
1512117610000 340
1512117610000 340
1512117610000 340
1512117610000 340
1512117610000 340
1512117610000 340
1512117610000 340
1512117610000 340
1512117610000 340
1512117610000 340
1512117610000 341
1512117610000 341
1512117610000 341
1512117610000 341
1512117610000 341
1512117620000 338
1512117620000 338
1512117620000 338
1512117620000 338
1512117620000 338
1512117620000 338
1512117620000 338
1512117620000 338
1512117620000 338
1512117620000 338
1512117620000 338
1512117620000 338
1512117620000 338
1512117620000 338
1512117620000 338
1512117620000 338
1512117620000 338
1512117620000 338
1512117620000 338
1512117620000 338
1512117620000 338
1512117620000 338
1512117620000 338
1512117620000 338
1512117620000 338
1512117620000 338
1512117620000 338
1512117620000 338
1512117620000 338
1512117620000 338
1512117620000 339
1512117620000 339
1512117620000 339
1512117620000 339
1512117620000 339
1512117620000 339
1512117620000 339
1512117620000 339
1512117620000 339
1512117620000 339
1512117620000 339
1512117620000 339
1512117620000 339
1512117620000 339
1512117620000 339
1512117620000 339
1512117620000 339
1512117620000 339
1512117620000 339
1512117620000 339
1512117620000 339
1512117620000 339
1512117620000 339
1512117620000 339
1512117620000 339
1512117620000 339
1512117620000 340
1512117620000 340
1512117620000 340
1512117620000 340
1512117620000 340
1512117620000 340
1512117620000 340
1512117620000 340
1512117620000 340
1512117620000 340
1512117620000 340
1512117620000 340
1512117620000 340
1512117620000 340
1512117620000 340
1512117620000 340
1512117620000 340
1512117620000 340
1512117620000 340
1512117620000 340
1512117620000 340
1512117620000 340
1512117620000 341
1512117620000 341
1512117620000 341
1512117620000 341
1512117620000 341
1512117620000 341
1512117620000 341
1512117620000 341
1512117620000 341
1512117620000 341
1512117620000 341
1512117620000 341
1512117620000 341
1512117620000 341
1512117620000 341
1512117620000 341
1512117620000 341
1512117620000 342
1512117620000 361
1512117620000 361
1512117620000 361
1512117620000 361
1512117630000 318
1512117630000 318
1512117630000 318
1512117630000 318
1512117630000 318
1512117630000 318
1512117630000 318
1512117630000 318
1512117630000 318
1512117630000 318
1512117630000 318
1512117630000 318
1512117630000 319
1512117630000 319
1512117630000 319
1512117630000 319
1512117630000 319
1512117630000 319
1512117630000 319
1512117630000 319
1512117630000 319
1512117630000 319
1512117630000 319
1512117630000 319
1512117630000 319
1512117630000 319
1512117630000 319
1512117630000 319
1512117630000 319
1512117630000 319
1512117630000 319
1512117630000 319
1512117630000 319
1512117630000 319
1512117630000 319
1512117630000 320
1512117630000 320
1512117630000 320
1512117630000 320
1512117630000 320
1512117630000 320
1512117630000 320
1512117630000 320
1512117630000 320
1512117630000 320
1512117630000 320
1512117630000 320
1512117630000 320
1512117630000 320
1512117630000 320
1512117630000 320
1512117630000 320
1512117630000 320
1512117630000 320
1512117630000 320
1512117630000 320
1512117630000 320
1512117630000 320
1512117630000 320
1512117630000 320
1512117630000 321
1512117630000 321
1512117630000 321
1512117630000 321
1512117630000 321
1512117630000 321
1512117630000 321
1512117630000 321
1512117630000 321
1512117630000 321
1512117630000 321
1512117630000 321
1512117630000 321
1512117630000 321
1512117630000 321
1512117630000 321
1512117630000 321
1512117630000 321
1512117630000 321
1512117630000 321
1512117630000 321
1512117630000 321
1512117630000 321
1512117630000 322
1512117630000 322
1512117630000 322
1512117630000 322
1512117630000 322
1512117630000 322
1512117630000 322
1512117630000 322
1512117630000 322
1512117630000 322
1512117630000 322
1512117630000 322
1512117630000 322
1512117630000 322
1512117630000 323
1512117630000 324
1512117630000 324
1512117640000 360
1512117640000 360
1512117640000 360
1512117640000 360
1512117640000 360
1512117640000 360
1512117640000 360
1512117640000 360
1512117640000 360
1512117640000 360
1512117640000 360
1512117640000 360
1512117640000 360
1512117640000 360
1512117640000 360
1512117640000 360
1512117640000 360
1512117640000 360
1512117640000 360
1512117640000 360
1512117640000 360
1512117640000 360
1512117640000 360
1512117640000 360
1512117640000 360
1512117640000 360
1512117640000 360
1512117640000 360
1512117640000 360
1512117640000 360
1512117640000 360
1512117640000 360
1512117640000 361
1512117640000 361
1512117640000 361
1512117640000 361
1512117640000 361
1512117640000 361
1512117640000 361
1512117640000 361
1512117640000 361
1512117640000 361
1512117640000 361
1512117640000 361
1512117640000 361
1512117640000 361
1512117640000 361
1512117640000 361
1512117640000 361
1512117640000 361
1512117640000 361
1512117640000 361
1512117640000 361
1512117640000 361
1512117640000 361
1512117640000 361
1512117640000 362
1512117640000 362
1512117640000 362
1512117640000 362
1512117640000 362
1512117640000 362
1512117640000 362
1512117640000 362
1512117640000 362
1512117640000 362
1512117640000 362
1512117640000 362
1512117640000 362
1512117640000 362
1512117640000 362
1512117640000 362
1512117640000 362
1512117640000 362
1512117640000 362
1512117640000 362
1512117640000 362
1512117640000 362
1512117640000 362
1512117640000 362
1512117640000 362
1512117640000 363
1512117640000 363
1512117640000 363
1512117640000 363
1512117640000 363
1512117640000 363
1512117640000 363
1512117640000 363
1512117640000 363
1512117640000 363
1512117640000 363
1512117640000 363
1512117640000 363
1512117640000 363
1512117640000 363
1512117640000 364
1512117640000 364
1512117640000 364
1512117640000 364
1512117650000 331
1512117650000 331
1512117650000 331
1512117650000 331
1512117650000 331
1512117650000 331
1512117650000 331
1512117650000 331
1512117650000 331
1512117650000 331
1512117650000 331
1512117650000 332
1512117650000 332
1512117650000 332
1512117650000 332
1512117650000 332
1512117650000 332
1512117650000 332
1512117650000 332
1512117650000 332
1512117650000 332
1512117650000 332
1512117650000 332
1512117650000 332
1512117650000 332
1512117650000 332
1512117650000 332
1512117650000 332
1512117650000 332
1512117650000 332
1512117650000 332
1512117650000 332
1512117650000 332
1512117650000 332
1512117650000 332
1512117650000 332
1512117650000 332
1512117650000 332
1512117650000 332
1512117650000 332
1512117650000 333
1512117650000 333
1512117650000 333
1512117650000 333
1512117650000 333
1512117650000 333
1512117650000 333
1512117650000 333
1512117650000 333
1512117650000 333
1512117650000 333
1512117650000 333
1512117650000 333
1512117650000 333
1512117650000 333
1512117650000 333
1512117650000 333
1512117650000 333
1512117650000 333
1512117650000 333
1512117650000 333
1512117650000 333
1512117650000 333
1512117650000 333
1512117650000 334
1512117650000 334
1512117650000 334
1512117650000 334
1512117650000 334
1512117650000 334
1512117650000 334
1512117650000 334
1512117650000 334
1512117650000 334
1512117650000 334
1512117650000 334
1512117650000 334
1512117650000 334
1512117650000 334
1512117650000 334
1512117650000 334
1512117650000 334
1512117650000 334
1512117650000 334
1512117650000 334
1512117650000 334
1512117650000 334
1512117650000 334
1512117650000 334
1512117650000 335
1512117650000 335
1512117650000 335
1512117650000 335
1512117650000 335
1512117650000 335
1512117650000 335
1512117650000 352
1512117650000 352
1512117650000 352
1512117650000 353
1512117660000 386
1512117660000 386
1512117660000 386
1512117660000 386
1512117660000 386
1512117660000 386
1512117660000 386
1512117660000 386
1512117660000 387
1512117660000 387
1512117660000 387
1512117660000 387
1512117660000 387
1512117660000 387
1512117660000 387
1512117660000 387
1512117660000 387
1512117660000 388
1512117660000 388
1512117660000 388
1512117660000 388
1512117660000 388
1512117660000 388
1512117660000 388
1512117660000 388
1512117660000 388
1512117660000 388
1512117660000 388
1512117660000 388
1512117660000 388
1512117660000 388
1512117660000 388
1512117660000 388
1512117660000 388
1512117660000 388
1512117660000 388
1512117660000 388
1512117660000 388
1512117660000 388
1512117660000 389
1512117660000 389
1512117660000 389
1512117660000 389
1512117660000 389
1512117660000 389
1512117660000 389
1512117660000 389
1512117660000 389
1512117660000 389
1512117660000 389
1512117660000 389
1512117660000 389
1512117660000 389
1512117660000 389
1512117660000 389
1512117660000 389
1512117660000 389
1512117660000 389
1512117660000 389
1512117660000 389
1512117660000 389
1512117660000 389
1512117660000 389
1512117660000 390
1512117660000 390
1512117660000 390
1512117660000 390
1512117660000 390
1512117660000 390
1512117660000 390
1512117660000 390
1512117660000 390
1512117660000 390
1512117660000 390
1512117660000 390
1512117660000 390
1512117660000 390
1512117660000 390
1512117660000 390
1512117660000 390
1512117660000 390
1512117660000 390
1512117660000 390
1512117660000 390
1512117660000 390
1512117660000 390
1512117660000 390
1512117660000 390
1512117660000 390
1512117660000 390
1512117660000 390
1512117660000 391
1512117660000 391
1512117660000 391
1512117660000 391
1512117660000 391
1512117660000 391
1512117660000 391
1512117660000 391
1512117660000 391
1512117670000 327
1512117670000 327
1512117670000 327
1512117670000 327
1512117670000 327
1512117670000 327
1512117670000 327
1512117670000 327
1512117670000 327
1512117670000 327
1512117670000 327
1512117670000 328
1512117670000 328
1512117670000 328
1512117670000 328
1512117670000 328
1512117670000 328
1512117670000 328
1512117670000 328
1512117670000 328
1512117670000 328
1512117670000 328
1512117670000 328
1512117670000 328
1512117670000 328
1512117670000 328
1512117670000 328
1512117670000 328
1512117670000 328
1512117670000 328
1512117670000 328
1512117670000 328
1512117670000 328
1512117670000 328
1512117670000 328
1512117670000 328
1512117670000 328
1512117670000 328
1512117670000 328
1512117670000 328
1512117670000 328
1512117670000 328
1512117670000 328
1512117670000 329
1512117670000 329
1512117670000 329
1512117670000 329
1512117670000 329
1512117670000 329
1512117670000 329
1512117670000 329
1512117670000 329
1512117670000 329
1512117670000 329
1512117670000 329
1512117670000 329
1512117670000 329
1512117670000 329
1512117670000 329
1512117670000 329
1512117670000 329
1512117670000 329
1512117670000 329
1512117670000 329
1512117670000 329
1512117670000 329
1512117670000 329
1512117670000 329
1512117670000 329
1512117670000 329
1512117670000 329
1512117670000 329
1512117670000 330
1512117670000 330
1512117670000 330
1512117670000 330
1512117670000 330
1512117670000 330
1512117670000 330
1512117670000 330
1512117670000 330
1512117670000 330
1512117670000 330
1512117670000 330
1512117670000 330
1512117670000 330
1512117670000 330
1512117670000 330
1512117670000 330
1512117670000 330
1512117670000 330
1512117670000 330
1512117670000 330
1512117670000 330
1512117670000 330
1512117670000 330
1512117670000 330
1512117670000 331
1512117670000 331
1512117670000 331
1512117680000 343
1512117680000 343
1512117680000 343
1512117680000 343
1512117680000 343
1512117680000 343
1512117680000 343
1512117680000 343
1512117680000 343
1512117680000 343
1512117680000 344
1512117680000 344
1512117680000 344
1512117680000 344
1512117680000 344
1512117680000 344
1512117680000 344
1512117680000 344
1512117680000 344
1512117680000 344
1512117680000 344
1512117680000 344
1512117680000 344
1512117680000 344
1512117680000 344
1512117680000 344
1512117680000 344
1512117680000 344
1512117680000 344
1512117680000 344
1512117680000 344
1512117680000 344
1512117680000 344
1512117680000 345
1512117680000 345
1512117680000 345
1512117680000 345
1512117680000 345
1512117680000 345
1512117680000 345
1512117680000 345
1512117680000 345
1512117680000 345
1512117680000 345
1512117680000 345
1512117680000 345
1512117680000 345
1512117680000 345
1512117680000 345
1512117680000 345
1512117680000 345
1512117680000 345
1512117680000 345
1512117680000 345
1512117680000 345
1512117680000 345
1512117680000 345
1512117680000 345
1512117680000 345
1512117680000 346
1512117680000 346
1512117680000 346
1512117680000 346
1512117680000 346
1512117680000 346
1512117680000 346
1512117680000 346
1512117680000 346
1512117680000 346
1512117680000 346
1512117680000 346
1512117680000 346
1512117680000 346
1512117680000 346
1512117680000 346
1512117680000 346
1512117680000 346
1512117680000 346
1512117680000 346
1512117680000 346
1512117680000 346
1512117680000 347
1512117680000 347
1512117680000 347
1512117680000 347
1512117680000 347
1512117680000 347
1512117680000 347
1512117680000 347
1512117680000 347
1512117680000 347
1512117680000 347
1512117680000 347
1512117680000 347
1512117680000 347
1512117680000 348
1512117680000 348
1512117680000 352
1512117680000 353
1512117680000 353
1512117690000 321
1512117690000 321
1512117690000 321
1512117690000 321
1512117690000 321
1512117690000 322
1512117690000 322
1512117690000 322
1512117690000 322
1512117690000 322
1512117690000 322
1512117690000 322
1512117690000 322
1512117690000 322
1512117690000 322
1512117690000 323
1512117690000 323
1512117690000 323
1512117690000 323
1512117690000 323
1512117690000 323
1512117690000 323
1512117690000 323
1512117690000 323
1512117690000 323
1512117690000 323
1512117690000 323
1512117690000 323
1512117690000 323
1512117690000 323
1512117690000 323
1512117690000 323
1512117690000 323
1512117690000 323
1512117690000 323
1512117690000 323
1512117690000 323
1512117690000 324
1512117690000 324
1512117690000 324
1512117690000 324
1512117690000 324
1512117690000 324
1512117690000 324
1512117690000 324
1512117690000 324
1512117690000 324
1512117690000 324
1512117690000 324
1512117690000 324
1512117690000 324
1512117690000 324
1512117690000 324
1512117690000 324
1512117690000 324
1512117690000 324
1512117690000 324
1512117690000 324
1512117690000 325
1512117690000 325
1512117690000 325
1512117690000 325
1512117690000 325
1512117690000 325
1512117690000 325
1512117690000 325
1512117690000 325
1512117690000 326
1512117690000 326
1512117690000 326
1512117690000 326
1512117690000 326
1512117690000 326
1512117690000 326
1512117690000 326
1512117690000 326
1512117690000 326
1512117690000 326
1512117690000 326
1512117690000 326
1512117690000 326
1512117690000 326
1512117690000 326
1512117690000 326
1512117690000 326
1512117690000 326
1512117690000 326
1512117690000 327
1512117690000 327
1512117690000 327
1512117690000 327
1512117690000 327
1512117690000 327
1512117690000 327
1512117690000 327
1512117690000 327
1512117690000 327
1512117690000 328
1512117690000 328
1512117690000 328
1512117700000 334
1512117700000 334
1512117700000 335
1512117700000 335
1512117700000 335
1512117700000 335
1512117700000 335
1512117700000 335
1512117700000 335
1512117700000 335
1512117700000 335
1512117700000 335
1512117700000 335
1512117700000 335
1512117700000 335
1512117700000 335
1512117700000 335
1512117700000 335
1512117700000 335
1512117700000 335
1512117700000 335
1512117700000 335
1512117700000 335
1512117700000 335
1512117700000 335
1512117700000 335
1512117700000 335
1512117700000 335
1512117700000 335
1512117700000 335
1512117700000 335
1512117700000 335
1512117700000 336
1512117700000 336
1512117700000 336
1512117700000 336
1512117700000 336
1512117700000 336
1512117700000 336
1512117700000 336
1512117700000 336
1512117700000 336
1512117700000 336
1512117700000 336
1512117700000 336
1512117700000 336
1512117700000 336
1512117700000 336
1512117700000 336
1512117700000 336
1512117700000 336
1512117700000 336
1512117700000 336
1512117700000 336
1512117700000 336
1512117700000 336
1512117700000 336
1512117700000 336
1512117700000 337
1512117700000 337
1512117700000 337
1512117700000 337
1512117700000 337
1512117700000 337
1512117700000 337
1512117700000 337
1512117700000 337
1512117700000 337
1512117700000 337
1512117700000 337
1512117700000 337
1512117700000 337
1512117700000 337
1512117700000 337
1512117700000 337
1512117700000 337
1512117700000 337
1512117700000 337
1512117700000 337
1512117700000 337
1512117700000 337
1512117700000 337
1512117700000 337
1512117700000 337
1512117700000 338
1512117700000 338
1512117700000 338
1512117700000 338
1512117700000 338
1512117700000 347
1512117700000 347
1512117700000 347
1512117700000 347
1512117700000 347
1512117700000 347
1512117700000 348
1512117700000 353
1512117700000 353
1512117700000 354
1512117700000 354
1512117710000 342
1512117710000 342
1512117710000 342
1512117710000 342
1512117710000 342
1512117710000 342
1512117710000 342
1512117710000 343
1512117710000 343
1512117710000 343
1512117710000 343
1512117710000 343
1512117710000 343
1512117710000 343
1512117710000 343
1512117710000 343
1512117710000 343
1512117710000 343
1512117710000 343
1512117710000 343
1512117710000 343
1512117710000 343
1512117710000 343
1512117710000 343
1512117710000 343
1512117710000 343
1512117710000 343
1512117710000 343
1512117710000 343
1512117710000 343
1512117710000 343
1512117710000 343
1512117710000 343
1512117710000 343
1512117710000 343
1512117710000 343
1512117710000 343
1512117710000 343
1512117710000 343
1512117710000 343
1512117710000 343
1512117710000 343
1512117710000 343
1512117710000 343
1512117710000 343
1512117710000 343
1512117710000 343
1512117710000 343
1512117710000 343
1512117710000 343
1512117710000 343
1512117710000 343
1512117710000 343
1512117710000 343
1512117710000 344
1512117710000 344
1512117710000 344
1512117710000 344
1512117710000 344
1512117710000 344
1512117710000 344
1512117710000 344
1512117710000 344
1512117710000 344
1512117710000 344
1512117710000 344
1512117710000 345
1512117710000 345
1512117710000 345
1512117710000 345
1512117710000 345
1512117710000 345
1512117710000 345
1512117710000 345
1512117710000 345
1512117710000 345
1512117710000 345
1512117710000 345
1512117710000 345
1512117710000 345
1512117710000 345
1512117710000 345
1512117710000 345
1512117710000 345
1512117710000 345
1512117710000 345
1512117710000 345
1512117710000 345
1512117710000 345
1512117710000 345
1512117710000 346
1512117710000 346
1512117710000 346
1512117710000 346
1512117710000 346
1512117710000 346
1512117710000 346
1512117710000 346
1512117710000 346
1512117710000 346
1512117720000 316
1512117720000 316
1512117720000 316
1512117720000 317
1512117720000 317
1512117720000 317
1512117720000 317
1512117720000 317
1512117720000 317
1512117720000 317
1512117720000 317
1512117720000 317
1512117720000 317
1512117720000 317
1512117720000 317
1512117720000 317
1512117720000 317
1512117720000 317
1512117720000 317
1512117720000 317
1512117720000 317
1512117720000 317
1512117720000 317
1512117720000 317
1512117720000 317
1512117720000 317
1512117720000 317
1512117720000 318
1512117720000 318
1512117720000 318
1512117720000 318
1512117720000 318
1512117720000 318
1512117720000 318
1512117720000 318
1512117720000 318
1512117720000 318
1512117720000 318
1512117720000 318
1512117720000 318
1512117720000 318
1512117720000 318
1512117720000 318
1512117720000 318
1512117720000 318
1512117720000 318
1512117720000 318
1512117720000 318
1512117720000 318
1512117720000 318
1512117720000 318
1512117720000 318
1512117720000 318
1512117720000 319
1512117720000 319
1512117720000 319
1512117720000 319
1512117720000 319
1512117720000 319
1512117720000 319
1512117720000 319
1512117720000 319
1512117720000 319
1512117720000 319
1512117720000 319
1512117720000 319
1512117720000 319
1512117720000 319
1512117720000 319
1512117720000 319
1512117720000 319
1512117720000 319
1512117720000 319
1512117720000 319
1512117720000 319
1512117720000 319
1512117720000 319
1512117720000 319
1512117720000 319
1512117720000 319
1512117720000 319
1512117720000 319
1512117720000 320
1512117720000 320
1512117720000 320
1512117720000 320
1512117720000 320
1512117720000 320
1512117720000 320
1512117720000 321
1512117720000 340
1512117720000 340
1512117720000 340
1512117720000 341
1512117720000 341
1512117720000 342
1512117720000 343
1512117720000 343
1512117720000 344
1512117720000 344
1512117730000 300
1512117730000 301
1512117730000 301
1512117730000 301
1512117730000 301
1512117730000 301
1512117730000 301
1512117730000 301
1512117730000 301
1512117730000 301
1512117730000 301
1512117730000 301
1512117730000 301
1512117730000 301
1512117730000 301
1512117730000 301
1512117730000 301
1512117730000 301
1512117730000 301
1512117730000 301
1512117730000 302
1512117730000 302
1512117730000 302
1512117730000 302
1512117730000 302
1512117730000 302
1512117730000 302
1512117730000 302
1512117730000 302
1512117730000 302
1512117730000 302
1512117730000 302
1512117730000 302
1512117730000 302
1512117730000 302
1512117730000 302
1512117730000 302
1512117730000 302
1512117730000 302
1512117730000 302
1512117730000 302
1512117730000 302
1512117730000 302
1512117730000 302
1512117730000 302
1512117730000 302
1512117730000 302
1512117730000 302
1512117730000 302
1512117730000 302
1512117730000 302
1512117730000 302
1512117730000 302
1512117730000 302
1512117730000 302
1512117730000 302
1512117730000 302
1512117730000 302
1512117730000 302
1512117730000 302
1512117730000 302
1512117730000 303
1512117730000 303
1512117730000 303
1512117730000 303
1512117730000 303
1512117730000 303
1512117730000 303
1512117730000 303
1512117730000 303
1512117730000 303
1512117730000 303
1512117730000 303
1512117730000 303
1512117730000 303
1512117730000 303
1512117730000 303
1512117730000 303
1512117730000 303
1512117730000 303
1512117730000 303
1512117730000 303
1512117730000 303
1512117730000 303
1512117730000 303
1512117730000 303
1512117730000 303
1512117730000 303
1512117730000 303
1512117730000 303
1512117730000 303
1512117730000 304
1512117730000 304
1512117730000 304
1512117730000 304
1512117730000 304
1512117730000 304
1512117730000 304
1512117730000 304
1512117730000 331
1512117740000 335
1512117740000 335
1512117740000 335
1512117740000 336
1512117740000 336
1512117740000 336
1512117740000 336
1512117740000 336
1512117740000 336
1512117740000 336
1512117740000 336
1512117740000 336
1512117740000 336
1512117740000 336
1512117740000 336
1512117740000 336
1512117740000 336
1512117740000 336
1512117740000 336
1512117740000 336
1512117740000 336
1512117740000 336
1512117740000 336
1512117740000 336
1512117740000 336
1512117740000 336
1512117740000 336
1512117740000 336
1512117740000 336
1512117740000 336
1512117740000 336
1512117740000 336
1512117740000 336
1512117740000 336
1512117740000 336
1512117740000 337
1512117740000 337
1512117740000 337
1512117740000 337
1512117740000 337
1512117740000 337
1512117740000 337
1512117740000 337
1512117740000 337
1512117740000 337
1512117740000 337
1512117740000 337
1512117740000 337
1512117740000 337
1512117740000 337
1512117740000 337
1512117740000 337
1512117740000 337
1512117740000 337
1512117740000 337
1512117740000 337
1512117740000 338
1512117740000 338
1512117740000 338
1512117740000 338
1512117740000 338
1512117740000 338
1512117740000 338
1512117740000 338
1512117740000 338
1512117740000 338
1512117740000 338
1512117740000 338
1512117740000 338
1512117740000 338
1512117740000 338
1512117740000 338
1512117740000 338
1512117740000 338
1512117740000 339
1512117740000 339
1512117740000 340
1512117740000 340
1512117740000 340
1512117740000 340
1512117740000 340
1512117740000 340
1512117740000 340
1512117740000 340
1512117740000 340
1512117740000 340
1512117740000 341
1512117740000 341
1512117740000 341
1512117740000 341
1512117740000 341
1512117740000 342
1512117740000 342
1512117740000 342
1512117740000 364
1512117740000 364
1512117740000 364
1512117740000 365
1512117740000 365
1512117740000 365
1512117750000 293
1512117750000 293
1512117750000 293
1512117750000 293
1512117750000 293
1512117750000 293
1512117750000 294
1512117750000 294
1512117750000 294
1512117750000 294
1512117750000 294
1512117750000 294
1512117750000 294
1512117750000 294
1512117750000 294
1512117750000 294
1512117750000 294
1512117750000 294
1512117750000 294
1512117750000 294
1512117750000 294
1512117750000 294
1512117750000 294
1512117750000 294
1512117750000 294
1512117750000 294
1512117750000 294
1512117750000 294
1512117750000 294
1512117750000 294
1512117750000 294
1512117750000 294
1512117750000 294
1512117750000 294
1512117750000 294
1512117750000 294
1512117750000 294
1512117750000 294
1512117750000 294
1512117750000 294
1512117750000 294
1512117750000 294
1512117750000 294
1512117750000 294
1512117750000 295
1512117750000 295
1512117750000 295
1512117750000 295
1512117750000 295
1512117750000 295
1512117750000 295
1512117750000 295
1512117750000 295
1512117750000 295
1512117750000 295
1512117750000 295
1512117750000 295
1512117750000 295
1512117750000 295
1512117750000 295
1512117750000 296
1512117750000 296
1512117750000 296
1512117750000 296
1512117750000 296
1512117750000 296
1512117750000 296
1512117750000 296
1512117750000 296
1512117750000 296
1512117750000 296
1512117750000 296
1512117750000 296
1512117750000 296
1512117750000 296
1512117750000 296
1512117750000 296
1512117750000 296
1512117750000 296
1512117750000 296
1512117750000 296
1512117750000 296
1512117750000 296
1512117750000 296
1512117750000 296
1512117750000 296
1512117750000 296
1512117750000 296
1512117750000 296
1512117750000 297
1512117750000 297
1512117750000 297
1512117750000 297
1512117750000 297
1512117750000 297
1512117750000 297
1512117750000 300
1512117750000 301
1512117750000 301
1512117750000 301
1512117760000 340
1512117760000 340
1512117760000 340
1512117760000 340
1512117760000 340
1512117760000 341
1512117760000 341
1512117760000 341
1512117760000 341
1512117760000 341
1512117760000 341
1512117760000 341
1512117760000 341
1512117760000 341
1512117760000 341
1512117760000 341
1512117760000 341
1512117760000 341
1512117760000 341
1512117760000 341
1512117760000 341
1512117760000 341
1512117760000 341
1512117760000 341
1512117760000 341
1512117760000 341
1512117760000 341
1512117760000 341
1512117760000 341
1512117760000 341
1512117760000 341
1512117760000 341
1512117760000 341
1512117760000 342
1512117760000 342
1512117760000 342
1512117760000 342
1512117760000 342
1512117760000 342
1512117760000 342
1512117760000 342
1512117760000 342
1512117760000 342
1512117760000 342
1512117760000 342
1512117760000 342
1512117760000 342
1512117760000 342
1512117760000 342
1512117760000 342
1512117760000 342
1512117760000 342
1512117760000 342
1512117760000 342
1512117760000 342
1512117760000 342
1512117760000 343
1512117760000 343
1512117760000 343
1512117760000 343
1512117760000 343
1512117760000 343
1512117760000 343
1512117760000 344
1512117760000 344
1512117760000 344
1512117760000 344
1512117760000 344
1512117760000 344
1512117760000 344
1512117760000 344
1512117760000 344
1512117760000 344
1512117760000 344
1512117760000 344
1512117760000 344
1512117760000 344
1512117760000 344
1512117760000 344
1512117760000 344
1512117760000 344
1512117760000 344
1512117760000 344
1512117760000 344
1512117760000 344
1512117760000 345
1512117760000 345
1512117760000 345
1512117760000 345
1512117760000 345
1512117760000 345
1512117760000 345
1512117760000 345
1512117760000 346
1512117760000 346
1512117760000 348
1512117760000 348
1512117760000 349
1512117760000 349
1512117760000 350
1512117770000 334
1512117770000 334
1512117770000 334
1512117770000 334
1512117770000 334
1512117770000 334
1512117770000 334
1512117770000 334
1512117770000 334
1512117770000 334
1512117770000 334
1512117770000 335
1512117770000 335
1512117770000 335
1512117770000 335
1512117770000 335
1512117770000 335
1512117770000 335
1512117770000 335
1512117770000 335
1512117770000 335
1512117770000 335
1512117770000 335
1512117770000 335
1512117770000 335
1512117770000 335
1512117770000 335
1512117770000 335
1512117770000 335
1512117770000 335
1512117770000 335
1512117770000 335
1512117770000 335
1512117770000 335
1512117770000 335
1512117770000 335
1512117770000 335
1512117770000 335
1512117770000 335
1512117770000 335
1512117770000 335
1512117770000 335
1512117770000 335
1512117770000 335
1512117770000 335
1512117770000 335
1512117770000 335
1512117770000 335
1512117770000 335
1512117770000 335
1512117770000 335
1512117770000 335
1512117770000 335
1512117770000 335
1512117770000 335
1512117770000 335
1512117770000 336
1512117770000 336
1512117770000 336
1512117770000 336
1512117770000 336
1512117770000 336
1512117770000 336
1512117770000 336
1512117770000 336
1512117770000 336
1512117770000 336
1512117770000 336
1512117770000 336
1512117770000 336
1512117770000 336
1512117770000 336
1512117770000 336
1512117770000 336
1512117770000 336
1512117770000 336
1512117770000 336
1512117770000 336
1512117770000 336
1512117770000 337
1512117770000 337
1512117770000 337
1512117770000 337
1512117770000 337
1512117770000 337
1512117770000 337
1512117770000 337
1512117770000 337
1512117770000 337
1512117770000 337
1512117770000 337
1512117770000 337
1512117770000 337
1512117770000 337
1512117770000 338
1512117770000 340
1512117770000 340
1512117770000 340
1512117770000 340
1512117770000 364
1512117780000 349
1512117780000 349
1512117780000 349
1512117780000 349
1512117780000 349
1512117780000 350
1512117780000 350
1512117780000 350
1512117780000 350
1512117780000 350
1512117780000 350
1512117780000 350
1512117780000 350
1512117780000 350
1512117780000 350
1512117780000 350
1512117780000 350
1512117780000 350
1512117780000 350
1512117780000 350
1512117780000 350
1512117780000 350
1512117780000 350
1512117780000 350
1512117780000 350
1512117780000 350
1512117780000 350
1512117780000 350
1512117780000 350
1512117780000 350
1512117780000 350
1512117780000 350
1512117780000 350
1512117780000 350
1512117780000 350
1512117780000 350
1512117780000 350
1512117780000 350
1512117780000 351
1512117780000 351
1512117780000 351
1512117780000 351
1512117780000 351
1512117780000 351
1512117780000 351
1512117780000 351
1512117780000 351
1512117780000 351
1512117780000 351
1512117780000 351
1512117780000 351
1512117780000 351
1512117780000 351
1512117780000 351
1512117780000 351
1512117780000 351
1512117780000 351
1512117780000 351
1512117780000 351
1512117780000 351
1512117780000 351
1512117780000 351
1512117780000 351
1512117780000 352
1512117780000 352
1512117780000 352
1512117780000 352
1512117780000 352
1512117780000 352
1512117780000 352
1512117780000 352
1512117780000 352
1512117780000 352
1512117780000 352
1512117780000 352
1512117780000 352
1512117780000 352
1512117780000 352
1512117780000 352
1512117780000 352
1512117780000 352
1512117780000 352
1512117780000 352
1512117780000 352
1512117780000 352
1512117780000 352
1512117780000 352
1512117780000 352
1512117780000 352
1512117780000 352
1512117780000 352
1512117780000 353
1512117780000 353
1512117780000 353
1512117780000 353
1512117780000 353
1512117780000 353
1512117780000 353
1512117780000 353
1512117780000 353
1512117790000 324
1512117790000 325
1512117790000 325
1512117790000 325
1512117790000 325
1512117790000 325
1512117790000 325
1512117790000 325
1512117790000 325
1512117790000 325
1512117790000 325
1512117790000 325
1512117790000 325
1512117790000 325
1512117790000 325
1512117790000 325
1512117790000 325
1512117790000 325
1512117790000 325
1512117790000 325
1512117790000 325
1512117790000 325
1512117790000 326
1512117790000 326
1512117790000 326
1512117790000 326
1512117790000 326
1512117790000 326
1512117790000 326
1512117790000 326
1512117790000 326
1512117790000 326
1512117790000 326
1512117790000 326
1512117790000 326
1512117790000 326
1512117790000 326
1512117790000 326
1512117790000 326
1512117790000 326
1512117790000 326
1512117790000 326
1512117790000 326
1512117790000 326
1512117790000 326
1512117790000 326
1512117790000 326
1512117790000 326
1512117790000 326
1512117790000 326
1512117790000 327
1512117790000 327
1512117790000 327
1512117790000 327
1512117790000 327
1512117790000 327
1512117790000 327
1512117790000 327
1512117790000 327
1512117790000 327
1512117790000 327
1512117790000 327
1512117790000 327
1512117790000 327
1512117790000 327
1512117790000 327
1512117790000 327
1512117790000 327
1512117790000 327
1512117790000 327
1512117790000 327
1512117790000 327
1512117790000 327
1512117790000 327
1512117790000 327
1512117790000 327
1512117790000 327
1512117790000 328
1512117790000 328
1512117790000 328
1512117790000 328
1512117790000 328
1512117790000 328
1512117790000 328
1512117790000 328
1512117790000 328
1512117790000 328
1512117790000 328
1512117790000 328
1512117790000 328
1512117790000 328
1512117790000 351
1512117790000 351
1512117790000 351
1512117790000 351
1512117790000 351
1512117790000 352
1512117790000 352
1512117790000 352
1512117790000 352
1512117800000 337
1512117800000 337
1512117800000 337
1512117800000 337
1512117800000 337
1512117800000 337
1512117800000 337
1512117800000 337
1512117800000 337
1512117800000 337
1512117800000 337
1512117800000 337
1512117800000 337
1512117800000 337
1512117800000 337
1512117800000 337
1512117800000 337
1512117800000 337
1512117800000 337
1512117800000 337
1512117800000 337
1512117800000 337
1512117800000 337
1512117800000 337
1512117800000 337
1512117800000 338
1512117800000 338
1512117800000 338
1512117800000 338
1512117800000 338
1512117800000 338
1512117800000 338
1512117800000 338
1512117800000 338
1512117800000 338
1512117800000 338
1512117800000 338
1512117800000 338
1512117800000 338
1512117800000 338
1512117800000 338
1512117800000 338
1512117800000 338
1512117800000 338
1512117800000 338
1512117800000 338
1512117800000 338
1512117800000 338
1512117800000 338
1512117800000 339
1512117800000 339
1512117800000 339
1512117800000 339
1512117800000 339
1512117800000 339
1512117800000 339
1512117800000 339
1512117800000 339
1512117800000 339
1512117800000 339
1512117800000 339
1512117800000 339
1512117800000 339
1512117800000 339
1512117800000 339
1512117800000 339
1512117800000 339
1512117800000 339
1512117800000 339
1512117800000 340
1512117800000 340
1512117800000 340
1512117800000 340
1512117800000 340
1512117800000 340
1512117800000 340
1512117800000 340
1512117800000 340
1512117800000 340
1512117800000 340
1512117800000 340
1512117800000 340
1512117800000 340
1512117800000 340
1512117800000 340
1512117800000 340
1512117800000 340
1512117800000 340
1512117800000 340
1512117800000 340
1512117800000 340
1512117800000 340
1512117800000 340
1512117800000 340
1512117800000 340
1512117800000 341
1512117800000 341
1512117800000 341
1512117800000 341
1512117800000 341
1512117810000 314
1512117810000 314
1512117810000 314
1512117810000 314
1512117810000 314
1512117810000 315
1512117810000 315
1512117810000 315
1512117810000 315
1512117810000 315
1512117810000 315
1512117810000 315
1512117810000 315
1512117810000 316
1512117810000 316
1512117810000 316
1512117810000 316
1512117810000 316
1512117810000 316
1512117810000 316
1512117810000 316
1512117810000 317
1512117810000 317
1512117810000 317
1512117810000 317
1512117810000 317
1512117810000 317
1512117810000 317
1512117810000 317
1512117810000 317
1512117810000 317
1512117810000 318
1512117810000 318
1512117810000 318
1512117810000 318
1512117810000 318
1512117810000 318
1512117810000 318
1512117810000 318
1512117810000 318
1512117810000 318
1512117810000 318
1512117810000 318
1512117810000 318
1512117810000 318
1512117810000 319
1512117810000 319
1512117810000 319
1512117810000 319
1512117810000 319
1512117810000 319
1512117810000 319
1512117810000 319
1512117810000 319
1512117810000 319
1512117810000 319
1512117810000 319
1512117810000 320
1512117810000 320
1512117810000 320
1512117810000 320
1512117810000 320
1512117810000 320
1512117810000 320
1512117810000 320
1512117810000 321
1512117810000 321
1512117810000 321
1512117810000 321
1512117810000 321
1512117810000 321
1512117810000 321
1512117810000 321
1512117810000 321
1512117810000 321
1512117810000 322
1512117810000 322
1512117810000 322
1512117810000 322
1512117810000 322
1512117810000 323
1512117810000 323
1512117810000 323
1512117810000 323
1512117810000 323
1512117810000 323
1512117810000 323
1512117810000 323
1512117810000 323
1512117810000 323
1512117810000 323
1512117810000 323
1512117810000 323
1512117810000 323
1512117810000 324
1512117810000 324
1512117810000 324
1512117810000 324
1512117810000 324
1512117810000 349
1512117820000 367
1512117820000 367
1512117820000 368
1512117820000 368
1512117820000 368
1512117820000 368
1512117820000 368
1512117820000 368
1512117820000 368
1512117820000 368
1512117820000 368
1512117820000 368
1512117820000 368
1512117820000 368
1512117820000 368
1512117820000 368
1512117820000 368
1512117820000 368
1512117820000 368
1512117820000 368
1512117820000 368
1512117820000 368
1512117820000 368
1512117820000 368
1512117820000 368
1512117820000 368
1512117820000 368
1512117820000 368
1512117820000 368
1512117820000 368
1512117820000 368
1512117820000 369
1512117820000 369
1512117820000 369
1512117820000 369
1512117820000 369
1512117820000 369
1512117820000 369
1512117820000 369
1512117820000 369
1512117820000 369
1512117820000 369
1512117820000 369
1512117820000 369
1512117820000 369
1512117820000 369
1512117820000 369
1512117820000 369
1512117820000 369
1512117820000 369
1512117820000 369
1512117820000 369
1512117820000 369
1512117820000 369
1512117820000 369
1512117820000 369
1512117820000 369
1512117820000 369
1512117820000 369
1512117820000 369
1512117820000 369
1512117820000 369
1512117820000 370
1512117820000 370
1512117820000 370
1512117820000 370
1512117820000 370
1512117820000 370
1512117820000 370
1512117820000 370
1512117820000 370
1512117820000 370
1512117820000 370
1512117820000 370
1512117820000 370
1512117820000 370
1512117820000 370
1512117820000 370
1512117820000 370
1512117820000 370
1512117820000 370
1512117820000 370
1512117820000 370
1512117820000 371
1512117820000 371
1512117820000 371
1512117820000 372
1512117820000 373
1512117820000 373
1512117820000 373
1512117820000 373
1512117820000 374
1512117820000 374
1512117820000 374
1512117820000 374
1512117820000 385
1512117820000 385
1512117820000 386
1512117820000 386
1512117820000 386
1512117830000 314
1512117830000 314
1512117830000 314
1512117830000 314
1512117830000 314
1512117830000 314
1512117830000 314
1512117830000 314
1512117830000 314
1512117830000 314
1512117830000 314
1512117830000 314
1512117830000 314
1512117830000 314
1512117830000 314
1512117830000 314
1512117830000 314
1512117830000 314
1512117830000 314
1512117830000 314
1512117830000 314
1512117830000 314
1512117830000 314
1512117830000 314
1512117830000 314
1512117830000 314
1512117830000 314
1512117830000 315
1512117830000 315
1512117830000 315
1512117830000 315
1512117830000 315
1512117830000 315
1512117830000 315
1512117830000 315
1512117830000 315
1512117830000 315
1512117830000 315
1512117830000 315
1512117830000 315
1512117830000 315
1512117830000 315
1512117830000 315
1512117830000 315
1512117830000 315
1512117830000 315
1512117830000 315
1512117830000 315
1512117830000 315
1512117830000 315
1512117830000 315
1512117830000 315
1512117830000 315
1512117830000 316
1512117830000 316
1512117830000 316
1512117830000 316
1512117830000 316
1512117830000 316
1512117830000 316
1512117830000 316
1512117830000 316
1512117830000 316
1512117830000 316
1512117830000 316
1512117830000 316
1512117830000 316
1512117830000 316
1512117830000 316
1512117830000 316
1512117830000 316
1512117830000 316
1512117830000 316
1512117830000 316
1512117830000 317
1512117830000 317
1512117830000 317
1512117830000 324
1512117830000 324
1512117830000 324
1512117830000 324
1512117830000 325
1512117830000 326
1512117830000 335
1512117830000 335
1512117830000 336
1512117830000 336
1512117830000 337
1512117830000 337
1512117830000 337
1512117830000 338
1512117830000 344
1512117830000 344
1512117830000 344
1512117830000 344
1512117830000 344
1512117830000 345
1512117830000 346
1512117830000 347
1512117830000 347
1512117840000 338
1512117840000 338
1512117840000 338
1512117840000 338
1512117840000 338
1512117840000 338
1512117840000 338
1512117840000 338
1512117840000 338
1512117840000 339
1512117840000 339
1512117840000 339
1512117840000 339
1512117840000 339
1512117840000 339
1512117840000 339
1512117840000 339
1512117840000 339
1512117840000 339
1512117840000 339
1512117840000 339
1512117840000 339
1512117840000 339
1512117840000 339
1512117840000 339
1512117840000 339
1512117840000 339
1512117840000 339
1512117840000 339
1512117840000 339
1512117840000 339
1512117840000 339
1512117840000 339
1512117840000 339
1512117840000 339
1512117840000 339
1512117840000 339
1512117840000 339
1512117840000 339
1512117840000 339
1512117840000 339
1512117840000 339
1512117840000 339
1512117840000 340
1512117840000 340
1512117840000 340
1512117840000 340
1512117840000 340
1512117840000 340
1512117840000 340
1512117840000 340
1512117840000 340
1512117840000 340
1512117840000 340
1512117840000 340
1512117840000 340
1512117840000 340
1512117840000 340
1512117840000 340
1512117840000 340
1512117840000 340
1512117840000 340
1512117840000 340
1512117840000 340
1512117840000 340
1512117840000 340
1512117840000 341
1512117840000 341
1512117840000 341
1512117840000 341
1512117840000 341
1512117840000 341
1512117840000 341
1512117840000 341
1512117840000 341
1512117840000 341
1512117840000 341
1512117840000 341
1512117840000 341
1512117840000 341
1512117840000 341
1512117840000 341
1512117840000 341
1512117840000 341
1512117840000 341
1512117840000 341
1512117840000 341
1512117840000 341
1512117840000 341
1512117840000 341
1512117840000 341
1512117840000 341
1512117840000 341
1512117840000 341
1512117840000 341
1512117840000 342
1512117840000 342
1512117840000 342
1512117840000 342
1512117840000 342
1512117850000 379
1512117850000 379
1512117850000 380
1512117850000 380
1512117850000 380
1512117850000 380
1512117850000 381
1512117850000 381
1512117850000 381
1512117850000 381
1512117850000 381
1512117850000 381
1512117850000 381
1512117850000 381
1512117850000 381
1512117850000 381
1512117850000 382
1512117850000 382
1512117850000 382
1512117850000 382
1512117850000 382
1512117850000 382
1512117850000 382
1512117850000 382
1512117850000 382
1512117850000 383
1512117850000 383
1512117850000 383
1512117850000 383
1512117850000 383
1512117850000 383
1512117850000 383
1512117850000 383
1512117850000 383
1512117850000 383
1512117850000 383
1512117850000 383
1512117850000 383
1512117850000 383
1512117850000 384
1512117850000 384
1512117850000 384
1512117850000 384
1512117850000 384
1512117850000 384
1512117850000 384
1512117850000 384
1512117850000 385
1512117850000 385
1512117850000 385
1512117850000 385
1512117850000 385
1512117850000 385
1512117850000 385
1512117850000 385
1512117850000 386
1512117850000 386
1512117850000 386
1512117850000 386
1512117850000 386
1512117850000 387
1512117850000 387
1512117850000 387
1512117850000 387
1512117850000 387
1512117850000 387
1512117850000 387
1512117850000 387
1512117850000 388
1512117850000 388
1512117850000 388
1512117850000 388
1512117850000 388
1512117850000 388
1512117850000 388
1512117850000 388
1512117850000 388
1512117850000 388
1512117850000 389
1512117850000 389
1512117850000 389
1512117850000 389
1512117850000 389
1512117850000 389
1512117850000 389
1512117850000 389
1512117850000 390
1512117850000 390
1512117850000 390
1512117850000 390
1512117850000 390
1512117850000 391
1512117850000 392
1512117850000 392
1512117850000 392
1512117850000 393
1512117850000 393
1512117850000 394
1512117850000 395
1512117850000 395
1512117860000 327
1512117860000 327
1512117860000 327
1512117860000 327
1512117860000 327
1512117860000 327
1512117860000 327
1512117860000 327
1512117860000 327
1512117860000 327
1512117860000 327
1512117860000 327
1512117860000 327
1512117860000 327
1512117860000 328
1512117860000 328
1512117860000 328
1512117860000 328
1512117860000 328
1512117860000 328
1512117860000 328
1512117860000 328
1512117860000 328
1512117860000 328
1512117860000 328
1512117860000 328
1512117860000 328
1512117860000 328
1512117860000 328
1512117860000 328
1512117860000 328
1512117860000 328
1512117860000 328
1512117860000 328
1512117860000 328
1512117860000 328
1512117860000 328
1512117860000 328
1512117860000 328
1512117860000 328
1512117860000 328
1512117860000 328
1512117860000 328
1512117860000 328
1512117860000 328
1512117860000 328
1512117860000 328
1512117860000 328
1512117860000 329
1512117860000 329
1512117860000 329
1512117860000 329
1512117860000 329
1512117860000 329
1512117860000 329
1512117860000 329
1512117860000 329
1512117860000 329
1512117860000 329
1512117860000 329
1512117860000 329
1512117860000 329
1512117860000 329
1512117860000 329
1512117860000 329
1512117860000 329
1512117860000 329
1512117860000 329
1512117860000 330
1512117860000 330
1512117860000 330
1512117860000 330
1512117860000 330
1512117860000 330
1512117860000 330
1512117860000 330
1512117860000 330
1512117860000 330
1512117860000 330
1512117860000 330
1512117860000 330
1512117860000 330
1512117860000 330
1512117860000 330
1512117860000 330
1512117860000 330
1512117860000 330
1512117860000 330
1512117860000 330
1512117860000 330
1512117860000 331
1512117860000 331
1512117860000 331
1512117860000 342
1512117860000 343
1512117860000 343
1512117860000 343
1512117860000 344
1512117860000 350
1512117860000 350
1512117870000 320
1512117870000 320
1512117870000 320
1512117870000 320
1512117870000 320
1512117870000 321
1512117870000 321
1512117870000 321
1512117870000 321
1512117870000 321
1512117870000 321
1512117870000 321
1512117870000 321
1512117870000 321
1512117870000 321
1512117870000 321
1512117870000 321
1512117870000 321
1512117870000 321
1512117870000 321
1512117870000 321
1512117870000 321
1512117870000 321
1512117870000 321
1512117870000 321
1512117870000 321
1512117870000 321
1512117870000 321
1512117870000 321
1512117870000 321
1512117870000 321
1512117870000 321
1512117870000 321
1512117870000 321
1512117870000 321
1512117870000 322
1512117870000 322
1512117870000 322
1512117870000 322
1512117870000 322
1512117870000 322
1512117870000 322
1512117870000 322
1512117870000 322
1512117870000 322
1512117870000 322
1512117870000 322
1512117870000 322
1512117870000 322
1512117870000 322
1512117870000 322
1512117870000 323
1512117870000 323
1512117870000 323
1512117870000 323
1512117870000 323
1512117870000 323
1512117870000 323
1512117870000 323
1512117870000 323
1512117870000 323
1512117870000 323
1512117870000 323
1512117870000 323
1512117870000 323
1512117870000 323
1512117870000 323
1512117870000 323
1512117870000 323
1512117870000 324
1512117870000 324
1512117870000 324
1512117870000 324
1512117870000 324
1512117870000 324
1512117870000 324
1512117870000 324
1512117870000 324
1512117870000 324
1512117870000 324
1512117870000 324
1512117870000 324
1512117870000 324
1512117870000 324
1512117870000 324
1512117870000 325
1512117870000 342
1512117870000 342
1512117870000 342
1512117870000 342
1512117870000 343
1512117870000 343
1512117870000 343
1512117870000 343
1512117870000 344
1512117870000 345
1512117870000 346
1512117870000 347
1512117870000 347
1512117870000 347
1512117880000 346
1512117880000 346
1512117880000 347
1512117880000 347
1512117880000 347
1512117880000 347
1512117880000 347
1512117880000 347
1512117880000 347
1512117880000 347
1512117880000 347
1512117880000 348
1512117880000 348
1512117880000 348
1512117880000 348
1512117880000 348
1512117880000 348
1512117880000 348
1512117880000 348
1512117880000 348
1512117880000 348
1512117880000 348
1512117880000 348
1512117880000 348
1512117880000 348
1512117880000 348
1512117880000 348
1512117880000 348
1512117880000 348
1512117880000 348
1512117880000 348
1512117880000 348
1512117880000 348
1512117880000 348
1512117880000 348
1512117880000 349
1512117880000 349
1512117880000 349
1512117880000 349
1512117880000 349
1512117880000 349
1512117880000 349
1512117880000 349
1512117880000 349
1512117880000 349
1512117880000 349
1512117880000 349
1512117880000 349
1512117880000 349
1512117880000 349
1512117880000 349
1512117880000 349
1512117880000 349
1512117880000 349
1512117880000 349
1512117880000 349
1512117880000 350
1512117880000 350
1512117880000 350
1512117880000 350
1512117880000 350
1512117880000 350
1512117880000 350
1512117880000 350
1512117880000 350
1512117880000 350
1512117880000 350
1512117880000 351
1512117880000 351
1512117880000 351
1512117880000 351
1512117880000 351
1512117880000 351
1512117880000 351
1512117880000 351
1512117880000 351
1512117880000 351
1512117880000 351
1512117880000 351
1512117880000 351
1512117880000 351
1512117880000 351
1512117880000 351
1512117880000 351
1512117880000 351
1512117880000 351
1512117880000 351
1512117880000 351
1512117880000 351
1512117880000 352
1512117880000 352
1512117880000 352
1512117880000 352
1512117880000 352
1512117880000 352
1512117880000 353
1512117880000 354
1512117880000 355
1512117880000 355
1512117880000 355
1512117890000 345
1512117890000 345
1512117890000 346
1512117890000 346
1512117890000 346
1512117890000 346
1512117890000 346
1512117890000 346
1512117890000 346
1512117890000 346
1512117890000 346
1512117890000 346
1512117890000 346
1512117890000 346
1512117890000 346
1512117890000 346
1512117890000 346
1512117890000 346
1512117890000 346
1512117890000 346
1512117890000 346
1512117890000 347
1512117890000 347
1512117890000 347
1512117890000 347
1512117890000 347
1512117890000 347
1512117890000 347
1512117890000 347
1512117890000 347
1512117890000 347
1512117890000 347
1512117890000 347
1512117890000 347
1512117890000 347
1512117890000 347
1512117890000 347
1512117890000 347
1512117890000 347
1512117890000 347
1512117890000 347
1512117890000 347
1512117890000 347
1512117890000 347
1512117890000 347
1512117890000 347
1512117890000 347
1512117890000 347
1512117890000 347
1512117890000 347
1512117890000 347
1512117890000 348
1512117890000 348
1512117890000 348
1512117890000 348
1512117890000 348
1512117890000 348
1512117890000 348
1512117890000 348
1512117890000 348
1512117890000 348
1512117890000 348
1512117890000 348
1512117890000 348
1512117890000 348
1512117890000 348
1512117890000 348
1512117890000 348
1512117890000 348
1512117890000 348
1512117890000 348
1512117890000 348
1512117890000 348
1512117890000 348
1512117890000 348
1512117890000 348
1512117890000 349
1512117890000 349
1512117890000 349
1512117890000 349
1512117890000 349
1512117890000 349
1512117890000 349
1512117890000 349
1512117890000 349
1512117890000 349
1512117890000 349
1512117890000 349
1512117890000 349
1512117890000 349
1512117890000 349
1512117890000 349
1512117890000 349
1512117890000 349
1512117890000 349
1512117890000 350
1512117890000 350
1512117890000 350
1512117890000 350
1512117890000 350
1512117900000 108
1512117900000 146
1512117900000 181
1512117900000 -1908
1512117900000 -1910
1512117900000 -1914
1512117900000 -1923
1512117900000 -1935
1512117900000 194
1512117900000 -1966
1512117900000 -1990
1512117900000 -1991
1512117900000 -1991
1512117900000 -1995
1512117900000 23
1512117900000 29
1512117900000 33
1512117900000 333
1512117900000 333
1512117900000 333
1512117900000 333
1512117900000 334
1512117900000 334
1512117900000 334
1512117900000 334
1512117900000 334
1512117900000 334
1512117900000 335
1512117900000 336
1512117900000 336
1512117900000 336
1512117900000 337
1512117900000 347
1512117900000 46
1512117900000 47
1512117900000 48
1512117900000 -547
1512117900000 56
1512117900000 65
1512117900000 68
1512117900000 68
1512117900000 77
1512117900000 -858
1512117900000 -868
1512117900000 -879
1512117900000 -883
1512117900000 -893
1512117900000 -894
1512117900000 -896
1512117900000 -898
1512117900000 9
1512117900000 9
1512117900000 -900
1512117900000 -910
1512117900000 -910
1512117900000 -911
1512117900000 -911
1512117900000 -911
1512117900000 -914
1512117900000 -914
1512117900000 -914
1512117900000 -915
1512117900000 -916
1512117900000 -918
1512117900000 -924
1512117900000 -925
1512117900000 -930
1512117900000 -931
1512117900000 -931
1512117900000 -932
1512117900000 -933
1512117900000 -934
1512117900000 -935
1512117900000 -935
1512117900000 -937
1512117900000 -937
1512117900000 -938
1512117900000 -939
1512117900000 -943
1512117900000 -950
1512117900000 -951
1512117900000 -952
1512117900000 -953
1512117900000 -954
1512117900000 -955
1512117900000 -955
1512117900000 -958
1512117900000 -966
1512117900000 -978
1512117900000 -989
1512117900000 -991
1512117900000 -991
1512117900000 -991
1512117900000 -991
1512117900000 -992
1512117900000 -993
1512117900000 -993
1512117900000 -994
1512117900000 -995
1512117900000 -995
