1512084040000 2569
1512084040000 2569
1512084040000 2570
1512084040000 2570
1512084040000 2571
1512084040000 2572
1512084040000 2573
1512084040000 2573
1512084040000 2573
1512084040000 2574
1512084040000 2574
1512084040000 2574
1512084040000 2574
1512084040000 2574
1512084040000 2575
1512084040000 2575
1512084040000 2575
1512084040000 2575
1512084040000 2576
1512084040000 2576
1512084040000 2576
1512084040000 2577
1512084040000 2577
1512084040000 2577
1512084040000 2577
1512084040000 2577
1512084040000 2578
1512084040000 2578
1512084040000 2578
1512084040000 2579
1512084040000 2579
1512084040000 2579
1512084040000 2580
1512084040000 2580
1512084040000 2581
1512084040000 2581
1512084040000 2581
1512084040000 2581
1512084040000 2582
1512084040000 2582
1512084040000 2582
1512084040000 2582
1512084040000 2582
1512084040000 2582
1512084040000 2582
1512084040000 2582
1512084040000 2582
1512084040000 2583
1512084040000 2583
1512084040000 2584
1512084040000 2584
1512084040000 2586
1512084040000 2586
1512084040000 2586
1512084040000 2586
1512084040000 2586
1512084040000 2586
1512084040000 2587
1512084040000 2587
1512084040000 2587
1512084040000 2587
1512084040000 2587
1512084040000 2587
1512084040000 2587
1512084040000 2588
1512084040000 2588
1512084040000 2588
1512084040000 2588
1512084040000 2588
1512084040000 2588
1512084040000 2588
1512084040000 2588
1512084040000 2588
1512084040000 2589
1512084040000 2589
1512084040000 2589
1512084040000 2589
1512084040000 2589
1512084040000 2589
1512084040000 2590
1512084040000 2590
1512084040000 2590
1512084040000 2591
1512084040000 2592
1512084040000 2592
1512084040000 2592
1512084040000 2593
1512084040000 2593
1512084040000 2594
1512084040000 2594
1512084040000 2594
1512084040000 2600
1512084040000 2601
1512084040000 2607
1512084040000 2607
1512084040000 2608
1512084040000 2608
1512084040000 2609
1512084040000 2637
1512084040000 2637
1512084050000 1262
1512084050000 1262
1512084050000 1262
1512084050000 1262
1512084050000 1262
1512084050000 1262
1512084050000 1262
1512084050000 1263
1512084050000 1263
1512084050000 1263
1512084050000 1263
1512084050000 1263
1512084050000 1263
1512084050000 1263
1512084050000 1263
1512084050000 1263
1512084050000 1264
1512084050000 1264
1512084050000 1264
1512084050000 1264
1512084050000 1264
1512084050000 1264
1512084050000 1264
1512084050000 1264
1512084050000 1265
1512084050000 1265
1512084050000 1265
1512084050000 1265
1512084050000 1265
1512084050000 1265
1512084050000 1265
1512084050000 1265
1512084050000 1265
1512084050000 1265
1512084050000 1265
1512084050000 1266
1512084050000 1266
1512084050000 1266
1512084050000 1266
1512084050000 1266
1512084050000 1266
1512084050000 1266
1512084050000 1266
1512084050000 1266
1512084050000 1266
1512084050000 1266
1512084050000 1267
1512084050000 1267
1512084050000 1267
1512084050000 1267
1512084050000 1267
1512084050000 1267
1512084050000 1267
1512084050000 1267
1512084050000 1267
1512084050000 1267
1512084050000 1267
1512084050000 1267
1512084050000 1267
1512084050000 1267
1512084050000 1267
1512084050000 1267
1512084050000 1267
1512084050000 1267
1512084050000 1268
1512084050000 1268
1512084050000 1268
1512084050000 1268
1512084050000 1268
1512084050000 1268
1512084050000 1268
1512084050000 1268
1512084050000 1268
1512084050000 1268
1512084050000 1269
1512084050000 1269
1512084050000 1269
1512084050000 1269
1512084050000 1269
1512084050000 1269
1512084050000 1269
1512084050000 1269
1512084050000 1269
1512084050000 1269
1512084050000 1270
1512084050000 1270
1512084050000 1270
1512084050000 1270
1512084050000 1270
1512084050000 1270
1512084050000 1271
1512084050000 1271
1512084050000 1271
1512084050000 1271
1512084050000 1271
1512084050000 1311
1512084050000 1312
1512084050000 1312
1512084050000 1312
1512084050000 1313
1512084060000 1001
1512084060000 1002
1512084060000 1002
1512084060000 1003
1512084060000 1004
1512084060000 1004
1512084060000 948
1512084060000 948
1512084060000 948
1512084060000 949
1512084060000 949
1512084060000 949
1512084060000 949
1512084060000 949
1512084060000 949
1512084060000 949
1512084060000 949
1512084060000 949
1512084060000 949
1512084060000 949
1512084060000 949
1512084060000 949
1512084060000 949
1512084060000 949
1512084060000 949
1512084060000 950
1512084060000 950
1512084060000 950
1512084060000 950
1512084060000 950
1512084060000 950
1512084060000 950
1512084060000 950
1512084060000 950
1512084060000 950
1512084060000 950
1512084060000 950
1512084060000 950
1512084060000 950
1512084060000 950
1512084060000 950
1512084060000 950
1512084060000 950
1512084060000 950
1512084060000 950
1512084060000 950
1512084060000 951
1512084060000 951
1512084060000 951
1512084060000 951
1512084060000 951
1512084060000 951
1512084060000 951
1512084060000 951
1512084060000 951
1512084060000 951
1512084060000 951
1512084060000 951
1512084060000 951
1512084060000 951
1512084060000 951
1512084060000 951
1512084060000 951
1512084060000 951
1512084060000 951
1512084060000 952
1512084060000 952
1512084060000 952
1512084060000 952
1512084060000 952
1512084060000 952
1512084060000 952
1512084060000 952
1512084060000 952
1512084060000 952
1512084060000 952
1512084060000 952
1512084060000 952
1512084060000 952
1512084060000 952
1512084060000 952
1512084060000 952
1512084060000 952
1512084060000 953
1512084060000 953
1512084060000 953
1512084060000 953
1512084060000 953
1512084060000 953
1512084060000 953
1512084060000 953
1512084060000 953
1512084060000 953
1512084060000 953
1512084060000 953
1512084060000 953
1512084060000 953
1512084060000 978
1512084060000 983
1512084060000 983
1512084070000 1232
1512084070000 1232
1512084070000 1232
1512084070000 1232
1512084070000 1232
1512084070000 1232
1512084070000 1233
1512084070000 1233
1512084070000 1233
1512084070000 1233
1512084070000 1233
1512084070000 1233
1512084070000 1233
1512084070000 1233
1512084070000 1233
1512084070000 1233
1512084070000 1233
1512084070000 1233
1512084070000 1233
1512084070000 1233
1512084070000 1233
1512084070000 1233
1512084070000 1233
1512084070000 1234
1512084070000 1234
1512084070000 1234
1512084070000 1234
1512084070000 1234
1512084070000 1234
1512084070000 1234
1512084070000 1234
1512084070000 1234
1512084070000 1234
1512084070000 1235
1512084070000 1235
1512084070000 1235
1512084070000 1235
1512084070000 1235
1512084070000 1235
1512084070000 1235
1512084070000 1236
1512084070000 1236
1512084070000 1236
1512084070000 1236
1512084070000 1236
1512084070000 1236
1512084070000 1236
1512084070000 1237
1512084070000 1237
1512084070000 1237
1512084070000 1237
1512084070000 1237
1512084070000 1237
1512084070000 1237
1512084070000 1237
1512084070000 1237
1512084070000 1237
1512084070000 1237
1512084070000 1237
1512084070000 1238
1512084070000 1238
1512084070000 1238
1512084070000 1238
1512084070000 1238
1512084070000 1238
1512084070000 1239
1512084070000 1239
1512084070000 1239
1512084070000 1239
1512084070000 1239
1512084070000 1239
1512084070000 1239
1512084070000 1239
1512084070000 1239
1512084070000 1240
1512084070000 1240
1512084070000 1240
1512084070000 1240
1512084070000 1240
1512084070000 1240
1512084070000 1240
1512084070000 1241
1512084070000 1241
1512084070000 1241
1512084070000 1241
1512084070000 1242
1512084070000 1242
1512084070000 1242
1512084070000 1242
1512084070000 1242
1512084070000 1242
1512084070000 1243
1512084070000 1243
1512084070000 1243
1512084070000 1243
1512084070000 1265
1512084070000 1266
1512084070000 1292
1512084070000 1293
1512084070000 1293
1512084080000 1237
1512084080000 1237
1512084080000 1237
1512084080000 1237
1512084080000 1237
1512084080000 1237
1512084080000 1237
1512084080000 1237
1512084080000 1237
1512084080000 1237
1512084080000 1237
1512084080000 1237
1512084080000 1237
1512084080000 1238
1512084080000 1238
1512084080000 1238
1512084080000 1238
1512084080000 1238
1512084080000 1238
1512084080000 1238
1512084080000 1238
1512084080000 1238
1512084080000 1238
1512084080000 1238
1512084080000 1238
1512084080000 1238
1512084080000 1238
1512084080000 1238
1512084080000 1238
1512084080000 1239
1512084080000 1239
1512084080000 1239
1512084080000 1239
1512084080000 1239
1512084080000 1239
1512084080000 1239
1512084080000 1239
1512084080000 1239
1512084080000 1239
1512084080000 1239
1512084080000 1239
1512084080000 1239
1512084080000 1239
1512084080000 1239
1512084080000 1239
1512084080000 1239
1512084080000 1239
1512084080000 1239
1512084080000 1240
1512084080000 1240
1512084080000 1240
1512084080000 1240
1512084080000 1240
1512084080000 1240
1512084080000 1240
1512084080000 1240
1512084080000 1240
1512084080000 1240
1512084080000 1240
1512084080000 1240
1512084080000 1241
1512084080000 1241
1512084080000 1241
1512084080000 1241
1512084080000 1241
1512084080000 1241
1512084080000 1241
1512084080000 1241
1512084080000 1241
1512084080000 1241
1512084080000 1242
1512084080000 1242
1512084080000 1242
1512084080000 1242
1512084080000 1242
1512084080000 1242
1512084080000 1242
1512084080000 1242
1512084080000 1243
1512084080000 1243
1512084080000 1243
1512084080000 1243
1512084080000 1243
1512084080000 1243
1512084080000 1243
1512084080000 1243
1512084080000 1244
1512084080000 1244
1512084080000 1244
1512084080000 1244
1512084080000 1245
1512084080000 1255
1512084080000 1255
1512084080000 1255
1512084080000 1256
1512084080000 1293
1512084080000 1293
1512084080000 1293
1512084080000 1294
1512084080000 1294
1512084090000 1266
1512084090000 1266
1512084090000 1266
1512084090000 1266
1512084090000 1266
1512084090000 1266
1512084090000 1266
1512084090000 1266
1512084090000 1266
1512084090000 1266
1512084090000 1266
1512084090000 1266
1512084090000 1267
1512084090000 1267
1512084090000 1267
1512084090000 1267
1512084090000 1267
1512084090000 1267
1512084090000 1267
1512084090000 1267
1512084090000 1267
1512084090000 1267
1512084090000 1267
1512084090000 1268
1512084090000 1268
1512084090000 1268
1512084090000 1268
1512084090000 1268
1512084090000 1268
1512084090000 1268
1512084090000 1268
1512084090000 1268
1512084090000 1268
1512084090000 1268
1512084090000 1268
1512084090000 1268
1512084090000 1268
1512084090000 1268
1512084090000 1268
1512084090000 1268
1512084090000 1268
1512084090000 1268
1512084090000 1268
1512084090000 1268
1512084090000 1268
1512084090000 1268
1512084090000 1269
1512084090000 1269
1512084090000 1269
1512084090000 1269
1512084090000 1269
1512084090000 1269
1512084090000 1269
1512084090000 1269
1512084090000 1269
1512084090000 1269
1512084090000 1270
1512084090000 1270
1512084090000 1270
1512084090000 1270
1512084090000 1270
1512084090000 1270
1512084090000 1270
1512084090000 1270
1512084090000 1270
1512084090000 1270
1512084090000 1270
1512084090000 1270
1512084090000 1270
1512084090000 1270
1512084090000 1271
1512084090000 1271
1512084090000 1271
1512084090000 1271
1512084090000 1272
1512084090000 1272
1512084090000 1272
1512084090000 1272
1512084090000 1272
1512084090000 1272
1512084090000 1272
1512084090000 1272
1512084090000 1273
1512084090000 1273
1512084090000 1273
1512084090000 1273
1512084090000 1274
1512084090000 1303
1512084090000 1303
1512084090000 1304
1512084090000 1304
1512084090000 1305
1512084090000 1305
1512084090000 1305
1512084090000 1305
1512084090000 1319
1512084090000 1319
1512084090000 1319
1512084090000 1320
1512084090000 1321
1512084100000 1305
1512084100000 1305
1512084100000 1305
1512084100000 1305
1512084100000 1306
1512084100000 1306
1512084100000 1306
1512084100000 1306
1512084100000 1306
1512084100000 1306
1512084100000 1306
1512084100000 1306
1512084100000 1306
1512084100000 1306
1512084100000 1306
1512084100000 1306
1512084100000 1306
1512084100000 1306
1512084100000 1306
1512084100000 1306
1512084100000 1306
1512084100000 1306
1512084100000 1307
1512084100000 1307
1512084100000 1307
1512084100000 1307
1512084100000 1307
1512084100000 1307
1512084100000 1307
1512084100000 1307
1512084100000 1307
1512084100000 1307
1512084100000 1307
1512084100000 1307
1512084100000 1307
1512084100000 1307
1512084100000 1307
1512084100000 1308
1512084100000 1308
1512084100000 1308
1512084100000 1308
1512084100000 1308
1512084100000 1308
1512084100000 1308
1512084100000 1308
1512084100000 1308
1512084100000 1308
1512084100000 1308
1512084100000 1308
1512084100000 1308
1512084100000 1308
1512084100000 1308
1512084100000 1308
1512084100000 1309
1512084100000 1309
1512084100000 1309
1512084100000 1309
1512084100000 1309
1512084100000 1309
1512084100000 1310
1512084100000 1310
1512084100000 1310
1512084100000 1310
1512084100000 1310
1512084100000 1310
1512084100000 1310
1512084100000 1310
1512084100000 1310
1512084100000 1310
1512084100000 1310
1512084100000 1310
1512084100000 1310
1512084100000 1311
1512084100000 1311
1512084100000 1311
1512084100000 1311
1512084100000 1311
1512084100000 1311
1512084100000 1311
1512084100000 1311
1512084100000 1311
1512084100000 1311
1512084100000 1311
1512084100000 1311
1512084100000 1311
1512084100000 1312
1512084100000 1312
1512084100000 1312
1512084100000 1312
1512084100000 1312
1512084100000 1312
1512084100000 1313
1512084100000 1332
1512084100000 1332
1512084100000 1333
1512084100000 1333
1512084100000 1334
1512084100000 1334
1512084100000 1335
1512084100000 1335
1512084110000 1257
1512084110000 1257
1512084110000 1257
1512084110000 1257
1512084110000 1257
1512084110000 1257
1512084110000 1257
1512084110000 1257
1512084110000 1257
1512084110000 1257
1512084110000 1257
1512084110000 1257
1512084110000 1258
1512084110000 1258
1512084110000 1258
1512084110000 1258
1512084110000 1258
1512084110000 1258
1512084110000 1258
1512084110000 1258
1512084110000 1258
1512084110000 1258
1512084110000 1258
1512084110000 1258
1512084110000 1258
1512084110000 1258
1512084110000 1258
1512084110000 1258
1512084110000 1258
1512084110000 1258
1512084110000 1259
1512084110000 1259
1512084110000 1259
1512084110000 1259
1512084110000 1259
1512084110000 1259
1512084110000 1259
1512084110000 1259
1512084110000 1259
1512084110000 1259
1512084110000 1259
1512084110000 1259
1512084110000 1259
1512084110000 1259
1512084110000 1259
1512084110000 1259
1512084110000 1259
1512084110000 1259
1512084110000 1259
1512084110000 1259
1512084110000 1259
1512084110000 1259
1512084110000 1260
1512084110000 1260
1512084110000 1260
1512084110000 1260
1512084110000 1260
1512084110000 1260
1512084110000 1260
1512084110000 1260
1512084110000 1260
1512084110000 1260
1512084110000 1260
1512084110000 1260
1512084110000 1260
1512084110000 1261
1512084110000 1261
1512084110000 1261
1512084110000 1261
1512084110000 1261
1512084110000 1261
1512084110000 1261
1512084110000 1261
1512084110000 1261
1512084110000 1261
1512084110000 1261
1512084110000 1261
1512084110000 1261
1512084110000 1261
1512084110000 1261
1512084110000 1261
1512084110000 1262
1512084110000 1262
1512084110000 1262
1512084110000 1262
1512084110000 1262
1512084110000 1262
1512084110000 1262
1512084110000 1262
1512084110000 1263
1512084110000 1263
1512084110000 1264
1512084110000 1264
1512084110000 1264
1512084110000 1265
1512084110000 1312
1512084110000 1313
1512084110000 1313
1512084110000 1314
1512084110000 1314
1512084120000 1287
1512084120000 1287
1512084120000 1287
1512084120000 1287
1512084120000 1287
1512084120000 1287
1512084120000 1287
1512084120000 1287
1512084120000 1288
1512084120000 1288
1512084120000 1288
1512084120000 1288
1512084120000 1288
1512084120000 1288
1512084120000 1288
1512084120000 1288
1512084120000 1288
1512084120000 1288
1512084120000 1289
1512084120000 1289
1512084120000 1289
1512084120000 1289
1512084120000 1289
1512084120000 1289
1512084120000 1289
1512084120000 1289
1512084120000 1289
1512084120000 1289
1512084120000 1289
1512084120000 1289
1512084120000 1289
1512084120000 1289
1512084120000 1289
1512084120000 1289
1512084120000 1289
1512084120000 1289
1512084120000 1289
1512084120000 1289
1512084120000 1290
1512084120000 1290
1512084120000 1290
1512084120000 1290
1512084120000 1290
1512084120000 1290
1512084120000 1290
1512084120000 1290
1512084120000 1290
1512084120000 1290
1512084120000 1290
1512084120000 1290
1512084120000 1290
1512084120000 1290
1512084120000 1291
1512084120000 1291
1512084120000 1291
1512084120000 1291
1512084120000 1291
1512084120000 1291
1512084120000 1291
1512084120000 1291
1512084120000 1291
1512084120000 1291
1512084120000 1291
1512084120000 1291
1512084120000 1291
1512084120000 1291
1512084120000 1291
1512084120000 1291
1512084120000 1291
1512084120000 1292
1512084120000 1292
1512084120000 1292
1512084120000 1292
1512084120000 1292
1512084120000 1292
1512084120000 1292
1512084120000 1292
1512084120000 1292
1512084120000 1292
1512084120000 1292
1512084120000 1292
1512084120000 1292
1512084120000 1293
1512084120000 1293
1512084120000 1293
1512084120000 1293
1512084120000 1293
1512084120000 1293
1512084120000 1293
1512084120000 1293
1512084120000 1294
1512084120000 1294
1512084120000 1295
1512084120000 1320
1512084120000 1320
1512084120000 1320
1512084120000 1321
1512084120000 1322
1512084120000 1323
1512084120000 1324
1512084130000 1230
1512084130000 1230
1512084130000 1230
1512084130000 1230
1512084130000 1230
1512084130000 1230
1512084130000 1230
1512084130000 1230
1512084130000 1230
1512084130000 1230
1512084130000 1230
1512084130000 1230
1512084130000 1231
1512084130000 1231
1512084130000 1231
1512084130000 1231
1512084130000 1231
1512084130000 1231
1512084130000 1231
1512084130000 1231
1512084130000 1231
1512084130000 1231
1512084130000 1231
1512084130000 1231
1512084130000 1231
1512084130000 1231
1512084130000 1231
1512084130000 1231
1512084130000 1231
1512084130000 1231
1512084130000 1231
1512084130000 1231
1512084130000 1231
1512084130000 1231
1512084130000 1231
1512084130000 1231
1512084130000 1232
1512084130000 1232
1512084130000 1232
1512084130000 1232
1512084130000 1232
1512084130000 1232
1512084130000 1232
1512084130000 1232
1512084130000 1232
1512084130000 1232
1512084130000 1232
1512084130000 1232
1512084130000 1233
1512084130000 1233
1512084130000 1233
1512084130000 1233
1512084130000 1233
1512084130000 1233
1512084130000 1233
1512084130000 1233
1512084130000 1233
1512084130000 1233
1512084130000 1233
1512084130000 1233
1512084130000 1233
1512084130000 1233
1512084130000 1233
1512084130000 1233
1512084130000 1233
1512084130000 1233
1512084130000 1234
1512084130000 1234
1512084130000 1234
1512084130000 1234
1512084130000 1234
1512084130000 1234
1512084130000 1234
1512084130000 1235
1512084130000 1235
1512084130000 1235
1512084130000 1235
1512084130000 1235
1512084130000 1235
1512084130000 1235
1512084130000 1235
1512084130000 1235
1512084130000 1235
1512084130000 1235
1512084130000 1236
1512084130000 1236
1512084130000 1236
1512084130000 1236
1512084130000 1236
1512084130000 1237
1512084130000 1237
1512084130000 1237
1512084130000 1237
1512084130000 1238
1512084130000 1238
1512084130000 1238
1512084130000 1258
1512084130000 1258
1512084130000 1259
1512084130000 1259
1512084140000 1229
1512084140000 1229
1512084140000 1229
1512084140000 1230
1512084140000 1230
1512084140000 1230
1512084140000 1230
1512084140000 1230
1512084140000 1230
1512084140000 1230
1512084140000 1230
1512084140000 1230
1512084140000 1231
1512084140000 1231
1512084140000 1231
1512084140000 1231
1512084140000 1231
1512084140000 1231
1512084140000 1231
1512084140000 1231
1512084140000 1231
1512084140000 1231
1512084140000 1231
1512084140000 1231
1512084140000 1231
1512084140000 1231
1512084140000 1231
1512084140000 1231
1512084140000 1231
1512084140000 1231
1512084140000 1231
1512084140000 1232
1512084140000 1232
1512084140000 1232
1512084140000 1232
1512084140000 1232
1512084140000 1232
1512084140000 1232
1512084140000 1232
1512084140000 1232
1512084140000 1232
1512084140000 1232
1512084140000 1232
1512084140000 1232
1512084140000 1232
1512084140000 1232
1512084140000 1232
1512084140000 1233
1512084140000 1233
1512084140000 1233
1512084140000 1233
1512084140000 1233
1512084140000 1233
1512084140000 1233
1512084140000 1233
1512084140000 1233
1512084140000 1234
1512084140000 1234
1512084140000 1234
1512084140000 1234
1512084140000 1234
1512084140000 1234
1512084140000 1234
1512084140000 1235
1512084140000 1235
1512084140000 1235
1512084140000 1235
1512084140000 1235
1512084140000 1235
1512084140000 1235
1512084140000 1236
1512084140000 1236
1512084140000 1236
1512084140000 1236
1512084140000 1236
1512084140000 1236
1512084140000 1236
1512084140000 1236
1512084140000 1236
1512084140000 1237
1512084140000 1237
1512084140000 1237
1512084140000 1237
1512084140000 1237
1512084140000 1237
1512084140000 1237
1512084140000 1238
1512084140000 1238
1512084140000 1238
1512084140000 1239
1512084140000 1239
1512084140000 1240
1512084140000 1241
1512084140000 1248
1512084140000 1284
1512084140000 1285
1512084140000 1285
1512084140000 1285
1512084140000 1285
1512084140000 1285
1512084150000 1196
1512084150000 1196
1512084150000 1196
1512084150000 1196
1512084150000 1196
1512084150000 1196
1512084150000 1196
1512084150000 1196
1512084150000 1196
1512084150000 1196
1512084150000 1197
1512084150000 1197
1512084150000 1197
1512084150000 1197
1512084150000 1197
1512084150000 1197
1512084150000 1197
1512084150000 1197
1512084150000 1197
1512084150000 1197
1512084150000 1197
1512084150000 1197
1512084150000 1197
1512084150000 1197
1512084150000 1197
1512084150000 1197
1512084150000 1198
1512084150000 1198
1512084150000 1198
1512084150000 1198
1512084150000 1198
1512084150000 1198
1512084150000 1198
1512084150000 1198
1512084150000 1198
1512084150000 1198
1512084150000 1198
1512084150000 1199
1512084150000 1199
1512084150000 1199
1512084150000 1199
1512084150000 1199
1512084150000 1199
1512084150000 1199
1512084150000 1199
1512084150000 1199
1512084150000 1200
1512084150000 1200
1512084150000 1200
1512084150000 1200
1512084150000 1200
1512084150000 1200
1512084150000 1200
1512084150000 1200
1512084150000 1200
1512084150000 1200
1512084150000 1200
1512084150000 1200
1512084150000 1200
1512084150000 1200
1512084150000 1200
1512084150000 1201
1512084150000 1201
1512084150000 1201
1512084150000 1201
1512084150000 1201
1512084150000 1202
1512084150000 1202
1512084150000 1202
1512084150000 1202
1512084150000 1202
1512084150000 1202
1512084150000 1202
1512084150000 1202
1512084150000 1202
1512084150000 1202
1512084150000 1203
1512084150000 1203
1512084150000 1203
1512084150000 1203
1512084150000 1203
1512084150000 1203
1512084150000 1204
1512084150000 1204
1512084150000 1204
1512084150000 1204
1512084150000 1204
1512084150000 1204
1512084150000 1204
1512084150000 1204
1512084150000 1204
1512084150000 1205
1512084150000 1206
1512084150000 1206
1512084150000 1206
1512084150000 1206
1512084150000 1207
1512084150000 1207
1512084150000 1249
1512084150000 1249
1512084160000 1264
1512084160000 1264
1512084160000 1264
1512084160000 1264
1512084160000 1264
1512084160000 1264
1512084160000 1264
1512084160000 1264
1512084160000 1265
1512084160000 1265
1512084160000 1265
1512084160000 1265
1512084160000 1265
1512084160000 1265
1512084160000 1265
1512084160000 1265
1512084160000 1265
1512084160000 1265
1512084160000 1265
1512084160000 1265
1512084160000 1265
1512084160000 1265
1512084160000 1265
1512084160000 1266
1512084160000 1266
1512084160000 1266
1512084160000 1266
1512084160000 1266
1512084160000 1266
1512084160000 1266
1512084160000 1266
1512084160000 1266
1512084160000 1266
1512084160000 1266
1512084160000 1266
1512084160000 1266
1512084160000 1266
1512084160000 1266
1512084160000 1266
1512084160000 1266
1512084160000 1267
1512084160000 1267
1512084160000 1267
1512084160000 1267
1512084160000 1267
1512084160000 1267
1512084160000 1267
1512084160000 1267
1512084160000 1267
1512084160000 1267
1512084160000 1267
1512084160000 1267
1512084160000 1267
1512084160000 1267
1512084160000 1267
1512084160000 1267
1512084160000 1268
1512084160000 1268
1512084160000 1268
1512084160000 1268
1512084160000 1268
1512084160000 1268
1512084160000 1268
1512084160000 1269
1512084160000 1269
1512084160000 1269
1512084160000 1269
1512084160000 1269
1512084160000 1269
1512084160000 1269
1512084160000 1269
1512084160000 1269
1512084160000 1269
1512084160000 1270
1512084160000 1270
1512084160000 1270
1512084160000 1270
1512084160000 1270
1512084160000 1270
1512084160000 1270
1512084160000 1270
1512084160000 1270
1512084160000 1271
1512084160000 1271
1512084160000 1271
1512084160000 1271
1512084160000 1272
1512084160000 1272
1512084160000 1272
1512084160000 1272
1512084160000 1273
1512084160000 1273
1512084160000 1273
1512084160000 1274
1512084160000 1293
1512084160000 1293
1512084160000 1293
1512084160000 1293
1512084160000 1294
1512084160000 1294
1512084170000 905
1512084170000 905
1512084170000 905
1512084170000 905
1512084170000 905
1512084170000 905
1512084170000 905
1512084170000 905
1512084170000 905
1512084170000 905
1512084170000 905
1512084170000 905
1512084170000 905
1512084170000 905
1512084170000 905
1512084170000 905
1512084170000 905
1512084170000 905
1512084170000 905
1512084170000 905
1512084170000 906
1512084170000 906
1512084170000 906
1512084170000 906
1512084170000 906
1512084170000 906
1512084170000 906
1512084170000 906
1512084170000 906
1512084170000 906
1512084170000 906
1512084170000 906
1512084170000 906
1512084170000 906
1512084170000 906
1512084170000 906
1512084170000 906
1512084170000 906
1512084170000 906
1512084170000 906
1512084170000 906
1512084170000 906
1512084170000 906
1512084170000 906
1512084170000 906
1512084170000 906
1512084170000 906
1512084170000 906
1512084170000 907
1512084170000 907
1512084170000 907
1512084170000 907
1512084170000 907
1512084170000 907
1512084170000 907
1512084170000 907
1512084170000 907
1512084170000 907
1512084170000 907
1512084170000 907
1512084170000 907
1512084170000 907
1512084170000 907
1512084170000 907
1512084170000 907
1512084170000 907
1512084170000 907
1512084170000 907
1512084170000 907
1512084170000 907
1512084170000 907
1512084170000 907
1512084170000 908
1512084170000 908
1512084170000 908
1512084170000 908
1512084170000 908
1512084170000 908
1512084170000 908
1512084170000 908
1512084170000 908
1512084170000 908
1512084170000 908
1512084170000 908
1512084170000 908
1512084170000 908
1512084170000 908
1512084170000 908
1512084170000 908
1512084170000 908
1512084170000 909
1512084170000 909
1512084170000 909
1512084170000 909
1512084170000 909
1512084170000 909
1512084170000 921
1512084170000 921
1512084170000 943
1512084170000 943
1512084180000 1235
1512084180000 1235
1512084180000 1236
1512084180000 1236
1512084180000 1236
1512084180000 1236
1512084180000 1237
1512084180000 1237
1512084180000 1237
1512084180000 1237
1512084180000 1238
1512084180000 1238
1512084180000 1239
1512084180000 1239
1512084180000 1239
1512084180000 1240
1512084180000 1240
1512084180000 1240
1512084180000 1240
1512084180000 1240
1512084180000 1240
1512084180000 1241
1512084180000 1241
1512084180000 1241
1512084180000 1241
1512084180000 1241
1512084180000 1241
1512084180000 1241
1512084180000 1241
1512084180000 1241
1512084180000 1241
1512084180000 1242
1512084180000 1242
1512084180000 1242
1512084180000 1242
1512084180000 1242
1512084180000 1242
1512084180000 1243
1512084180000 1243
1512084180000 1243
1512084180000 1243
1512084180000 1243
1512084180000 1243
1512084180000 1243
1512084180000 1243
1512084180000 1244
1512084180000 1244
1512084180000 1244
1512084180000 1244
1512084180000 1244
1512084180000 1244
1512084180000 1244
1512084180000 1245
1512084180000 1245
1512084180000 1245
1512084180000 1245
1512084180000 1245
1512084180000 1245
1512084180000 1246
1512084180000 1246
1512084180000 1246
1512084180000 1246
1512084180000 1246
1512084180000 1247
1512084180000 1247
1512084180000 1247
1512084180000 1247
1512084180000 1247
1512084180000 1247
1512084180000 1247
1512084180000 1247
1512084180000 1247
1512084180000 1248
1512084180000 1248
1512084180000 1248
1512084180000 1248
1512084180000 1248
1512084180000 1248
1512084180000 1248
1512084180000 1248
1512084180000 1248
1512084180000 1249
1512084180000 1249
1512084180000 1249
1512084180000 1249
1512084180000 1249
1512084180000 1249
1512084180000 1249
1512084180000 1250
1512084180000 1250
1512084180000 1250
1512084180000 1250
1512084180000 1250
1512084180000 1251
1512084180000 1251
1512084180000 1251
1512084180000 1252
1512084180000 1252
1512084180000 1276
1512084180000 1276
1512084190000 1231
1512084190000 1231
1512084190000 1231
1512084190000 1231
1512084190000 1231
1512084190000 1231
1512084190000 1231
1512084190000 1231
1512084190000 1231
1512084190000 1231
1512084190000 1232
1512084190000 1232
1512084190000 1232
1512084190000 1232
1512084190000 1232
1512084190000 1232
1512084190000 1232
1512084190000 1232
1512084190000 1232
1512084190000 1232
1512084190000 1232
1512084190000 1232
1512084190000 1232
1512084190000 1232
1512084190000 1233
1512084190000 1233
1512084190000 1233
1512084190000 1233
1512084190000 1233
1512084190000 1233
1512084190000 1233
1512084190000 1233
1512084190000 1233
1512084190000 1233
1512084190000 1233
1512084190000 1233
1512084190000 1233
1512084190000 1233
1512084190000 1233
1512084190000 1233
1512084190000 1233
1512084190000 1233
1512084190000 1233
1512084190000 1234
1512084190000 1234
1512084190000 1234
1512084190000 1234
1512084190000 1234
1512084190000 1234
1512084190000 1234
1512084190000 1234
1512084190000 1234
1512084190000 1234
1512084190000 1234
1512084190000 1235
1512084190000 1235
1512084190000 1235
1512084190000 1235
1512084190000 1235
1512084190000 1235
1512084190000 1235
1512084190000 1235
1512084190000 1235
1512084190000 1235
1512084190000 1235
1512084190000 1235
1512084190000 1235
1512084190000 1235
1512084190000 1236
1512084190000 1236
1512084190000 1236
1512084190000 1237
1512084190000 1237
1512084190000 1237
1512084190000 1237
1512084190000 1237
1512084190000 1237
1512084190000 1237
1512084190000 1237
1512084190000 1237
1512084190000 1238
1512084190000 1238
1512084190000 1238
1512084190000 1238
1512084190000 1238
1512084190000 1238
1512084190000 1238
1512084190000 1238
1512084190000 1238
1512084190000 1238
1512084190000 1239
1512084190000 1239
1512084190000 1239
1512084190000 1239
1512084190000 1239
1512084190000 1239
1512084190000 1239
1512084190000 1240
1512084190000 1240
1512084190000 1265
1512084200000 1262
1512084200000 1262
1512084200000 1262
1512084200000 1262
1512084200000 1262
1512084200000 1262
1512084200000 1262
1512084200000 1263
1512084200000 1263
1512084200000 1263
1512084200000 1263
1512084200000 1263
1512084200000 1263
1512084200000 1263
1512084200000 1263
1512084200000 1263
1512084200000 1263
1512084200000 1263
1512084200000 1263
1512084200000 1263
1512084200000 1263
1512084200000 1263
1512084200000 1263
1512084200000 1264
1512084200000 1264
1512084200000 1264
1512084200000 1264
1512084200000 1264
1512084200000 1264
1512084200000 1264
1512084200000 1264
1512084200000 1264
1512084200000 1264
1512084200000 1264
1512084200000 1264
1512084200000 1264
1512084200000 1264
1512084200000 1264
1512084200000 1264
1512084200000 1264
1512084200000 1265
1512084200000 1265
1512084200000 1265
1512084200000 1265
1512084200000 1265
1512084200000 1265
1512084200000 1265
1512084200000 1265
1512084200000 1265
1512084200000 1265
1512084200000 1266
1512084200000 1266
1512084200000 1266
1512084200000 1266
1512084200000 1266
1512084200000 1266
1512084200000 1266
1512084200000 1266
1512084200000 1266
1512084200000 1266
1512084200000 1266
1512084200000 1266
1512084200000 1266
1512084200000 1267
1512084200000 1267
1512084200000 1267
1512084200000 1267
1512084200000 1267
1512084200000 1267
1512084200000 1267
1512084200000 1267
1512084200000 1267
1512084200000 1268
1512084200000 1268
1512084200000 1268
1512084200000 1268
1512084200000 1268
1512084200000 1268
1512084200000 1268
1512084200000 1268
1512084200000 1268
1512084200000 1268
1512084200000 1269
1512084200000 1269
1512084200000 1269
1512084200000 1269
1512084200000 1269
1512084200000 1269
1512084200000 1269
1512084200000 1269
1512084200000 1269
1512084200000 1269
1512084200000 1270
1512084200000 1270
1512084200000 1270
1512084200000 1270
1512084200000 1270
1512084200000 1270
1512084200000 1271
1512084200000 1271
1512084210000 1025
1512084210000 1025
1512084210000 1026
1512084210000 1026
1512084210000 1027
1512084210000 1027
1512084210000 988
1512084210000 989
1512084210000 989
1512084210000 989
1512084210000 989
1512084210000 989
1512084210000 989
1512084210000 989
1512084210000 989
1512084210000 989
1512084210000 989
1512084210000 989
1512084210000 989
1512084210000 989
1512084210000 989
1512084210000 989
1512084210000 989
1512084210000 989
1512084210000 989
1512084210000 989
1512084210000 989
1512084210000 989
1512084210000 989
1512084210000 989
1512084210000 989
1512084210000 989
1512084210000 989
1512084210000 989
1512084210000 990
1512084210000 990
1512084210000 990
1512084210000 990
1512084210000 990
1512084210000 990
1512084210000 990
1512084210000 990
1512084210000 990
1512084210000 990
1512084210000 990
1512084210000 990
1512084210000 990
1512084210000 990
1512084210000 990
1512084210000 990
1512084210000 990
1512084210000 990
1512084210000 990
1512084210000 990
1512084210000 990
1512084210000 990
1512084210000 990
1512084210000 990
1512084210000 990
1512084210000 990
1512084210000 990
1512084210000 990
1512084210000 990
1512084210000 990
1512084210000 990
1512084210000 990
1512084210000 991
1512084210000 991
1512084210000 991
1512084210000 991
1512084210000 991
1512084210000 991
1512084210000 991
1512084210000 991
1512084210000 991
1512084210000 991
1512084210000 991
1512084210000 991
1512084210000 991
1512084210000 991
1512084210000 991
1512084210000 991
1512084210000 991
1512084210000 991
1512084210000 991
1512084210000 991
1512084210000 991
1512084210000 991
1512084210000 991
1512084210000 991
1512084210000 991
1512084210000 991
1512084210000 992
1512084210000 992
1512084210000 992
1512084210000 992
1512084210000 992
1512084210000 992
1512084210000 992
1512084210000 993
1512084220000 1242
1512084220000 1242
1512084220000 1242
1512084220000 1242
1512084220000 1242
1512084220000 1242
1512084220000 1242
1512084220000 1242
1512084220000 1243
1512084220000 1243
1512084220000 1243
1512084220000 1243
1512084220000 1243
1512084220000 1243
1512084220000 1243
1512084220000 1243
1512084220000 1243
1512084220000 1243
1512084220000 1243
1512084220000 1243
1512084220000 1243
1512084220000 1243
1512084220000 1243
1512084220000 1243
1512084220000 1243
1512084220000 1244
1512084220000 1244
1512084220000 1244
1512084220000 1244
1512084220000 1244
1512084220000 1244
1512084220000 1244
1512084220000 1244
1512084220000 1244
1512084220000 1244
1512084220000 1244
1512084220000 1244
1512084220000 1244
1512084220000 1244
1512084220000 1244
1512084220000 1244
1512084220000 1245
1512084220000 1245
1512084220000 1245
1512084220000 1245
1512084220000 1245
1512084220000 1245
1512084220000 1245
1512084220000 1245
1512084220000 1245
1512084220000 1245
1512084220000 1245
1512084220000 1245
1512084220000 1245
1512084220000 1245
1512084220000 1245
1512084220000 1245
1512084220000 1245
1512084220000 1246
1512084220000 1246
1512084220000 1246
1512084220000 1246
1512084220000 1246
1512084220000 1246
1512084220000 1246
1512084220000 1246
1512084220000 1246
1512084220000 1246
1512084220000 1247
1512084220000 1247
1512084220000 1247
1512084220000 1247
1512084220000 1248
1512084220000 1248
1512084220000 1248
1512084220000 1248
1512084220000 1248
1512084220000 1248
1512084220000 1248
1512084220000 1248
1512084220000 1250
1512084220000 1250
1512084220000 1250
1512084220000 1250
1512084220000 1250
1512084220000 1251
1512084220000 1251
1512084220000 1251
1512084220000 1251
1512084220000 1251
1512084220000 1252
1512084220000 1252
1512084220000 1252
1512084220000 1254
1512084220000 1269
1512084220000 1269
1512084220000 1270
1512084220000 1270
1512084220000 1270
1512084220000 1270
1512084230000 1240
1512084230000 1240
1512084230000 1240
1512084230000 1240
1512084230000 1240
1512084230000 1240
1512084230000 1240
1512084230000 1240
1512084230000 1240
1512084230000 1240
1512084230000 1240
1512084230000 1240
1512084230000 1240
1512084230000 1240
1512084230000 1240
1512084230000 1240
1512084230000 1240
1512084230000 1240
1512084230000 1241
1512084230000 1241
1512084230000 1241
1512084230000 1241
1512084230000 1241
1512084230000 1241
1512084230000 1241
1512084230000 1241
1512084230000 1241
1512084230000 1241
1512084230000 1241
1512084230000 1241
1512084230000 1241
1512084230000 1241
1512084230000 1241
1512084230000 1241
1512084230000 1241
1512084230000 1241
1512084230000 1241
1512084230000 1241
1512084230000 1241
1512084230000 1241
1512084230000 1242
1512084230000 1242
1512084230000 1242
1512084230000 1242
1512084230000 1242
1512084230000 1242
1512084230000 1242
1512084230000 1242
1512084230000 1242
1512084230000 1242
1512084230000 1242
1512084230000 1242
1512084230000 1242
1512084230000 1242
1512084230000 1242
1512084230000 1242
1512084230000 1242
1512084230000 1242
1512084230000 1243
1512084230000 1243
1512084230000 1243
1512084230000 1243
1512084230000 1243
1512084230000 1243
1512084230000 1243
1512084230000 1243
1512084230000 1243
1512084230000 1243
1512084230000 1243
1512084230000 1243
1512084230000 1243
1512084230000 1243
1512084230000 1243
1512084230000 1244
1512084230000 1244
1512084230000 1244
1512084230000 1244
1512084230000 1244
1512084230000 1245
1512084230000 1245
1512084230000 1245
1512084230000 1245
1512084230000 1245
1512084230000 1245
1512084230000 1245
1512084230000 1245
1512084230000 1245
1512084230000 1245
1512084230000 1245
1512084230000 1246
1512084230000 1246
1512084230000 1246
1512084230000 1246
1512084230000 1246
1512084230000 1246
1512084230000 1247
1512084230000 1247
1512084230000 1247
1512084230000 1247
1512084230000 1247
1512084240000 1305
1512084240000 1305
1512084240000 1305
1512084240000 1306
1512084240000 1306
1512084240000 1306
1512084240000 1306
1512084240000 1306
1512084240000 1306
1512084240000 1306
1512084240000 1306
1512084240000 1306
1512084240000 1306
1512084240000 1306
1512084240000 1306
1512084240000 1306
1512084240000 1307
1512084240000 1307
1512084240000 1307
1512084240000 1307
1512084240000 1307
1512084240000 1307
1512084240000 1307
1512084240000 1307
1512084240000 1307
1512084240000 1307
1512084240000 1307
1512084240000 1308
1512084240000 1308
1512084240000 1308
1512084240000 1308
1512084240000 1308
1512084240000 1308
1512084240000 1308
1512084240000 1308
1512084240000 1308
1512084240000 1308
1512084240000 1308
1512084240000 1308
1512084240000 1308
1512084240000 1309
1512084240000 1309
1512084240000 1309
1512084240000 1309
1512084240000 1309
1512084240000 1309
1512084240000 1309
1512084240000 1309
1512084240000 1309
1512084240000 1309
1512084240000 1309
1512084240000 1309
1512084240000 1309
1512084240000 1309
1512084240000 1310
1512084240000 1310
1512084240000 1310
1512084240000 1310
1512084240000 1310
1512084240000 1310
1512084240000 1310
1512084240000 1311
1512084240000 1312
1512084240000 1312
1512084240000 1312
1512084240000 1312
1512084240000 1312
1512084240000 1312
1512084240000 1312
1512084240000 1312
1512084240000 1312
1512084240000 1312
1512084240000 1312
1512084240000 1313
1512084240000 1313
1512084240000 1313
1512084240000 1313
1512084240000 1313
1512084240000 1313
1512084240000 1313
1512084240000 1313
1512084240000 1314
1512084240000 1314
1512084240000 1314
1512084240000 1314
1512084240000 1314
1512084240000 1314
1512084240000 1315
1512084240000 1315
1512084240000 1315
1512084240000 1316
1512084240000 1329
1512084240000 1329
1512084240000 1336
1512084240000 1337
1512084240000 1337
1512084240000 1337
1512084240000 1338
1512084240000 1342
1512084240000 1343
1512084250000 1317
1512084250000 1318
1512084250000 1318
1512084250000 1318
1512084250000 1318
1512084250000 1318
1512084250000 1318
1512084250000 1318
1512084250000 1318
1512084250000 1319
1512084250000 1319
1512084250000 1319
1512084250000 1320
1512084250000 1320
1512084250000 1320
1512084250000 1320
1512084250000 1320
1512084250000 1320
1512084250000 1320
1512084250000 1320
1512084250000 1320
1512084250000 1321
1512084250000 1321
1512084250000 1321
1512084250000 1321
1512084250000 1321
1512084250000 1321
1512084250000 1321
1512084250000 1321
1512084250000 1322
1512084250000 1322
1512084250000 1322
1512084250000 1322
1512084250000 1322
1512084250000 1322
1512084250000 1322
1512084250000 1322
1512084250000 1322
1512084250000 1323
1512084250000 1323
1512084250000 1323
1512084250000 1323
1512084250000 1323
1512084250000 1323
1512084250000 1323
1512084250000 1323
1512084250000 1323
1512084250000 1323
1512084250000 1323
1512084250000 1323
1512084250000 1324
1512084250000 1324
1512084250000 1324
1512084250000 1324
1512084250000 1324
1512084250000 1324
1512084250000 1324
1512084250000 1324
1512084250000 1324
1512084250000 1324
1512084250000 1324
1512084250000 1324
1512084250000 1324
1512084250000 1324
1512084250000 1324
1512084250000 1324
1512084250000 1324
1512084250000 1325
1512084250000 1325
1512084250000 1325
1512084250000 1325
1512084250000 1325
1512084250000 1325
1512084250000 1325
1512084250000 1325
1512084250000 1326
1512084250000 1326
1512084250000 1326
1512084250000 1326
1512084250000 1326
1512084250000 1326
1512084250000 1326
1512084250000 1326
1512084250000 1327
1512084250000 1327
1512084250000 1328
1512084250000 1328
1512084250000 1329
1512084250000 1330
1512084250000 1335
1512084250000 1335
1512084250000 1336
1512084250000 1336
1512084250000 1336
1512084250000 1336
1512084250000 1337
1512084250000 1352
1512084250000 1352
1512084250000 1355
1512084250000 1356
1512084260000 1282
1512084260000 1282
1512084260000 1282
1512084260000 1282
1512084260000 1282
1512084260000 1283
1512084260000 1283
1512084260000 1283
1512084260000 1283
1512084260000 1283
1512084260000 1283
1512084260000 1283
1512084260000 1284
1512084260000 1284
1512084260000 1284
1512084260000 1284
1512084260000 1284
1512084260000 1284
1512084260000 1284
1512084260000 1284
1512084260000 1284
1512084260000 1284
1512084260000 1284
1512084260000 1284
1512084260000 1284
1512084260000 1284
1512084260000 1284
1512084260000 1284
1512084260000 1284
1512084260000 1284
1512084260000 1284
1512084260000 1284
1512084260000 1284
1512084260000 1284
1512084260000 1284
1512084260000 1285
1512084260000 1285
1512084260000 1285
1512084260000 1285
1512084260000 1285
1512084260000 1285
1512084260000 1285
1512084260000 1285
1512084260000 1285
1512084260000 1285
1512084260000 1285
1512084260000 1285
1512084260000 1285
1512084260000 1285
1512084260000 1286
1512084260000 1286
1512084260000 1286
1512084260000 1286
1512084260000 1286
1512084260000 1286
1512084260000 1286
1512084260000 1286
1512084260000 1286
1512084260000 1286
1512084260000 1287
1512084260000 1287
1512084260000 1287
1512084260000 1287
1512084260000 1287
1512084260000 1287
1512084260000 1287
1512084260000 1287
1512084260000 1287
1512084260000 1287
1512084260000 1287
1512084260000 1287
1512084260000 1287
1512084260000 1288
1512084260000 1288
1512084260000 1288
1512084260000 1288
1512084260000 1288
1512084260000 1288
1512084260000 1288
1512084260000 1288
1512084260000 1288
1512084260000 1289
1512084260000 1289
1512084260000 1289
1512084260000 1289
1512084260000 1290
1512084260000 1290
1512084260000 1290
1512084260000 1291
1512084260000 1291
1512084260000 1291
1512084260000 1292
1512084260000 1293
1512084260000 1293
1512084260000 1294
1512084260000 1319
1512084260000 1319
1512084260000 1319
1512084260000 1320
1512084260000 1321
1512084270000 1270
1512084270000 1270
1512084270000 1270
1512084270000 1270
1512084270000 1270
1512084270000 1270
1512084270000 1270
1512084270000 1270
1512084270000 1270
1512084270000 1270
1512084270000 1270
1512084270000 1270
1512084270000 1271
1512084270000 1271
1512084270000 1271
1512084270000 1271
1512084270000 1271
1512084270000 1271
1512084270000 1271
1512084270000 1271
1512084270000 1271
1512084270000 1271
1512084270000 1271
1512084270000 1271
1512084270000 1271
1512084270000 1271
1512084270000 1271
1512084270000 1271
1512084270000 1271
1512084270000 1271
1512084270000 1271
1512084270000 1271
1512084270000 1271
1512084270000 1271
1512084270000 1272
1512084270000 1272
1512084270000 1272
1512084270000 1272
1512084270000 1272
1512084270000 1272
1512084270000 1272
1512084270000 1272
1512084270000 1272
1512084270000 1272
1512084270000 1272
1512084270000 1272
1512084270000 1272
1512084270000 1272
1512084270000 1272
1512084270000 1272
1512084270000 1273
1512084270000 1273
1512084270000 1273
1512084270000 1273
1512084270000 1273
1512084270000 1273
1512084270000 1273
1512084270000 1273
1512084270000 1273
1512084270000 1273
1512084270000 1273
1512084270000 1273
1512084270000 1273
1512084270000 1273
1512084270000 1274
1512084270000 1274
1512084270000 1274
1512084270000 1274
1512084270000 1274
1512084270000 1274
1512084270000 1274
1512084270000 1274
1512084270000 1274
1512084270000 1274
1512084270000 1275
1512084270000 1275
1512084270000 1275
1512084270000 1275
1512084270000 1275
1512084270000 1275
1512084270000 1275
1512084270000 1276
1512084270000 1276
1512084270000 1276
1512084270000 1276
1512084270000 1276
1512084270000 1277
1512084270000 1277
1512084270000 1277
1512084270000 1277
1512084270000 1278
1512084270000 1286
1512084270000 1287
1512084270000 1296
1512084270000 1297
1512084270000 1297
1512084270000 1297
1512084270000 1298
1512084270000 1303
1512084270000 1303
1512084280000 891
1512084280000 891
1512084280000 891
1512084280000 892
1512084280000 892
1512084280000 892
1512084280000 892
1512084280000 892
1512084280000 892
1512084280000 892
1512084280000 892
1512084280000 892
1512084280000 892
1512084280000 892
1512084280000 892
1512084280000 892
1512084280000 892
1512084280000 892
1512084280000 892
1512084280000 892
1512084280000 892
1512084280000 892
1512084280000 892
1512084280000 892
1512084280000 892
1512084280000 892
1512084280000 892
1512084280000 892
1512084280000 893
1512084280000 893
1512084280000 893
1512084280000 893
1512084280000 893
1512084280000 893
1512084280000 893
1512084280000 893
1512084280000 893
1512084280000 893
1512084280000 893
1512084280000 893
1512084280000 893
1512084280000 893
1512084280000 893
1512084280000 894
1512084280000 894
1512084280000 894
1512084280000 894
1512084280000 894
1512084280000 894
1512084280000 894
1512084280000 894
1512084280000 894
1512084280000 894
1512084280000 894
1512084280000 895
1512084280000 895
1512084280000 895
1512084280000 895
1512084280000 895
1512084280000 895
1512084280000 895
1512084280000 895
1512084280000 895
1512084280000 895
1512084280000 895
1512084280000 895
1512084280000 895
1512084280000 895
1512084280000 895
1512084280000 895
1512084280000 895
1512084280000 895
1512084280000 895
1512084280000 895
1512084280000 895
1512084280000 896
1512084280000 896
1512084280000 896
1512084280000 896
1512084280000 896
1512084280000 896
1512084280000 896
1512084280000 896
1512084280000 896
1512084280000 896
1512084280000 896
1512084280000 897
1512084280000 897
1512084280000 897
1512084280000 897
1512084280000 897
1512084280000 897
1512084280000 897
1512084280000 897
1512084280000 897
1512084280000 897
1512084280000 898
1512084280000 898
1512084280000 932
1512084280000 933
1512084290000 1241
1512084290000 1241
1512084290000 1241
1512084290000 1241
1512084290000 1241
1512084290000 1241
1512084290000 1241
1512084290000 1242
1512084290000 1242
1512084290000 1242
1512084290000 1242
1512084290000 1242
1512084290000 1242
1512084290000 1242
1512084290000 1242
1512084290000 1242
1512084290000 1242
1512084290000 1242
1512084290000 1242
1512084290000 1242
1512084290000 1242
1512084290000 1242
1512084290000 1242
1512084290000 1242
1512084290000 1242
1512084290000 1243
1512084290000 1243
1512084290000 1243
1512084290000 1243
1512084290000 1243
1512084290000 1243
1512084290000 1243
1512084290000 1243
1512084290000 1243
1512084290000 1243
1512084290000 1243
1512084290000 1243
1512084290000 1243
1512084290000 1243
1512084290000 1243
1512084290000 1243
1512084290000 1243
1512084290000 1243
1512084290000 1243
1512084290000 1244
1512084290000 1244
1512084290000 1244
1512084290000 1244
1512084290000 1244
1512084290000 1244
1512084290000 1244
1512084290000 1244
1512084290000 1244
1512084290000 1244
1512084290000 1244
1512084290000 1244
1512084290000 1244
1512084290000 1244
1512084290000 1245
1512084290000 1245
1512084290000 1245
1512084290000 1245
1512084290000 1245
1512084290000 1245
1512084290000 1245
1512084290000 1245
1512084290000 1245
1512084290000 1245
1512084290000 1245
1512084290000 1245
1512084290000 1245
1512084290000 1245
1512084290000 1245
1512084290000 1246
1512084290000 1246
1512084290000 1246
1512084290000 1246
1512084290000 1246
1512084290000 1246
1512084290000 1246
1512084290000 1246
1512084290000 1247
1512084290000 1247
1512084290000 1247
1512084290000 1247
1512084290000 1247
1512084290000 1248
1512084290000 1249
1512084290000 1250
1512084290000 1268
1512084290000 1268
1512084290000 1268
1512084290000 1274
1512084290000 1275
1512084290000 1275
1512084290000 1278
1512084290000 1279
1512084290000 1279
1512084290000 1279
1512084290000 1280
1512084300000 1249
1512084300000 1250
1512084300000 1250
1512084300000 1250
1512084300000 1250
1512084300000 1250
1512084300000 1251
1512084300000 1251
1512084300000 1251
1512084300000 1251
1512084300000 1251
1512084300000 1251
1512084300000 1251
1512084300000 1252
1512084300000 1252
1512084300000 1252
1512084300000 1252
1512084300000 1252
1512084300000 1252
1512084300000 1252
1512084300000 1252
1512084300000 1252
1512084300000 1252
1512084300000 1252
1512084300000 1252
1512084300000 1253
1512084300000 1253
1512084300000 1253
1512084300000 1253
1512084300000 1253
1512084300000 1253
1512084300000 1253
1512084300000 1253
1512084300000 1253
1512084300000 1253
1512084300000 1253
1512084300000 1254
1512084300000 1254
1512084300000 1254
1512084300000 1254
1512084300000 1254
1512084300000 1254
1512084300000 1254
1512084300000 1255
1512084300000 1255
1512084300000 1255
1512084300000 1255
1512084300000 1255
1512084300000 1255
1512084300000 1255
1512084300000 1255
1512084300000 1255
1512084300000 1255
1512084300000 1255
1512084300000 1255
1512084300000 1256
1512084300000 1256
1512084300000 1256
1512084300000 1256
1512084300000 1256
1512084300000 1256
1512084300000 1256
1512084300000 1256
1512084300000 1256
1512084300000 1256
1512084300000 1256
1512084300000 1256
1512084300000 1256
1512084300000 1256
1512084300000 1256
1512084300000 1257
1512084300000 1257
1512084300000 1257
1512084300000 1257
1512084300000 1257
1512084300000 1257
1512084300000 1257
1512084300000 1257
1512084300000 1257
1512084300000 1257
1512084300000 1257
1512084300000 1257
1512084300000 1258
1512084300000 1258
1512084300000 1258
1512084300000 1258
1512084300000 1258
1512084300000 1259
1512084300000 1259
1512084300000 1279
1512084300000 1280
1512084300000 1281
1512084300000 1282
1512084300000 1283
1512084300000 1286
1512084300000 1287
1512084300000 1287
1512084300000 1287
1512084300000 1287
1512084300000 1288
1512084310000 1229
1512084310000 1230
1512084310000 1230
1512084310000 1230
1512084310000 1230
1512084310000 1230
1512084310000 1230
1512084310000 1230
1512084310000 1230
1512084310000 1230
1512084310000 1230
1512084310000 1230
1512084310000 1230
1512084310000 1230
1512084310000 1230
1512084310000 1230
1512084310000 1231
1512084310000 1231
1512084310000 1231
1512084310000 1231
1512084310000 1231
1512084310000 1231
1512084310000 1231
1512084310000 1231
1512084310000 1231
1512084310000 1231
1512084310000 1231
1512084310000 1231
1512084310000 1231
1512084310000 1231
1512084310000 1231
1512084310000 1231
1512084310000 1231
1512084310000 1231
1512084310000 1231
1512084310000 1231
1512084310000 1231
1512084310000 1231
1512084310000 1231
1512084310000 1232
1512084310000 1232
1512084310000 1232
1512084310000 1232
1512084310000 1232
1512084310000 1232
1512084310000 1232
1512084310000 1232
1512084310000 1232
1512084310000 1232
1512084310000 1232
1512084310000 1232
1512084310000 1232
1512084310000 1232
1512084310000 1232
1512084310000 1233
1512084310000 1233
1512084310000 1233
1512084310000 1233
1512084310000 1233
1512084310000 1233
1512084310000 1233
1512084310000 1233
1512084310000 1233
1512084310000 1233
1512084310000 1233
1512084310000 1233
1512084310000 1233
1512084310000 1233
1512084310000 1233
1512084310000 1233
1512084310000 1233
1512084310000 1234
1512084310000 1234
1512084310000 1234
1512084310000 1234
1512084310000 1234
1512084310000 1234
1512084310000 1234
1512084310000 1234
1512084310000 1234
1512084310000 1234
1512084310000 1234
1512084310000 1235
1512084310000 1235
1512084310000 1235
1512084310000 1235
1512084310000 1235
1512084310000 1235
1512084310000 1235
1512084310000 1235
1512084310000 1236
1512084310000 1236
1512084310000 1236
1512084310000 1236
1512084310000 1236
1512084310000 1283
1512084310000 1283
1512084310000 1283
1512084310000 1284
1512084310000 1285
1512084320000 1280
1512084320000 1280
1512084320000 1280
1512084320000 1280
1512084320000 1280
1512084320000 1280
1512084320000 1280
1512084320000 1281
1512084320000 1281
1512084320000 1281
1512084320000 1281
1512084320000 1281
1512084320000 1281
1512084320000 1281
1512084320000 1281
1512084320000 1281
1512084320000 1281
1512084320000 1281
1512084320000 1281
1512084320000 1281
1512084320000 1281
1512084320000 1281
1512084320000 1281
1512084320000 1281
1512084320000 1281
1512084320000 1281
1512084320000 1281
1512084320000 1281
1512084320000 1281
1512084320000 1282
1512084320000 1282
1512084320000 1282
1512084320000 1282
1512084320000 1282
1512084320000 1282
1512084320000 1282
1512084320000 1282
1512084320000 1282
1512084320000 1282
1512084320000 1282
1512084320000 1282
1512084320000 1282
1512084320000 1282
1512084320000 1282
1512084320000 1282
1512084320000 1282
1512084320000 1282
1512084320000 1282
1512084320000 1282
1512084320000 1282
1512084320000 1282
1512084320000 1283
1512084320000 1283
1512084320000 1283
1512084320000 1283
1512084320000 1283
1512084320000 1283
1512084320000 1283
1512084320000 1283
1512084320000 1283
1512084320000 1283
1512084320000 1283
1512084320000 1283
1512084320000 1283
1512084320000 1283
1512084320000 1283
1512084320000 1283
1512084320000 1283
1512084320000 1283
1512084320000 1284
1512084320000 1284
1512084320000 1284
1512084320000 1284
1512084320000 1284
1512084320000 1284
1512084320000 1284
1512084320000 1284
1512084320000 1284
1512084320000 1284
1512084320000 1284
1512084320000 1284
1512084320000 1284
1512084320000 1284
1512084320000 1285
1512084320000 1285
1512084320000 1285
1512084320000 1285
1512084320000 1286
1512084320000 1286
1512084320000 1286
1512084320000 1286
1512084320000 1286
1512084320000 1286
1512084320000 1286
1512084320000 1286
1512084320000 1286
1512084320000 1287
1512084320000 1287
1512084320000 1287
1512084320000 1288
1512084330000 1273
1512084330000 1273
1512084330000 1273
1512084330000 1273
1512084330000 1273
1512084330000 1273
1512084330000 1273
1512084330000 1273
1512084330000 1273
1512084330000 1273
1512084330000 1273
1512084330000 1274
1512084330000 1274
1512084330000 1274
1512084330000 1274
1512084330000 1274
1512084330000 1274
1512084330000 1274
1512084330000 1274
1512084330000 1274
1512084330000 1274
1512084330000 1274
1512084330000 1274
1512084330000 1274
1512084330000 1274
1512084330000 1275
1512084330000 1275
1512084330000 1275
1512084330000 1275
1512084330000 1275
1512084330000 1275
1512084330000 1275
1512084330000 1275
1512084330000 1275
1512084330000 1275
1512084330000 1275
1512084330000 1275
1512084330000 1275
1512084330000 1275
1512084330000 1275
1512084330000 1276
1512084330000 1276
1512084330000 1276
1512084330000 1276
1512084330000 1276
1512084330000 1276
1512084330000 1276
1512084330000 1276
1512084330000 1276
1512084330000 1276
1512084330000 1276
1512084330000 1276
1512084330000 1276
1512084330000 1277
1512084330000 1277
1512084330000 1277
1512084330000 1277
1512084330000 1277
1512084330000 1277
1512084330000 1277
1512084330000 1278
1512084330000 1278
1512084330000 1278
1512084330000 1278
1512084330000 1278
1512084330000 1278
1512084330000 1278
1512084330000 1278
1512084330000 1278
1512084330000 1278
1512084330000 1278
1512084330000 1278
1512084330000 1278
1512084330000 1278
1512084330000 1278
1512084330000 1278
1512084330000 1279
1512084330000 1279
1512084330000 1279
1512084330000 1279
1512084330000 1279
1512084330000 1279
1512084330000 1279
1512084330000 1279
1512084330000 1280
1512084330000 1280
1512084330000 1280
1512084330000 1281
1512084330000 1281
1512084330000 1281
1512084330000 1281
1512084330000 1282
1512084330000 1283
1512084330000 1283
1512084330000 1283
1512084330000 1284
1512084330000 1284
1512084330000 1285
1512084330000 1311
1512084330000 1311
1512084340000 1246
1512084340000 1246
1512084340000 1246
1512084340000 1246
1512084340000 1246
1512084340000 1247
1512084340000 1247
1512084340000 1247
1512084340000 1247
1512084340000 1247
1512084340000 1247
1512084340000 1247
1512084340000 1247
1512084340000 1247
1512084340000 1247
1512084340000 1247
1512084340000 1247
1512084340000 1247
1512084340000 1247
1512084340000 1247
1512084340000 1247
1512084340000 1247
1512084340000 1247
1512084340000 1247
1512084340000 1247
1512084340000 1247
1512084340000 1248
1512084340000 1248
1512084340000 1248
1512084340000 1248
1512084340000 1248
1512084340000 1248
1512084340000 1248
1512084340000 1248
1512084340000 1248
1512084340000 1248
1512084340000 1248
1512084340000 1248
1512084340000 1248
1512084340000 1248
1512084340000 1248
1512084340000 1248
1512084340000 1248
1512084340000 1248
1512084340000 1248
1512084340000 1248
1512084340000 1248
1512084340000 1249
1512084340000 1249
1512084340000 1249
1512084340000 1249
1512084340000 1249
1512084340000 1249
1512084340000 1249
1512084340000 1249
1512084340000 1249
1512084340000 1249
1512084340000 1249
1512084340000 1250
1512084340000 1250
1512084340000 1250
1512084340000 1250
1512084340000 1250
1512084340000 1250
1512084340000 1250
1512084340000 1250
1512084340000 1250
1512084340000 1250
1512084340000 1250
1512084340000 1250
1512084340000 1250
1512084340000 1250
1512084340000 1250
1512084340000 1250
1512084340000 1250
1512084340000 1250
1512084340000 1251
1512084340000 1251
1512084340000 1251
1512084340000 1251
1512084340000 1251
1512084340000 1251
1512084340000 1251
1512084340000 1251
1512084340000 1251
1512084340000 1251
1512084340000 1252
1512084340000 1252
1512084340000 1252
1512084340000 1252
1512084340000 1252
1512084340000 1252
1512084340000 1252
1512084340000 1252
1512084340000 1252
1512084340000 1252
1512084340000 1253
1512084340000 1253
1512084340000 1253
1512084340000 1254
1512084350000 1281
1512084350000 1281
1512084350000 1281
1512084350000 1281
1512084350000 1281
1512084350000 1281
1512084350000 1282
1512084350000 1282
1512084350000 1282
1512084350000 1282
1512084350000 1282
1512084350000 1282
1512084350000 1282
1512084350000 1282
1512084350000 1282
1512084350000 1282
1512084350000 1282
1512084350000 1282
1512084350000 1283
1512084350000 1283
1512084350000 1283
1512084350000 1283
1512084350000 1283
1512084350000 1283
1512084350000 1283
1512084350000 1283
1512084350000 1283
1512084350000 1283
1512084350000 1283
1512084350000 1283
1512084350000 1283
1512084350000 1283
1512084350000 1283
1512084350000 1283
1512084350000 1283
1512084350000 1283
1512084350000 1284
1512084350000 1284
1512084350000 1284
1512084350000 1284
1512084350000 1284
1512084350000 1284
1512084350000 1284
1512084350000 1284
1512084350000 1284
1512084350000 1284
1512084350000 1284
1512084350000 1284
1512084350000 1284
1512084350000 1284
1512084350000 1284
1512084350000 1284
1512084350000 1284
1512084350000 1284
1512084350000 1284
1512084350000 1285
1512084350000 1285
1512084350000 1285
1512084350000 1285
1512084350000 1285
1512084350000 1285
1512084350000 1285
1512084350000 1285
1512084350000 1286
1512084350000 1286
1512084350000 1286
1512084350000 1286
1512084350000 1286
1512084350000 1286
1512084350000 1286
1512084350000 1286
1512084350000 1286
1512084350000 1286
1512084350000 1286
1512084350000 1286
1512084350000 1286
1512084350000 1287
1512084350000 1287
1512084350000 1287
1512084350000 1287
1512084350000 1287
1512084350000 1287
1512084350000 1287
1512084350000 1287
1512084350000 1287
1512084350000 1288
1512084350000 1288
1512084350000 1288
1512084350000 1288
1512084350000 1288
1512084350000 1289
1512084350000 1289
1512084350000 1289
1512084350000 1289
1512084350000 1289
1512084350000 1289
1512084350000 1290
1512084350000 1290
1512084350000 1291
1512084350000 1291
1512084360000 1294
1512084360000 1294
1512084360000 1294
1512084360000 1294
1512084360000 1294
1512084360000 1294
1512084360000 1294
1512084360000 1295
1512084360000 1295
1512084360000 1295
1512084360000 1295
1512084360000 1296
1512084360000 1296
1512084360000 1296
1512084360000 1296
1512084360000 1296
1512084360000 1296
1512084360000 1296
1512084360000 1296
1512084360000 1296
1512084360000 1296
1512084360000 1296
1512084360000 1297
1512084360000 1297
1512084360000 1297
1512084360000 1297
1512084360000 1297
1512084360000 1297
1512084360000 1297
1512084360000 1297
1512084360000 1297
1512084360000 1297
1512084360000 1297
1512084360000 1297
1512084360000 1297
1512084360000 1297
1512084360000 1297
1512084360000 1298
1512084360000 1298
1512084360000 1298
1512084360000 1298
1512084360000 1298
1512084360000 1298
1512084360000 1298
1512084360000 1298
1512084360000 1298
1512084360000 1298
1512084360000 1298
1512084360000 1298
1512084360000 1298
1512084360000 1299
1512084360000 1299
1512084360000 1299
1512084360000 1299
1512084360000 1299
1512084360000 1299
1512084360000 1300
1512084360000 1300
1512084360000 1300
1512084360000 1300
1512084360000 1300
1512084360000 1300
1512084360000 1300
1512084360000 1300
1512084360000 1300
1512084360000 1300
1512084360000 1300
1512084360000 1300
1512084360000 1301
1512084360000 1301
1512084360000 1301
1512084360000 1301
1512084360000 1301
1512084360000 1301
1512084360000 1301
1512084360000 1301
1512084360000 1301
1512084360000 1301
1512084360000 1301
1512084360000 1301
1512084360000 1301
1512084360000 1302
1512084360000 1302
1512084360000 1302
1512084360000 1302
1512084360000 1302
1512084360000 1303
1512084360000 1303
1512084360000 1303
1512084360000 1308
1512084360000 1309
1512084360000 1309
1512084360000 1310
1512084360000 1310
1512084360000 1322
1512084360000 1322
1512084360000 1323
1512084360000 1323
1512084360000 1331
1512084360000 1331
1512084370000 1258
1512084370000 1258
1512084370000 1258
1512084370000 1258
1512084370000 1258
1512084370000 1258
1512084370000 1258
1512084370000 1258
1512084370000 1259
1512084370000 1259
1512084370000 1259
1512084370000 1259
1512084370000 1259
1512084370000 1259
1512084370000 1259
1512084370000 1259
1512084370000 1259
1512084370000 1259
1512084370000 1259
1512084370000 1259
1512084370000 1259
1512084370000 1259
1512084370000 1259
1512084370000 1260
1512084370000 1260
1512084370000 1260
1512084370000 1260
1512084370000 1260
1512084370000 1260
1512084370000 1260
1512084370000 1260
1512084370000 1260
1512084370000 1260
1512084370000 1260
1512084370000 1260
1512084370000 1260
1512084370000 1261
1512084370000 1261
1512084370000 1261
1512084370000 1261
1512084370000 1261
1512084370000 1261
1512084370000 1261
1512084370000 1261
1512084370000 1261
1512084370000 1261
1512084370000 1261
1512084370000 1261
1512084370000 1261
1512084370000 1261
1512084370000 1261
1512084370000 1261
1512084370000 1262
1512084370000 1262
1512084370000 1262
1512084370000 1262
1512084370000 1262
1512084370000 1262
1512084370000 1262
1512084370000 1262
1512084370000 1262
1512084370000 1262
1512084370000 1262
1512084370000 1262
1512084370000 1262
1512084370000 1262
1512084370000 1262
1512084370000 1262
1512084370000 1262
1512084370000 1262
1512084370000 1263
1512084370000 1263
1512084370000 1263
1512084370000 1263
1512084370000 1263
1512084370000 1263
1512084370000 1263
1512084370000 1263
1512084370000 1264
1512084370000 1264
1512084370000 1264
1512084370000 1264
1512084370000 1264
1512084370000 1264
1512084370000 1264
1512084370000 1264
1512084370000 1264
1512084370000 1264
1512084370000 1264
1512084370000 1264
1512084370000 1265
1512084370000 1265
1512084370000 1265
1512084370000 1265
1512084370000 1266
1512084370000 1266
1512084370000 1266
1512084370000 1267
1512084370000 1295
1512084370000 1295
1512084380000 1294
1512084380000 1294
1512084380000 1294
1512084380000 1294
1512084380000 1294
1512084380000 1294
1512084380000 1295
1512084380000 1295
1512084380000 1295
1512084380000 1295
1512084380000 1295
1512084380000 1295
1512084380000 1295
1512084380000 1295
1512084380000 1295
1512084380000 1295
1512084380000 1295
1512084380000 1295
1512084380000 1295
1512084380000 1295
1512084380000 1295
1512084380000 1295
1512084380000 1295
1512084380000 1295
1512084380000 1295
1512084380000 1295
1512084380000 1295
1512084380000 1295
1512084380000 1295
1512084380000 1296
1512084380000 1296
1512084380000 1296
1512084380000 1296
1512084380000 1296
1512084380000 1296
1512084380000 1296
1512084380000 1296
1512084380000 1296
1512084380000 1296
1512084380000 1296
1512084380000 1296
1512084380000 1296
1512084380000 1296
1512084380000 1296
1512084380000 1297
1512084380000 1297
1512084380000 1297
1512084380000 1297
1512084380000 1297
1512084380000 1297
1512084380000 1297
1512084380000 1297
1512084380000 1297
1512084380000 1297
1512084380000 1297
1512084380000 1297
1512084380000 1297
1512084380000 1297
1512084380000 1297
1512084380000 1297
1512084380000 1298
1512084380000 1298
1512084380000 1298
1512084380000 1298
1512084380000 1298
1512084380000 1298
1512084380000 1298
1512084380000 1298
1512084380000 1298
1512084380000 1298
1512084380000 1298
1512084380000 1299
1512084380000 1299
1512084380000 1299
1512084380000 1299
1512084380000 1299
1512084380000 1299
1512084380000 1299
1512084380000 1299
1512084380000 1299
1512084380000 1300
1512084380000 1300
1512084380000 1300
1512084380000 1300
1512084380000 1301
1512084380000 1301
1512084380000 1301
1512084380000 1311
1512084380000 1311
1512084380000 1311
1512084380000 1311
1512084380000 1312
1512084380000 1325
1512084380000 1325
1512084380000 1326
1512084380000 1326
1512084380000 1327
1512084380000 1327
1512084380000 1327
1512084380000 1328
1512084390000 1246
1512084390000 1246
1512084390000 1246
1512084390000 1246
1512084390000 1247
1512084390000 1247
1512084390000 1247
1512084390000 1248
1512084390000 1248
1512084390000 1248
1512084390000 1248
1512084390000 1248
1512084390000 1248
1512084390000 1248
1512084390000 1249
1512084390000 1249
1512084390000 1249
1512084390000 1249
1512084390000 1249
1512084390000 1250
1512084390000 1250
1512084390000 1250
1512084390000 1250
1512084390000 1250
1512084390000 1250
1512084390000 1250
1512084390000 1250
1512084390000 1250
1512084390000 1250
1512084390000 1250
1512084390000 1250
1512084390000 1251
1512084390000 1251
1512084390000 1251
1512084390000 1251
1512084390000 1251
1512084390000 1251
1512084390000 1251
1512084390000 1251
1512084390000 1251
1512084390000 1251
1512084390000 1251
1512084390000 1251
1512084390000 1251
1512084390000 1251
1512084390000 1252
1512084390000 1252
1512084390000 1252
1512084390000 1252
1512084390000 1252
1512084390000 1252
1512084390000 1252
1512084390000 1252
1512084390000 1252
1512084390000 1252
1512084390000 1253
1512084390000 1253
1512084390000 1253
1512084390000 1253
1512084390000 1254
1512084390000 1254
1512084390000 1254
1512084390000 1254
1512084390000 1254
1512084390000 1254
1512084390000 1254
1512084390000 1254
1512084390000 1254
1512084390000 1254
1512084390000 1255
1512084390000 1255
1512084390000 1255
1512084390000 1255
1512084390000 1255
1512084390000 1255
1512084390000 1255
1512084390000 1255
1512084390000 1255
1512084390000 1255
1512084390000 1256
1512084390000 1256
1512084390000 1256
1512084390000 1256
1512084390000 1256
1512084390000 1256
1512084390000 1256
1512084390000 1256
1512084390000 1257
1512084390000 1257
1512084390000 1257
1512084390000 1257
1512084390000 1257
1512084390000 1257
1512084390000 1258
1512084390000 1258
1512084390000 1258
1512084390000 1283
1512084390000 1283
1512084390000 1287
1512084390000 1288
1512084400000 1238
1512084400000 1239
1512084400000 1239
1512084400000 1239
1512084400000 1239
1512084400000 1239
1512084400000 1239
1512084400000 1239
1512084400000 1239
1512084400000 1239
1512084400000 1239
1512084400000 1239
1512084400000 1239
1512084400000 1239
1512084400000 1239
1512084400000 1239
1512084400000 1239
1512084400000 1239
1512084400000 1239
1512084400000 1239
1512084400000 1239
1512084400000 1239
1512084400000 1239
1512084400000 1239
1512084400000 1239
1512084400000 1239
1512084400000 1239
1512084400000 1239
1512084400000 1239
1512084400000 1240
1512084400000 1240
1512084400000 1240
1512084400000 1240
1512084400000 1240
1512084400000 1240
1512084400000 1240
1512084400000 1240
1512084400000 1240
1512084400000 1240
1512084400000 1240
1512084400000 1240
1512084400000 1240
1512084400000 1240
1512084400000 1240
1512084400000 1240
1512084400000 1240
1512084400000 1240
1512084400000 1240
1512084400000 1240
1512084400000 1240
1512084400000 1240
1512084400000 1241
1512084400000 1241
1512084400000 1241
1512084400000 1241
1512084400000 1241
1512084400000 1241
1512084400000 1241
1512084400000 1241
1512084400000 1241
1512084400000 1241
1512084400000 1241
1512084400000 1241
1512084400000 1241
1512084400000 1241
1512084400000 1241
1512084400000 1241
1512084400000 1241
1512084400000 1241
1512084400000 1241
1512084400000 1242
1512084400000 1242
1512084400000 1242
1512084400000 1242
1512084400000 1242
1512084400000 1242
1512084400000 1242
1512084400000 1242
1512084400000 1242
1512084400000 1242
1512084400000 1242
1512084400000 1242
1512084400000 1242
1512084400000 1242
1512084400000 1242
1512084400000 1243
1512084400000 1243
1512084400000 1243
1512084400000 1243
1512084400000 1243
1512084400000 1243
1512084400000 1243
1512084400000 1243
1512084400000 1243
1512084400000 1244
1512084400000 1244
1512084400000 1244
1512084400000 1244
1512084400000 1244
1512084400000 1262
1512084410000 387
1512084410000 387
1512084410000 387
1512084410000 387
1512084410000 387
1512084410000 387
1512084410000 387
1512084410000 387
1512084410000 387
1512084410000 388
1512084410000 388
1512084410000 388
1512084410000 388
1512084410000 388
1512084410000 388
1512084410000 388
1512084410000 388
1512084410000 388
1512084410000 389
1512084410000 389
1512084410000 389
1512084410000 389
1512084410000 389
1512084410000 389
1512084410000 389
1512084410000 389
1512084410000 389
1512084410000 389
1512084410000 389
1512084410000 389
1512084410000 389
1512084410000 389
1512084410000 389
1512084410000 389
1512084410000 389
1512084410000 390
1512084410000 390
1512084410000 390
1512084410000 390
1512084410000 390
1512084410000 390
1512084410000 390
1512084410000 390
1512084410000 390
1512084410000 390
1512084410000 390
1512084410000 390
1512084410000 390
1512084410000 390
1512084410000 390
1512084410000 390
1512084410000 390
1512084410000 390
1512084410000 390
1512084410000 390
1512084410000 390
1512084410000 390
1512084410000 390
1512084410000 390
1512084410000 391
1512084410000 391
1512084410000 391
1512084410000 391
1512084410000 391
1512084410000 391
1512084410000 391
1512084410000 391
1512084410000 391
1512084410000 391
1512084410000 391
1512084410000 391
1512084410000 391
1512084410000 391
1512084410000 391
1512084410000 391
1512084410000 391
1512084410000 391
1512084410000 391
1512084410000 391
1512084410000 391
1512084410000 391
1512084410000 391
1512084410000 391
1512084410000 391
1512084410000 391
1512084410000 391
1512084410000 391
1512084410000 392
1512084410000 392
1512084410000 392
1512084410000 392
1512084410000 392
1512084410000 392
1512084410000 392
1512084410000 393
1512084410000 393
1512084410000 393
1512084410000 393
1512084410000 393
1512084410000 394
1512084420000 1249
1512084420000 1249
1512084420000 1249
1512084420000 1249
1512084420000 1249
1512084420000 1249
1512084420000 1249
1512084420000 1249
1512084420000 1249
1512084420000 1249
1512084420000 1249
1512084420000 1249
1512084420000 1249
1512084420000 1249
1512084420000 1250
1512084420000 1250
1512084420000 1250
1512084420000 1250
1512084420000 1250
1512084420000 1250
1512084420000 1250
1512084420000 1250
1512084420000 1250
1512084420000 1250
1512084420000 1250
1512084420000 1250
1512084420000 1250
1512084420000 1251
1512084420000 1251
1512084420000 1251
1512084420000 1251
1512084420000 1251
1512084420000 1251
1512084420000 1251
1512084420000 1251
1512084420000 1251
1512084420000 1251
1512084420000 1251
1512084420000 1251
1512084420000 1251
1512084420000 1251
1512084420000 1251
1512084420000 1252
1512084420000 1252
1512084420000 1252
1512084420000 1252
1512084420000 1252
1512084420000 1252
1512084420000 1252
1512084420000 1252
1512084420000 1252
1512084420000 1252
1512084420000 1252
1512084420000 1252
1512084420000 1252
1512084420000 1252
1512084420000 1253
1512084420000 1253
1512084420000 1253
1512084420000 1253
1512084420000 1253
1512084420000 1253
1512084420000 1253
1512084420000 1253
1512084420000 1253
1512084420000 1253
1512084420000 1253
1512084420000 1253
1512084420000 1254
1512084420000 1254
1512084420000 1254
1512084420000 1254
1512084420000 1254
1512084420000 1254
1512084420000 1254
1512084420000 1254
1512084420000 1254
1512084420000 1254
1512084420000 1254
1512084420000 1255
1512084420000 1255
1512084420000 1255
1512084420000 1255
1512084420000 1255
1512084420000 1255
1512084420000 1256
1512084420000 1256
1512084420000 1256
1512084420000 1256
1512084420000 1256
1512084420000 1257
1512084420000 1257
1512084420000 1257
1512084420000 1258
1512084420000 1276
1512084420000 1276
1512084420000 1277
1512084420000 1277
1512084420000 1287
1512084420000 1287
1512084430000 874
1512084430000 874
1512084430000 874
1512084430000 874
1512084430000 874
1512084430000 875
1512084430000 875
1512084430000 875
1512084430000 875
1512084430000 875
1512084430000 875
1512084430000 875
1512084430000 875
1512084430000 875
1512084430000 875
1512084430000 875
1512084430000 875
1512084430000 875
1512084430000 875
1512084430000 875
1512084430000 875
1512084430000 875
1512084430000 875
1512084430000 875
1512084430000 875
1512084430000 875
1512084430000 875
1512084430000 875
1512084430000 875
1512084430000 875
1512084430000 875
1512084430000 875
1512084430000 876
1512084430000 876
1512084430000 876
1512084430000 876
1512084430000 876
1512084430000 876
1512084430000 876
1512084430000 876
1512084430000 876
1512084430000 876
1512084430000 876
1512084430000 876
1512084430000 876
1512084430000 876
1512084430000 876
1512084430000 876
1512084430000 876
1512084430000 876
1512084430000 876
1512084430000 876
1512084430000 876
1512084430000 877
1512084430000 877
1512084430000 877
1512084430000 877
1512084430000 877
1512084430000 877
1512084430000 877
1512084430000 877
1512084430000 877
1512084430000 877
1512084430000 877
1512084430000 877
1512084430000 877
1512084430000 877
1512084430000 877
1512084430000 877
1512084430000 877
1512084430000 877
1512084430000 877
1512084430000 877
1512084430000 877
1512084430000 877
1512084430000 877
1512084430000 877
1512084430000 877
1512084430000 877
1512084430000 877
1512084430000 878
1512084430000 878
1512084430000 878
1512084430000 878
1512084430000 878
1512084430000 878
1512084430000 878
1512084430000 878
1512084430000 878
1512084430000 878
1512084430000 878
1512084430000 878
1512084430000 878
1512084430000 878
1512084430000 878
1512084430000 878
1512084430000 878
1512084430000 878
1512084430000 879
1512084430000 879
1512084440000 -1777
1512084440000 -1778
1512084440000 -1780
1512084440000 -1781
1512084440000 -1781
1512084440000 291
1512084440000 291
1512084440000 291
1512084440000 292
1512084440000 292
1512084440000 292
1512084440000 292
1512084440000 292
1512084440000 292
1512084440000 292
1512084440000 293
1512084440000 293
1512084440000 293
1512084440000 293
1512084440000 293
1512084440000 293
1512084440000 293
1512084440000 293
1512084440000 293
1512084440000 293
1512084440000 294
1512084440000 294
1512084440000 294
1512084440000 294
1512084440000 294
1512084440000 294
1512084440000 294
1512084440000 294
1512084440000 294
1512084440000 294
1512084440000 295
1512084440000 295
1512084440000 295
1512084440000 295
1512084440000 295
1512084440000 295
1512084440000 296
1512084440000 296
1512084440000 296
1512084440000 296
1512084440000 297
1512084440000 297
1512084440000 314
1512084440000 316
1512084440000 316
1512084440000 -693
1512084440000 -729
1512084440000 -729
1512084440000 -729
1512084440000 -729
1512084440000 -729
1512084440000 -729
1512084440000 -729
1512084440000 -729
1512084440000 -729
1512084440000 -730
1512084440000 -730
1512084440000 -730
1512084440000 -730
1512084440000 -730
1512084440000 -730
1512084440000 -730
1512084440000 -730
1512084440000 -730
1512084440000 -730
1512084440000 -730
1512084440000 -730
1512084440000 -730
1512084440000 -730
1512084440000 -730
1512084440000 -731
1512084440000 -731
1512084440000 -731
1512084440000 -731
1512084440000 -731
1512084440000 -731
1512084440000 -731
1512084440000 -731
1512084440000 -731
1512084440000 -731
1512084440000 -731
1512084440000 -731
1512084440000 -731
1512084440000 -731
1512084440000 -732
1512084440000 -732
1512084440000 -732
1512084440000 -732
1512084440000 -732
1512084440000 -732
1512084440000 -732
1512084440000 -733
1512084440000 -733
1512084440000 -733
1512084440000 -733
