1512072470000 11996
1512072470000 11996
1512072470000 11996
1512072470000 11996
1512072470000 11996
1512072470000 11997
1512072470000 11997
1512072470000 11997
1512072470000 11997
1512072470000 11997
1512072470000 11998
1512072470000 11998
1512072470000 11998
1512072470000 11998
1512072470000 11998
1512072470000 11999
1512072470000 11999
1512072470000 11999
1512072470000 11999
1512072470000 11999
1512072470000 12000
1512072470000 12000
1512072470000 12000
1512072470000 12000
1512072470000 12000
1512072470000 12000
1512072470000 12001
1512072470000 12001
1512072470000 12001
1512072470000 12001
1512072470000 12001
1512072470000 12002
1512072470000 12002
1512072470000 12002
1512072470000 12002
1512072470000 12002
1512072470000 12003
1512072470000 12003
1512072470000 12003
1512072470000 12003
1512072470000 12003
1512072470000 12003
1512072470000 12004
1512072470000 12004
1512072470000 12004
1512072470000 12004
1512072470000 12004
1512072470000 12005
1512072470000 12005
1512072470000 12005
1512072470000 12005
1512072470000 12005
1512072470000 12006
1512072470000 12006
1512072470000 12006
1512072470000 12006
1512072470000 12006
1512072470000 12006
1512072470000 12007
1512072470000 12007
1512072470000 12007
1512072470000 12007
1512072470000 12008
1512072470000 12008
1512072470000 12008
1512072470000 12008
1512072470000 12008
1512072470000 12009
1512072470000 12009
1512072470000 12009
1512072470000 12009
1512072470000 12009
1512072470000 12010
1512072470000 12010
1512072470000 12010
1512072470000 12010
1512072470000 12010
1512072470000 12010
1512072470000 12011
1512072470000 12011
1512072470000 12011
1512072470000 12011
1512072470000 12011
1512072470000 12012
1512072470000 12012
1512072470000 12012
1512072470000 12012
1512072470000 12012
1512072470000 12013
1512072470000 12013
1512072470000 12013
1512072470000 12013
1512072470000 12013
1512072470000 12014
1512072470000 12014
1512072470000 12014
1512072470000 12014
1512072470000 12014
1512072470000 12015
1512072470000 12015
1512072480000 11568
1512072480000 11568
1512072480000 11568
1512072480000 11568
1512072480000 11568
1512072480000 11568
1512072480000 11569
1512072480000 11569
1512072480000 11569
1512072480000 11569
1512072480000 11569
1512072480000 11569
1512072480000 11569
1512072480000 11570
1512072480000 11570
1512072480000 11570
1512072480000 11570
1512072480000 11570
1512072480000 11570
1512072480000 11570
1512072480000 11571
1512072480000 11571
1512072480000 11571
1512072480000 11571
1512072480000 11571
1512072480000 11571
1512072480000 11571
1512072480000 11572
1512072480000 11572
1512072480000 11572
1512072480000 11572
1512072480000 11572
1512072480000 11572
1512072480000 11572
1512072480000 11573
1512072480000 11573
1512072480000 11573
1512072480000 11573
1512072480000 11573
1512072480000 11573
1512072480000 11573
1512072480000 11574
1512072480000 11574
1512072480000 11574
1512072480000 11574
1512072480000 11574
1512072480000 11574
1512072480000 11574
1512072480000 11575
1512072480000 11575
1512072480000 11575
1512072480000 11575
1512072480000 11575
1512072480000 11575
1512072480000 11575
1512072480000 11575
1512072480000 11576
1512072480000 11576
1512072480000 11576
1512072480000 11576
1512072480000 11576
1512072480000 11576
1512072480000 11576
1512072480000 11577
1512072480000 11577
1512072480000 11577
1512072480000 11577
1512072480000 11577
1512072480000 11577
1512072480000 11578
1512072480000 11578
1512072480000 11578
1512072480000 11578
1512072480000 11578
1512072480000 11578
1512072480000 11578
1512072480000 11579
1512072480000 11579
1512072480000 11579
1512072480000 11579
1512072480000 11579
1512072480000 11579
1512072480000 11579
1512072480000 11580
1512072480000 11580
1512072480000 11580
1512072480000 11580
1512072480000 11580
1512072480000 11580
1512072480000 11580
1512072480000 11581
1512072480000 11581
1512072480000 11581
1512072480000 11581
1512072480000 11581
1512072480000 11581
1512072480000 11581
1512072480000 11582
1512072480000 11582
1512072480000 11582
1512072490000 11495
1512072490000 11495
1512072490000 11496
1512072490000 11496
1512072490000 11496
1512072490000 11496
1512072490000 11496
1512072490000 11496
1512072490000 11497
1512072490000 11497
1512072490000 11497
1512072490000 11497
1512072490000 11497
1512072490000 11497
1512072490000 11497
1512072490000 11498
1512072490000 11498
1512072490000 11498
1512072490000 11498
1512072490000 11498
1512072490000 11499
1512072490000 11499
1512072490000 11499
1512072490000 11499
1512072490000 11499
1512072490000 11499
1512072490000 11500
1512072490000 11500
1512072490000 11500
1512072490000 11500
1512072490000 11500
1512072490000 11500
1512072490000 11501
1512072490000 11501
1512072490000 11501
1512072490000 11501
1512072490000 11501
1512072490000 11501
1512072490000 11501
1512072490000 11502
1512072490000 11502
1512072490000 11502
1512072490000 11502
1512072490000 11502
1512072490000 11502
1512072490000 11503
1512072490000 11503
1512072490000 11503
1512072490000 11503
1512072490000 11503
1512072490000 11503
1512072490000 11504
1512072490000 11504
1512072490000 11504
1512072490000 11504
1512072490000 11504
1512072490000 11504
1512072490000 11504
1512072490000 11505
1512072490000 11505
1512072490000 11505
1512072490000 11505
1512072490000 11505
1512072490000 11505
1512072490000 11506
1512072490000 11506
1512072490000 11506
1512072490000 11506
1512072490000 11506
1512072490000 11506
1512072490000 11507
1512072490000 11507
1512072490000 11507
1512072490000 11507
1512072490000 11507
1512072490000 11507
1512072490000 11508
1512072490000 11508
1512072490000 11508
1512072490000 11508
1512072490000 11508
1512072490000 11508
1512072490000 11509
1512072490000 11509
1512072490000 11509
1512072490000 11509
1512072490000 11509
1512072490000 11509
1512072490000 11509
1512072490000 11510
1512072490000 11510
1512072490000 11510
1512072490000 11510
1512072490000 11510
1512072490000 11510
1512072490000 11511
1512072490000 11511
1512072490000 11511
1512072490000 11511
1512072490000 11511
1512072500000 11459
1512072500000 11459
1512072500000 11459
1512072500000 11459
1512072500000 11460
1512072500000 11460
1512072500000 11460
1512072500000 11460
1512072500000 11460
1512072500000 11460
1512072500000 11460
1512072500000 11461
1512072500000 11461
1512072500000 11461
1512072500000 11461
1512072500000 11461
1512072500000 11461
1512072500000 11462
1512072500000 11462
1512072500000 11462
1512072500000 11462
1512072500000 11462
1512072500000 11462
1512072500000 11462
1512072500000 11463
1512072500000 11463
1512072500000 11463
1512072500000 11463
1512072500000 11463
1512072500000 11463
1512072500000 11463
1512072500000 11464
1512072500000 11464
1512072500000 11464
1512072500000 11464
1512072500000 11464
1512072500000 11464
1512072500000 11465
1512072500000 11465
1512072500000 11465
1512072500000 11465
1512072500000 11465
1512072500000 11465
1512072500000 11465
1512072500000 11466
1512072500000 11466
1512072500000 11466
1512072500000 11466
1512072500000 11466
1512072500000 11466
1512072500000 11467
1512072500000 11467
1512072500000 11467
1512072500000 11467
1512072500000 11467
1512072500000 11467
1512072500000 11467
1512072500000 11468
1512072500000 11468
1512072500000 11468
1512072500000 11468
1512072500000 11468
1512072500000 11468
1512072500000 11469
1512072500000 11469
1512072500000 11469
1512072500000 11469
1512072500000 11469
1512072500000 11470
1512072500000 11470
1512072500000 11470
1512072500000 11470
1512072500000 11470
1512072500000 11471
1512072500000 11471
1512072500000 11471
1512072500000 11471
1512072500000 11471
1512072500000 11471
1512072500000 11472
1512072500000 11472
1512072500000 11472
1512072500000 11472
1512072500000 11472
1512072500000 11473
1512072500000 11473
1512072500000 11473
1512072500000 11473
1512072500000 11473
1512072500000 11474
1512072500000 11474
1512072500000 11474
1512072500000 11474
1512072500000 11474
1512072500000 11475
1512072500000 11475
1512072500000 11475
1512072500000 11475
1512072500000 11475
1512072500000 11475
1512072510000 11455
1512072510000 11455
1512072510000 11455
1512072510000 11455
1512072510000 11455
1512072510000 11455
1512072510000 11456
1512072510000 11456
1512072510000 11456
1512072510000 11456
1512072510000 11456
1512072510000 11457
1512072510000 11457
1512072510000 11457
1512072510000 11457
1512072510000 11457
1512072510000 11458
1512072510000 11458
1512072510000 11458
1512072510000 11458
1512072510000 11458
1512072510000 11459
1512072510000 11459
1512072510000 11459
1512072510000 11459
1512072510000 11459
1512072510000 11459
1512072510000 11460
1512072510000 11460
1512072510000 11460
1512072510000 11460
1512072510000 11460
1512072510000 11461
1512072510000 11461
1512072510000 11461
1512072510000 11461
1512072510000 11461
1512072510000 11462
1512072510000 11462
1512072510000 11462
1512072510000 11462
1512072510000 11462
1512072510000 11463
1512072510000 11463
1512072510000 11463
1512072510000 11463
1512072510000 11463
1512072510000 11464
1512072510000 11464
1512072510000 11464
1512072510000 11464
1512072510000 11464
1512072510000 11465
1512072510000 11465
1512072510000 11465
1512072510000 11465
1512072510000 11465
1512072510000 11465
1512072510000 11466
1512072510000 11466
1512072510000 11466
1512072510000 11466
1512072510000 11466
1512072510000 11466
1512072510000 11466
1512072510000 11467
1512072510000 11467
1512072510000 11467
1512072510000 11467
1512072510000 11467
1512072510000 11467
1512072510000 11468
1512072510000 11468
1512072510000 11468
1512072510000 11468
1512072510000 11468
1512072510000 11468
1512072510000 11468
1512072510000 11469
1512072510000 11469
1512072510000 11469
1512072510000 11469
1512072510000 11469
1512072510000 11469
1512072510000 11469
1512072510000 11470
1512072510000 11470
1512072510000 11470
1512072510000 11470
1512072510000 11470
1512072510000 11470
1512072510000 11471
1512072510000 11471
1512072510000 11471
1512072510000 11471
1512072510000 11471
1512072510000 11471
1512072510000 11471
1512072510000 11472
1512072510000 11472
1512072520000 11444
1512072520000 11444
1512072520000 11444
1512072520000 11444
1512072520000 11444
1512072520000 11445
1512072520000 11445
1512072520000 11445
1512072520000 11445
1512072520000 11445
1512072520000 11445
1512072520000 11445
1512072520000 11446
1512072520000 11446
1512072520000 11446
1512072520000 11446
1512072520000 11446
1512072520000 11446
1512072520000 11446
1512072520000 11447
1512072520000 11447
1512072520000 11447
1512072520000 11447
1512072520000 11447
1512072520000 11447
1512072520000 11448
1512072520000 11448
1512072520000 11448
1512072520000 11448
1512072520000 11448
1512072520000 11448
1512072520000 11449
1512072520000 11449
1512072520000 11449
1512072520000 11449
1512072520000 11449
1512072520000 11449
1512072520000 11450
1512072520000 11450
1512072520000 11450
1512072520000 11450
1512072520000 11450
1512072520000 11450
1512072520000 11451
1512072520000 11451
1512072520000 11451
1512072520000 11451
1512072520000 11451
1512072520000 11451
1512072520000 11451
1512072520000 11451
1512072520000 11452
1512072520000 11452
1512072520000 11452
1512072520000 11452
1512072520000 11452
1512072520000 11452
1512072520000 11452
1512072520000 11453
1512072520000 11453
1512072520000 11453
1512072520000 11453
1512072520000 11453
1512072520000 11453
1512072520000 11453
1512072520000 11454
1512072520000 11454
1512072520000 11454
1512072520000 11454
1512072520000 11454
1512072520000 11454
1512072520000 11454
1512072520000 11455
1512072520000 11455
1512072520000 11455
1512072520000 11455
1512072520000 11455
1512072520000 11455
1512072520000 11456
1512072520000 11456
1512072520000 11456
1512072520000 11456
1512072520000 11456
1512072520000 11456
1512072520000 11456
1512072520000 11457
1512072520000 11457
1512072520000 11457
1512072520000 11457
1512072520000 11457
1512072520000 11457
1512072520000 11457
1512072520000 11458
1512072520000 11458
1512072520000 11458
1512072520000 11458
1512072520000 11458
1512072520000 11458
1512072520000 11458
1512072520000 11459
1512072530000 11428
1512072530000 11428
1512072530000 11428
1512072530000 11428
1512072530000 11428
1512072530000 11428
1512072530000 11428
1512072530000 11428
1512072530000 11428
1512072530000 11428
1512072530000 11429
1512072530000 11429
1512072530000 11429
1512072530000 11429
1512072530000 11429
1512072530000 11429
1512072530000 11429
1512072530000 11429
1512072530000 11429
1512072530000 11429
1512072530000 11430
1512072530000 11430
1512072530000 11430
1512072530000 11430
1512072530000 11430
1512072530000 11430
1512072530000 11430
1512072530000 11430
1512072530000 11430
1512072530000 11430
1512072530000 11430
1512072530000 11431
1512072530000 11431
1512072530000 11431
1512072530000 11431
1512072530000 11431
1512072530000 11431
1512072530000 11431
1512072530000 11431
1512072530000 11431
1512072530000 11431
1512072530000 11431
1512072530000 11432
1512072530000 11432
1512072530000 11432
1512072530000 11432
1512072530000 11432
1512072530000 11432
1512072530000 11432
1512072530000 11432
1512072530000 11432
1512072530000 11432
1512072530000 11432
1512072530000 11433
1512072530000 11433
1512072530000 11433
1512072530000 11433
1512072530000 11433
1512072530000 11433
1512072530000 11433
1512072530000 11433
1512072530000 11433
1512072530000 11433
1512072530000 11434
1512072530000 11434
1512072530000 11434
1512072530000 11434
1512072530000 11434
1512072530000 11434
1512072530000 11434
1512072530000 11434
1512072530000 11434
1512072530000 11434
1512072530000 11435
1512072530000 11435
1512072530000 11435
1512072530000 11435
1512072530000 11435
1512072530000 11435
1512072530000 11435
1512072530000 11435
1512072530000 11435
1512072530000 11435
1512072530000 11435
1512072530000 11436
1512072530000 11436
1512072530000 11436
1512072530000 11436
1512072530000 11436
1512072530000 11436
1512072530000 11436
1512072530000 11436
1512072530000 11436
1512072530000 11436
1512072530000 11436
1512072530000 11437
1512072530000 11437
1512072530000 11437
1512072530000 11437
1512072530000 11437
1512072540000 11442
1512072540000 11442
1512072540000 11442
1512072540000 11442
1512072540000 11442
1512072540000 11443
1512072540000 11443
1512072540000 11443
1512072540000 11443
1512072540000 11443
1512072540000 11443
1512072540000 11443
1512072540000 11443
1512072540000 11443
1512072540000 11443
1512072540000 11443
1512072540000 11444
1512072540000 11444
1512072540000 11444
1512072540000 11444
1512072540000 11444
1512072540000 11444
1512072540000 11444
1512072540000 11444
1512072540000 11444
1512072540000 11444
1512072540000 11445
1512072540000 11445
1512072540000 11445
1512072540000 11445
1512072540000 11445
1512072540000 11445
1512072540000 11445
1512072540000 11445
1512072540000 11445
1512072540000 11445
1512072540000 11445
1512072540000 11446
1512072540000 11446
1512072540000 11446
1512072540000 11446
1512072540000 11446
1512072540000 11446
1512072540000 11446
1512072540000 11446
1512072540000 11446
1512072540000 11446
1512072540000 11446
1512072540000 11447
1512072540000 11447
1512072540000 11447
1512072540000 11447
1512072540000 11447
1512072540000 11447
1512072540000 11447
1512072540000 11447
1512072540000 11447
1512072540000 11447
1512072540000 11448
1512072540000 11448
1512072540000 11448
1512072540000 11448
1512072540000 11448
1512072540000 11448
1512072540000 11448
1512072540000 11448
1512072540000 11448
1512072540000 11448
1512072540000 11448
1512072540000 11449
1512072540000 11449
1512072540000 11449
1512072540000 11449
1512072540000 11449
1512072540000 11449
1512072540000 11449
1512072540000 11449
1512072540000 11449
1512072540000 11449
1512072540000 11450
1512072540000 11450
1512072540000 11450
1512072540000 11450
1512072540000 11450
1512072540000 11450
1512072540000 11450
1512072540000 11450
1512072540000 11450
1512072540000 11450
1512072540000 11450
1512072540000 11451
1512072540000 11451
1512072540000 11451
1512072540000 11451
1512072540000 11451
1512072540000 11451
1512072540000 11451
1512072540000 11451
1512072540000 11451
1512072540000 11451
1512072550000 11499
1512072550000 11499
1512072550000 11500
1512072550000 11500
1512072550000 11500
1512072550000 11500
1512072550000 11500
1512072550000 11500
1512072550000 11500
1512072550000 11501
1512072550000 11501
1512072550000 11501
1512072550000 11501
1512072550000 11501
1512072550000 11501
1512072550000 11501
1512072550000 11502
1512072550000 11502
1512072550000 11502
1512072550000 11502
1512072550000 11502
1512072550000 11502
1512072550000 11502
1512072550000 11503
1512072550000 11503
1512072550000 11503
1512072550000 11503
1512072550000 11503
1512072550000 11503
1512072550000 11503
1512072550000 11504
1512072550000 11504
1512072550000 11504
1512072550000 11504
1512072550000 11504
1512072550000 11504
1512072550000 11504
1512072550000 11505
1512072550000 11505
1512072550000 11505
1512072550000 11505
1512072550000 11505
1512072550000 11505
1512072550000 11505
1512072550000 11506
1512072550000 11506
1512072550000 11506
1512072550000 11506
1512072550000 11506
1512072550000 11506
1512072550000 11506
1512072550000 11507
1512072550000 11507
1512072550000 11507
1512072550000 11507
1512072550000 11507
1512072550000 11507
1512072550000 11507
1512072550000 11508
1512072550000 11508
1512072550000 11508
1512072550000 11508
1512072550000 11508
1512072550000 11508
1512072550000 11508
1512072550000 11509
1512072550000 11509
1512072550000 11509
1512072550000 11509
1512072550000 11509
1512072550000 11509
1512072550000 11509
1512072550000 11510
1512072550000 11510
1512072550000 11510
1512072550000 11510
1512072550000 11510
1512072550000 11510
1512072550000 11510
1512072550000 11511
1512072550000 11511
1512072550000 11511
1512072550000 11511
1512072550000 11511
1512072550000 11511
1512072550000 11512
1512072550000 11512
1512072550000 11512
1512072550000 11512
1512072550000 11512
1512072550000 11512
1512072550000 11512
1512072550000 11512
1512072550000 11513
1512072550000 11513
1512072550000 11513
1512072550000 11513
1512072550000 11513
1512072550000 11513
1512072550000 11514
1512072560000 11447
1512072560000 11447
1512072560000 11448
1512072560000 11448
1512072560000 11448
1512072560000 11448
1512072560000 11448
1512072560000 11448
1512072560000 11449
1512072560000 11449
1512072560000 11449
1512072560000 11449
1512072560000 11449
1512072560000 11449
1512072560000 11450
1512072560000 11450
1512072560000 11450
1512072560000 11450
1512072560000 11450
1512072560000 11450
1512072560000 11450
1512072560000 11451
1512072560000 11451
1512072560000 11451
1512072560000 11451
1512072560000 11451
1512072560000 11451
1512072560000 11451
1512072560000 11452
1512072560000 11452
1512072560000 11452
1512072560000 11452
1512072560000 11452
1512072560000 11452
1512072560000 11452
1512072560000 11453
1512072560000 11453
1512072560000 11453
1512072560000 11453
1512072560000 11453
1512072560000 11453
1512072560000 11454
1512072560000 11454
1512072560000 11454
1512072560000 11454
1512072560000 11454
1512072560000 11454
1512072560000 11454
1512072560000 11455
1512072560000 11455
1512072560000 11455
1512072560000 11455
1512072560000 11455
1512072560000 11455
1512072560000 11455
1512072560000 11456
1512072560000 11456
1512072560000 11456
1512072560000 11456
1512072560000 11456
1512072560000 11456
1512072560000 11456
1512072560000 11457
1512072560000 11457
1512072560000 11457
1512072560000 11457
1512072560000 11457
1512072560000 11457
1512072560000 11458
1512072560000 11458
1512072560000 11458
1512072560000 11458
1512072560000 11458
1512072560000 11458
1512072560000 11458
1512072560000 11459
1512072560000 11459
1512072560000 11459
1512072560000 11459
1512072560000 11459
1512072560000 11459
1512072560000 11459
1512072560000 11460
1512072560000 11460
1512072560000 11460
1512072560000 11460
1512072560000 11460
1512072560000 11460
1512072560000 11460
1512072560000 11461
1512072560000 11461
1512072560000 11461
1512072560000 11461
1512072560000 11461
1512072560000 11461
1512072560000 11462
1512072560000 11462
1512072560000 11462
1512072560000 11462
1512072560000 11462
1512072570000 11455
1512072570000 11456
1512072570000 11456
1512072570000 11456
1512072570000 11456
1512072570000 11456
1512072570000 11456
1512072570000 11456
1512072570000 11457
1512072570000 11457
1512072570000 11457
1512072570000 11457
1512072570000 11457
1512072570000 11457
1512072570000 11457
1512072570000 11458
1512072570000 11458
1512072570000 11458
1512072570000 11458
1512072570000 11458
1512072570000 11458
1512072570000 11459
1512072570000 11459
1512072570000 11459
1512072570000 11459
1512072570000 11459
1512072570000 11459
1512072570000 11460
1512072570000 11460
1512072570000 11460
1512072570000 11460
1512072570000 11460
1512072570000 11460
1512072570000 11460
1512072570000 11461
1512072570000 11461
1512072570000 11461
1512072570000 11461
1512072570000 11461
1512072570000 11461
1512072570000 11462
1512072570000 11462
1512072570000 11462
1512072570000 11462
1512072570000 11462
1512072570000 11462
1512072570000 11463
1512072570000 11463
1512072570000 11463
1512072570000 11463
1512072570000 11463
1512072570000 11463
1512072570000 11464
1512072570000 11464
1512072570000 11464
1512072570000 11464
1512072570000 11464
1512072570000 11464
1512072570000 11464
1512072570000 11465
1512072570000 11465
1512072570000 11465
1512072570000 11465
1512072570000 11465
1512072570000 11465
1512072570000 11466
1512072570000 11466
1512072570000 11466
1512072570000 11466
1512072570000 11466
1512072570000 11466
1512072570000 11466
1512072570000 11467
1512072570000 11467
1512072570000 11467
1512072570000 11467
1512072570000 11467
1512072570000 11467
1512072570000 11468
1512072570000 11468
1512072570000 11468
1512072570000 11468
1512072570000 11468
1512072570000 11468
1512072570000 11468
1512072570000 11469
1512072570000 11469
1512072570000 11469
1512072570000 11469
1512072570000 11469
1512072570000 11469
1512072570000 11469
1512072570000 11470
1512072570000 11470
1512072570000 11470
1512072570000 11470
1512072570000 11470
1512072570000 11470
1512072570000 11471
1512072570000 11471
1512072580000 11517
1512072580000 11518
1512072580000 11518
1512072580000 11518
1512072580000 11518
1512072580000 11518
1512072580000 11518
1512072580000 11518
1512072580000 11519
1512072580000 11519
1512072580000 11519
1512072580000 11519
1512072580000 11519
1512072580000 11519
1512072580000 11519
1512072580000 11520
1512072580000 11520
1512072580000 11520
1512072580000 11520
1512072580000 11520
1512072580000 11520
1512072580000 11520
1512072580000 11521
1512072580000 11521
1512072580000 11521
1512072580000 11521
1512072580000 11521
1512072580000 11521
1512072580000 11522
1512072580000 11522
1512072580000 11522
1512072580000 11522
1512072580000 11522
1512072580000 11522
1512072580000 11522
1512072580000 11523
1512072580000 11523
1512072580000 11523
1512072580000 11523
1512072580000 11523
1512072580000 11523
1512072580000 11524
1512072580000 11524
1512072580000 11524
1512072580000 11524
1512072580000 11524
1512072580000 11524
1512072580000 11525
1512072580000 11525
1512072580000 11525
1512072580000 11525
1512072580000 11525
1512072580000 11525
1512072580000 11525
1512072580000 11526
1512072580000 11526
1512072580000 11526
1512072580000 11526
1512072580000 11526
1512072580000 11527
1512072580000 11527
1512072580000 11527
1512072580000 11527
1512072580000 11527
1512072580000 11527
1512072580000 11528
1512072580000 11528
1512072580000 11528
1512072580000 11528
1512072580000 11528
1512072580000 11528
1512072580000 11528
1512072580000 11529
1512072580000 11529
1512072580000 11529
1512072580000 11529
1512072580000 11529
1512072580000 11529
1512072580000 11530
1512072580000 11530
1512072580000 11530
1512072580000 11530
1512072580000 11530
1512072580000 11530
1512072580000 11530
1512072580000 11531
1512072580000 11531
1512072580000 11531
1512072580000 11531
1512072580000 11531
1512072580000 11531
1512072580000 11532
1512072580000 11532
1512072580000 11532
1512072580000 11532
1512072580000 11532
1512072580000 11532
1512072580000 11532
1512072580000 11533
1512072580000 11533
1512072590000 11450
1512072590000 11450
1512072590000 11450
1512072590000 11450
1512072590000 11450
1512072590000 11451
1512072590000 11451
1512072590000 11451
1512072590000 11451
1512072590000 11451
1512072590000 11451
1512072590000 11451
1512072590000 11452
1512072590000 11452
1512072590000 11452
1512072590000 11452
1512072590000 11452
1512072590000 11452
1512072590000 11453
1512072590000 11453
1512072590000 11453
1512072590000 11453
1512072590000 11453
1512072590000 11453
1512072590000 11454
1512072590000 11454
1512072590000 11454
1512072590000 11454
1512072590000 11454
1512072590000 11454
1512072590000 11454
1512072590000 11455
1512072590000 11455
1512072590000 11455
1512072590000 11455
1512072590000 11455
1512072590000 11455
1512072590000 11455
1512072590000 11456
1512072590000 11456
1512072590000 11456
1512072590000 11456
1512072590000 11456
1512072590000 11456
1512072590000 11457
1512072590000 11457
1512072590000 11457
1512072590000 11457
1512072590000 11457
1512072590000 11457
1512072590000 11458
1512072590000 11458
1512072590000 11458
1512072590000 11458
1512072590000 11458
1512072590000 11458
1512072590000 11458
1512072590000 11459
1512072590000 11459
1512072590000 11459
1512072590000 11459
1512072590000 11459
1512072590000 11459
1512072590000 11460
1512072590000 11460
1512072590000 11460
1512072590000 11460
1512072590000 11460
1512072590000 11460
1512072590000 11460
1512072590000 11461
1512072590000 11461
1512072590000 11461
1512072590000 11461
1512072590000 11461
1512072590000 11461
1512072590000 11462
1512072590000 11462
1512072590000 11462
1512072590000 11462
1512072590000 11462
1512072590000 11462
1512072590000 11462
1512072590000 11463
1512072590000 11463
1512072590000 11463
1512072590000 11463
1512072590000 11463
1512072590000 11463
1512072590000 11464
1512072590000 11464
1512072590000 11464
1512072590000 11464
1512072590000 11464
1512072590000 11464
1512072590000 11464
1512072590000 11465
1512072590000 11465
1512072590000 11465
1512072590000 11465
1512072600000 11473
1512072600000 11473
1512072600000 11473
1512072600000 11473
1512072600000 11473
1512072600000 11473
1512072600000 11474
1512072600000 11474
1512072600000 11474
1512072600000 11474
1512072600000 11474
1512072600000 11474
1512072600000 11474
1512072600000 11475
1512072600000 11475
1512072600000 11475
1512072600000 11475
1512072600000 11475
1512072600000 11475
1512072600000 11475
1512072600000 11475
1512072600000 11476
1512072600000 11476
1512072600000 11476
1512072600000 11476
1512072600000 11476
1512072600000 11476
1512072600000 11476
1512072600000 11477
1512072600000 11477
1512072600000 11477
1512072600000 11477
1512072600000 11477
1512072600000 11477
1512072600000 11478
1512072600000 11478
1512072600000 11478
1512072600000 11478
1512072600000 11478
1512072600000 11478
1512072600000 11478
1512072600000 11479
1512072600000 11479
1512072600000 11479
1512072600000 11479
1512072600000 11479
1512072600000 11479
1512072600000 11480
1512072600000 11480
1512072600000 11480
1512072600000 11480
1512072600000 11480
1512072600000 11480
1512072600000 11480
1512072600000 11481
1512072600000 11481
1512072600000 11481
1512072600000 11481
1512072600000 11481
1512072600000 11481
1512072600000 11481
1512072600000 11482
1512072600000 11482
1512072600000 11482
1512072600000 11482
1512072600000 11482
1512072600000 11482
1512072600000 11483
1512072600000 11483
1512072600000 11483
1512072600000 11483
1512072600000 11483
1512072600000 11483
1512072600000 11483
1512072600000 11484
1512072600000 11484
1512072600000 11484
1512072600000 11484
1512072600000 11484
1512072600000 11484
1512072600000 11484
1512072600000 11485
1512072600000 11485
1512072600000 11485
1512072600000 11485
1512072600000 11485
1512072600000 11485
1512072600000 11486
1512072600000 11486
1512072600000 11486
1512072600000 11486
1512072600000 11486
1512072600000 11486
1512072600000 11486
1512072600000 11487
1512072600000 11487
1512072600000 11487
1512072600000 11487
1512072600000 11487
1512072600000 11487
1512072610000 11472
1512072610000 11472
1512072610000 11472
1512072610000 11472
1512072610000 11472
1512072610000 11472
1512072610000 11473
1512072610000 11473
1512072610000 11473
1512072610000 11473
1512072610000 11473
1512072610000 11473
1512072610000 11473
1512072610000 11474
1512072610000 11474
1512072610000 11474
1512072610000 11474
1512072610000 11474
1512072610000 11474
1512072610000 11474
1512072610000 11475
1512072610000 11475
1512072610000 11475
1512072610000 11475
1512072610000 11475
1512072610000 11475
1512072610000 11475
1512072610000 11476
1512072610000 11476
1512072610000 11476
1512072610000 11476
1512072610000 11476
1512072610000 11476
1512072610000 11476
1512072610000 11477
1512072610000 11477
1512072610000 11477
1512072610000 11477
1512072610000 11477
1512072610000 11477
1512072610000 11477
1512072610000 11478
1512072610000 11478
1512072610000 11478
1512072610000 11478
1512072610000 11478
1512072610000 11478
1512072610000 11478
1512072610000 11479
1512072610000 11479
1512072610000 11479
1512072610000 11479
1512072610000 11479
1512072610000 11479
1512072610000 11479
1512072610000 11480
1512072610000 11480
1512072610000 11480
1512072610000 11480
1512072610000 11480
1512072610000 11480
1512072610000 11480
1512072610000 11481
1512072610000 11481
1512072610000 11481
1512072610000 11481
1512072610000 11481
1512072610000 11481
1512072610000 11481
1512072610000 11482
1512072610000 11482
1512072610000 11482
1512072610000 11482
1512072610000 11482
1512072610000 11482
1512072610000 11482
1512072610000 11482
1512072610000 11483
1512072610000 11483
1512072610000 11483
1512072610000 11483
1512072610000 11483
1512072610000 11483
1512072610000 11483
1512072610000 11484
1512072610000 11484
1512072610000 11484
1512072610000 11484
1512072610000 11484
1512072610000 11484
1512072610000 11484
1512072610000 11485
1512072610000 11485
1512072610000 11485
1512072610000 11485
1512072610000 11485
1512072610000 11485
1512072610000 11485
1512072610000 11486
1512072610000 11486
1512072620000 11478
1512072620000 11479
1512072620000 11479
1512072620000 11479
1512072620000 11479
1512072620000 11479
1512072620000 11479
1512072620000 11479
1512072620000 11480
1512072620000 11480
1512072620000 11480
1512072620000 11480
1512072620000 11480
1512072620000 11480
1512072620000 11481
1512072620000 11481
1512072620000 11481
1512072620000 11481
1512072620000 11481
1512072620000 11481
1512072620000 11481
1512072620000 11482
1512072620000 11482
1512072620000 11482
1512072620000 11482
1512072620000 11482
1512072620000 11482
1512072620000 11482
1512072620000 11483
1512072620000 11483
1512072620000 11483
1512072620000 11483
1512072620000 11483
1512072620000 11483
1512072620000 11483
1512072620000 11484
1512072620000 11484
1512072620000 11484
1512072620000 11484
1512072620000 11484
1512072620000 11484
1512072620000 11484
1512072620000 11485
1512072620000 11485
1512072620000 11485
1512072620000 11485
1512072620000 11485
1512072620000 11485
1512072620000 11485
1512072620000 11486
1512072620000 11486
1512072620000 11486
1512072620000 11486
1512072620000 11486
1512072620000 11486
1512072620000 11486
1512072620000 11487
1512072620000 11487
1512072620000 11487
1512072620000 11487
1512072620000 11487
1512072620000 11487
1512072620000 11488
1512072620000 11488
1512072620000 11488
1512072620000 11488
1512072620000 11488
1512072620000 11488
1512072620000 11488
1512072620000 11489
1512072620000 11489
1512072620000 11489
1512072620000 11489
1512072620000 11489
1512072620000 11489
1512072620000 11489
1512072620000 11490
1512072620000 11490
1512072620000 11490
1512072620000 11490
1512072620000 11490
1512072620000 11490
1512072620000 11490
1512072620000 11491
1512072620000 11491
1512072620000 11491
1512072620000 11491
1512072620000 11491
1512072620000 11491
1512072620000 11491
1512072620000 11492
1512072620000 11492
1512072620000 11492
1512072620000 11492
1512072620000 11492
1512072620000 11492
1512072620000 11492
1512072620000 11493
1512072620000 11493
1512072620000 11493
1512072630000 11490
1512072630000 11490
1512072630000 11491
1512072630000 11491
1512072630000 11491
1512072630000 11491
1512072630000 11491
1512072630000 11491
1512072630000 11491
1512072630000 11492
1512072630000 11492
1512072630000 11492
1512072630000 11492
1512072630000 11492
1512072630000 11492
1512072630000 11492
1512072630000 11493
1512072630000 11493
1512072630000 11493
1512072630000 11493
1512072630000 11493
1512072630000 11493
1512072630000 11493
1512072630000 11494
1512072630000 11494
1512072630000 11494
1512072630000 11494
1512072630000 11494
1512072630000 11494
1512072630000 11494
1512072630000 11494
1512072630000 11495
1512072630000 11495
1512072630000 11495
1512072630000 11495
1512072630000 11495
1512072630000 11495
1512072630000 11495
1512072630000 11496
1512072630000 11496
1512072630000 11496
1512072630000 11496
1512072630000 11496
1512072630000 11496
1512072630000 11496
1512072630000 11497
1512072630000 11497
1512072630000 11497
1512072630000 11497
1512072630000 11497
1512072630000 11497
1512072630000 11497
1512072630000 11498
1512072630000 11498
1512072630000 11498
1512072630000 11498
1512072630000 11498
1512072630000 11499
1512072630000 11499
1512072630000 11499
1512072630000 11499
1512072630000 11499
1512072630000 11499
1512072630000 11500
1512072630000 11500
1512072630000 11500
1512072630000 11500
1512072630000 11500
1512072630000 11500
1512072630000 11500
1512072630000 11501
1512072630000 11501
1512072630000 11501
1512072630000 11501
1512072630000 11501
1512072630000 11501
1512072630000 11501
1512072630000 11502
1512072630000 11502
1512072630000 11502
1512072630000 11502
1512072630000 11502
1512072630000 11502
1512072630000 11502
1512072630000 11503
1512072630000 11503
1512072630000 11503
1512072630000 11503
1512072630000 11503
1512072630000 11503
1512072630000 11503
1512072630000 11504
1512072630000 11504
1512072630000 11504
1512072630000 11504
1512072630000 11504
1512072630000 11504
1512072630000 11504
1512072630000 11505
1512072630000 11505
1512072640000 11499
1512072640000 11499
1512072640000 11500
1512072640000 11500
1512072640000 11500
1512072640000 11500
1512072640000 11500
1512072640000 11501
1512072640000 11501
1512072640000 11501
1512072640000 11501
1512072640000 11501
1512072640000 11502
1512072640000 11502
1512072640000 11502
1512072640000 11502
1512072640000 11502
1512072640000 11503
1512072640000 11503
1512072640000 11503
1512072640000 11503
1512072640000 11503
1512072640000 11504
1512072640000 11504
1512072640000 11504
1512072640000 11504
1512072640000 11504
1512072640000 11504
1512072640000 11505
1512072640000 11505
1512072640000 11505
1512072640000 11505
1512072640000 11505
1512072640000 11506
1512072640000 11506
1512072640000 11506
1512072640000 11506
1512072640000 11506
1512072640000 11507
1512072640000 11507
1512072640000 11507
1512072640000 11507
1512072640000 11507
1512072640000 11508
1512072640000 11508
1512072640000 11508
1512072640000 11508
1512072640000 11508
1512072640000 11509
1512072640000 11509
1512072640000 11509
1512072640000 11509
1512072640000 11509
1512072640000 11509
1512072640000 11510
1512072640000 11510
1512072640000 11510
1512072640000 11510
1512072640000 11510
1512072640000 11510
1512072640000 11511
1512072640000 11511
1512072640000 11511
1512072640000 11511
1512072640000 11511
1512072640000 11511
1512072640000 11512
1512072640000 11512
1512072640000 11512
1512072640000 11512
1512072640000 11512
1512072640000 11512
1512072640000 11513
1512072640000 11513
1512072640000 11513
1512072640000 11513
1512072640000 11513
1512072640000 11514
1512072640000 11514
1512072640000 11514
1512072640000 11514
1512072640000 11514
1512072640000 11515
1512072640000 11515
1512072640000 11515
1512072640000 11515
1512072640000 11516
1512072640000 11516
1512072640000 11516
1512072640000 11516
1512072640000 11516
1512072640000 11517
1512072640000 11517
1512072640000 11517
1512072640000 11517
1512072640000 11518
1512072640000 11518
1512072640000 11518
1512072640000 11518
1512072640000 11518
1512072650000 11460
1512072650000 11460
1512072650000 11460
1512072650000 11460
1512072650000 11460
1512072650000 11461
1512072650000 11461
1512072650000 11461
1512072650000 11461
1512072650000 11461
1512072650000 11462
1512072650000 11462
1512072650000 11462
1512072650000 11462
1512072650000 11462
1512072650000 11463
1512072650000 11463
1512072650000 11463
1512072650000 11463
1512072650000 11463
1512072650000 11464
1512072650000 11464
1512072650000 11464
1512072650000 11464
1512072650000 11464
1512072650000 11464
1512072650000 11465
1512072650000 11465
1512072650000 11465
1512072650000 11465
1512072650000 11465
1512072650000 11466
1512072650000 11466
1512072650000 11466
1512072650000 11466
1512072650000 11466
1512072650000 11467
1512072650000 11467
1512072650000 11467
1512072650000 11467
1512072650000 11467
1512072650000 11468
1512072650000 11468
1512072650000 11468
1512072650000 11468
1512072650000 11468
1512072650000 11469
1512072650000 11469
1512072650000 11469
1512072650000 11469
1512072650000 11469
1512072650000 11469
1512072650000 11470
1512072650000 11470
1512072650000 11470
1512072650000 11470
1512072650000 11470
1512072650000 11470
1512072650000 11471
1512072650000 11471
1512072650000 11471
1512072650000 11471
1512072650000 11471
1512072650000 11471
1512072650000 11472
1512072650000 11472
1512072650000 11472
1512072650000 11472
1512072650000 11472
1512072650000 11472
1512072650000 11473
1512072650000 11473
1512072650000 11473
1512072650000 11473
1512072650000 11473
1512072650000 11473
1512072650000 11474
1512072650000 11474
1512072650000 11474
1512072650000 11474
1512072650000 11474
1512072650000 11474
1512072650000 11475
1512072650000 11475
1512072650000 11475
1512072650000 11475
1512072650000 11475
1512072650000 11475
1512072650000 11476
1512072650000 11476
1512072650000 11476
1512072650000 11476
1512072650000 11476
1512072650000 11476
1512072650000 11476
1512072650000 11477
1512072650000 11477
1512072650000 11477
1512072650000 11477
1512072650000 11477
1512072660000 11489
1512072660000 11489
1512072660000 11489
1512072660000 11490
1512072660000 11490
1512072660000 11490
1512072660000 11490
1512072660000 11490
1512072660000 11490
1512072660000 11490
1512072660000 11491
1512072660000 11491
1512072660000 11491
1512072660000 11491
1512072660000 11491
1512072660000 11491
1512072660000 11492
1512072660000 11492
1512072660000 11492
1512072660000 11492
1512072660000 11492
1512072660000 11492
1512072660000 11492
1512072660000 11493
1512072660000 11493
1512072660000 11493
1512072660000 11493
1512072660000 11493
1512072660000 11493
1512072660000 11493
1512072660000 11494
1512072660000 11494
1512072660000 11494
1512072660000 11494
1512072660000 11494
1512072660000 11494
1512072660000 11494
1512072660000 11495
1512072660000 11495
1512072660000 11495
1512072660000 11495
1512072660000 11495
1512072660000 11495
1512072660000 11496
1512072660000 11496
1512072660000 11496
1512072660000 11496
1512072660000 11496
1512072660000 11496
1512072660000 11496
1512072660000 11497
1512072660000 11497
1512072660000 11497
1512072660000 11497
1512072660000 11497
1512072660000 11497
1512072660000 11497
1512072660000 11498
1512072660000 11498
1512072660000 11498
1512072660000 11498
1512072660000 11498
1512072660000 11498
1512072660000 11498
1512072660000 11499
1512072660000 11499
1512072660000 11499
1512072660000 11499
1512072660000 11499
1512072660000 11499
1512072660000 11500
1512072660000 11500
1512072660000 11500
1512072660000 11500
1512072660000 11500
1512072660000 11500
1512072660000 11500
1512072660000 11501
1512072660000 11501
1512072660000 11501
1512072660000 11501
1512072660000 11501
1512072660000 11501
1512072660000 11501
1512072660000 11502
1512072660000 11502
1512072660000 11502
1512072660000 11502
1512072660000 11502
1512072660000 11502
1512072660000 11502
1512072660000 11503
1512072660000 11503
1512072660000 11503
1512072660000 11503
1512072660000 11503
1512072660000 11503
1512072660000 11503
1512072660000 11504
1512072660000 11504
1512072670000 11473
1512072670000 11473
1512072670000 11474
1512072670000 11474
1512072670000 11474
1512072670000 11474
1512072670000 11474
1512072670000 11474
1512072670000 11474
1512072670000 11475
1512072670000 11475
1512072670000 11475
1512072670000 11475
1512072670000 11475
1512072670000 11475
1512072670000 11476
1512072670000 11476
1512072670000 11476
1512072670000 11476
1512072670000 11476
1512072670000 11476
1512072670000 11476
1512072670000 11477
1512072670000 11477
1512072670000 11477
1512072670000 11477
1512072670000 11477
1512072670000 11477
1512072670000 11478
1512072670000 11478
1512072670000 11478
1512072670000 11478
1512072670000 11478
1512072670000 11478
1512072670000 11478
1512072670000 11479
1512072670000 11479
1512072670000 11479
1512072670000 11479
1512072670000 11479
1512072670000 11479
1512072670000 11479
1512072670000 11480
1512072670000 11480
1512072670000 11480
1512072670000 11480
1512072670000 11480
1512072670000 11480
1512072670000 11481
1512072670000 11481
1512072670000 11481
1512072670000 11481
1512072670000 11481
1512072670000 11481
1512072670000 11481
1512072670000 11482
1512072670000 11482
1512072670000 11482
1512072670000 11482
1512072670000 11482
1512072670000 11482
1512072670000 11482
1512072670000 11483
1512072670000 11483
1512072670000 11483
1512072670000 11483
1512072670000 11483
1512072670000 11483
1512072670000 11484
1512072670000 11484
1512072670000 11484
1512072670000 11484
1512072670000 11484
1512072670000 11484
1512072670000 11484
1512072670000 11485
1512072670000 11485
1512072670000 11485
1512072670000 11485
1512072670000 11485
1512072670000 11485
1512072670000 11485
1512072670000 11486
1512072670000 11486
1512072670000 11486
1512072670000 11486
1512072670000 11486
1512072670000 11486
1512072670000 11486
1512072670000 11487
1512072670000 11487
1512072670000 11487
1512072670000 11487
1512072670000 11487
1512072670000 11487
1512072670000 11487
1512072670000 11488
1512072670000 11488
1512072670000 11488
1512072670000 11488
1512072680000 11512
1512072680000 11513
1512072680000 11513
1512072680000 11513
1512072680000 11513
1512072680000 11514
1512072680000 11514
1512072680000 11514
1512072680000 11514
1512072680000 11515
1512072680000 11515
1512072680000 11515
1512072680000 11515
1512072680000 11515
1512072680000 11515
1512072680000 11515
1512072680000 11516
1512072680000 11516
1512072680000 11516
1512072680000 11516
1512072680000 11516
1512072680000 11516
1512072680000 11516
1512072680000 11517
1512072680000 11517
1512072680000 11517
1512072680000 11517
1512072680000 11517
1512072680000 11517
1512072680000 11518
1512072680000 11518
1512072680000 11518
1512072680000 11518
1512072680000 11518
1512072680000 11518
1512072680000 11518
1512072680000 11519
1512072680000 11519
1512072680000 11519
1512072680000 11519
1512072680000 11519
1512072680000 11519
1512072680000 11519
1512072680000 11520
1512072680000 11520
1512072680000 11520
1512072680000 11520
1512072680000 11520
1512072680000 11520
1512072680000 11520
1512072680000 11521
1512072680000 11521
1512072680000 11521
1512072680000 11521
1512072680000 11521
1512072680000 11521
1512072680000 11521
1512072680000 11522
1512072680000 11522
1512072680000 11522
1512072680000 11522
1512072680000 11522
1512072680000 11522
1512072680000 11522
1512072680000 11523
1512072680000 11523
1512072680000 11523
1512072680000 11523
1512072680000 11523
1512072680000 11523
1512072680000 11523
1512072680000 11524
1512072680000 11524
1512072680000 11524
1512072680000 11524
1512072680000 11524
1512072680000 11524
1512072680000 11524
1512072680000 11525
1512072680000 11525
1512072680000 11525
1512072680000 11525
1512072680000 11525
1512072680000 11525
1512072680000 11525
1512072680000 11526
1512072680000 11526
1512072680000 11526
1512072680000 11526
1512072680000 11527
1512072680000 11527
1512072680000 11527
1512072680000 11527
1512072680000 11527
1512072680000 11527
1512072680000 11528
1512072680000 11528
1512072680000 11528
1512072680000 11528
1512072680000 11528
1512072690000 11772
1512072690000 11772
1512072690000 11772
1512072690000 11772
1512072690000 11772
1512072690000 11772
1512072690000 11773
1512072690000 11773
1512072690000 11773
1512072690000 11773
1512072690000 11773
1512072690000 11773
1512072690000 11773
1512072690000 11774
1512072690000 11774
1512072690000 11774
1512072690000 11774
1512072690000 11774
1512072690000 11774
1512072690000 11774
1512072690000 11775
1512072690000 11775
1512072690000 11775
1512072690000 11775
1512072690000 11775
1512072690000 11775
1512072690000 11776
1512072690000 11776
1512072690000 11776
1512072690000 11776
1512072690000 11776
1512072690000 11776
1512072690000 11776
1512072690000 11777
1512072690000 11777
1512072690000 11777
1512072690000 11777
1512072690000 11777
1512072690000 11777
1512072690000 11778
1512072690000 11778
1512072690000 11778
1512072690000 11778
1512072690000 11778
1512072690000 11778
1512072690000 11779
1512072690000 11779
1512072690000 11779
1512072690000 11779
1512072690000 11779
1512072690000 11780
1512072690000 11780
1512072690000 11780
1512072690000 11780
1512072690000 11780
1512072690000 11780
1512072690000 11781
1512072690000 11781
1512072690000 11781
1512072690000 11781
1512072690000 11781
1512072690000 11782
1512072690000 11782
1512072690000 11782
1512072690000 11782
1512072690000 11782
1512072690000 11782
1512072690000 11783
1512072690000 11783
1512072690000 11783
1512072690000 11783
1512072690000 11783
1512072690000 11783
1512072690000 11784
1512072690000 11784
1512072690000 11784
1512072690000 11784
1512072690000 11784
1512072690000 11784
1512072690000 11785
1512072690000 11785
1512072690000 11785
1512072690000 11785
1512072690000 11785
1512072690000 11786
1512072690000 11786
1512072690000 11786
1512072690000 11786
1512072690000 11786
1512072690000 11786
1512072690000 11787
1512072690000 11787
1512072690000 11787
1512072690000 11787
1512072690000 11787
1512072690000 11787
1512072690000 11788
1512072690000 11788
1512072690000 11788
1512072690000 11788
1512072700000 11467
1512072700000 11467
1512072700000 11468
1512072700000 11468
1512072700000 11468
1512072700000 11468
1512072700000 11468
1512072700000 11468
1512072700000 11468
1512072700000 11468
1512072700000 11468
1512072700000 11469
1512072700000 11469
1512072700000 11469
1512072700000 11469
1512072700000 11469
1512072700000 11469
1512072700000 11469
1512072700000 11469
1512072700000 11469
1512072700000 11469
1512072700000 11469
1512072700000 11470
1512072700000 11470
1512072700000 11470
1512072700000 11470
1512072700000 11470
1512072700000 11470
1512072700000 11470
1512072700000 11470
1512072700000 11470
1512072700000 11470
1512072700000 11471
1512072700000 11471
1512072700000 11471
1512072700000 11471
1512072700000 11471
1512072700000 11471
1512072700000 11471
1512072700000 11471
1512072700000 11471
1512072700000 11471
1512072700000 11471
1512072700000 11472
1512072700000 11472
1512072700000 11472
1512072700000 11472
1512072700000 11472
1512072700000 11472
1512072700000 11472
1512072700000 11472
1512072700000 11472
1512072700000 11472
1512072700000 11473
1512072700000 11473
1512072700000 11473
1512072700000 11473
1512072700000 11473
1512072700000 11473
1512072700000 11473
1512072700000 11473
1512072700000 11473
1512072700000 11473
1512072700000 11473
1512072700000 11474
1512072700000 11474
1512072700000 11474
1512072700000 11474
1512072700000 11474
1512072700000 11474
1512072700000 11474
1512072700000 11474
1512072700000 11474
1512072700000 11474
1512072700000 11475
1512072700000 11475
1512072700000 11475
1512072700000 11475
1512072700000 11475
1512072700000 11475
1512072700000 11475
1512072700000 11475
1512072700000 11475
1512072700000 11475
1512072700000 11476
1512072700000 11476
1512072700000 11476
1512072700000 11476
1512072700000 11476
1512072700000 11476
1512072700000 11476
1512072700000 11476
1512072700000 11476
1512072700000 11476
1512072700000 11476
1512072700000 11477
1512072700000 11477
1512072700000 11477
1512072700000 11477
1512072700000 11477
1512072710000 11445
1512072710000 11446
1512072710000 11446
1512072710000 11446
1512072710000 11446
1512072710000 11446
1512072710000 11446
1512072710000 11446
1512072710000 11447
1512072710000 11447
1512072710000 11447
1512072710000 11447
1512072710000 11447
1512072710000 11447
1512072710000 11447
1512072710000 11448
1512072710000 11448
1512072710000 11448
1512072710000 11448
1512072710000 11448
1512072710000 11448
1512072710000 11449
1512072710000 11449
1512072710000 11449
1512072710000 11449
1512072710000 11449
1512072710000 11449
1512072710000 11449
1512072710000 11450
1512072710000 11450
1512072710000 11450
1512072710000 11450
1512072710000 11450
1512072710000 11450
1512072710000 11450
1512072710000 11451
1512072710000 11451
1512072710000 11451
1512072710000 11451
1512072710000 11451
1512072710000 11451
1512072710000 11452
1512072710000 11452
1512072710000 11452
1512072710000 11452
1512072710000 11452
1512072710000 11452
1512072710000 11452
1512072710000 11453
1512072710000 11453
1512072710000 11453
1512072710000 11453
1512072710000 11453
1512072710000 11453
1512072710000 11453
1512072710000 11454
1512072710000 11454
1512072710000 11454
1512072710000 11454
1512072710000 11454
1512072710000 11454
1512072710000 11454
1512072710000 11454
1512072710000 11455
1512072710000 11455
1512072710000 11455
1512072710000 11455
1512072710000 11455
1512072710000 11455
1512072710000 11455
1512072710000 11456
1512072710000 11456
1512072710000 11456
1512072710000 11456
1512072710000 11456
1512072710000 11456
1512072710000 11456
1512072710000 11457
1512072710000 11457
1512072710000 11457
1512072710000 11457
1512072710000 11457
1512072710000 11457
1512072710000 11458
1512072710000 11458
1512072710000 11458
1512072710000 11458
1512072710000 11458
1512072710000 11458
1512072710000 11458
1512072710000 11459
1512072710000 11459
1512072710000 11459
1512072710000 11459
1512072710000 11459
1512072710000 11459
1512072710000 11459
1512072710000 11460
1512072710000 11460
1512072710000 11460
1512072720000 11554
1512072720000 11555
1512072720000 11555
1512072720000 11555
1512072720000 11555
1512072720000 11555
1512072720000 11555
1512072720000 11555
1512072720000 11556
1512072720000 11556
1512072720000 11556
1512072720000 11556
1512072720000 11556
1512072720000 11556
1512072720000 11556
1512072720000 11557
1512072720000 11557
1512072720000 11557
1512072720000 11557
1512072720000 11557
1512072720000 11557
1512072720000 11557
1512072720000 11558
1512072720000 11558
1512072720000 11558
1512072720000 11558
1512072720000 11558
1512072720000 11558
1512072720000 11558
1512072720000 11558
1512072720000 11559
1512072720000 11559
1512072720000 11559
1512072720000 11559
1512072720000 11559
1512072720000 11559
1512072720000 11559
1512072720000 11560
1512072720000 11560
1512072720000 11560
1512072720000 11560
1512072720000 11560
1512072720000 11560
1512072720000 11560
1512072720000 11561
1512072720000 11561
1512072720000 11561
1512072720000 11561
1512072720000 11561
1512072720000 11561
1512072720000 11561
1512072720000 11562
1512072720000 11562
1512072720000 11562
1512072720000 11562
1512072720000 11562
1512072720000 11562
1512072720000 11563
1512072720000 11563
1512072720000 11563
1512072720000 11563
1512072720000 11563
1512072720000 11563
1512072720000 11563
1512072720000 11564
1512072720000 11564
1512072720000 11564
1512072720000 11564
1512072720000 11564
1512072720000 11564
1512072720000 11564
1512072720000 11565
1512072720000 11565
1512072720000 11565
1512072720000 11565
1512072720000 11565
1512072720000 11565
1512072720000 11566
1512072720000 11566
1512072720000 11566
1512072720000 11566
1512072720000 11566
1512072720000 11566
1512072720000 11566
1512072720000 11567
1512072720000 11567
1512072720000 11567
1512072720000 11567
1512072720000 11567
1512072720000 11567
1512072720000 11567
1512072720000 11568
1512072720000 11568
1512072720000 11568
1512072720000 11568
1512072720000 11568
1512072720000 11568
1512072720000 11569
1512072720000 11569
1512072720000 11569
1512072730000 11460
1512072730000 11460
1512072730000 11460
1512072730000 11460
1512072730000 11460
1512072730000 11461
1512072730000 11461
1512072730000 11461
1512072730000 11461
1512072730000 11461
1512072730000 11461
1512072730000 11462
1512072730000 11462
1512072730000 11462
1512072730000 11462
1512072730000 11462
1512072730000 11462
1512072730000 11463
1512072730000 11463
1512072730000 11463
1512072730000 11463
1512072730000 11463
1512072730000 11463
1512072730000 11463
1512072730000 11464
1512072730000 11464
1512072730000 11464
1512072730000 11464
1512072730000 11464
1512072730000 11464
1512072730000 11465
1512072730000 11465
1512072730000 11465
1512072730000 11465
1512072730000 11465
1512072730000 11465
1512072730000 11465
1512072730000 11466
1512072730000 11466
1512072730000 11466
1512072730000 11466
1512072730000 11466
1512072730000 11466
1512072730000 11467
1512072730000 11467
1512072730000 11467
1512072730000 11467
1512072730000 11467
1512072730000 11467
1512072730000 11467
1512072730000 11468
1512072730000 11468
1512072730000 11468
1512072730000 11468
1512072730000 11468
1512072730000 11468
1512072730000 11469
1512072730000 11469
1512072730000 11469
1512072730000 11469
1512072730000 11469
1512072730000 11469
1512072730000 11469
1512072730000 11470
1512072730000 11470
1512072730000 11470
1512072730000 11470
1512072730000 11470
1512072730000 11470
1512072730000 11471
1512072730000 11471
1512072730000 11471
1512072730000 11471
1512072730000 11471
1512072730000 11471
1512072730000 11471
1512072730000 11472
1512072730000 11472
1512072730000 11472
1512072730000 11472
1512072730000 11472
1512072730000 11472
1512072730000 11472
1512072730000 11473
1512072730000 11473
1512072730000 11473
1512072730000 11473
1512072730000 11473
1512072730000 11473
1512072730000 11474
1512072730000 11474
1512072730000 11474
1512072730000 11474
1512072730000 11474
1512072730000 11474
1512072730000 11474
1512072730000 11475
1512072730000 11475
1512072730000 11475
1512072730000 11475
1512072740000 11551
1512072740000 11551
1512072740000 11551
1512072740000 11551
1512072740000 11552
1512072740000 11552
1512072740000 11552
1512072740000 11552
1512072740000 11552
1512072740000 11552
1512072740000 11552
1512072740000 11552
1512072740000 11553
1512072740000 11553
1512072740000 11553
1512072740000 11553
1512072740000 11553
1512072740000 11553
1512072740000 11553
1512072740000 11554
1512072740000 11554
1512072740000 11554
1512072740000 11554
1512072740000 11554
1512072740000 11554
1512072740000 11554
1512072740000 11555
1512072740000 11555
1512072740000 11555
1512072740000 11555
1512072740000 11555
1512072740000 11555
1512072740000 11555
1512072740000 11556
1512072740000 11556
1512072740000 11556
1512072740000 11556
1512072740000 11556
1512072740000 11556
1512072740000 11556
1512072740000 11556
1512072740000 11557
1512072740000 11557
1512072740000 11557
1512072740000 11557
1512072740000 11557
1512072740000 11557
1512072740000 11558
1512072740000 11558
1512072740000 11558
1512072740000 11558
1512072740000 11558
1512072740000 11558
1512072740000 11559
1512072740000 11559
1512072740000 11559
1512072740000 11559
1512072740000 11559
1512072740000 11559
1512072740000 11559
1512072740000 11560
1512072740000 11560
1512072740000 11560
1512072740000 11560
1512072740000 11560
1512072740000 11560
1512072740000 11561
1512072740000 11561
1512072740000 11561
1512072740000 11561
1512072740000 11561
1512072740000 11561
1512072740000 11561
1512072740000 11562
1512072740000 11562
1512072740000 11562
1512072740000 11562
1512072740000 11562
1512072740000 11562
1512072740000 11563
1512072740000 11563
1512072740000 11563
1512072740000 11563
1512072740000 11563
1512072740000 11563
1512072740000 11563
1512072740000 11564
1512072740000 11564
1512072740000 11564
1512072740000 11564
1512072740000 11564
1512072740000 11564
1512072740000 11565
1512072740000 11565
1512072740000 11565
1512072740000 11565
1512072740000 11565
1512072740000 11565
1512072740000 11565
1512072740000 11566
1512072750000 11502
1512072750000 11502
1512072750000 11502
1512072750000 11503
1512072750000 11503
1512072750000 11503
1512072750000 11503
1512072750000 11503
1512072750000 11503
1512072750000 11504
1512072750000 11504
1512072750000 11504
1512072750000 11504
1512072750000 11504
1512072750000 11504
1512072750000 11505
1512072750000 11505
1512072750000 11505
1512072750000 11505
1512072750000 11505
1512072750000 11505
1512072750000 11506
1512072750000 11506
1512072750000 11506
1512072750000 11506
1512072750000 11506
1512072750000 11506
1512072750000 11507
1512072750000 11507
1512072750000 11507
1512072750000 11507
1512072750000 11507
1512072750000 11507
1512072750000 11507
1512072750000 11508
1512072750000 11508
1512072750000 11508
1512072750000 11508
1512072750000 11508
1512072750000 11508
1512072750000 11509
1512072750000 11509
1512072750000 11509
1512072750000 11509
1512072750000 11509
1512072750000 11509
1512072750000 11510
1512072750000 11510
1512072750000 11510
1512072750000 11510
1512072750000 11510
1512072750000 11511
1512072750000 11511
1512072750000 11511
1512072750000 11511
1512072750000 11512
1512072750000 11512
1512072750000 11512
1512072750000 11512
1512072750000 11512
1512072750000 11513
1512072750000 11513
1512072750000 11513
1512072750000 11513
1512072750000 11513
1512072750000 11514
1512072750000 11514
1512072750000 11514
1512072750000 11514
1512072750000 11514
1512072750000 11514
1512072750000 11514
1512072750000 11515
1512072750000 11515
1512072750000 11515
1512072750000 11515
1512072750000 11515
1512072750000 11515
1512072750000 11515
1512072750000 11516
1512072750000 11516
1512072750000 11516
1512072750000 11516
1512072750000 11516
1512072750000 11516
1512072750000 11516
1512072750000 11517
1512072750000 11517
1512072750000 11517
1512072750000 11517
1512072750000 11517
1512072750000 11517
1512072750000 11518
1512072750000 11518
1512072750000 11518
1512072750000 11518
1512072750000 11518
1512072750000 11518
1512072750000 11518
1512072750000 11519
1512072760000 11485
1512072760000 11485
1512072760000 11485
1512072760000 11485
1512072760000 11485
1512072760000 11485
1512072760000 11486
1512072760000 11486
1512072760000 11486
1512072760000 11486
1512072760000 11486
1512072760000 11486
1512072760000 11487
1512072760000 11487
1512072760000 11487
1512072760000 11487
1512072760000 11487
1512072760000 11487
1512072760000 11487
1512072760000 11488
1512072760000 11488
1512072760000 11488
1512072760000 11488
1512072760000 11488
1512072760000 11488
1512072760000 11488
1512072760000 11489
1512072760000 11489
1512072760000 11489
1512072760000 11489
1512072760000 11489
1512072760000 11489
1512072760000 11489
1512072760000 11490
1512072760000 11490
1512072760000 11490
1512072760000 11490
1512072760000 11490
1512072760000 11490
1512072760000 11490
1512072760000 11491
1512072760000 11491
1512072760000 11491
1512072760000 11491
1512072760000 11491
1512072760000 11491
1512072760000 11491
1512072760000 11492
1512072760000 11492
1512072760000 11492
1512072760000 11492
1512072760000 11492
1512072760000 11492
1512072760000 11492
1512072760000 11493
1512072760000 11493
1512072760000 11493
1512072760000 11493
1512072760000 11493
1512072760000 11493
1512072760000 11494
1512072760000 11494
1512072760000 11494
1512072760000 11494
1512072760000 11494
1512072760000 11494
1512072760000 11494
1512072760000 11495
1512072760000 11495
1512072760000 11495
1512072760000 11495
1512072760000 11495
1512072760000 11495
1512072760000 11495
1512072760000 11496
1512072760000 11496
1512072760000 11496
1512072760000 11496
1512072760000 11496
1512072760000 11496
1512072760000 11496
1512072760000 11497
1512072760000 11497
1512072760000 11497
1512072760000 11497
1512072760000 11497
1512072760000 11497
1512072760000 11497
1512072760000 11498
1512072760000 11498
1512072760000 11498
1512072760000 11498
1512072760000 11498
1512072760000 11498
1512072760000 11499
1512072760000 11499
1512072760000 11499
1512072760000 11499
1512072760000 11499
1512072760000 11499
1512072770000 11445
1512072770000 11445
1512072770000 11445
1512072770000 11445
1512072770000 11445
1512072770000 11445
1512072770000 11446
1512072770000 11446
1512072770000 11446
1512072770000 11446
1512072770000 11446
1512072770000 11446
1512072770000 11446
1512072770000 11447
1512072770000 11447
1512072770000 11447
1512072770000 11447
1512072770000 11447
1512072770000 11447
1512072770000 11447
1512072770000 11448
1512072770000 11448
1512072770000 11448
1512072770000 11448
1512072770000 11448
1512072770000 11448
1512072770000 11449
1512072770000 11449
1512072770000 11449
1512072770000 11449
1512072770000 11449
1512072770000 11449
1512072770000 11450
1512072770000 11450
1512072770000 11450
1512072770000 11450
1512072770000 11450
1512072770000 11450
1512072770000 11451
1512072770000 11451
1512072770000 11451
1512072770000 11451
1512072770000 11451
1512072770000 11451
1512072770000 11451
1512072770000 11452
1512072770000 11452
1512072770000 11452
1512072770000 11452
1512072770000 11452
1512072770000 11452
1512072770000 11453
1512072770000 11453
1512072770000 11453
1512072770000 11453
1512072770000 11453
1512072770000 11453
1512072770000 11453
1512072770000 11454
1512072770000 11454
1512072770000 11454
1512072770000 11454
1512072770000 11454
1512072770000 11454
1512072770000 11454
1512072770000 11455
1512072770000 11455
1512072770000 11455
1512072770000 11455
1512072770000 11455
1512072770000 11455
1512072770000 11455
1512072770000 11456
1512072770000 11456
1512072770000 11456
1512072770000 11456
1512072770000 11456
1512072770000 11456
1512072770000 11456
1512072770000 11457
1512072770000 11457
1512072770000 11457
1512072770000 11457
1512072770000 11457
1512072770000 11457
1512072770000 11457
1512072770000 11458
1512072770000 11458
1512072770000 11458
1512072770000 11458
1512072770000 11458
1512072770000 11458
1512072770000 11458
1512072770000 11459
1512072770000 11459
1512072770000 11459
1512072770000 11459
1512072770000 11459
1512072770000 11459
1512072770000 11459
1512072780000 11471
1512072780000 11471
1512072780000 11471
1512072780000 11471
1512072780000 11472
1512072780000 11472
1512072780000 11472
1512072780000 11472
1512072780000 11472
1512072780000 11472
1512072780000 11472
1512072780000 11473
1512072780000 11473
1512072780000 11473
1512072780000 11473
1512072780000 11473
1512072780000 11473
1512072780000 11474
1512072780000 11474
1512072780000 11474
1512072780000 11474
1512072780000 11474
1512072780000 11474
1512072780000 11474
1512072780000 11475
1512072780000 11475
1512072780000 11475
1512072780000 11475
1512072780000 11475
1512072780000 11475
1512072780000 11475
1512072780000 11476
1512072780000 11476
1512072780000 11476
1512072780000 11476
1512072780000 11476
1512072780000 11476
1512072780000 11476
1512072780000 11477
1512072780000 11477
1512072780000 11477
1512072780000 11477
1512072780000 11477
1512072780000 11477
1512072780000 11477
1512072780000 11478
1512072780000 11478
1512072780000 11478
1512072780000 11478
1512072780000 11478
1512072780000 11478
1512072780000 11478
1512072780000 11479
1512072780000 11479
1512072780000 11479
1512072780000 11479
1512072780000 11479
1512072780000 11479
1512072780000 11479
1512072780000 11480
1512072780000 11480
1512072780000 11480
1512072780000 11480
1512072780000 11480
1512072780000 11480
1512072780000 11480
1512072780000 11481
1512072780000 11481
1512072780000 11481
1512072780000 11481
1512072780000 11481
1512072780000 11481
1512072780000 11481
1512072780000 11482
1512072780000 11482
1512072780000 11482
1512072780000 11482
1512072780000 11482
1512072780000 11482
1512072780000 11482
1512072780000 11483
1512072780000 11483
1512072780000 11483
1512072780000 11483
1512072780000 11483
1512072780000 11483
1512072780000 11483
1512072780000 11484
1512072780000 11484
1512072780000 11484
1512072780000 11484
1512072780000 11484
1512072780000 11484
1512072780000 11484
1512072780000 11485
1512072780000 11485
1512072780000 11485
1512072780000 11485
1512072780000 11485
1512072780000 11485
1512072790000 11459
1512072790000 11459
1512072790000 11460
1512072790000 11460
1512072790000 11460
1512072790000 11460
1512072790000 11460
1512072790000 11460
1512072790000 11460
1512072790000 11461
1512072790000 11461
1512072790000 11461
1512072790000 11461
1512072790000 11461
1512072790000 11461
1512072790000 11461
1512072790000 11462
1512072790000 11462
1512072790000 11462
1512072790000 11462
1512072790000 11462
1512072790000 11462
1512072790000 11463
1512072790000 11463
1512072790000 11463
1512072790000 11463
1512072790000 11463
1512072790000 11463
1512072790000 11463
1512072790000 11464
1512072790000 11464
1512072790000 11464
1512072790000 11464
1512072790000 11464
1512072790000 11464
1512072790000 11464
1512072790000 11465
1512072790000 11465
1512072790000 11465
1512072790000 11465
1512072790000 11465
1512072790000 11465
1512072790000 11465
1512072790000 11466
1512072790000 11466
1512072790000 11466
1512072790000 11466
1512072790000 11466
1512072790000 11466
1512072790000 11466
1512072790000 11467
1512072790000 11467
1512072790000 11467
1512072790000 11467
1512072790000 11467
1512072790000 11467
1512072790000 11467
1512072790000 11468
1512072790000 11468
1512072790000 11468
1512072790000 11468
1512072790000 11468
1512072790000 11468
1512072790000 11468
1512072790000 11469
1512072790000 11469
1512072790000 11469
1512072790000 11469
1512072790000 11469
1512072790000 11469
1512072790000 11469
1512072790000 11470
1512072790000 11470
1512072790000 11470
1512072790000 11470
1512072790000 11470
1512072790000 11470
1512072790000 11470
1512072790000 11471
1512072790000 11471
1512072790000 11471
1512072790000 11471
1512072790000 11471
1512072790000 11471
1512072790000 11471
1512072790000 11472
1512072790000 11472
1512072790000 11472
1512072790000 11472
1512072790000 11472
1512072790000 11472
1512072790000 11472
1512072790000 11473
1512072790000 11473
1512072790000 11473
1512072790000 11473
1512072790000 11473
1512072790000 11473
1512072790000 11474
1512072790000 11474
1512072800000 11473
1512072800000 11473
1512072800000 11473
1512072800000 11473
1512072800000 11474
1512072800000 11474
1512072800000 11474
1512072800000 11474
1512072800000 11474
1512072800000 11474
1512072800000 11474
1512072800000 11475
1512072800000 11475
1512072800000 11475
1512072800000 11475
1512072800000 11475
1512072800000 11475
1512072800000 11475
1512072800000 11476
1512072800000 11476
1512072800000 11476
1512072800000 11476
1512072800000 11476
1512072800000 11476
1512072800000 11476
1512072800000 11477
1512072800000 11477
1512072800000 11477
1512072800000 11477
1512072800000 11477
1512072800000 11477
1512072800000 11477
1512072800000 11478
1512072800000 11478
1512072800000 11478
1512072800000 11478
1512072800000 11478
1512072800000 11478
1512072800000 11478
1512072800000 11479
1512072800000 11479
1512072800000 11479
1512072800000 11479
1512072800000 11479
1512072800000 11479
1512072800000 11479
1512072800000 11480
1512072800000 11480
1512072800000 11480
1512072800000 11480
1512072800000 11480
1512072800000 11480
1512072800000 11480
1512072800000 11481
1512072800000 11481
1512072800000 11481
1512072800000 11481
1512072800000 11481
1512072800000 11481
1512072800000 11481
1512072800000 11482
1512072800000 11482
1512072800000 11482
1512072800000 11482
1512072800000 11482
1512072800000 11482
1512072800000 11482
1512072800000 11483
1512072800000 11483
1512072800000 11483
1512072800000 11483
1512072800000 11483
1512072800000 11483
1512072800000 11483
1512072800000 11484
1512072800000 11484
1512072800000 11484
1512072800000 11484
1512072800000 11484
1512072800000 11484
1512072800000 11484
1512072800000 11485
1512072800000 11485
1512072800000 11485
1512072800000 11485
1512072800000 11485
1512072800000 11485
1512072800000 11485
1512072800000 11486
1512072800000 11486
1512072800000 11486
1512072800000 11486
1512072800000 11486
1512072800000 11486
1512072800000 11486
1512072800000 11487
1512072800000 11487
1512072800000 11487
1512072800000 11487
1512072800000 11487
1512072810000 11445
1512072810000 11445
1512072810000 11445
1512072810000 11446
1512072810000 11446
1512072810000 11446
1512072810000 11446
1512072810000 11446
1512072810000 11446
1512072810000 11446
1512072810000 11447
1512072810000 11447
1512072810000 11447
1512072810000 11447
1512072810000 11447
1512072810000 11447
1512072810000 11447
1512072810000 11448
1512072810000 11448
1512072810000 11448
1512072810000 11448
1512072810000 11448
1512072810000 11448
1512072810000 11448
1512072810000 11449
1512072810000 11449
1512072810000 11449
1512072810000 11449
1512072810000 11449
1512072810000 11449
1512072810000 11450
1512072810000 11450
1512072810000 11450
1512072810000 11450
1512072810000 11450
1512072810000 11450
1512072810000 11450
1512072810000 11451
1512072810000 11451
1512072810000 11451
1512072810000 11451
1512072810000 11451
1512072810000 11451
1512072810000 11451
1512072810000 11452
1512072810000 11452
1512072810000 11452
1512072810000 11452
1512072810000 11452
1512072810000 11452
1512072810000 11452
1512072810000 11452
1512072810000 11453
1512072810000 11453
1512072810000 11453
1512072810000 11453
1512072810000 11453
1512072810000 11453
1512072810000 11454
1512072810000 11454
1512072810000 11454
1512072810000 11454
1512072810000 11454
1512072810000 11454
1512072810000 11454
1512072810000 11455
1512072810000 11455
1512072810000 11455
1512072810000 11455
1512072810000 11455
1512072810000 11455
1512072810000 11455
1512072810000 11456
1512072810000 11456
1512072810000 11456
1512072810000 11456
1512072810000 11456
1512072810000 11456
1512072810000 11456
1512072810000 11457
1512072810000 11457
1512072810000 11457
1512072810000 11457
1512072810000 11457
1512072810000 11457
1512072810000 11457
1512072810000 11458
1512072810000 11458
1512072810000 11458
1512072810000 11458
1512072810000 11458
1512072810000 11458
1512072810000 11458
1512072810000 11458
1512072810000 11459
1512072810000 11459
1512072810000 11459
1512072810000 11459
1512072810000 11459
1512072810000 11459
1512072820000 11445
1512072820000 11446
1512072820000 11446
1512072820000 11446
1512072820000 11446
1512072820000 11446
1512072820000 11446
1512072820000 11446
1512072820000 11446
1512072820000 11447
1512072820000 11447
1512072820000 11447
1512072820000 11447
1512072820000 11447
1512072820000 11447
1512072820000 11447
1512072820000 11448
1512072820000 11448
1512072820000 11448
1512072820000 11448
1512072820000 11448
1512072820000 11449
1512072820000 11449
1512072820000 11449
1512072820000 11449
1512072820000 11449
1512072820000 11449
1512072820000 11450
1512072820000 11450
1512072820000 11450
1512072820000 11450
1512072820000 11450
1512072820000 11450
1512072820000 11450
1512072820000 11451
1512072820000 11451
1512072820000 11451
1512072820000 11451
1512072820000 11451
1512072820000 11451
1512072820000 11451
1512072820000 11452
1512072820000 11452
1512072820000 11452
1512072820000 11452
1512072820000 11452
1512072820000 11452
1512072820000 11452
1512072820000 11452
1512072820000 11453
1512072820000 11453
1512072820000 11453
1512072820000 11453
1512072820000 11453
1512072820000 11453
1512072820000 11453
1512072820000 11454
1512072820000 11454
1512072820000 11454
1512072820000 11454
1512072820000 11454
1512072820000 11454
1512072820000 11454
1512072820000 11455
1512072820000 11455
1512072820000 11455
1512072820000 11455
1512072820000 11455
1512072820000 11455
1512072820000 11455
1512072820000 11456
1512072820000 11456
1512072820000 11456
1512072820000 11456
1512072820000 11456
1512072820000 11456
1512072820000 11456
1512072820000 11457
1512072820000 11457
1512072820000 11457
1512072820000 11457
1512072820000 11457
1512072820000 11457
1512072820000 11457
1512072820000 11458
1512072820000 11458
1512072820000 11458
1512072820000 11458
1512072820000 11458
1512072820000 11458
1512072820000 11458
1512072820000 11459
1512072820000 11459
1512072820000 11459
1512072820000 11459
1512072820000 11459
1512072820000 11459
1512072820000 11459
1512072820000 11459
1512072820000 11460
1512072830000 11445
1512072830000 11445
1512072830000 11446
1512072830000 11446
1512072830000 11446
1512072830000 11446
1512072830000 11446
1512072830000 11446
1512072830000 11446
1512072830000 11447
1512072830000 11447
1512072830000 11447
1512072830000 11447
1512072830000 11447
1512072830000 11447
1512072830000 11447
1512072830000 11448
1512072830000 11448
1512072830000 11448
1512072830000 11448
1512072830000 11448
1512072830000 11448
1512072830000 11448
1512072830000 11449
1512072830000 11449
1512072830000 11449
1512072830000 11449
1512072830000 11449
1512072830000 11449
1512072830000 11449
1512072830000 11450
1512072830000 11450
1512072830000 11450
1512072830000 11450
1512072830000 11450
1512072830000 11450
1512072830000 11450
1512072830000 11451
1512072830000 11451
1512072830000 11451
1512072830000 11451
1512072830000 11451
1512072830000 11451
1512072830000 11451
1512072830000 11452
1512072830000 11452
1512072830000 11452
1512072830000 11452
1512072830000 11452
1512072830000 11452
1512072830000 11452
1512072830000 11453
1512072830000 11453
1512072830000 11453
1512072830000 11453
1512072830000 11453
1512072830000 11454
1512072830000 11454
1512072830000 11454
1512072830000 11454
1512072830000 11454
1512072830000 11454
1512072830000 11454
1512072830000 11455
1512072830000 11455
1512072830000 11455
1512072830000 11455
1512072830000 11455
1512072830000 11455
1512072830000 11455
1512072830000 11456
1512072830000 11456
1512072830000 11456
1512072830000 11456
1512072830000 11456
1512072830000 11456
1512072830000 11456
1512072830000 11457
1512072830000 11457
1512072830000 11457
1512072830000 11457
1512072830000 11457
1512072830000 11457
1512072830000 11458
1512072830000 11458
1512072830000 11458
1512072830000 11458
1512072830000 11458
1512072830000 11458
1512072830000 11458
1512072830000 11459
1512072830000 11459
1512072830000 11459
1512072830000 11459
1512072830000 11459
1512072830000 11459
1512072830000 11459
1512072830000 11460
1512072830000 11460
1512072830000 11460
1512072840000 11476
1512072840000 11476
1512072840000 11476
1512072840000 11476
1512072840000 11476
1512072840000 11476
1512072840000 11477
1512072840000 11477
1512072840000 11477
1512072840000 11477
1512072840000 11477
1512072840000 11477
1512072840000 11477
1512072840000 11478
1512072840000 11478
1512072840000 11478
1512072840000 11478
1512072840000 11478
1512072840000 11478
1512072840000 11478
1512072840000 11479
1512072840000 11479
1512072840000 11479
1512072840000 11479
1512072840000 11479
1512072840000 11479
1512072840000 11479
1512072840000 11480
1512072840000 11480
1512072840000 11480
1512072840000 11480
1512072840000 11480
1512072840000 11480
1512072840000 11480
1512072840000 11481
1512072840000 11481
1512072840000 11481
1512072840000 11481
1512072840000 11481
1512072840000 11481
1512072840000 11481
1512072840000 11482
1512072840000 11482
1512072840000 11482
1512072840000 11482
1512072840000 11482
1512072840000 11482
1512072840000 11482
1512072840000 11483
1512072840000 11483
1512072840000 11483
1512072840000 11483
1512072840000 11483
1512072840000 11483
1512072840000 11483
1512072840000 11484
1512072840000 11484
1512072840000 11484
1512072840000 11484
1512072840000 11484
1512072840000 11484
1512072840000 11484
1512072840000 11485
1512072840000 11485
1512072840000 11485
1512072840000 11485
1512072840000 11485
1512072840000 11485
1512072840000 11485
1512072840000 11486
1512072840000 11486
1512072840000 11486
1512072840000 11486
1512072840000 11486
1512072840000 11486
1512072840000 11486
1512072840000 11487
1512072840000 11487
1512072840000 11487
1512072840000 11487
1512072840000 11487
1512072840000 11487
1512072840000 11487
1512072840000 11488
1512072840000 11488
1512072840000 11488
1512072840000 11488
1512072840000 11488
1512072840000 11488
1512072840000 11488
1512072840000 11489
1512072840000 11489
1512072840000 11489
1512072840000 11489
1512072840000 11489
1512072840000 11489
1512072840000 11489
1512072840000 11490
1512072840000 11490
1512072840000 11490
1512072850000 11447
1512072850000 11447
1512072850000 11447
1512072850000 11447
1512072850000 11447
1512072850000 11448
1512072850000 11448
1512072850000 11448
1512072850000 11448
1512072850000 11448
1512072850000 11449
1512072850000 11449
1512072850000 11449
1512072850000 11449
1512072850000 11449
1512072850000 11449
1512072850000 11450
1512072850000 11450
1512072850000 11450
1512072850000 11450
1512072850000 11450
1512072850000 11450
1512072850000 11451
1512072850000 11451
1512072850000 11451
1512072850000 11451
1512072850000 11451
1512072850000 11451
1512072850000 11451
1512072850000 11452
1512072850000 11452
1512072850000 11452
1512072850000 11452
1512072850000 11452
1512072850000 11452
1512072850000 11452
1512072850000 11453
1512072850000 11453
1512072850000 11453
1512072850000 11453
1512072850000 11453
1512072850000 11453
1512072850000 11453
1512072850000 11454
1512072850000 11454
1512072850000 11454
1512072850000 11454
1512072850000 11454
1512072850000 11454
1512072850000 11454
1512072850000 11455
1512072850000 11455
1512072850000 11455
1512072850000 11455
1512072850000 11455
1512072850000 11455
1512072850000 11456
1512072850000 11456
1512072850000 11456
1512072850000 11456
1512072850000 11456
1512072850000 11456
1512072850000 11456
1512072850000 11457
1512072850000 11457
1512072850000 11457
1512072850000 11457
1512072850000 11457
1512072850000 11457
1512072850000 11457
1512072850000 11458
1512072850000 11458
1512072850000 11458
1512072850000 11458
1512072850000 11458
1512072850000 11458
1512072850000 11458
1512072850000 11459
1512072850000 11459
1512072850000 11459
1512072850000 11459
1512072850000 11459
1512072850000 11459
1512072850000 11459
1512072850000 11460
1512072850000 11460
1512072850000 11460
1512072850000 11460
1512072850000 11460
1512072850000 11460
1512072850000 11460
1512072850000 11461
1512072850000 11461
1512072850000 11461
1512072850000 11461
1512072850000 11461
1512072850000 11461
1512072850000 11462
1512072850000 11462
1512072850000 11462
1512072860000 11484
1512072860000 11485
1512072860000 11485
1512072860000 11485
1512072860000 11485
1512072860000 11485
1512072860000 11485
1512072860000 11485
1512072860000 11486
1512072860000 11486
1512072860000 11486
1512072860000 11486
1512072860000 11486
1512072860000 11486
1512072860000 11486
1512072860000 11487
1512072860000 11487
1512072860000 11487
1512072860000 11487
1512072860000 11487
1512072860000 11487
1512072860000 11487
1512072860000 11488
1512072860000 11488
1512072860000 11488
1512072860000 11488
1512072860000 11488
1512072860000 11488
1512072860000 11488
1512072860000 11489
1512072860000 11489
1512072860000 11489
1512072860000 11489
1512072860000 11489
1512072860000 11489
1512072860000 11489
1512072860000 11490
1512072860000 11490
1512072860000 11490
1512072860000 11490
1512072860000 11490
1512072860000 11490
1512072860000 11490
1512072860000 11491
1512072860000 11491
1512072860000 11491
1512072860000 11491
1512072860000 11491
1512072860000 11491
1512072860000 11491
1512072860000 11492
1512072860000 11492
1512072860000 11492
1512072860000 11492
1512072860000 11492
1512072860000 11492
1512072860000 11492
1512072860000 11493
1512072860000 11493
1512072860000 11493
1512072860000 11493
1512072860000 11493
1512072860000 11493
1512072860000 11493
1512072860000 11494
1512072860000 11494
1512072860000 11494
1512072860000 11494
1512072860000 11494
1512072860000 11494
1512072860000 11494
1512072860000 11495
1512072860000 11495
1512072860000 11495
1512072860000 11495
1512072860000 11495
1512072860000 11495
1512072860000 11496
1512072860000 11496
1512072860000 11496
1512072860000 11496
1512072860000 11496
1512072860000 11496
1512072860000 11496
1512072860000 11497
1512072860000 11497
1512072860000 11497
1512072860000 11497
1512072860000 11497
1512072860000 11497
1512072860000 11497
1512072860000 11498
1512072860000 11498
1512072860000 11498
1512072860000 11498
1512072860000 11498
1512072860000 11498
1512072860000 11498
1512072860000 11499
1512072860000 11499
1512072870000 9572
1512072870000 9572
1512072870000 9572
1512072870000 9573
1512072870000 9573
1512072870000 9573
1512072870000 9573
1512072870000 9573
1512072870000 9573
1512072870000 9573
1512072870000 9574
1512072870000 9574
1512072870000 9574
1512072870000 9574
1512072870000 9574
1512072870000 9574
1512072870000 9574
1512072870000 9575
1512072870000 9575
1512072870000 9575
1512072870000 9575
1512072870000 9575
1512072870000 9575
1512072870000 9575
1512072870000 9576
1512072870000 9576
1512072870000 9576
1512072870000 9576
1512072870000 9576
1512072870000 9576
1512072870000 9576
1512072870000 9577
1512072870000 9577
1512072870000 9577
1512072870000 9577
1512072870000 9577
1512072870000 9577
1512072870000 9577
1512072870000 9578
1512072870000 9578
1512072870000 9578
1512072870000 9578
1512072870000 9578
1512072870000 9578
1512072870000 9578
1512072870000 9579
1512072870000 9579
1512072870000 9579
1512072870000 9579
1512072870000 9579
1512072870000 9579
1512072870000 9579
1512072870000 9580
1512072870000 9580
1512072870000 9580
1512072870000 9580
1512072870000 9580
1512072870000 9580
1512072870000 9580
1512072870000 9581
1512072870000 9581
1512072870000 9581
1512072870000 9581
1512072870000 9581
1512072870000 9581
1512072870000 9581
1512072870000 9582
1512072870000 9582
1512072870000 9582
1512072870000 9582
1512072870000 9582
1512072870000 9582
1512072870000 9582
1512072870000 9583
1512072870000 9583
1512072870000 9583
1512072870000 9583
1512072870000 9583
1512072870000 9583
1512072870000 9583
1512072870000 9583
1512072870000 9584
1512072870000 9584
1512072870000 9584
1512072870000 9584
1512072870000 9584
1512072870000 9584
1512072870000 9584
1512072870000 9585
1512072870000 9585
1512072870000 9585
1512072870000 9585
1512072870000 9585
1512072870000 9585
1512072870000 9585
1512072870000 9586
1512072870000 9586
1512072870000 9586
1512072870000 9586
1512072870000 9586
