1512060440000 10594
1512060440000 10595
1512060440000 10595
1512060440000 10595
1512060440000 10596
1512060440000 10596
1512060440000 10596
1512060440000 10597
1512060440000 10597
1512060440000 10597
1512060440000 10598
1512060440000 10598
1512060440000 10598
1512060440000 10598
1512060440000 10599
1512060440000 10599
1512060440000 10599
1512060440000 10600
1512060440000 10600
1512060440000 10608
1512060440000 10609
1512060440000 10610
1512060440000 10610
1512060440000 10611
1512060440000 10611
1512060440000 10612
1512060440000 10620
1512060440000 10621
1512060440000 10622
1512060440000 10622
1512060440000 10692
1512060440000 10693
1512060440000 10693
1512060440000 10694
1512060440000 10694
1512060440000 10694
1512060440000 10695
1512060440000 10695
1512060440000 10695
1512060440000 10696
1512060440000 10696
1512060440000 10696
1512060440000 10696
1512060440000 10697
1512060440000 10697
1512060440000 10697
1512060440000 10697
1512060440000 10698
1512060440000 10698
1512060440000 10698
1512060440000 10698
1512060440000 10699
1512060440000 10699
1512060440000 10699
1512060440000 10699
1512060440000 10699
1512060440000 10700
1512060440000 10700
1512060440000 10700
1512060440000 10700
1512060440000 10701
1512060440000 10701
1512060440000 10702
1512060440000 10702
1512060440000 10703
1512060440000 10703
1512060440000 10704
1512060440000 10704
1512060440000 10705
1512060440000 10705
1512060440000 10706
1512060440000 10706
1512060440000 10707
1512060440000 10707
1512060440000 10707
1512060440000 10708
1512060440000 11179
1512060440000 11180
1512060440000 11180
1512060440000 11181
1512060440000 11181
1512060440000 11182
1512060440000 11182
1512060440000 11183
1512060440000 11183
1512060440000 11184
1512060440000 11184
1512060440000 11185
1512060440000 11185
1512060440000 11186
1512060440000 11186
1512060440000 11187
1512060440000 11187
1512060440000 11188
1512060440000 11188
1512060440000 11189
1512060440000 11189
1512060440000 11190
1512060440000 11190
1512060440000 11191
1512060450000 10169
1512060450000 10170
1512060450000 10171
1512060450000 10171
1512060450000 10171
1512060450000 10172
1512060450000 10172
1512060450000 10173
1512060450000 10173
1512060450000 10174
1512060450000 10174
1512060450000 10175
1512060450000 10175
1512060450000 10176
1512060450000 10176
1512060450000 10177
1512060450000 10177
1512060450000 10178
1512060450000 10178
1512060450000 10179
1512060450000 10179
1512060450000 10247
1512060450000 10247
1512060450000 10248
1512060450000 10248
1512060450000 10248
1512060450000 10249
1512060450000 10249
1512060450000 10249
1512060450000 10249
1512060450000 10250
1512060450000 10250
1512060450000 10250
1512060450000 10250
1512060450000 10251
1512060450000 10251
1512060450000 10251
1512060450000 10253
1512060450000 10253
1512060450000 10254
1512060450000 10254
1512060450000 10254
1512060450000 10254
1512060450000 10255
1512060450000 10255
1512060450000 10255
1512060450000 10255
1512060450000 10255
1512060450000 10255
1512060450000 10256
1512060450000 10256
1512060450000 10256
1512060450000 10256
1512060450000 10256
1512060450000 10256
1512060450000 10256
1512060450000 10257
1512060450000 10257
1512060450000 10257
1512060450000 10257
1512060450000 10257
1512060450000 10257
1512060450000 10258
1512060450000 10258
1512060450000 10258
1512060450000 10258
1512060450000 10258
1512060450000 10258
1512060450000 10259
1512060450000 10259
1512060450000 10259
1512060450000 10259
1512060450000 10259
1512060450000 10260
1512060450000 10260
1512060450000 10267
1512060450000 10268
1512060450000 10268
1512060450000 10269
1512060450000 10269
1512060450000 10270
1512060450000 10270
1512060450000 10271
1512060450000 10271
1512060450000 10272
1512060450000 10272
1512060450000 10273
1512060450000 10273
1512060450000 10274
1512060450000 10274
1512060450000 10275
1512060450000 10275
1512060450000 10276
1512060450000 10276
1512060450000 10277
1512060450000 10277
1512060450000 10278
1512060450000 10278
1512060450000 10279
1512060450000 10279
1512060460000 10081
1512060460000 10081
1512060460000 10082
1512060460000 10082
1512060460000 10082
1512060460000 10083
1512060460000 10083
1512060460000 10083
1512060460000 10084
1512060460000 10084
1512060460000 10084
1512060460000 10084
1512060460000 10084
1512060460000 10084
1512060460000 10085
1512060460000 10085
1512060460000 10085
1512060460000 10085
1512060460000 10085
1512060460000 10085
1512060460000 10086
1512060460000 10086
1512060460000 10086
1512060460000 10086
1512060460000 10086
1512060460000 10087
1512060460000 10087
1512060460000 10087
1512060460000 10088
1512060460000 10088
1512060460000 10088
1512060460000 10088
1512060460000 10089
1512060460000 10089
1512060460000 10089
1512060460000 10089
1512060460000 10089
1512060460000 10089
1512060460000 10090
1512060460000 10090
1512060460000 10090
1512060460000 10090
1512060460000 10091
1512060460000 10091
1512060460000 10092
1512060460000 10092
1512060460000 10092
1512060460000 10093
1512060460000 10093
1512060460000 10094
1512060460000 10094
1512060460000 10094
1512060460000 10094
1512060460000 10094
1512060460000 10094
1512060460000 10094
1512060460000 10094
1512060460000 10095
1512060460000 10095
1512060460000 10095
1512060460000 10095
1512060460000 10095
1512060460000 10095
1512060460000 10096
1512060460000 10096
1512060460000 10096
1512060460000 10096
1512060460000 10096
1512060460000 10097
1512060460000 10097
1512060460000 10097
1512060460000 10097
1512060460000 10098
1512060460000 10098
1512060460000 10098
1512060460000 10098
1512060460000 10098
1512060460000 10099
1512060460000 10099
1512060460000 10099
1512060460000 10099
1512060460000 10099
1512060460000 10099
1512060460000 10100
1512060460000 10100
1512060460000 10100
1512060460000 10100
1512060460000 10100
1512060460000 10101
1512060460000 10101
1512060460000 10102
1512060460000 10102
1512060460000 10102
1512060460000 10103
1512060460000 10103
1512060460000 10103
1512060460000 10104
1512060460000 10104
1512060460000 10105
1512060460000 10105
1512060470000 10074
1512060470000 10075
1512060470000 10075
1512060470000 10075
1512060470000 10076
1512060470000 10076
1512060470000 10077
1512060470000 10077
1512060470000 10078
1512060470000 10078
1512060470000 10079
1512060470000 10079
1512060470000 10079
1512060470000 10079
1512060470000 10080
1512060470000 10080
1512060470000 10080
1512060470000 10080
1512060470000 10080
1512060470000 10080
1512060470000 10080
1512060470000 10081
1512060470000 10081
1512060470000 10081
1512060470000 10081
1512060470000 10081
1512060470000 10081
1512060470000 10081
1512060470000 10081
1512060470000 10081
1512060470000 10082
1512060470000 10082
1512060470000 10082
1512060470000 10082
1512060470000 10082
1512060470000 10082
1512060470000 10082
1512060470000 10082
1512060470000 10082
1512060470000 10082
1512060470000 10083
1512060470000 10083
1512060470000 10083
1512060470000 10083
1512060470000 10083
1512060470000 10083
1512060470000 10083
1512060470000 10083
1512060470000 10084
1512060470000 10084
1512060470000 10084
1512060470000 10084
1512060470000 10084
1512060470000 10084
1512060470000 10084
1512060470000 10084
1512060470000 10084
1512060470000 10085
1512060470000 10085
1512060470000 10085
1512060470000 10085
1512060470000 10085
1512060470000 10085
1512060470000 10085
1512060470000 10085
1512060470000 10086
1512060470000 10086
1512060470000 10086
1512060470000 10086
1512060470000 10086
1512060470000 10087
1512060470000 10087
1512060470000 10087
1512060470000 10088
1512060470000 10088
1512060470000 10088
1512060470000 10089
1512060470000 10291
1512060470000 10291
1512060470000 10292
1512060470000 10292
1512060470000 10293
1512060470000 10293
1512060470000 10293
1512060470000 10294
1512060470000 10294
1512060470000 10295
1512060470000 10295
1512060470000 10295
1512060470000 10296
1512060470000 10296
1512060470000 10297
1512060470000 10297
1512060470000 10297
1512060470000 10298
1512060470000 10298
1512060470000 10298
1512060470000 10299
1512060470000 10299
1512060470000 10300
1512060480000 10075
1512060480000 10076
1512060480000 10076
1512060480000 10076
1512060480000 10077
1512060480000 10077
1512060480000 10077
1512060480000 10078
1512060480000 10078
1512060480000 10078
1512060480000 10078
1512060480000 10079
1512060480000 10079
1512060480000 10079
1512060480000 10079
1512060480000 10079
1512060480000 10079
1512060480000 10079
1512060480000 10079
1512060480000 10080
1512060480000 10080
1512060480000 10080
1512060480000 10080
1512060480000 10080
1512060480000 10080
1512060480000 10080
1512060480000 10081
1512060480000 10081
1512060480000 10081
1512060480000 10081
1512060480000 10081
1512060480000 10081
1512060480000 10081
1512060480000 10081
1512060480000 10081
1512060480000 10081
1512060480000 10082
1512060480000 10082
1512060480000 10082
1512060480000 10082
1512060480000 10082
1512060480000 10082
1512060480000 10083
1512060480000 10083
1512060480000 10083
1512060480000 10083
1512060480000 10083
1512060480000 10084
1512060480000 10084
1512060480000 10085
1512060480000 10085
1512060480000 10085
1512060480000 10086
1512060480000 10086
1512060480000 10087
1512060480000 10099
1512060480000 10099
1512060480000 10099
1512060480000 10100
1512060480000 10100
1512060480000 10101
1512060480000 10101
1512060480000 10101
1512060480000 10102
1512060480000 10102
1512060480000 10102
1512060480000 10103
1512060480000 10103
1512060480000 10104
1512060480000 10104
1512060480000 10104
1512060480000 10105
1512060480000 10105
1512060480000 10105
1512060480000 10106
1512060480000 10106
1512060480000 10107
1512060480000 10107
1512060480000 10107
1512060480000 10147
1512060480000 10147
1512060480000 10147
1512060480000 10148
1512060480000 10148
1512060480000 10148
1512060480000 10149
1512060480000 10149
1512060480000 10150
1512060480000 10150
1512060480000 10150
1512060480000 10151
1512060480000 10151
1512060480000 10151
1512060480000 10152
1512060480000 10152
1512060480000 10152
1512060480000 10153
1512060480000 10153
1512060480000 10153
1512060480000 10154
1512060490000 10085
1512060490000 10085
1512060490000 10085
1512060490000 10086
1512060490000 10086
1512060490000 10086
1512060490000 10086
1512060490000 10086
1512060490000 10087
1512060490000 10087
1512060490000 10087
1512060490000 10087
1512060490000 10087
1512060490000 10087
1512060490000 10087
1512060490000 10087
1512060490000 10087
1512060490000 10087
1512060490000 10087
1512060490000 10087
1512060490000 10087
1512060490000 10088
1512060490000 10088
1512060490000 10088
1512060490000 10088
1512060490000 10088
1512060490000 10088
1512060490000 10088
1512060490000 10088
1512060490000 10088
1512060490000 10088
1512060490000 10088
1512060490000 10088
1512060490000 10088
1512060490000 10088
1512060490000 10089
1512060490000 10089
1512060490000 10089
1512060490000 10089
1512060490000 10089
1512060490000 10089
1512060490000 10089
1512060490000 10089
1512060490000 10089
1512060490000 10089
1512060490000 10089
1512060490000 10089
1512060490000 10089
1512060490000 10089
1512060490000 10089
1512060490000 10089
1512060490000 10090
1512060490000 10090
1512060490000 10090
1512060490000 10090
1512060490000 10090
1512060490000 10090
1512060490000 10090
1512060490000 10090
1512060490000 10090
1512060490000 10090
1512060490000 10090
1512060490000 10091
1512060490000 10091
1512060490000 10091
1512060490000 10091
1512060490000 10091
1512060490000 10091
1512060490000 10091
1512060490000 10091
1512060490000 10091
1512060490000 10091
1512060490000 10091
1512060490000 10091
1512060490000 10091
1512060490000 10092
1512060490000 10092
1512060490000 10092
1512060490000 10092
1512060490000 10092
1512060490000 10092
1512060490000 10092
1512060490000 10092
1512060490000 10092
1512060490000 10092
1512060490000 10093
1512060490000 10093
1512060490000 10093
1512060490000 10093
1512060490000 10093
1512060490000 10093
1512060490000 10093
1512060490000 10093
1512060490000 10093
1512060490000 10093
1512060490000 10094
1512060490000 10094
1512060490000 10094
1512060490000 10094
1512060490000 10095
1512060500000 10086
1512060500000 10087
1512060500000 10087
1512060500000 10087
1512060500000 10088
1512060500000 10088
1512060500000 10088
1512060500000 10089
1512060500000 10089
1512060500000 10089
1512060500000 10089
1512060500000 10089
1512060500000 10089
1512060500000 10090
1512060500000 10090
1512060500000 10090
1512060500000 10090
1512060500000 10090
1512060500000 10091
1512060500000 10091
1512060500000 10091
1512060500000 10091
1512060500000 10091
1512060500000 10092
1512060500000 10092
1512060500000 10092
1512060500000 10092
1512060500000 10092
1512060500000 10093
1512060500000 10093
1512060500000 10093
1512060500000 10093
1512060500000 10093
1512060500000 10094
1512060500000 10094
1512060500000 10094
1512060500000 10094
1512060500000 10095
1512060500000 10095
1512060500000 10095
1512060500000 10095
1512060500000 10096
1512060500000 10096
1512060500000 10096
1512060500000 10097
1512060500000 10097
1512060500000 10098
1512060500000 10098
1512060500000 10098
1512060500000 10099
1512060500000 10099
1512060500000 10100
1512060500000 10100
1512060500000 10100
1512060500000 10101
1512060500000 10101
1512060500000 10101
1512060500000 10102
1512060500000 10102
1512060500000 10103
1512060500000 10103
1512060500000 10103
1512060500000 10104
1512060500000 10104
1512060500000 10104
1512060500000 10105
1512060500000 10105
1512060500000 10106
1512060500000 10106
1512060500000 10106
1512060500000 10107
1512060500000 10107
1512060500000 10142
1512060500000 10142
1512060500000 10143
1512060500000 10143
1512060500000 10144
1512060500000 10144
1512060500000 10145
1512060500000 10145
1512060500000 10145
1512060500000 10146
1512060500000 10146
1512060500000 10146
1512060500000 10147
1512060500000 10147
1512060500000 10148
1512060500000 10148
1512060500000 10244
1512060500000 10245
1512060500000 10245
1512060500000 10245
1512060500000 10246
1512060500000 10246
1512060500000 10247
1512060500000 10247
1512060500000 10248
1512060500000 10248
1512060500000 10248
1512060500000 10249
1512060510000 10080
1512060510000 10080
1512060510000 10081
1512060510000 10081
1512060510000 10082
1512060510000 10082
1512060510000 10082
1512060510000 10083
1512060510000 10083
1512060510000 10084
1512060510000 10084
1512060510000 10084
1512060510000 10085
1512060510000 10085
1512060510000 10085
1512060510000 10086
1512060510000 10087
1512060510000 10087
1512060510000 10088
1512060510000 10088
1512060510000 10088
1512060510000 10089
1512060510000 10089
1512060510000 10089
1512060510000 10089
1512060510000 10089
1512060510000 10090
1512060510000 10090
1512060510000 10090
1512060510000 10090
1512060510000 10090
1512060510000 10090
1512060510000 10091
1512060510000 10091
1512060510000 10091
1512060510000 10091
1512060510000 10091
1512060510000 10091
1512060510000 10091
1512060510000 10092
1512060510000 10092
1512060510000 10092
1512060510000 10092
1512060510000 10092
1512060510000 10092
1512060510000 10092
1512060510000 10093
1512060510000 10093
1512060510000 10093
1512060510000 10093
1512060510000 10093
1512060510000 10093
1512060510000 10093
1512060510000 10094
1512060510000 10094
1512060510000 10094
1512060510000 10094
1512060510000 10094
1512060510000 10094
1512060510000 10095
1512060510000 10095
1512060510000 10095
1512060510000 10138
1512060510000 10139
1512060510000 10139
1512060510000 10139
1512060510000 10140
1512060510000 10140
1512060510000 10141
1512060510000 10141
1512060510000 10141
1512060510000 10142
1512060510000 10142
1512060510000 10143
1512060510000 10143
1512060510000 10143
1512060510000 10144
1512060510000 10144
1512060510000 10145
1512060510000 10145
1512060510000 10145
1512060510000 10247
1512060510000 10247
1512060510000 10247
1512060510000 10247
1512060510000 10248
1512060510000 10248
1512060510000 10248
1512060510000 10249
1512060510000 10249
1512060510000 10249
1512060510000 10250
1512060510000 10250
1512060510000 10251
1512060510000 10251
1512060510000 10251
1512060510000 10251
1512060510000 10252
1512060510000 10252
1512060510000 10252
1512060520000 10074
1512060520000 10074
1512060520000 10074
1512060520000 10075
1512060520000 10075
1512060520000 10075
1512060520000 10075
1512060520000 10076
1512060520000 10076
1512060520000 10076
1512060520000 10076
1512060520000 10077
1512060520000 10077
1512060520000 10077
1512060520000 10078
1512060520000 10080
1512060520000 10080
1512060520000 10080
1512060520000 10081
1512060520000 10081
1512060520000 10081
1512060520000 10082
1512060520000 10082
1512060520000 10082
1512060520000 10083
1512060520000 10083
1512060520000 10084
1512060520000 10084
1512060520000 10084
1512060520000 10085
1512060520000 10085
1512060520000 10085
1512060520000 10086
1512060520000 10086
1512060520000 10094
1512060520000 10094
1512060520000 10094
1512060520000 10095
1512060520000 10095
1512060520000 10095
1512060520000 10096
1512060520000 10096
1512060520000 10096
1512060520000 10096
1512060520000 10096
1512060520000 10097
1512060520000 10097
1512060520000 10097
1512060520000 10097
1512060520000 10097
1512060520000 10098
1512060520000 10098
1512060520000 10098
1512060520000 10098
1512060520000 10098
1512060520000 10098
1512060520000 10099
1512060520000 10099
1512060520000 10099
1512060520000 10099
1512060520000 10099
1512060520000 10099
1512060520000 10100
1512060520000 10100
1512060520000 10100
1512060520000 10100
1512060520000 10100
1512060520000 10100
1512060520000 10100
1512060520000 10101
1512060520000 10101
1512060520000 10101
1512060520000 10101
1512060520000 10101
1512060520000 10101
1512060520000 10102
1512060520000 10102
1512060520000 10102
1512060520000 10106
1512060520000 10107
1512060520000 10107
1512060520000 10107
1512060520000 10107
1512060520000 10108
1512060520000 10108
1512060520000 10108
1512060520000 10108
1512060520000 10109
1512060520000 10109
1512060520000 10109
1512060520000 10109
1512060520000 10110
1512060520000 10110
1512060520000 10110
1512060520000 10110
1512060520000 10111
1512060520000 10111
1512060520000 10111
1512060520000 10111
1512060520000 10112
1512060530000 10082
1512060530000 10082
1512060530000 10083
1512060530000 10083
1512060530000 10084
1512060530000 10084
1512060530000 10084
1512060530000 10084
1512060530000 10085
1512060530000 10085
1512060530000 10085
1512060530000 10085
1512060530000 10085
1512060530000 10085
1512060530000 10086
1512060530000 10086
1512060530000 10086
1512060530000 10086
1512060530000 10086
1512060530000 10086
1512060530000 10086
1512060530000 10086
1512060530000 10087
1512060530000 10087
1512060530000 10087
1512060530000 10087
1512060530000 10087
1512060530000 10087
1512060530000 10087
1512060530000 10087
1512060530000 10087
1512060530000 10087
1512060530000 10088
1512060530000 10088
1512060530000 10088
1512060530000 10088
1512060530000 10088
1512060530000 10088
1512060530000 10088
1512060530000 10088
1512060530000 10088
1512060530000 10088
1512060530000 10088
1512060530000 10089
1512060530000 10089
1512060530000 10089
1512060530000 10089
1512060530000 10089
1512060530000 10089
1512060530000 10089
1512060530000 10089
1512060530000 10089
1512060530000 10089
1512060530000 10090
1512060530000 10090
1512060530000 10090
1512060530000 10090
1512060530000 10090
1512060530000 10090
1512060530000 10090
1512060530000 10091
1512060530000 10091
1512060530000 10091
1512060530000 10091
1512060530000 10091
1512060530000 10091
1512060530000 10091
1512060530000 10092
1512060530000 10092
1512060530000 10092
1512060530000 10092
1512060530000 10092
1512060530000 10092
1512060530000 10093
1512060530000 10093
1512060530000 10093
1512060530000 10093
1512060530000 10093
1512060530000 10093
1512060530000 10094
1512060530000 10094
1512060530000 10094
1512060530000 10095
1512060530000 10130
1512060530000 10131
1512060530000 10131
1512060530000 10132
1512060530000 10132
1512060530000 10133
1512060530000 10133
1512060530000 10133
1512060530000 10134
1512060530000 10134
1512060530000 10135
1512060530000 10135
1512060530000 10135
1512060530000 10136
1512060530000 10136
1512060530000 10137
1512060530000 10137
1512060540000 10083
1512060540000 10084
1512060540000 10084
1512060540000 10084
1512060540000 10085
1512060540000 10085
1512060540000 10086
1512060540000 10086
1512060540000 10086
1512060540000 10087
1512060540000 10087
1512060540000 10087
1512060540000 10087
1512060540000 10087
1512060540000 10087
1512060540000 10088
1512060540000 10088
1512060540000 10088
1512060540000 10088
1512060540000 10088
1512060540000 10088
1512060540000 10089
1512060540000 10089
1512060540000 10089
1512060540000 10089
1512060540000 10089
1512060540000 10089
1512060540000 10089
1512060540000 10089
1512060540000 10090
1512060540000 10090
1512060540000 10090
1512060540000 10090
1512060540000 10090
1512060540000 10090
1512060540000 10091
1512060540000 10091
1512060540000 10091
1512060540000 10091
1512060540000 10091
1512060540000 10091
1512060540000 10091
1512060540000 10092
1512060540000 10092
1512060540000 10092
1512060540000 10092
1512060540000 10245
1512060540000 10246
1512060540000 10246
1512060540000 10246
1512060540000 10246
1512060540000 10246
1512060540000 10247
1512060540000 10247
1512060540000 10247
1512060540000 10247
1512060540000 10247
1512060540000 10247
1512060540000 10247
1512060540000 10248
1512060540000 10248
1512060540000 10248
1512060540000 10248
1512060540000 10248
1512060540000 10248
1512060540000 10248
1512060540000 10248
1512060540000 10248
1512060540000 10249
1512060540000 10249
1512060540000 10249
1512060540000 10249
1512060540000 10249
1512060540000 10249
1512060540000 10249
1512060540000 10249
1512060540000 10282
1512060540000 10283
1512060540000 10283
1512060540000 10283
1512060540000 10284
1512060540000 10284
1512060540000 10284
1512060540000 10285
1512060540000 10285
1512060540000 10285
1512060540000 10286
1512060540000 10286
1512060540000 10286
1512060540000 10287
1512060540000 10287
1512060540000 10287
1512060540000 10288
1512060540000 10288
1512060540000 10288
1512060540000 10288
1512060540000 10289
1512060540000 10289
1512060540000 10289
1512060540000 10290
1512060550000 10243
1512060550000 10243
1512060550000 10243
1512060550000 10244
1512060550000 10244
1512060550000 10244
1512060550000 10244
1512060550000 10245
1512060550000 10245
1512060550000 10245
1512060550000 10246
1512060550000 10246
1512060550000 10246
1512060550000 10246
1512060550000 10246
1512060550000 10246
1512060550000 10247
1512060550000 10247
1512060550000 10247
1512060550000 10247
1512060550000 10247
1512060550000 10247
1512060550000 10248
1512060550000 10248
1512060550000 10248
1512060550000 10248
1512060550000 10249
1512060550000 10249
1512060550000 10249
1512060550000 10250
1512060550000 10250
1512060550000 10250
1512060550000 10251
1512060550000 10251
1512060550000 10251
1512060550000 10251
1512060550000 10252
1512060550000 10252
1512060550000 10252
1512060550000 10253
1512060550000 10253
1512060550000 10253
1512060550000 10253
1512060550000 10254
1512060550000 10254
1512060550000 10254
1512060550000 10254
1512060550000 10254
1512060550000 10254
1512060550000 10255
1512060550000 10255
1512060550000 10255
1512060550000 10255
1512060550000 10255
1512060550000 10256
1512060550000 10256
1512060550000 10256
1512060550000 10257
1512060550000 10257
1512060550000 10257
1512060550000 10257
1512060550000 10258
1512060550000 10258
1512060550000 10258
1512060550000 10258
1512060550000 10259
1512060550000 10259
1512060550000 10259
1512060550000 10259
1512060550000 10260
1512060550000 10296
1512060550000 10297
1512060550000 10297
1512060550000 10297
1512060550000 10298
1512060550000 10298
1512060550000 10298
1512060550000 10299
1512060550000 10299
1512060550000 10299
1512060550000 10300
1512060550000 10300
1512060550000 10300
1512060550000 10301
1512060550000 10301
1512060550000 10301
1512060550000 10302
1512060550000 10302
1512060550000 10302
1512060550000 10303
1512060550000 10303
1512060550000 10303
1512060550000 10304
1512060550000 10304
1512060550000 10304
1512060550000 10305
1512060550000 10305
1512060550000 10305
1512060550000 10306
1512060550000 10306
1512060560000 10077
1512060560000 10077
1512060560000 10078
1512060560000 10078
1512060560000 10078
1512060560000 10079
1512060560000 10079
1512060560000 10080
1512060560000 10080
1512060560000 10080
1512060560000 10081
1512060560000 10081
1512060560000 10082
1512060560000 10082
1512060560000 10083
1512060560000 10083
1512060560000 10083
1512060560000 10085
1512060560000 10086
1512060560000 10086
1512060560000 10086
1512060560000 10086
1512060560000 10087
1512060560000 10087
1512060560000 10087
1512060560000 10088
1512060560000 10088
1512060560000 10088
1512060560000 10089
1512060560000 10089
1512060560000 10089
1512060560000 10089
1512060560000 10090
1512060560000 10090
1512060560000 10090
1512060560000 10091
1512060560000 10091
1512060560000 10091
1512060560000 10092
1512060560000 10092
1512060560000 10092
1512060560000 10093
1512060560000 10093
1512060560000 10093
1512060560000 10110
1512060560000 10110
1512060560000 10111
1512060560000 10111
1512060560000 10112
1512060560000 10112
1512060560000 10113
1512060560000 10113
1512060560000 10113
1512060560000 10114
1512060560000 10114
1512060560000 10115
1512060560000 10115
1512060560000 10115
1512060560000 10116
1512060560000 10116
1512060560000 10117
1512060560000 10117
1512060560000 10117
1512060560000 10118
1512060560000 10118
1512060560000 10119
1512060560000 10119
1512060560000 10119
1512060560000 10120
1512060560000 10120
1512060560000 10254
1512060560000 10254
1512060560000 10254
1512060560000 10254
1512060560000 10255
1512060560000 10255
1512060560000 10255
1512060560000 10255
1512060560000 10256
1512060560000 10256
1512060560000 10256
1512060560000 10256
1512060560000 10257
1512060560000 10257
1512060560000 10279
1512060560000 10279
1512060560000 10279
1512060560000 10280
1512060560000 10280
1512060560000 10281
1512060560000 10281
1512060560000 10281
1512060560000 10282
1512060560000 10282
1512060560000 10283
1512060560000 10283
1512060560000 10284
1512060560000 10284
1512060560000 10284
1512060560000 10285
1512060570000 10080
1512060570000 10081
1512060570000 10081
1512060570000 10081
1512060570000 10082
1512060570000 10082
1512060570000 10082
1512060570000 10083
1512060570000 10083
1512060570000 10083
1512060570000 10084
1512060570000 10084
1512060570000 10084
1512060570000 10084
1512060570000 10085
1512060570000 10085
1512060570000 10085
1512060570000 10085
1512060570000 10085
1512060570000 10085
1512060570000 10085
1512060570000 10086
1512060570000 10086
1512060570000 10086
1512060570000 10086
1512060570000 10086
1512060570000 10086
1512060570000 10086
1512060570000 10087
1512060570000 10087
1512060570000 10087
1512060570000 10087
1512060570000 10088
1512060570000 10088
1512060570000 10088
1512060570000 10088
1512060570000 10088
1512060570000 10089
1512060570000 10089
1512060570000 10089
1512060570000 10089
1512060570000 10089
1512060570000 10090
1512060570000 10090
1512060570000 10090
1512060570000 10090
1512060570000 10090
1512060570000 10091
1512060570000 10091
1512060570000 10091
1512060570000 10091
1512060570000 10091
1512060570000 10091
1512060570000 10091
1512060570000 10092
1512060570000 10092
1512060570000 10093
1512060570000 10093
1512060570000 10093
1512060570000 10094
1512060570000 10094
1512060570000 10094
1512060570000 10095
1512060570000 10126
1512060570000 10127
1512060570000 10127
1512060570000 10127
1512060570000 10128
1512060570000 10128
1512060570000 10129
1512060570000 10129
1512060570000 10129
1512060570000 10130
1512060570000 10130
1512060570000 10131
1512060570000 10131
1512060570000 10131
1512060570000 10132
1512060570000 10132
1512060570000 10132
1512060570000 10133
1512060570000 10251
1512060570000 10251
1512060570000 10251
1512060570000 10251
1512060570000 10252
1512060570000 10252
1512060570000 10252
1512060570000 10252
1512060570000 10253
1512060570000 10253
1512060570000 10253
1512060570000 10253
1512060570000 10254
1512060570000 10254
1512060570000 10254
1512060570000 10254
1512060570000 10255
1512060570000 10255
1512060570000 10255
1512060580000 10079
1512060580000 10079
1512060580000 10080
1512060580000 10080
1512060580000 10080
1512060580000 10081
1512060580000 10081
1512060580000 10081
1512060580000 10082
1512060580000 10082
1512060580000 10082
1512060580000 10082
1512060580000 10083
1512060580000 10083
1512060580000 10083
1512060580000 10084
1512060580000 10084
1512060580000 10084
1512060580000 10085
1512060580000 10092
1512060580000 10093
1512060580000 10093
1512060580000 10093
1512060580000 10094
1512060580000 10094
1512060580000 10095
1512060580000 10095
1512060580000 10096
1512060580000 10096
1512060580000 10096
1512060580000 10097
1512060580000 10097
1512060580000 10097
1512060580000 10098
1512060580000 10098
1512060580000 10098
1512060580000 10098
1512060580000 10098
1512060580000 10099
1512060580000 10099
1512060580000 10099
1512060580000 10099
1512060580000 10100
1512060580000 10100
1512060580000 10100
1512060580000 10100
1512060580000 10100
1512060580000 10101
1512060580000 10101
1512060580000 10101
1512060580000 10102
1512060580000 10102
1512060580000 10103
1512060580000 10103
1512060580000 10103
1512060580000 10104
1512060580000 10104
1512060580000 10105
1512060580000 10105
1512060580000 10105
1512060580000 10106
1512060580000 10243
1512060580000 10243
1512060580000 10243
1512060580000 10244
1512060580000 10244
1512060580000 10244
1512060580000 10244
1512060580000 10245
1512060580000 10245
1512060580000 10245
1512060580000 10245
1512060580000 10246
1512060580000 10246
1512060580000 10246
1512060580000 10289
1512060580000 10290
1512060580000 10290
1512060580000 10291
1512060580000 10291
1512060580000 10291
1512060580000 10292
1512060580000 10292
1512060580000 10292
1512060580000 10292
1512060580000 10293
1512060580000 10293
1512060580000 10293
1512060580000 10294
1512060580000 10294
1512060580000 10294
1512060580000 10295
1512060580000 10295
1512060580000 10295
1512060580000 10296
1512060580000 10296
1512060580000 10296
1512060580000 10297
1512060580000 10297
1512060580000 10297
1512060590000 10244
1512060590000 10245
1512060590000 10245
1512060590000 10245
1512060590000 10245
1512060590000 10245
1512060590000 10246
1512060590000 10246
1512060590000 10246
1512060590000 10246
1512060590000 10246
1512060590000 10246
1512060590000 10247
1512060590000 10247
1512060590000 10247
1512060590000 10247
1512060590000 10247
1512060590000 10247
1512060590000 10247
1512060590000 10248
1512060590000 10248
1512060590000 10248
1512060590000 10248
1512060590000 10248
1512060590000 10248
1512060590000 10248
1512060590000 10249
1512060590000 10249
1512060590000 10249
1512060590000 10249
1512060590000 10249
1512060590000 10250
1512060590000 10250
1512060590000 10250
1512060590000 10251
1512060590000 10251
1512060590000 10251
1512060590000 10252
1512060590000 10252
1512060590000 10252
1512060590000 10252
1512060590000 10253
1512060590000 10253
1512060590000 10253
1512060590000 10253
1512060590000 10254
1512060590000 10254
1512060590000 10254
1512060590000 10255
1512060590000 10255
1512060590000 10255
1512060590000 10255
1512060590000 10256
1512060590000 10258
1512060590000 10258
1512060590000 10259
1512060590000 10259
1512060590000 10259
1512060590000 10259
1512060590000 10260
1512060590000 10260
1512060590000 10260
1512060590000 10260
1512060590000 10261
1512060590000 10261
1512060590000 10261
1512060590000 10261
1512060590000 10262
1512060590000 10262
1512060590000 10262
1512060590000 10262
1512060590000 10263
1512060590000 10263
1512060590000 10288
1512060590000 10288
1512060590000 10288
1512060590000 10289
1512060590000 10289
1512060590000 10289
1512060590000 10290
1512060590000 10290
1512060590000 10290
1512060590000 10291
1512060590000 10291
1512060590000 10291
1512060590000 10292
1512060590000 10292
1512060590000 10293
1512060590000 10293
1512060590000 10293
1512060590000 10294
1512060590000 10294
1512060590000 10295
1512060590000 10295
1512060590000 10296
1512060590000 10296
1512060590000 10296
1512060590000 10297
1512060590000 10297
1512060590000 10297
1512060600000 10076
1512060600000 10076
1512060600000 10077
1512060600000 10077
1512060600000 10077
1512060600000 10077
1512060600000 10078
1512060600000 10078
1512060600000 10078
1512060600000 10079
1512060600000 10079
1512060600000 10079
1512060600000 10080
1512060600000 10080
1512060600000 10080
1512060600000 10081
1512060600000 10081
1512060600000 10085
1512060600000 10085
1512060600000 10086
1512060600000 10086
1512060600000 10086
1512060600000 10086
1512060600000 10087
1512060600000 10087
1512060600000 10087
1512060600000 10087
1512060600000 10088
1512060600000 10088
1512060600000 10088
1512060600000 10088
1512060600000 10089
1512060600000 10089
1512060600000 10089
1512060600000 10089
1512060600000 10089
1512060600000 10089
1512060600000 10089
1512060600000 10089
1512060600000 10090
1512060600000 10090
1512060600000 10090
1512060600000 10090
1512060600000 10090
1512060600000 10090
1512060600000 10090
1512060600000 10090
1512060600000 10090
1512060600000 10090
1512060600000 10091
1512060600000 10091
1512060600000 10091
1512060600000 10091
1512060600000 10091
1512060600000 10091
1512060600000 10091
1512060600000 10091
1512060600000 10091
1512060600000 10092
1512060600000 10092
1512060600000 10092
1512060600000 10092
1512060600000 10092
1512060600000 10093
1512060600000 10093
1512060600000 10093
1512060600000 10093
1512060600000 10093
1512060600000 10093
1512060600000 10094
1512060600000 10094
1512060600000 10094
1512060600000 10094
1512060600000 10094
1512060600000 10094
1512060600000 10094
1512060600000 10095
1512060600000 10095
1512060600000 10095
1512060600000 10095
1512060600000 10095
1512060600000 10095
1512060600000 10096
1512060600000 10096
1512060600000 10096
1512060600000 10096
1512060600000 10097
1512060600000 10271
1512060600000 10271
1512060600000 10272
1512060600000 10272
1512060600000 10272
1512060600000 10272
1512060600000 10273
1512060600000 10273
1512060600000 10273
1512060600000 10273
1512060600000 10274
1512060600000 10274
1512060600000 10274
1512060610000 10072
1512060610000 10073
1512060610000 10073
1512060610000 10073
1512060610000 10073
1512060610000 10073
1512060610000 10073
1512060610000 10074
1512060610000 10074
1512060610000 10074
1512060610000 10074
1512060610000 10074
1512060610000 10074
1512060610000 10075
1512060610000 10075
1512060610000 10075
1512060610000 10075
1512060610000 10075
1512060610000 10076
1512060610000 10076
1512060610000 10076
1512060610000 10076
1512060610000 10076
1512060610000 10076
1512060610000 10077
1512060610000 10077
1512060610000 10077
1512060610000 10077
1512060610000 10077
1512060610000 10078
1512060610000 10078
1512060610000 10078
1512060610000 10078
1512060610000 10079
1512060610000 10082
1512060610000 10082
1512060610000 10083
1512060610000 10083
1512060610000 10083
1512060610000 10084
1512060610000 10084
1512060610000 10085
1512060610000 10085
1512060610000 10086
1512060610000 10086
1512060610000 10086
1512060610000 10087
1512060610000 10087
1512060610000 10087
1512060610000 10088
1512060610000 10088
1512060610000 10088
1512060610000 10089
1512060610000 10089
1512060610000 10089
1512060610000 10089
1512060610000 10089
1512060610000 10090
1512060610000 10090
1512060610000 10090
1512060610000 10090
1512060610000 10091
1512060610000 10091
1512060610000 10091
1512060610000 10091
1512060610000 10092
1512060610000 10092
1512060610000 10092
1512060610000 10092
1512060610000 10093
1512060610000 10093
1512060610000 10093
1512060610000 10093
1512060610000 10094
1512060610000 10094
1512060610000 10094
1512060610000 10095
1512060610000 10095
1512060610000 10289
1512060610000 10289
1512060610000 10290
1512060610000 10290
1512060610000 10290
1512060610000 10291
1512060610000 10291
1512060610000 10291
1512060610000 10292
1512060610000 10292
1512060610000 10292
1512060610000 10293
1512060610000 10293
1512060610000 10293
1512060610000 10293
1512060610000 10294
1512060610000 10294
1512060610000 10294
1512060610000 10295
1512060610000 10295
1512060610000 10296
1512060610000 10296
1512060620000 10144
1512060620000 10144
1512060620000 10145
1512060620000 10145
1512060620000 10145
1512060620000 10146
1512060620000 10146
1512060620000 10146
1512060620000 10147
1512060620000 10147
1512060620000 10147
1512060620000 10148
1512060620000 10148
1512060620000 10148
1512060620000 10149
1512060620000 10149
1512060620000 10149
1512060620000 10150
1512060620000 10150
1512060620000 10150
1512060620000 10150
1512060620000 10151
1512060620000 10151
1512060620000 10237
1512060620000 10238
1512060620000 10238
1512060620000 10238
1512060620000 10238
1512060620000 10239
1512060620000 10239
1512060620000 10239
1512060620000 10239
1512060620000 10240
1512060620000 10245
1512060620000 10245
1512060620000 10245
1512060620000 10245
1512060620000 10246
1512060620000 10246
1512060620000 10246
1512060620000 10246
1512060620000 10246
1512060620000 10246
1512060620000 10247
1512060620000 10247
1512060620000 10247
1512060620000 10247
1512060620000 10247
1512060620000 10247
1512060620000 10247
1512060620000 10247
1512060620000 10248
1512060620000 10248
1512060620000 10248
1512060620000 10248
1512060620000 10248
1512060620000 10248
1512060620000 10248
1512060620000 10248
1512060620000 10248
1512060620000 10248
1512060620000 10249
1512060620000 10249
1512060620000 10249
1512060620000 10249
1512060620000 10249
1512060620000 10249
1512060620000 10249
1512060620000 10249
1512060620000 10249
1512060620000 10250
1512060620000 10250
1512060620000 10250
1512060620000 10250
1512060620000 10250
1512060620000 10250
1512060620000 10250
1512060620000 10250
1512060620000 10250
1512060620000 10250
1512060620000 10250
1512060620000 10250
1512060620000 10251
1512060620000 10251
1512060620000 10251
1512060620000 10251
1512060620000 10251
1512060620000 10251
1512060620000 10251
1512060620000 10251
1512060620000 10251
1512060620000 10252
1512060620000 10252
1512060620000 10252
1512060620000 10252
1512060620000 10253
1512060620000 10253
1512060620000 10253
1512060620000 10253
1512060620000 10254
1512060630000 10073
1512060630000 10073
1512060630000 10073
1512060630000 10074
1512060630000 10074
1512060630000 10074
1512060630000 10075
1512060630000 10075
1512060630000 10075
1512060630000 10076
1512060630000 10076
1512060630000 10076
1512060630000 10076
1512060630000 10076
1512060630000 10076
1512060630000 10077
1512060630000 10077
1512060630000 10077
1512060630000 10077
1512060630000 10077
1512060630000 10077
1512060630000 10078
1512060630000 10078
1512060630000 10078
1512060630000 10079
1512060630000 10079
1512060630000 10079
1512060630000 10079
1512060630000 10079
1512060630000 10079
1512060630000 10080
1512060630000 10080
1512060630000 10080
1512060630000 10080
1512060630000 10080
1512060630000 10080
1512060630000 10081
1512060630000 10081
1512060630000 10081
1512060630000 10081
1512060630000 10081
1512060630000 10081
1512060630000 10082
1512060630000 10082
1512060630000 10082
1512060630000 10082
1512060630000 10082
1512060630000 10082
1512060630000 10083
1512060630000 10083
1512060630000 10083
1512060630000 10083
1512060630000 10084
1512060630000 10084
1512060630000 10084
1512060630000 10084
1512060630000 10084
1512060630000 10084
1512060630000 10085
1512060630000 10085
1512060630000 10085
1512060630000 10085
1512060630000 10085
1512060630000 10085
1512060630000 10085
1512060630000 10086
1512060630000 10086
1512060630000 10086
1512060630000 10086
1512060630000 10086
1512060630000 10086
1512060630000 10087
1512060630000 10087
1512060630000 10087
1512060630000 10087
1512060630000 10088
1512060630000 10088
1512060630000 10088
1512060630000 10089
1512060630000 10089
1512060630000 10089
1512060630000 10089
1512060630000 10090
1512060630000 10120
1512060630000 10120
1512060630000 10120
1512060630000 10121
1512060630000 10121
1512060630000 10121
1512060630000 10122
1512060630000 10122
1512060630000 10122
1512060630000 10123
1512060630000 10123
1512060630000 10123
1512060630000 10124
1512060630000 10124
1512060630000 10124
1512060630000 10125
1512060630000 10125
1512060640000 10114
1512060640000 10115
1512060640000 10115
1512060640000 10115
1512060640000 10116
1512060640000 10116
1512060640000 10116
1512060640000 10117
1512060640000 10117
1512060640000 10117
1512060640000 10117
1512060640000 10118
1512060640000 10118
1512060640000 10118
1512060640000 10119
1512060640000 10119
1512060640000 10119
1512060640000 10120
1512060640000 10120
1512060640000 10120
1512060640000 10120
1512060640000 10121
1512060640000 10121
1512060640000 10121
1512060640000 10122
1512060640000 10122
1512060640000 10249
1512060640000 10250
1512060640000 10250
1512060640000 10250
1512060640000 10250
1512060640000 10250
1512060640000 10250
1512060640000 10250
1512060640000 10251
1512060640000 10251
1512060640000 10251
1512060640000 10251
1512060640000 10251
1512060640000 10251
1512060640000 10251
1512060640000 10251
1512060640000 10251
1512060640000 10251
1512060640000 10251
1512060640000 10252
1512060640000 10252
1512060640000 10252
1512060640000 10252
1512060640000 10252
1512060640000 10252
1512060640000 10252
1512060640000 10252
1512060640000 10252
1512060640000 10252
1512060640000 10252
1512060640000 10253
1512060640000 10253
1512060640000 10253
1512060640000 10253
1512060640000 10253
1512060640000 10253
1512060640000 10253
1512060640000 10253
1512060640000 10253
1512060640000 10253
1512060640000 10253
1512060640000 10254
1512060640000 10254
1512060640000 10254
1512060640000 10254
1512060640000 10254
1512060640000 10254
1512060640000 10254
1512060640000 10255
1512060640000 10255
1512060640000 10255
1512060640000 10255
1512060640000 10258
1512060640000 10258
1512060640000 10258
1512060640000 10259
1512060640000 10259
1512060640000 10259
1512060640000 10259
1512060640000 10259
1512060640000 10260
1512060640000 10260
1512060640000 10260
1512060640000 10260
1512060640000 10261
1512060640000 10261
1512060640000 10261
1512060640000 10261
1512060640000 10262
1512060640000 10262
1512060640000 10262
1512060640000 10262
1512060640000 10263
1512060640000 10263
1512060650000 10085
1512060650000 10085
1512060650000 10086
1512060650000 10086
1512060650000 10086
1512060650000 10086
1512060650000 10087
1512060650000 10087
1512060650000 10087
1512060650000 10087
1512060650000 10087
1512060650000 10087
1512060650000 10088
1512060650000 10088
1512060650000 10088
1512060650000 10088
1512060650000 10088
1512060650000 10088
1512060650000 10088
1512060650000 10089
1512060650000 10089
1512060650000 10089
1512060650000 10089
1512060650000 10089
1512060650000 10089
1512060650000 10090
1512060650000 10090
1512060650000 10090
1512060650000 10090
1512060650000 10090
1512060650000 10090
1512060650000 10091
1512060650000 10091
1512060650000 10091
1512060650000 10091
1512060650000 10091
1512060650000 10091
1512060650000 10091
1512060650000 10091
1512060650000 10092
1512060650000 10092
1512060650000 10092
1512060650000 10092
1512060650000 10093
1512060650000 10093
1512060650000 10146
1512060650000 10146
1512060650000 10147
1512060650000 10147
1512060650000 10147
1512060650000 10148
1512060650000 10148
1512060650000 10148
1512060650000 10148
1512060650000 10149
1512060650000 10149
1512060650000 10149
1512060650000 10150
1512060650000 10150
1512060650000 10150
1512060650000 10150
1512060650000 10151
1512060650000 10151
1512060650000 10151
1512060650000 10151
1512060650000 10242
1512060650000 10242
1512060650000 10242
1512060650000 10243
1512060650000 10243
1512060650000 10243
1512060650000 10244
1512060650000 10244
1512060650000 10244
1512060650000 10245
1512060650000 10245
1512060650000 10245
1512060650000 10245
1512060650000 10246
1512060650000 10246
1512060650000 10246
1512060650000 10246
1512060650000 10246
1512060650000 10246
1512060650000 10247
1512060650000 10247
1512060650000 10247
1512060650000 10247
1512060650000 10247
1512060650000 10248
1512060650000 10248
1512060650000 10248
1512060650000 10248
1512060650000 10249
1512060650000 10249
1512060650000 10249
1512060650000 10249
1512060650000 10250
1512060650000 10250
1512060650000 10250
1512060660000 10085
1512060660000 10085
1512060660000 10085
1512060660000 10086
1512060660000 10086
1512060660000 10086
1512060660000 10086
1512060660000 10087
1512060660000 10087
1512060660000 10087
1512060660000 10087
1512060660000 10088
1512060660000 10088
1512060660000 10088
1512060660000 10088
1512060660000 10089
1512060660000 10089
1512060660000 10089
1512060660000 10089
1512060660000 10090
1512060660000 10090
1512060660000 10090
1512060660000 10130
1512060660000 10130
1512060660000 10131
1512060660000 10131
1512060660000 10131
1512060660000 10131
1512060660000 10132
1512060660000 10132
1512060660000 10132
1512060660000 10132
1512060660000 10133
1512060660000 10133
1512060660000 10133
1512060660000 10133
1512060660000 10134
1512060660000 10134
1512060660000 10134
1512060660000 10134
1512060660000 10135
1512060660000 10135
1512060660000 10135
1512060660000 10135
1512060660000 10244
1512060660000 10244
1512060660000 10244
1512060660000 10244
1512060660000 10244
1512060660000 10244
1512060660000 10245
1512060660000 10245
1512060660000 10245
1512060660000 10245
1512060660000 10245
1512060660000 10245
1512060660000 10245
1512060660000 10246
1512060660000 10246
1512060660000 10246
1512060660000 10246
1512060660000 10246
1512060660000 10246
1512060660000 10246
1512060660000 10246
1512060660000 10246
1512060660000 10246
1512060660000 10246
1512060660000 10247
1512060660000 10247
1512060660000 10247
1512060660000 10247
1512060660000 10247
1512060660000 10247
1512060660000 10247
1512060660000 10247
1512060660000 10247
1512060660000 10247
1512060660000 10247
1512060660000 10248
1512060660000 10248
1512060660000 10248
1512060660000 10248
1512060660000 10248
1512060660000 10248
1512060660000 10248
1512060660000 10248
1512060660000 10248
1512060660000 10249
1512060660000 10249
1512060660000 10249
1512060660000 10249
1512060660000 10249
1512060660000 10249
1512060660000 10249
1512060660000 10249
1512060660000 10250
1512060660000 10250
1512060660000 10250
1512060660000 10250
1512060670000 10132
1512060670000 10132
1512060670000 10132
1512060670000 10132
1512060670000 10133
1512060670000 10133
1512060670000 10133
1512060670000 10134
1512060670000 10134
1512060670000 10134
1512060670000 10134
1512060670000 10135
1512060670000 10135
1512060670000 10135
1512060670000 10135
1512060670000 10136
1512060670000 10136
1512060670000 10248
1512060670000 10249
1512060670000 10249
1512060670000 10249
1512060670000 10250
1512060670000 10250
1512060670000 10250
1512060670000 10250
1512060670000 10250
1512060670000 10250
1512060670000 10251
1512060670000 10251
1512060670000 10251
1512060670000 10251
1512060670000 10251
1512060670000 10251
1512060670000 10251
1512060670000 10252
1512060670000 10252
1512060670000 10252
1512060670000 10252
1512060670000 10252
1512060670000 10252
1512060670000 10252
1512060670000 10252
1512060670000 10252
1512060670000 10253
1512060670000 10253
1512060670000 10253
1512060670000 10253
1512060670000 10253
1512060670000 10253
1512060670000 10253
1512060670000 10253
1512060670000 10253
1512060670000 10254
1512060670000 10254
1512060670000 10254
1512060670000 10254
1512060670000 10254
1512060670000 10254
1512060670000 10254
1512060670000 10254
1512060670000 10254
1512060670000 10254
1512060670000 10254
1512060670000 10255
1512060670000 10255
1512060670000 10255
1512060670000 10255
1512060670000 10255
1512060670000 10255
1512060670000 10255
1512060670000 10255
1512060670000 10255
1512060670000 10255
1512060670000 10255
1512060670000 10256
1512060670000 10256
1512060670000 10256
1512060670000 10256
1512060670000 10256
1512060670000 10256
1512060670000 10256
1512060670000 10256
1512060670000 10256
1512060670000 10256
1512060670000 10257
1512060670000 10257
1512060670000 10257
1512060670000 10257
1512060670000 10257
1512060670000 10258
1512060670000 10258
1512060670000 10258
1512060670000 10258
1512060670000 10259
1512060670000 10259
1512060670000 10259
1512060670000 10260
1512060670000 10260
1512060670000 10260
1512060670000 10260
1512060680000 10068
1512060680000 10068
1512060680000 10069
1512060680000 10069
1512060680000 10069
1512060680000 10069
1512060680000 10069
1512060680000 10070
1512060680000 10070
1512060680000 10070
1512060680000 10070
1512060680000 10071
1512060680000 10071
1512060680000 10072
1512060680000 10072
1512060680000 10072
1512060680000 10073
1512060680000 10073
1512060680000 10073
1512060680000 10073
1512060680000 10074
1512060680000 10074
1512060680000 10074
1512060680000 10074
1512060680000 10075
1512060680000 10075
1512060680000 10075
1512060680000 10075
1512060680000 10076
1512060680000 10083
1512060680000 10083
1512060680000 10083
1512060680000 10084
1512060680000 10084
1512060680000 10084
1512060680000 10085
1512060680000 10085
1512060680000 10085
1512060680000 10086
1512060680000 10086
1512060680000 10086
1512060680000 10087
1512060680000 10087
1512060680000 10087
1512060680000 10088
1512060680000 10088
1512060680000 10088
1512060680000 10089
1512060680000 10089
1512060680000 10089
1512060680000 10089
1512060680000 10090
1512060680000 10090
1512060680000 10091
1512060680000 10091
1512060680000 10091
1512060680000 10092
1512060680000 10092
1512060680000 10092
1512060680000 10093
1512060680000 10093
1512060680000 10093
1512060680000 10094
1512060680000 10094
1512060680000 10094
1512060680000 10095
1512060680000 10095
1512060680000 10095
1512060680000 10096
1512060680000 10096
1512060680000 10096
1512060680000 10097
1512060680000 10097
1512060680000 10097
1512060680000 10098
1512060680000 10144
1512060680000 10144
1512060680000 10144
1512060680000 10145
1512060680000 10145
1512060680000 10145
1512060680000 10146
1512060680000 10146
1512060680000 10146
1512060680000 10147
1512060680000 10147
1512060680000 10147
1512060680000 10148
1512060680000 10148
1512060680000 10148
1512060680000 10149
1512060680000 10149
1512060680000 10149
1512060680000 10150
1512060680000 10150
1512060680000 10150
1512060680000 10150
1512060680000 10151
1512060680000 10151
1512060680000 10151
1512060690000 10071
1512060690000 10071
1512060690000 10071
1512060690000 10072
1512060690000 10072
1512060690000 10072
1512060690000 10072
1512060690000 10073
1512060690000 10073
1512060690000 10073
1512060690000 10073
1512060690000 10074
1512060690000 10074
1512060690000 10074
1512060690000 10075
1512060690000 10075
1512060690000 10075
1512060690000 10076
1512060690000 10076
1512060690000 10076
1512060690000 10077
1512060690000 10077
1512060690000 10078
1512060690000 10078
1512060690000 10078
1512060690000 10079
1512060690000 10079
1512060690000 10080
1512060690000 10080
1512060690000 10080
1512060690000 10091
1512060690000 10091
1512060690000 10092
1512060690000 10092
1512060690000 10093
1512060690000 10093
1512060690000 10093
1512060690000 10093
1512060690000 10094
1512060690000 10094
1512060690000 10094
1512060690000 10094
1512060690000 10094
1512060690000 10094
1512060690000 10095
1512060690000 10095
1512060690000 10095
1512060690000 10095
1512060690000 10096
1512060690000 10096
1512060690000 10096
1512060690000 10096
1512060690000 10096
1512060690000 10096
1512060690000 10097
1512060690000 10097
1512060690000 10097
1512060690000 10097
1512060690000 10098
1512060690000 10098
1512060690000 10098
1512060690000 10098
1512060690000 10098
1512060690000 10098
1512060690000 10099
1512060690000 10099
1512060690000 10099
1512060690000 10099
1512060690000 10099
1512060690000 10100
1512060690000 10100
1512060690000 10100
1512060690000 10100
1512060690000 10100
1512060690000 10101
1512060690000 10101
1512060690000 10101
1512060690000 10101
1512060690000 10138
1512060690000 10139
1512060690000 10139
1512060690000 10139
1512060690000 10140
1512060690000 10140
1512060690000 10140
1512060690000 10141
1512060690000 10141
1512060690000 10141
1512060690000 10142
1512060690000 10142
1512060690000 10142
1512060690000 10143
1512060690000 10143
1512060690000 10143
1512060690000 10144
1512060690000 10144
1512060690000 10144
1512060690000 10145
1512060690000 10145
1512060690000 10145
1512060700000 10166
1512060700000 10166
1512060700000 10166
1512060700000 10167
1512060700000 10167
1512060700000 10167
1512060700000 10168
1512060700000 10168
1512060700000 10168
1512060700000 10168
1512060700000 10169
1512060700000 10169
1512060700000 10169
1512060700000 10170
1512060700000 10170
1512060700000 10171
1512060700000 10171
1512060700000 10171
1512060700000 10172
1512060700000 10172
1512060700000 10172
1512060700000 10172
1512060700000 10173
1512060700000 10173
1512060700000 10242
1512060700000 10242
1512060700000 10242
1512060700000 10243
1512060700000 10243
1512060700000 10243
1512060700000 10243
1512060700000 10244
1512060700000 10244
1512060700000 10244
1512060700000 10244
1512060700000 10245
1512060700000 10245
1512060700000 10249
1512060700000 10250
1512060700000 10250
1512060700000 10250
1512060700000 10250
1512060700000 10250
1512060700000 10250
1512060700000 10250
1512060700000 10251
1512060700000 10251
1512060700000 10251
1512060700000 10251
1512060700000 10251
1512060700000 10251
1512060700000 10251
1512060700000 10251
1512060700000 10252
1512060700000 10252
1512060700000 10252
1512060700000 10252
1512060700000 10252
1512060700000 10252
1512060700000 10253
1512060700000 10253
1512060700000 10253
1512060700000 10253
1512060700000 10253
1512060700000 10253
1512060700000 10254
1512060700000 10254
1512060700000 10254
1512060700000 10254
1512060700000 10254
1512060700000 10254
1512060700000 10254
1512060700000 10254
1512060700000 10254
1512060700000 10254
1512060700000 10255
1512060700000 10255
1512060700000 10255
1512060700000 10255
1512060700000 10255
1512060700000 10255
1512060700000 10255
1512060700000 10256
1512060700000 10256
1512060700000 10256
1512060700000 10256
1512060700000 10256
1512060700000 10257
1512060700000 10257
1512060700000 10257
1512060700000 10258
1512060700000 10258
1512060700000 10258
1512060700000 10259
1512060700000 10259
1512060700000 10260
1512060700000 10260
1512060700000 10261
1512060700000 10261
1512060700000 10261
1512060710000 10130
1512060710000 10130
1512060710000 10130
1512060710000 10131
1512060710000 10131
1512060710000 10131
1512060710000 10131
1512060710000 10132
1512060710000 10132
1512060710000 10132
1512060710000 10132
1512060710000 10133
1512060710000 10133
1512060710000 10133
1512060710000 10134
1512060710000 10134
1512060710000 10134
1512060710000 10134
1512060710000 10135
1512060710000 10135
1512060710000 10135
1512060710000 10135
1512060710000 10244
1512060710000 10245
1512060710000 10245
1512060710000 10245
1512060710000 10245
1512060710000 10246
1512060710000 10246
1512060710000 10246
1512060710000 10246
1512060710000 10247
1512060710000 10247
1512060710000 10247
1512060710000 10247
1512060710000 10247
1512060710000 10247
1512060710000 10247
1512060710000 10248
1512060710000 10248
1512060710000 10248
1512060710000 10248
1512060710000 10248
1512060710000 10248
1512060710000 10248
1512060710000 10248
1512060710000 10249
1512060710000 10249
1512060710000 10249
1512060710000 10249
1512060710000 10250
1512060710000 10250
1512060710000 10250
1512060710000 10250
1512060710000 10251
1512060710000 10251
1512060710000 10251
1512060710000 10251
1512060710000 10252
1512060710000 10252
1512060710000 10252
1512060710000 10252
1512060710000 10252
1512060710000 10252
1512060710000 10252
1512060710000 10252
1512060710000 10253
1512060710000 10253
1512060710000 10253
1512060710000 10253
1512060710000 10253
1512060710000 10253
1512060710000 10253
1512060710000 10253
1512060710000 10254
1512060710000 10254
1512060710000 10254
1512060710000 10254
1512060710000 10254
1512060710000 10254
1512060710000 10254
1512060710000 10254
1512060710000 10255
1512060710000 10255
1512060710000 10255
1512060710000 10255
1512060710000 10255
1512060710000 10255
1512060710000 10256
1512060710000 10256
1512060710000 10256
1512060710000 10256
1512060710000 10257
1512060710000 10257
1512060710000 10257
1512060710000 10257
1512060710000 10258
1512060710000 10258
1512060710000 10258
1512060710000 10258
1512060720000 10089
1512060720000 10089
1512060720000 10089
1512060720000 10090
1512060720000 10090
1512060720000 10090
1512060720000 10091
1512060720000 10091
1512060720000 10091
1512060720000 10092
1512060720000 10092
1512060720000 10092
1512060720000 10093
1512060720000 10093
1512060720000 10093
1512060720000 10094
1512060720000 10094
1512060720000 10094
1512060720000 10095
1512060720000 10095
1512060720000 10095
1512060720000 10096
1512060720000 10096
1512060720000 10096
1512060720000 10154
1512060720000 10154
1512060720000 10155
1512060720000 10155
1512060720000 10155
1512060720000 10155
1512060720000 10156
1512060720000 10156
1512060720000 10156
1512060720000 10157
1512060720000 10157
1512060720000 10157
1512060720000 10158
1512060720000 10158
1512060720000 10158
1512060720000 10158
1512060720000 10159
1512060720000 10159
1512060720000 10159
1512060720000 10159
1512060720000 10160
1512060720000 10160
1512060720000 10160
1512060720000 10161
1512060720000 10161
1512060720000 10244
1512060720000 10244
1512060720000 10244
1512060720000 10245
1512060720000 10245
1512060720000 10245
1512060720000 10245
1512060720000 10246
1512060720000 10246
1512060720000 10246
1512060720000 10246
1512060720000 10247
1512060720000 10247
1512060720000 10247
1512060720000 10247
1512060720000 10248
1512060720000 10248
1512060720000 10248
1512060720000 10248
1512060720000 10248
1512060720000 10248
1512060720000 10248
1512060720000 10249
1512060720000 10249
1512060720000 10249
1512060720000 10250
1512060720000 10250
1512060720000 10250
1512060720000 10250
1512060720000 10251
1512060720000 10251
1512060720000 10251
1512060720000 10251
1512060720000 10252
1512060720000 10253
1512060720000 10253
1512060720000 10253
1512060720000 10254
1512060720000 10254
1512060720000 10255
1512060720000 10255
1512060720000 10255
1512060720000 10256
1512060720000 10256
1512060720000 10256
1512060720000 10257
1512060720000 10257
1512060720000 10257
1512060720000 10258
1512060720000 10258
1512060720000 10258
1512060730000 10074
1512060730000 10074
1512060730000 10074
1512060730000 10074
1512060730000 10075
1512060730000 10075
1512060730000 10075
1512060730000 10076
1512060730000 10076
1512060730000 10076
1512060730000 10076
1512060730000 10077
1512060730000 10077
1512060730000 10077
1512060730000 10077
1512060730000 10077
1512060730000 10077
1512060730000 10078
1512060730000 10078
1512060730000 10078
1512060730000 10078
1512060730000 10078
1512060730000 10078
1512060730000 10078
1512060730000 10078
1512060730000 10079
1512060730000 10079
1512060730000 10079
1512060730000 10079
1512060730000 10080
1512060730000 10080
1512060730000 10080
1512060730000 10080
1512060730000 10080
1512060730000 10081
1512060730000 10081
1512060730000 10081
1512060730000 10081
1512060730000 10144
1512060730000 10145
1512060730000 10145
1512060730000 10145
1512060730000 10146
1512060730000 10146
1512060730000 10147
1512060730000 10147
1512060730000 10147
1512060730000 10147
1512060730000 10148
1512060730000 10148
1512060730000 10148
1512060730000 10149
1512060730000 10149
1512060730000 10149
1512060730000 10150
1512060730000 10150
1512060730000 10150
1512060730000 10151
1512060730000 10151
1512060730000 10151
1512060730000 10152
1512060730000 10152
1512060730000 10153
1512060730000 10251
1512060730000 10251
1512060730000 10252
1512060730000 10252
1512060730000 10252
1512060730000 10253
1512060730000 10253
1512060730000 10253
1512060730000 10253
1512060730000 10254
1512060730000 10254
1512060730000 10254
1512060730000 10254
1512060730000 10254
1512060730000 10254
1512060730000 10254
1512060730000 10255
1512060730000 10255
1512060730000 10255
1512060730000 10255
1512060730000 10255
1512060730000 10255
1512060730000 10255
1512060730000 10255
1512060730000 10256
1512060730000 10256
1512060730000 10256
1512060730000 10256
1512060730000 10257
1512060730000 10257
1512060730000 10257
1512060730000 10257
1512060730000 10258
1512060730000 10258
1512060730000 10258
1512060730000 10258
1512060730000 10259
1512060740000 10087
1512060740000 10088
1512060740000 10088
1512060740000 10088
1512060740000 10089
1512060740000 10089
1512060740000 10089
1512060740000 10090
1512060740000 10090
1512060740000 10090
1512060740000 10091
1512060740000 10091
1512060740000 10091
1512060740000 10092
1512060740000 10092
1512060740000 10092
1512060740000 10093
1512060740000 10093
1512060740000 10093
1512060740000 10094
1512060740000 10094
1512060740000 10094
1512060740000 10095
1512060740000 10095
1512060740000 10095
1512060740000 10140
1512060740000 10141
1512060740000 10141
1512060740000 10141
1512060740000 10142
1512060740000 10142
1512060740000 10142
1512060740000 10143
1512060740000 10143
1512060740000 10143
1512060740000 10144
1512060740000 10144
1512060740000 10144
1512060740000 10145
1512060740000 10145
1512060740000 10145
1512060740000 10146
1512060740000 10146
1512060740000 10147
1512060740000 10147
1512060740000 10147
1512060740000 10239
1512060740000 10240
1512060740000 10240
1512060740000 10240
1512060740000 10241
1512060740000 10241
1512060740000 10241
1512060740000 10241
1512060740000 10242
1512060740000 10242
1512060740000 10242
1512060740000 10242
1512060740000 10243
1512060740000 10243
1512060740000 10243
1512060740000 10243
1512060740000 10244
1512060740000 10244
1512060740000 10244
1512060740000 10244
1512060740000 10245
1512060740000 10245
1512060740000 10245
1512060740000 10246
1512060740000 10246
1512060740000 10246
1512060740000 10246
1512060740000 10247
1512060740000 10247
1512060740000 10247
1512060740000 10247
1512060740000 10247
1512060740000 10247
1512060740000 10247
1512060740000 10247
1512060740000 10247
1512060740000 10248
1512060740000 10248
1512060740000 10248
1512060740000 10248
1512060740000 10248
1512060740000 10248
1512060740000 10249
1512060740000 10249
1512060740000 10249
1512060740000 10249
1512060740000 10250
1512060740000 10250
1512060740000 10250
1512060740000 10250
1512060740000 10251
1512060740000 10251
1512060740000 10251
1512060740000 10251
1512060750000 10072
1512060750000 10072
1512060750000 10073
1512060750000 10073
1512060750000 10073
1512060750000 10074
1512060750000 10074
1512060750000 10075
1512060750000 10075
1512060750000 10075
1512060750000 10076
1512060750000 10076
1512060750000 10077
1512060750000 10077
1512060750000 10077
1512060750000 10077
1512060750000 10077
1512060750000 10078
1512060750000 10078
1512060750000 10078
1512060750000 10078
1512060750000 10078
1512060750000 10078
1512060750000 10079
1512060750000 10079
1512060750000 10079
1512060750000 10079
1512060750000 10079
1512060750000 10080
1512060750000 10080
1512060750000 10080
1512060750000 10080
1512060750000 10080
1512060750000 10080
1512060750000 10081
1512060750000 10081
1512060750000 10081
1512060750000 10081
1512060750000 10081
1512060750000 10082
1512060750000 10082
1512060750000 10082
1512060750000 10082
1512060750000 10082
1512060750000 10082
1512060750000 10082
1512060750000 10083
1512060750000 10083
1512060750000 10084
1512060750000 10084
1512060750000 10084
1512060750000 10098
1512060750000 10098
1512060750000 10099
1512060750000 10099
1512060750000 10099
1512060750000 10100
1512060750000 10100
1512060750000 10100
1512060750000 10101
1512060750000 10101
1512060750000 10102
1512060750000 10102
1512060750000 10103
1512060750000 10103
1512060750000 10104
1512060750000 10104
1512060750000 10104
1512060750000 10105
1512060750000 10105
1512060750000 10106
1512060750000 10106
1512060750000 10107
1512060750000 10107
1512060750000 10148
1512060750000 10148
1512060750000 10149
1512060750000 10149
1512060750000 10149
1512060750000 10150
1512060750000 10150
1512060750000 10150
1512060750000 10151
1512060750000 10151
1512060750000 10151
1512060750000 10152
1512060750000 10152
1512060750000 10152
1512060750000 10153
1512060750000 10153
1512060750000 10153
1512060750000 10154
1512060750000 10154
1512060750000 10154
1512060750000 10155
1512060750000 10155
1512060750000 10155
1512060750000 10156
1512060750000 10156
1512060750000 10156
1512060760000 10073
1512060760000 10074
1512060760000 10074
1512060760000 10074
1512060760000 10075
1512060760000 10075
1512060760000 10075
1512060760000 10076
1512060760000 10076
1512060760000 10076
1512060760000 10076
1512060760000 10077
1512060760000 10077
1512060760000 10077
1512060760000 10078
1512060760000 10078
1512060760000 10078
1512060760000 10078
1512060760000 10081
1512060760000 10081
1512060760000 10082
1512060760000 10082
1512060760000 10082
1512060760000 10083
1512060760000 10083
1512060760000 10083
1512060760000 10083
1512060760000 10084
1512060760000 10084
1512060760000 10084
1512060760000 10084
1512060760000 10084
1512060760000 10085
1512060760000 10085
1512060760000 10085
1512060760000 10085
1512060760000 10085
1512060760000 10085
1512060760000 10086
1512060760000 10086
1512060760000 10086
1512060760000 10086
1512060760000 10086
1512060760000 10087
1512060760000 10087
1512060760000 10087
1512060760000 10087
1512060760000 10087
1512060760000 10087
1512060760000 10087
1512060760000 10088
1512060760000 10088
1512060760000 10088
1512060760000 10088
1512060760000 10089
1512060760000 10089
1512060760000 10090
1512060760000 10105
1512060760000 10105
1512060760000 10106
1512060760000 10106
1512060760000 10106
1512060760000 10107
1512060760000 10107
1512060760000 10107
1512060760000 10108
1512060760000 10108
1512060760000 10108
1512060760000 10109
1512060760000 10109
1512060760000 10109
1512060760000 10110
1512060760000 10110
1512060760000 10110
1512060760000 10111
1512060760000 10111
1512060760000 10111
1512060760000 10111
1512060760000 10112
1512060760000 10112
1512060760000 10112
1512060760000 10129
1512060760000 10129
1512060760000 10130
1512060760000 10130
1512060760000 10130
1512060760000 10131
1512060760000 10131
1512060760000 10131
1512060760000 10132
1512060760000 10132
1512060760000 10132
1512060760000 10133
1512060760000 10133
1512060760000 10133
1512060760000 10134
1512060760000 10134
1512060760000 10134
1512060760000 10135
1512060760000 10135
1512060770000 10096
1512060770000 10096
1512060770000 10097
1512060770000 10097
1512060770000 10098
1512060770000 10098
1512060770000 10098
1512060770000 10099
1512060770000 10099
1512060770000 10100
1512060770000 10100
1512060770000 10100
1512060770000 10101
1512060770000 10101
1512060770000 10102
1512060770000 10102
1512060770000 10103
1512060770000 10103
1512060770000 10103
1512060770000 10104
1512060770000 10104
1512060770000 10105
1512060770000 10105
1512060770000 10105
1512060770000 10105
1512060770000 10106
1512060770000 10106
1512060770000 10107
1512060770000 10107
1512060770000 10137
1512060770000 10137
1512060770000 10138
1512060770000 10138
1512060770000 10138
1512060770000 10139
1512060770000 10139
1512060770000 10139
1512060770000 10140
1512060770000 10140
1512060770000 10140
1512060770000 10141
1512060770000 10141
1512060770000 10141
1512060770000 10142
1512060770000 10142
1512060770000 10142
1512060770000 10143
1512060770000 10243
1512060770000 10243
1512060770000 10243
1512060770000 10243
1512060770000 10244
1512060770000 10244
1512060770000 10244
1512060770000 10244
1512060770000 10244
1512060770000 10244
1512060770000 10245
1512060770000 10245
1512060770000 10245
1512060770000 10245
1512060770000 10245
1512060770000 10245
1512060770000 10245
1512060770000 10245
1512060770000 10246
1512060770000 10246
1512060770000 10246
1512060770000 10246
1512060770000 10246
1512060770000 10246
1512060770000 10246
1512060770000 10246
1512060770000 10246
1512060770000 10246
1512060770000 10246
1512060770000 10247
1512060770000 10247
1512060770000 10247
1512060770000 10247
1512060770000 10247
1512060770000 10247
1512060770000 10247
1512060770000 10247
1512060770000 10247
1512060770000 10247
1512060770000 10247
1512060770000 10248
1512060770000 10248
1512060770000 10248
1512060770000 10248
1512060770000 10248
1512060770000 10248
1512060770000 10249
1512060770000 10249
1512060770000 10249
1512060770000 10249
1512060770000 10250
1512060770000 10250
1512060770000 10250
1512060780000 10075
1512060780000 10075
1512060780000 10075
1512060780000 10076
1512060780000 10076
1512060780000 10076
1512060780000 10076
1512060780000 10076
1512060780000 10076
1512060780000 10076
1512060780000 10077
1512060780000 10077
1512060780000 10077
1512060780000 10077
1512060780000 10077
1512060780000 10077
1512060780000 10077
1512060780000 10078
1512060780000 10078
1512060780000 10078
1512060780000 10078
1512060780000 10078
1512060780000 10078
1512060780000 10078
1512060780000 10079
1512060780000 10079
1512060780000 10079
1512060780000 10079
1512060780000 10079
1512060780000 10079
1512060780000 10079
1512060780000 10080
1512060780000 10080
1512060780000 10080
1512060780000 10080
1512060780000 10083
1512060780000 10083
1512060780000 10083
1512060780000 10083
1512060780000 10084
1512060780000 10084
1512060780000 10084
1512060780000 10084
1512060780000 10085
1512060780000 10085
1512060780000 10085
1512060780000 10085
1512060780000 10086
1512060780000 10086
1512060780000 10086
1512060780000 10086
1512060780000 10087
1512060780000 10087
1512060780000 10087
1512060780000 10087
1512060780000 10088
1512060780000 10088
1512060780000 10088
1512060780000 10088
1512060780000 10089
1512060780000 10139
1512060780000 10140
1512060780000 10140
1512060780000 10140
1512060780000 10141
1512060780000 10141
1512060780000 10141
1512060780000 10141
1512060780000 10142
1512060780000 10142
1512060780000 10142
1512060780000 10142
1512060780000 10143
1512060780000 10143
1512060780000 10143
1512060780000 10143
1512060780000 10144
1512060780000 10144
1512060780000 10144
1512060780000 10144
1512060780000 10145
1512060780000 10145
1512060780000 10145
1512060780000 10250
1512060780000 10250
1512060780000 10250
1512060780000 10251
1512060780000 10251
1512060780000 10251
1512060780000 10251
1512060780000 10252
1512060780000 10252
1512060780000 10252
1512060780000 10252
1512060780000 10253
1512060780000 10253
1512060780000 10253
1512060780000 10253
1512060780000 10254
1512060780000 10254
1512060790000 10080
1512060790000 10081
1512060790000 10081
1512060790000 10082
1512060790000 10082
1512060790000 10083
1512060790000 10083
1512060790000 10083
1512060790000 10084
1512060790000 10084
1512060790000 10085
1512060790000 10085
1512060790000 10085
1512060790000 10086
1512060790000 10086
1512060790000 10087
1512060790000 10087
1512060790000 10087
1512060790000 10088
1512060790000 10088
1512060790000 10089
1512060790000 10089
1512060790000 10089
1512060790000 10245
1512060790000 10246
1512060790000 10246
1512060790000 10246
1512060790000 10246
1512060790000 10246
1512060790000 10246
1512060790000 10246
1512060790000 10247
1512060790000 10247
1512060790000 10247
1512060790000 10247
1512060790000 10247
1512060790000 10247
1512060790000 10247
1512060790000 10247
1512060790000 10248
1512060790000 10248
1512060790000 10248
1512060790000 10248
1512060790000 10248
1512060790000 10248
1512060790000 10248
1512060790000 10248
1512060790000 10249
1512060790000 10249
1512060790000 10249
1512060790000 10249
1512060790000 10249
1512060790000 10249
1512060790000 10249
1512060790000 10249
1512060790000 10249
1512060790000 10249
1512060790000 10250
1512060790000 10250
1512060790000 10250
1512060790000 10250
1512060790000 10250
1512060790000 10250
1512060790000 10250
1512060790000 10250
1512060790000 10250
1512060790000 10250
1512060790000 10251
1512060790000 10251
1512060790000 10251
1512060790000 10251
1512060790000 10252
1512060790000 10252
1512060790000 10252
1512060790000 10253
1512060790000 10253
1512060790000 10253
1512060790000 10254
1512060790000 10254
1512060790000 10254
1512060790000 10255
1512060790000 10255
1512060790000 10279
1512060790000 10279
1512060790000 10280
1512060790000 10280
1512060790000 10280
1512060790000 10281
1512060790000 10281
1512060790000 10281
1512060790000 10282
1512060790000 10282
1512060790000 10282
1512060790000 10283
1512060790000 10283
1512060790000 10283
1512060790000 10284
1512060790000 10284
1512060790000 10284
1512060790000 10285
1512060800000 10070
1512060800000 10070
1512060800000 10070
1512060800000 10070
1512060800000 10070
1512060800000 10071
1512060800000 10071
1512060800000 10071
1512060800000 10071
1512060800000 10071
1512060800000 10072
1512060800000 10072
1512060800000 10072
1512060800000 10072
1512060800000 10072
1512060800000 10072
1512060800000 10072
1512060800000 10073
1512060800000 10073
1512060800000 10073
1512060800000 10073
1512060800000 10074
1512060800000 10074
1512060800000 10074
1512060800000 10074
1512060800000 10074
1512060800000 10074
1512060800000 10075
1512060800000 10075
1512060800000 10075
1512060800000 10075
1512060800000 10075
1512060800000 10080
1512060800000 10080
1512060800000 10081
1512060800000 10081
1512060800000 10082
1512060800000 10082
1512060800000 10082
1512060800000 10083
1512060800000 10083
1512060800000 10083
1512060800000 10084
1512060800000 10084
1512060800000 10084
1512060800000 10085
1512060800000 10085
1512060800000 10086
1512060800000 10086
1512060800000 10086
1512060800000 10086
1512060800000 10086
1512060800000 10087
1512060800000 10087
1512060800000 10087
1512060800000 10087
1512060800000 10087
1512060800000 10088
1512060800000 10088
1512060800000 10088
1512060800000 10088
1512060800000 10088
1512060800000 10088
1512060800000 10089
1512060800000 10089
1512060800000 10089
1512060800000 10089
1512060800000 10090
1512060800000 10090
1512060800000 10090
1512060800000 10090
1512060800000 10091
1512060800000 10091
1512060800000 10091
1512060800000 10092
1512060800000 10092
1512060800000 10092
1512060800000 10093
1512060800000 10136
1512060800000 10136
1512060800000 10137
1512060800000 10137
1512060800000 10137
1512060800000 10138
1512060800000 10138
1512060800000 10139
1512060800000 10139
1512060800000 10139
1512060800000 10139
1512060800000 10140
1512060800000 10140
1512060800000 10140
1512060800000 10141
1512060800000 10141
1512060800000 10141
1512060800000 10142
1512060800000 10142
1512060800000 10142
1512060800000 10143
1512060800000 10143
1512060810000 10080
1512060810000 10081
1512060810000 10081
1512060810000 10081
1512060810000 10081
1512060810000 10081
1512060810000 10082
1512060810000 10082
1512060810000 10082
1512060810000 10082
1512060810000 10082
1512060810000 10082
1512060810000 10083
1512060810000 10083
1512060810000 10083
1512060810000 10083
1512060810000 10084
1512060810000 10084
1512060810000 10084
1512060810000 10084
1512060810000 10084
1512060810000 10084
1512060810000 10085
1512060810000 10085
1512060810000 10085
1512060810000 10085
1512060810000 10086
1512060810000 10086
1512060810000 10086
1512060810000 10086
1512060810000 10086
1512060810000 10086
1512060810000 10087
1512060810000 10087
1512060810000 10087
1512060810000 10087
1512060810000 10087
1512060810000 10088
1512060810000 10088
1512060810000 10089
1512060810000 10089
1512060810000 10099
1512060810000 10100
1512060810000 10100
1512060810000 10101
1512060810000 10101
1512060810000 10102
1512060810000 10102
1512060810000 10102
1512060810000 10103
1512060810000 10103
1512060810000 10103
1512060810000 10104
1512060810000 10104
1512060810000 10105
1512060810000 10105
1512060810000 10105
1512060810000 10106
1512060810000 10106
1512060810000 10107
1512060810000 10107
1512060810000 10107
1512060810000 10108
1512060810000 10108
1512060810000 10244
1512060810000 10244
1512060810000 10245
1512060810000 10245
1512060810000 10245
1512060810000 10246
1512060810000 10246
1512060810000 10246
1512060810000 10247
1512060810000 10247
1512060810000 10247
1512060810000 10248
1512060810000 10248
1512060810000 10248
1512060810000 10249
1512060810000 10249
1512060810000 10249
1512060810000 10249
1512060810000 10279
1512060810000 10280
1512060810000 10280
1512060810000 10280
1512060810000 10280
1512060810000 10281
1512060810000 10281
1512060810000 10281
1512060810000 10282
1512060810000 10282
1512060810000 10282
1512060810000 10283
1512060810000 10283
1512060810000 10283
1512060810000 10284
1512060810000 10284
1512060810000 10284
1512060810000 10285
1512060820000 10073
1512060820000 10074
1512060820000 10074
1512060820000 10074
1512060820000 10074
1512060820000 10075
1512060820000 10075
1512060820000 10075
1512060820000 10075
1512060820000 10076
1512060820000 10076
1512060820000 10076
1512060820000 10076
1512060820000 10077
1512060820000 10077
1512060820000 10077
1512060820000 10077
1512060820000 10078
1512060820000 10078
1512060820000 10078
1512060820000 10078
1512060820000 10079
1512060820000 10079
1512060820000 10079
1512060820000 10080
1512060820000 10080
1512060820000 10080
1512060820000 10081
1512060820000 10081
1512060820000 10081
1512060820000 10082
1512060820000 10082
1512060820000 10082
1512060820000 10083
1512060820000 10083
1512060820000 10083
1512060820000 10084
1512060820000 10084
1512060820000 10248
1512060820000 10248
1512060820000 10249
1512060820000 10249
1512060820000 10249
1512060820000 10249
1512060820000 10250
1512060820000 10250
1512060820000 10250
1512060820000 10250
1512060820000 10251
1512060820000 10251
1512060820000 10251
1512060820000 10251
1512060820000 10252
1512060820000 10252
1512060820000 10252
1512060820000 10252
1512060820000 10252
1512060820000 10252
1512060820000 10252
1512060820000 10252
1512060820000 10253
1512060820000 10253
1512060820000 10253
1512060820000 10253
1512060820000 10253
1512060820000 10254
1512060820000 10254
1512060820000 10254
1512060820000 10254
1512060820000 10255
1512060820000 10255
1512060820000 10255
1512060820000 10256
1512060820000 10256
1512060820000 10256
1512060820000 10256
1512060820000 10289
1512060820000 10290
1512060820000 10290
1512060820000 10290
1512060820000 10291
1512060820000 10291
1512060820000 10291
1512060820000 10292
1512060820000 10292
1512060820000 10292
1512060820000 10293
1512060820000 10293
1512060820000 10293
1512060820000 10294
1512060820000 10294
1512060820000 10294
1512060820000 10295
1512060820000 10295
1512060820000 10295
1512060820000 10296
1512060820000 10296
1512060820000 10296
1512060820000 10296
1512060820000 10297
1512060830000 10244
1512060830000 10245
1512060830000 10245
1512060830000 10245
1512060830000 10245
1512060830000 10246
1512060830000 10246
1512060830000 10246
1512060830000 10246
1512060830000 10246
1512060830000 10247
1512060830000 10247
1512060830000 10247
1512060830000 10247
1512060830000 10248
1512060830000 10248
1512060830000 10248
1512060830000 10248
1512060830000 10248
1512060830000 10248
1512060830000 10248
1512060830000 10249
1512060830000 10249
1512060830000 10249
1512060830000 10249
1512060830000 10249
1512060830000 10250
1512060830000 10250
1512060830000 10250
1512060830000 10250
1512060830000 10251
1512060830000 10251
1512060830000 10251
1512060830000 10251
1512060830000 10251
1512060830000 10252
1512060830000 10252
1512060830000 10252
1512060830000 10252
1512060830000 10253
1512060830000 10253
1512060830000 10253
1512060830000 10253
1512060830000 10254
1512060830000 10254
1512060830000 10254
1512060830000 10254
1512060830000 10255
1512060830000 10255
1512060830000 10255
1512060830000 10255
1512060830000 10258
1512060830000 10258
1512060830000 10258
1512060830000 10258
1512060830000 10259
1512060830000 10259
1512060830000 10259
1512060830000 10259
1512060830000 10260
1512060830000 10260
1512060830000 10260
1512060830000 10260
1512060830000 10261
1512060830000 10261
1512060830000 10261
1512060830000 10261
1512060830000 10262
1512060830000 10262
1512060830000 10262
1512060830000 10262
1512060830000 10263
1512060830000 10263
1512060830000 10263
1512060830000 10263
1512060830000 10264
1512060830000 10264
1512060830000 10264
1512060830000 10264
1512060830000 10265
1512060830000 10265
1512060830000 10279
1512060830000 10280
1512060830000 10280
1512060830000 10280
1512060830000 10281
1512060830000 10281
1512060830000 10281
1512060830000 10281
1512060830000 10282
1512060830000 10282
1512060830000 10282
1512060830000 10282
1512060830000 10283
1512060830000 10283
1512060830000 10283
1512060830000 10283
1512060830000 10284
1512060830000 10284
1512060830000 10284
1512060840000 9263
1512060840000 9263
1512060840000 9263
1512060840000 9264
1512060840000 9264
1512060840000 9264
1512060840000 9264
1512060840000 9265
1512060840000 9265
1512060840000 9265
1512060840000 9266
1512060840000 9266
1512060840000 9266
1512060840000 9284
1512060840000 9284
1512060840000 9285
1512060840000 9285
1512060840000 9285
1512060840000 9285
1512060840000 9285
1512060840000 9286
1512060840000 9286
1512060840000 9286
1512060840000 9286
1512060840000 9286
1512060840000 9286
1512060840000 9286
1512060840000 9287
1512060840000 9287
1512060840000 9287
1512060840000 9287
1512060840000 9287
1512060840000 9287
1512060840000 9287
1512060840000 9287
1512060840000 9287
1512060840000 9288
1512060840000 9288
1512060840000 9288
1512060840000 9288
1512060840000 9288
1512060840000 9288
1512060840000 9288
1512060840000 9289
1512060840000 9289
1512060840000 9289
1512060840000 9289
1512060840000 9289
1512060840000 9289
1512060840000 9289
1512060840000 9290
1512060840000 9290
1512060840000 9290
1512060840000 9290
1512060840000 9290
1512060840000 9290
1512060840000 9290
1512060840000 9290
1512060840000 9290
1512060840000 9291
1512060840000 9291
1512060840000 9291
1512060840000 9291
1512060840000 9292
1512060840000 9292
1512060840000 9292
1512060840000 9292
1512060840000 9292
1512060840000 9293
1512060840000 9293
1512060840000 9294
1512060840000 9294
1512060840000 9300
1512060840000 9300
1512060840000 9301
1512060840000 9301
1512060840000 9302
1512060840000 9302
1512060840000 9303
1512060840000 9303
1512060840000 9304
1512060840000 9304
1512060840000 9304
1512060840000 9305
1512060840000 9305
1512060840000 9306
1512060840000 9306
1512060840000 9307
1512060840000 9307
1512060840000 9308
1512060840000 9308
1512060840000 9309
1512060840000 9309
1512060840000 9309
1512060840000 9310
1512060840000 9310
1512060840000 9311
1512060840000 9311
1512060840000 9312
1512060840000 9312
