1512146530000 12225
1512146530000 12225
1512146530000 12225
1512146530000 12225
1512146530000 12226
1512146530000 12226
1512146530000 12226
1512146530000 12226
1512146530000 12226
1512146530000 12227
1512146530000 12227
1512146530000 12227
1512146530000 12227
1512146530000 12227
1512146530000 12228
1512146530000 12228
1512146530000 12228
1512146530000 12228
1512146530000 12228
1512146530000 12229
1512146530000 12229
1512146530000 12229
1512146530000 12229
1512146530000 12229
1512146530000 12229
1512146530000 12230
1512146530000 12230
1512146530000 12230
1512146530000 12230
1512146530000 12230
1512146530000 12231
1512146530000 12231
1512146530000 12231
1512146530000 12231
1512146530000 12231
1512146530000 12232
1512146530000 12232
1512146530000 12232
1512146530000 12232
1512146530000 12232
1512146530000 12233
1512146530000 12233
1512146530000 12233
1512146530000 12233
1512146530000 12233
1512146530000 12234
1512146530000 12234
1512146530000 12234
1512146530000 12234
1512146530000 12234
1512146530000 12235
1512146530000 12235
1512146530000 12235
1512146530000 12235
1512146530000 12235
1512146530000 12235
1512146530000 12236
1512146530000 12236
1512146530000 12236
1512146530000 12236
1512146530000 12236
1512146530000 12237
1512146530000 12237
1512146530000 12237
1512146530000 12237
1512146530000 12237
1512146530000 12238
1512146530000 12238
1512146530000 12238
1512146530000 12238
1512146530000 12238
1512146530000 12239
1512146530000 12239
1512146530000 12239
1512146530000 12239
1512146530000 12239
1512146530000 12240
1512146530000 12240
1512146530000 12240
1512146530000 12240
1512146530000 12240
1512146530000 12241
1512146530000 12241
1512146530000 12241
1512146530000 12241
1512146530000 12241
1512146530000 12242
1512146530000 12242
1512146530000 12242
1512146530000 12242
1512146530000 12242
1512146530000 12242
1512146530000 12243
1512146530000 12243
1512146530000 12243
1512146530000 12243
1512146530000 12243
1512146530000 12244
1512146530000 12244
1512146530000 12244
1512146540000 11561
1512146540000 11562
1512146540000 11562
1512146540000 11562
1512146540000 11562
1512146540000 11562
1512146540000 11562
1512146540000 11562
1512146540000 11563
1512146540000 11563
1512146540000 11563
1512146540000 11563
1512146540000 11563
1512146540000 11563
1512146540000 11563
1512146540000 11564
1512146540000 11564
1512146540000 11564
1512146540000 11564
1512146540000 11564
1512146540000 11564
1512146540000 11564
1512146540000 11565
1512146540000 11565
1512146540000 11565
1512146540000 11565
1512146540000 11565
1512146540000 11565
1512146540000 11565
1512146540000 11565
1512146540000 11566
1512146540000 11566
1512146540000 11566
1512146540000 11566
1512146540000 11566
1512146540000 11566
1512146540000 11566
1512146540000 11567
1512146540000 11567
1512146540000 11567
1512146540000 11567
1512146540000 11567
1512146540000 11567
1512146540000 11567
1512146540000 11567
1512146540000 11568
1512146540000 11568
1512146540000 11568
1512146540000 11568
1512146540000 11568
1512146540000 11568
1512146540000 11568
1512146540000 11569
1512146540000 11569
1512146540000 11569
1512146540000 11569
1512146540000 11569
1512146540000 11569
1512146540000 11569
1512146540000 11570
1512146540000 11570
1512146540000 11570
1512146540000 11570
1512146540000 11570
1512146540000 11570
1512146540000 11570
1512146540000 11571
1512146540000 11571
1512146540000 11571
1512146540000 11571
1512146540000 11571
1512146540000 11571
1512146540000 11571
1512146540000 11572
1512146540000 11572
1512146540000 11572
1512146540000 11572
1512146540000 11572
1512146540000 11572
1512146540000 11572
1512146540000 11572
1512146540000 11573
1512146540000 11573
1512146540000 11573
1512146540000 11573
1512146540000 11573
1512146540000 11573
1512146540000 11573
1512146540000 11574
1512146540000 11574
1512146540000 11574
1512146540000 11574
1512146540000 11574
1512146540000 11574
1512146540000 11574
1512146540000 11575
1512146540000 11575
1512146540000 11575
1512146540000 11575
1512146540000 11575
1512146550000 11510
1512146550000 11510
1512146550000 11510
1512146550000 11510
1512146550000 11511
1512146550000 11511
1512146550000 11511
1512146550000 11512
1512146550000 11512
1512146550000 11512
1512146550000 11513
1512146550000 11513
1512146550000 11513
1512146550000 11513
1512146550000 11513
1512146550000 11513
1512146550000 11513
1512146550000 11513
1512146550000 11514
1512146550000 11514
1512146550000 11514
1512146550000 11514
1512146550000 11514
1512146550000 11514
1512146550000 11514
1512146550000 11514
1512146550000 11515
1512146550000 11515
1512146550000 11515
1512146550000 11515
1512146550000 11515
1512146550000 11515
1512146550000 11515
1512146550000 11516
1512146550000 11516
1512146550000 11516
1512146550000 11516
1512146550000 11516
1512146550000 11516
1512146550000 11516
1512146550000 11517
1512146550000 11517
1512146550000 11517
1512146550000 11517
1512146550000 11517
1512146550000 11517
1512146550000 11517
1512146550000 11518
1512146550000 11518
1512146550000 11518
1512146550000 11518
1512146550000 11518
1512146550000 11518
1512146550000 11518
1512146550000 11519
1512146550000 11519
1512146550000 11519
1512146550000 11519
1512146550000 11519
1512146550000 11519
1512146550000 11520
1512146550000 11520
1512146550000 11520
1512146550000 11520
1512146550000 11520
1512146550000 11520
1512146550000 11521
1512146550000 11521
1512146550000 11521
1512146550000 11521
1512146550000 11521
1512146550000 11521
1512146550000 11522
1512146550000 11522
1512146550000 11522
1512146550000 11522
1512146550000 11522
1512146550000 11523
1512146550000 11523
1512146550000 11523
1512146550000 11523
1512146550000 11523
1512146550000 11523
1512146550000 11523
1512146550000 11524
1512146550000 11524
1512146550000 11524
1512146550000 11524
1512146550000 11524
1512146550000 11524
1512146550000 11524
1512146550000 11525
1512146550000 11525
1512146550000 11525
1512146550000 11525
1512146550000 11525
1512146550000 11525
1512146550000 11525
1512146550000 11525
1512146550000 11526
1512146560000 11881
1512146560000 11881
1512146560000 11882
1512146560000 11882
1512146560000 11882
1512146560000 11882
1512146560000 11882
1512146560000 11882
1512146560000 11882
1512146560000 11883
1512146560000 11883
1512146560000 11883
1512146560000 11883
1512146560000 11883
1512146560000 11883
1512146560000 11884
1512146560000 11884
1512146560000 11884
1512146560000 11884
1512146560000 11884
1512146560000 11884
1512146560000 11884
1512146560000 11885
1512146560000 11885
1512146560000 11885
1512146560000 11885
1512146560000 11885
1512146560000 11885
1512146560000 11886
1512146560000 11886
1512146560000 11886
1512146560000 11886
1512146560000 11886
1512146560000 11886
1512146560000 11886
1512146560000 11887
1512146560000 11887
1512146560000 11887
1512146560000 11887
1512146560000 11887
1512146560000 11887
1512146560000 11888
1512146560000 11888
1512146560000 11888
1512146560000 11888
1512146560000 11888
1512146560000 11888
1512146560000 11888
1512146560000 11889
1512146560000 11889
1512146560000 11889
1512146560000 11889
1512146560000 11889
1512146560000 11889
1512146560000 11890
1512146560000 11890
1512146560000 11890
1512146560000 11890
1512146560000 11890
1512146560000 11890
1512146560000 11890
1512146560000 11891
1512146560000 11891
1512146560000 11891
1512146560000 11891
1512146560000 11891
1512146560000 11891
1512146560000 11891
1512146560000 11892
1512146560000 11892
1512146560000 11892
1512146560000 11892
1512146560000 11892
1512146560000 11892
1512146560000 11893
1512146560000 11893
1512146560000 11893
1512146560000 11893
1512146560000 11893
1512146560000 11893
1512146560000 11893
1512146560000 11894
1512146560000 11894
1512146560000 11894
1512146560000 11894
1512146560000 11894
1512146560000 11894
1512146560000 11895
1512146560000 11895
1512146560000 11895
1512146560000 11895
1512146560000 11895
1512146560000 11895
1512146560000 11895
1512146560000 11896
1512146560000 11896
1512146560000 11896
1512146560000 11896
1512146560000 11896
1512146560000 11896
1512146570000 11478
1512146570000 11478
1512146570000 11478
1512146570000 11478
1512146570000 11478
1512146570000 11478
1512146570000 11479
1512146570000 11479
1512146570000 11479
1512146570000 11479
1512146570000 11479
1512146570000 11479
1512146570000 11480
1512146570000 11480
1512146570000 11480
1512146570000 11480
1512146570000 11480
1512146570000 11480
1512146570000 11480
1512146570000 11481
1512146570000 11481
1512146570000 11481
1512146570000 11481
1512146570000 11481
1512146570000 11481
1512146570000 11482
1512146570000 11482
1512146570000 11482
1512146570000 11482
1512146570000 11482
1512146570000 11482
1512146570000 11482
1512146570000 11483
1512146570000 11483
1512146570000 11483
1512146570000 11483
1512146570000 11483
1512146570000 11483
1512146570000 11484
1512146570000 11484
1512146570000 11484
1512146570000 11484
1512146570000 11484
1512146570000 11484
1512146570000 11484
1512146570000 11485
1512146570000 11485
1512146570000 11485
1512146570000 11485
1512146570000 11485
1512146570000 11485
1512146570000 11485
1512146570000 11486
1512146570000 11486
1512146570000 11486
1512146570000 11486
1512146570000 11486
1512146570000 11486
1512146570000 11487
1512146570000 11487
1512146570000 11487
1512146570000 11487
1512146570000 11487
1512146570000 11487
1512146570000 11487
1512146570000 11488
1512146570000 11488
1512146570000 11488
1512146570000 11488
1512146570000 11488
1512146570000 11488
1512146570000 11489
1512146570000 11489
1512146570000 11489
1512146570000 11489
1512146570000 11489
1512146570000 11489
1512146570000 11489
1512146570000 11490
1512146570000 11490
1512146570000 11490
1512146570000 11490
1512146570000 11490
1512146570000 11490
1512146570000 11491
1512146570000 11491
1512146570000 11491
1512146570000 11491
1512146570000 11491
1512146570000 11491
1512146570000 11491
1512146570000 11492
1512146570000 11492
1512146570000 11492
1512146570000 11492
1512146570000 11492
1512146570000 11492
1512146570000 11492
1512146570000 11493
1512146570000 11493
1512146580000 11477
1512146580000 11477
1512146580000 11477
1512146580000 11478
1512146580000 11478
1512146580000 11478
1512146580000 11478
1512146580000 11478
1512146580000 11478
1512146580000 11478
1512146580000 11479
1512146580000 11479
1512146580000 11479
1512146580000 11479
1512146580000 11479
1512146580000 11479
1512146580000 11480
1512146580000 11480
1512146580000 11480
1512146580000 11480
1512146580000 11480
1512146580000 11480
1512146580000 11480
1512146580000 11481
1512146580000 11481
1512146580000 11481
1512146580000 11481
1512146580000 11481
1512146580000 11481
1512146580000 11482
1512146580000 11482
1512146580000 11482
1512146580000 11482
1512146580000 11482
1512146580000 11482
1512146580000 11482
1512146580000 11483
1512146580000 11483
1512146580000 11483
1512146580000 11483
1512146580000 11483
1512146580000 11483
1512146580000 11484
1512146580000 11484
1512146580000 11484
1512146580000 11484
1512146580000 11484
1512146580000 11484
1512146580000 11484
1512146580000 11485
1512146580000 11485
1512146580000 11485
1512146580000 11485
1512146580000 11485
1512146580000 11485
1512146580000 11486
1512146580000 11486
1512146580000 11486
1512146580000 11486
1512146580000 11486
1512146580000 11486
1512146580000 11486
1512146580000 11487
1512146580000 11487
1512146580000 11487
1512146580000 11487
1512146580000 11487
1512146580000 11487
1512146580000 11488
1512146580000 11488
1512146580000 11488
1512146580000 11488
1512146580000 11488
1512146580000 11488
1512146580000 11488
1512146580000 11489
1512146580000 11489
1512146580000 11489
1512146580000 11489
1512146580000 11489
1512146580000 11489
1512146580000 11490
1512146580000 11490
1512146580000 11490
1512146580000 11490
1512146580000 11490
1512146580000 11490
1512146580000 11490
1512146580000 11491
1512146580000 11491
1512146580000 11491
1512146580000 11491
1512146580000 11491
1512146580000 11491
1512146580000 11492
1512146580000 11492
1512146580000 11492
1512146580000 11492
1512146580000 11492
1512146580000 11492
1512146590000 11506
1512146590000 11506
1512146590000 11507
1512146590000 11507
1512146590000 11507
1512146590000 11507
1512146590000 11507
1512146590000 11507
1512146590000 11508
1512146590000 11508
1512146590000 11508
1512146590000 11508
1512146590000 11508
1512146590000 11508
1512146590000 11508
1512146590000 11509
1512146590000 11509
1512146590000 11509
1512146590000 11509
1512146590000 11509
1512146590000 11509
1512146590000 11510
1512146590000 11510
1512146590000 11510
1512146590000 11510
1512146590000 11510
1512146590000 11510
1512146590000 11510
1512146590000 11511
1512146590000 11511
1512146590000 11511
1512146590000 11511
1512146590000 11511
1512146590000 11511
1512146590000 11511
1512146590000 11511
1512146590000 11512
1512146590000 11512
1512146590000 11512
1512146590000 11512
1512146590000 11512
1512146590000 11512
1512146590000 11513
1512146590000 11513
1512146590000 11513
1512146590000 11513
1512146590000 11513
1512146590000 11513
1512146590000 11513
1512146590000 11514
1512146590000 11514
1512146590000 11514
1512146590000 11514
1512146590000 11514
1512146590000 11514
1512146590000 11514
1512146590000 11515
1512146590000 11515
1512146590000 11515
1512146590000 11515
1512146590000 11515
1512146590000 11515
1512146590000 11515
1512146590000 11516
1512146590000 11516
1512146590000 11516
1512146590000 11516
1512146590000 11516
1512146590000 11516
1512146590000 11517
1512146590000 11517
1512146590000 11517
1512146590000 11517
1512146590000 11517
1512146590000 11517
1512146590000 11517
1512146590000 11518
1512146590000 11518
1512146590000 11518
1512146590000 11518
1512146590000 11518
1512146590000 11518
1512146590000 11518
1512146590000 11519
1512146590000 11519
1512146590000 11519
1512146590000 11519
1512146590000 11519
1512146590000 11519
1512146590000 11519
1512146590000 11520
1512146590000 11520
1512146590000 11520
1512146590000 11520
1512146590000 11520
1512146590000 11520
1512146590000 11520
1512146590000 11521
1512146590000 11521
1512146590000 11521
1512146600000 11472
1512146600000 11472
1512146600000 11472
1512146600000 11472
1512146600000 11472
1512146600000 11473
1512146600000 11473
1512146600000 11473
1512146600000 11473
1512146600000 11473
1512146600000 11473
1512146600000 11473
1512146600000 11474
1512146600000 11474
1512146600000 11474
1512146600000 11474
1512146600000 11474
1512146600000 11474
1512146600000 11474
1512146600000 11475
1512146600000 11475
1512146600000 11475
1512146600000 11475
1512146600000 11475
1512146600000 11475
1512146600000 11475
1512146600000 11475
1512146600000 11476
1512146600000 11476
1512146600000 11476
1512146600000 11476
1512146600000 11476
1512146600000 11476
1512146600000 11477
1512146600000 11477
1512146600000 11477
1512146600000 11477
1512146600000 11477
1512146600000 11477
1512146600000 11477
1512146600000 11478
1512146600000 11478
1512146600000 11478
1512146600000 11478
1512146600000 11478
1512146600000 11478
1512146600000 11479
1512146600000 11479
1512146600000 11479
1512146600000 11479
1512146600000 11479
1512146600000 11479
1512146600000 11480
1512146600000 11480
1512146600000 11480
1512146600000 11480
1512146600000 11480
1512146600000 11480
1512146600000 11481
1512146600000 11481
1512146600000 11481
1512146600000 11481
1512146600000 11481
1512146600000 11481
1512146600000 11482
1512146600000 11482
1512146600000 11482
1512146600000 11482
1512146600000 11482
1512146600000 11482
1512146600000 11483
1512146600000 11483
1512146600000 11483
1512146600000 11483
1512146600000 11483
1512146600000 11483
1512146600000 11484
1512146600000 11484
1512146600000 11484
1512146600000 11484
1512146600000 11484
1512146600000 11484
1512146600000 11485
1512146600000 11485
1512146600000 11485
1512146600000 11485
1512146600000 11485
1512146600000 11485
1512146600000 11486
1512146600000 11486
1512146600000 11486
1512146600000 11486
1512146600000 11486
1512146600000 11486
1512146600000 11487
1512146600000 11487
1512146600000 11487
1512146600000 11487
1512146600000 11487
1512146600000 11487
1512146610000 11468
1512146610000 11468
1512146610000 11468
1512146610000 11468
1512146610000 11468
1512146610000 11468
1512146610000 11468
1512146610000 11469
1512146610000 11469
1512146610000 11469
1512146610000 11469
1512146610000 11469
1512146610000 11469
1512146610000 11470
1512146610000 11470
1512146610000 11470
1512146610000 11470
1512146610000 11470
1512146610000 11470
1512146610000 11471
1512146610000 11471
1512146610000 11471
1512146610000 11471
1512146610000 11471
1512146610000 11471
1512146610000 11471
1512146610000 11472
1512146610000 11472
1512146610000 11472
1512146610000 11472
1512146610000 11472
1512146610000 11472
1512146610000 11472
1512146610000 11473
1512146610000 11473
1512146610000 11473
1512146610000 11473
1512146610000 11473
1512146610000 11473
1512146610000 11474
1512146610000 11474
1512146610000 11474
1512146610000 11474
1512146610000 11474
1512146610000 11474
1512146610000 11475
1512146610000 11475
1512146610000 11475
1512146610000 11475
1512146610000 11475
1512146610000 11475
1512146610000 11475
1512146610000 11476
1512146610000 11476
1512146610000 11476
1512146610000 11476
1512146610000 11476
1512146610000 11476
1512146610000 11476
1512146610000 11477
1512146610000 11477
1512146610000 11477
1512146610000 11477
1512146610000 11477
1512146610000 11477
1512146610000 11478
1512146610000 11478
1512146610000 11478
1512146610000 11478
1512146610000 11478
1512146610000 11479
1512146610000 11479
1512146610000 11479
1512146610000 11479
1512146610000 11479
1512146610000 11479
1512146610000 11479
1512146610000 11480
1512146610000 11480
1512146610000 11480
1512146610000 11480
1512146610000 11480
1512146610000 11480
1512146610000 11480
1512146610000 11481
1512146610000 11481
1512146610000 11481
1512146610000 11481
1512146610000 11481
1512146610000 11481
1512146610000 11482
1512146610000 11482
1512146610000 11482
1512146610000 11482
1512146610000 11482
1512146610000 11482
1512146610000 11483
1512146610000 11483
1512146610000 11483
1512146610000 11483
1512146620000 11464
1512146620000 11464
1512146620000 11464
1512146620000 11464
1512146620000 11464
1512146620000 11464
1512146620000 11464
1512146620000 11465
1512146620000 11465
1512146620000 11465
1512146620000 11465
1512146620000 11465
1512146620000 11465
1512146620000 11465
1512146620000 11466
1512146620000 11466
1512146620000 11466
1512146620000 11466
1512146620000 11466
1512146620000 11466
1512146620000 11467
1512146620000 11467
1512146620000 11467
1512146620000 11467
1512146620000 11467
1512146620000 11467
1512146620000 11467
1512146620000 11468
1512146620000 11468
1512146620000 11468
1512146620000 11468
1512146620000 11468
1512146620000 11468
1512146620000 11469
1512146620000 11469
1512146620000 11469
1512146620000 11469
1512146620000 11469
1512146620000 11469
1512146620000 11469
1512146620000 11470
1512146620000 11470
1512146620000 11470
1512146620000 11470
1512146620000 11470
1512146620000 11470
1512146620000 11471
1512146620000 11471
1512146620000 11471
1512146620000 11471
1512146620000 11471
1512146620000 11471
1512146620000 11471
1512146620000 11472
1512146620000 11472
1512146620000 11472
1512146620000 11472
1512146620000 11472
1512146620000 11472
1512146620000 11472
1512146620000 11473
1512146620000 11473
1512146620000 11473
1512146620000 11473
1512146620000 11473
1512146620000 11473
1512146620000 11473
1512146620000 11474
1512146620000 11474
1512146620000 11474
1512146620000 11474
1512146620000 11474
1512146620000 11474
1512146620000 11474
1512146620000 11474
1512146620000 11474
1512146620000 11474
1512146620000 11475
1512146620000 11475
1512146620000 11475
1512146620000 11475
1512146620000 11475
1512146620000 11475
1512146620000 11475
1512146620000 11475
1512146620000 11475
1512146620000 11475
1512146620000 11475
1512146620000 11476
1512146620000 11476
1512146620000 11476
1512146620000 11476
1512146620000 11476
1512146620000 11476
1512146620000 11476
1512146620000 11476
1512146620000 11476
1512146620000 11476
1512146620000 11477
1512146620000 11477
1512146630000 11499
1512146630000 11499
1512146630000 11499
1512146630000 11500
1512146630000 11500
1512146630000 11500
1512146630000 11500
1512146630000 11500
1512146630000 11501
1512146630000 11501
1512146630000 11501
1512146630000 11501
1512146630000 11501
1512146630000 11502
1512146630000 11502
1512146630000 11502
1512146630000 11502
1512146630000 11502
1512146630000 11502
1512146630000 11503
1512146630000 11503
1512146630000 11503
1512146630000 11503
1512146630000 11503
1512146630000 11504
1512146630000 11504
1512146630000 11504
1512146630000 11504
1512146630000 11504
1512146630000 11505
1512146630000 11505
1512146630000 11505
1512146630000 11505
1512146630000 11505
1512146630000 11505
1512146630000 11506
1512146630000 11506
1512146630000 11506
1512146630000 11506
1512146630000 11506
1512146630000 11506
1512146630000 11506
1512146630000 11507
1512146630000 11507
1512146630000 11507
1512146630000 11507
1512146630000 11507
1512146630000 11507
1512146630000 11508
1512146630000 11508
1512146630000 11508
1512146630000 11508
1512146630000 11508
1512146630000 11508
1512146630000 11508
1512146630000 11509
1512146630000 11509
1512146630000 11509
1512146630000 11509
1512146630000 11509
1512146630000 11509
1512146630000 11510
1512146630000 11510
1512146630000 11510
1512146630000 11510
1512146630000 11510
1512146630000 11510
1512146630000 11510
1512146630000 11511
1512146630000 11511
1512146630000 11511
1512146630000 11511
1512146630000 11511
1512146630000 11511
1512146630000 11512
1512146630000 11512
1512146630000 11512
1512146630000 11512
1512146630000 11512
1512146630000 11512
1512146630000 11512
1512146630000 11513
1512146630000 11513
1512146630000 11513
1512146630000 11513
1512146630000 11513
1512146630000 11513
1512146630000 11513
1512146630000 11514
1512146630000 11514
1512146630000 11514
1512146630000 11514
1512146630000 11514
1512146630000 11514
1512146630000 11515
1512146630000 11515
1512146630000 11515
1512146630000 11515
1512146630000 11515
1512146630000 11515
1512146640000 11477
1512146640000 11478
1512146640000 11478
1512146640000 11478
1512146640000 11478
1512146640000 11478
1512146640000 11478
1512146640000 11479
1512146640000 11479
1512146640000 11479
1512146640000 11479
1512146640000 11479
1512146640000 11479
1512146640000 11479
1512146640000 11480
1512146640000 11480
1512146640000 11480
1512146640000 11480
1512146640000 11480
1512146640000 11480
1512146640000 11480
1512146640000 11481
1512146640000 11481
1512146640000 11481
1512146640000 11481
1512146640000 11481
1512146640000 11481
1512146640000 11482
1512146640000 11482
1512146640000 11482
1512146640000 11482
1512146640000 11482
1512146640000 11482
1512146640000 11482
1512146640000 11483
1512146640000 11483
1512146640000 11483
1512146640000 11483
1512146640000 11483
1512146640000 11483
1512146640000 11484
1512146640000 11484
1512146640000 11484
1512146640000 11484
1512146640000 11484
1512146640000 11484
1512146640000 11484
1512146640000 11485
1512146640000 11485
1512146640000 11485
1512146640000 11485
1512146640000 11485
1512146640000 11485
1512146640000 11486
1512146640000 11486
1512146640000 11486
1512146640000 11486
1512146640000 11486
1512146640000 11486
1512146640000 11487
1512146640000 11487
1512146640000 11487
1512146640000 11487
1512146640000 11487
1512146640000 11487
1512146640000 11487
1512146640000 11488
1512146640000 11488
1512146640000 11488
1512146640000 11488
1512146640000 11488
1512146640000 11488
1512146640000 11489
1512146640000 11489
1512146640000 11489
1512146640000 11489
1512146640000 11489
1512146640000 11489
1512146640000 11489
1512146640000 11490
1512146640000 11490
1512146640000 11490
1512146640000 11490
1512146640000 11490
1512146640000 11490
1512146640000 11491
1512146640000 11491
1512146640000 11491
1512146640000 11491
1512146640000 11491
1512146640000 11491
1512146640000 11491
1512146640000 11492
1512146640000 11492
1512146640000 11492
1512146640000 11492
1512146640000 11492
1512146640000 11492
1512146640000 11493
1512146640000 11493
1512146650000 11444
1512146650000 11444
1512146650000 11445
1512146650000 11445
1512146650000 11445
1512146650000 11445
1512146650000 11445
1512146650000 11445
1512146650000 11446
1512146650000 11446
1512146650000 11446
1512146650000 11446
1512146650000 11446
1512146650000 11446
1512146650000 11447
1512146650000 11447
1512146650000 11447
1512146650000 11447
1512146650000 11447
1512146650000 11447
1512146650000 11448
1512146650000 11448
1512146650000 11448
1512146650000 11448
1512146650000 11448
1512146650000 11448
1512146650000 11449
1512146650000 11449
1512146650000 11449
1512146650000 11449
1512146650000 11449
1512146650000 11449
1512146650000 11450
1512146650000 11450
1512146650000 11450
1512146650000 11450
1512146650000 11450
1512146650000 11450
1512146650000 11450
1512146650000 11451
1512146650000 11451
1512146650000 11451
1512146650000 11451
1512146650000 11451
1512146650000 11451
1512146650000 11452
1512146650000 11452
1512146650000 11452
1512146650000 11452
1512146650000 11452
1512146650000 11452
1512146650000 11452
1512146650000 11453
1512146650000 11453
1512146650000 11453
1512146650000 11453
1512146650000 11453
1512146650000 11453
1512146650000 11454
1512146650000 11454
1512146650000 11454
1512146650000 11454
1512146650000 11454
1512146650000 11454
1512146650000 11454
1512146650000 11455
1512146650000 11455
1512146650000 11455
1512146650000 11455
1512146650000 11455
1512146650000 11455
1512146650000 11455
1512146650000 11456
1512146650000 11456
1512146650000 11456
1512146650000 11456
1512146650000 11456
1512146650000 11456
1512146650000 11457
1512146650000 11457
1512146650000 11457
1512146650000 11457
1512146650000 11457
1512146650000 11457
1512146650000 11457
1512146650000 11458
1512146650000 11458
1512146650000 11458
1512146650000 11458
1512146650000 11458
1512146650000 11458
1512146650000 11459
1512146650000 11459
1512146650000 11459
1512146650000 11459
1512146650000 11459
1512146650000 11459
1512146650000 11459
1512146650000 11460
1512146650000 11460
1512146660000 11495
1512146660000 11496
1512146660000 11496
1512146660000 11496
1512146660000 11496
1512146660000 11496
1512146660000 11496
1512146660000 11496
1512146660000 11497
1512146660000 11497
1512146660000 11497
1512146660000 11497
1512146660000 11497
1512146660000 11497
1512146660000 11498
1512146660000 11498
1512146660000 11498
1512146660000 11498
1512146660000 11498
1512146660000 11498
1512146660000 11498
1512146660000 11499
1512146660000 11499
1512146660000 11499
1512146660000 11499
1512146660000 11499
1512146660000 11499
1512146660000 11499
1512146660000 11500
1512146660000 11500
1512146660000 11500
1512146660000 11500
1512146660000 11500
1512146660000 11500
1512146660000 11501
1512146660000 11501
1512146660000 11501
1512146660000 11501
1512146660000 11501
1512146660000 11501
1512146660000 11501
1512146660000 11502
1512146660000 11502
1512146660000 11502
1512146660000 11502
1512146660000 11502
1512146660000 11502
1512146660000 11503
1512146660000 11503
1512146660000 11503
1512146660000 11503
1512146660000 11503
1512146660000 11503
1512146660000 11503
1512146660000 11504
1512146660000 11504
1512146660000 11504
1512146660000 11504
1512146660000 11504
1512146660000 11504
1512146660000 11504
1512146660000 11505
1512146660000 11505
1512146660000 11505
1512146660000 11505
1512146660000 11505
1512146660000 11505
1512146660000 11506
1512146660000 11506
1512146660000 11506
1512146660000 11506
1512146660000 11506
1512146660000 11506
1512146660000 11506
1512146660000 11507
1512146660000 11507
1512146660000 11507
1512146660000 11507
1512146660000 11507
1512146660000 11507
1512146660000 11508
1512146660000 11508
1512146660000 11508
1512146660000 11508
1512146660000 11508
1512146660000 11508
1512146660000 11508
1512146660000 11509
1512146660000 11509
1512146660000 11509
1512146660000 11509
1512146660000 11509
1512146660000 11509
1512146660000 11509
1512146660000 11510
1512146660000 11510
1512146660000 11510
1512146660000 11510
1512146660000 11510
1512146660000 11510
1512146670000 11489
1512146670000 11489
1512146670000 11489
1512146670000 11489
1512146670000 11489
1512146670000 11489
1512146670000 11490
1512146670000 11490
1512146670000 11490
1512146670000 11490
1512146670000 11490
1512146670000 11490
1512146670000 11490
1512146670000 11491
1512146670000 11491
1512146670000 11491
1512146670000 11491
1512146670000 11491
1512146670000 11491
1512146670000 11491
1512146670000 11492
1512146670000 11492
1512146670000 11492
1512146670000 11492
1512146670000 11492
1512146670000 11492
1512146670000 11493
1512146670000 11493
1512146670000 11493
1512146670000 11493
1512146670000 11493
1512146670000 11493
1512146670000 11494
1512146670000 11494
1512146670000 11494
1512146670000 11494
1512146670000 11494
1512146670000 11494
1512146670000 11494
1512146670000 11495
1512146670000 11495
1512146670000 11495
1512146670000 11495
1512146670000 11495
1512146670000 11495
1512146670000 11495
1512146670000 11496
1512146670000 11496
1512146670000 11496
1512146670000 11496
1512146670000 11496
1512146670000 11496
1512146670000 11497
1512146670000 11497
1512146670000 11497
1512146670000 11497
1512146670000 11497
1512146670000 11497
1512146670000 11497
1512146670000 11498
1512146670000 11498
1512146670000 11498
1512146670000 11498
1512146670000 11498
1512146670000 11498
1512146670000 11499
1512146670000 11499
1512146670000 11499
1512146670000 11499
1512146670000 11499
1512146670000 11499
1512146670000 11499
1512146670000 11500
1512146670000 11500
1512146670000 11500
1512146670000 11500
1512146670000 11500
1512146670000 11500
1512146670000 11501
1512146670000 11501
1512146670000 11501
1512146670000 11501
1512146670000 11501
1512146670000 11501
1512146670000 11501
1512146670000 11502
1512146670000 11502
1512146670000 11502
1512146670000 11502
1512146670000 11502
1512146670000 11502
1512146670000 11503
1512146670000 11503
1512146670000 11503
1512146670000 11503
1512146670000 11503
1512146670000 11503
1512146670000 11503
1512146670000 11504
1512146670000 11504
1512146680000 11465
1512146680000 11465
1512146680000 11465
1512146680000 11465
1512146680000 11466
1512146680000 11466
1512146680000 11466
1512146680000 11466
1512146680000 11466
1512146680000 11466
1512146680000 11466
1512146680000 11466
1512146680000 11466
1512146680000 11466
1512146680000 11467
1512146680000 11467
1512146680000 11467
1512146680000 11467
1512146680000 11467
1512146680000 11467
1512146680000 11467
1512146680000 11467
1512146680000 11467
1512146680000 11467
1512146680000 11467
1512146680000 11468
1512146680000 11468
1512146680000 11468
1512146680000 11468
1512146680000 11468
1512146680000 11468
1512146680000 11468
1512146680000 11468
1512146680000 11468
1512146680000 11468
1512146680000 11468
1512146680000 11469
1512146680000 11469
1512146680000 11469
1512146680000 11469
1512146680000 11469
1512146680000 11469
1512146680000 11469
1512146680000 11469
1512146680000 11469
1512146680000 11469
1512146680000 11470
1512146680000 11470
1512146680000 11470
1512146680000 11470
1512146680000 11470
1512146680000 11470
1512146680000 11470
1512146680000 11470
1512146680000 11470
1512146680000 11470
1512146680000 11470
1512146680000 11471
1512146680000 11471
1512146680000 11471
1512146680000 11471
1512146680000 11471
1512146680000 11471
1512146680000 11471
1512146680000 11471
1512146680000 11471
1512146680000 11471
1512146680000 11471
1512146680000 11472
1512146680000 11472
1512146680000 11472
1512146680000 11472
1512146680000 11472
1512146680000 11472
1512146680000 11472
1512146680000 11472
1512146680000 11472
1512146680000 11472
1512146680000 11472
1512146680000 11473
1512146680000 11473
1512146680000 11473
1512146680000 11473
1512146680000 11473
1512146680000 11473
1512146680000 11473
1512146680000 11473
1512146680000 11473
1512146680000 11473
1512146680000 11474
1512146680000 11474
1512146680000 11474
1512146680000 11474
1512146680000 11474
1512146680000 11474
1512146680000 11474
1512146680000 11474
1512146680000 11474
1512146680000 11474
1512146680000 11475
1512146690000 11495
1512146690000 11495
1512146690000 11496
1512146690000 11496
1512146690000 11496
1512146690000 11496
1512146690000 11496
1512146690000 11496
1512146690000 11497
1512146690000 11497
1512146690000 11497
1512146690000 11497
1512146690000 11497
1512146690000 11497
1512146690000 11497
1512146690000 11498
1512146690000 11498
1512146690000 11498
1512146690000 11498
1512146690000 11498
1512146690000 11498
1512146690000 11498
1512146690000 11499
1512146690000 11499
1512146690000 11499
1512146690000 11499
1512146690000 11499
1512146690000 11499
1512146690000 11500
1512146690000 11500
1512146690000 11500
1512146690000 11500
1512146690000 11500
1512146690000 11500
1512146690000 11500
1512146690000 11501
1512146690000 11501
1512146690000 11501
1512146690000 11501
1512146690000 11501
1512146690000 11501
1512146690000 11502
1512146690000 11502
1512146690000 11502
1512146690000 11502
1512146690000 11502
1512146690000 11502
1512146690000 11503
1512146690000 11503
1512146690000 11503
1512146690000 11503
1512146690000 11503
1512146690000 11503
1512146690000 11503
1512146690000 11504
1512146690000 11504
1512146690000 11504
1512146690000 11504
1512146690000 11504
1512146690000 11504
1512146690000 11505
1512146690000 11505
1512146690000 11505
1512146690000 11505
1512146690000 11505
1512146690000 11505
1512146690000 11505
1512146690000 11506
1512146690000 11506
1512146690000 11506
1512146690000 11506
1512146690000 11506
1512146690000 11506
1512146690000 11507
1512146690000 11507
1512146690000 11507
1512146690000 11507
1512146690000 11507
1512146690000 11507
1512146690000 11507
1512146690000 11508
1512146690000 11508
1512146690000 11508
1512146690000 11508
1512146690000 11508
1512146690000 11508
1512146690000 11509
1512146690000 11509
1512146690000 11509
1512146690000 11509
1512146690000 11509
1512146690000 11509
1512146690000 11509
1512146690000 11510
1512146690000 11510
1512146690000 11510
1512146690000 11510
1512146690000 11510
1512146690000 11510
1512146690000 11511
1512146700000 11474
1512146700000 11474
1512146700000 11474
1512146700000 11475
1512146700000 11475
1512146700000 11475
1512146700000 11475
1512146700000 11475
1512146700000 11475
1512146700000 11475
1512146700000 11476
1512146700000 11476
1512146700000 11476
1512146700000 11476
1512146700000 11476
1512146700000 11476
1512146700000 11476
1512146700000 11477
1512146700000 11477
1512146700000 11477
1512146700000 11477
1512146700000 11477
1512146700000 11477
1512146700000 11478
1512146700000 11478
1512146700000 11478
1512146700000 11478
1512146700000 11478
1512146700000 11478
1512146700000 11479
1512146700000 11479
1512146700000 11479
1512146700000 11479
1512146700000 11479
1512146700000 11479
1512146700000 11479
1512146700000 11480
1512146700000 11480
1512146700000 11480
1512146700000 11480
1512146700000 11480
1512146700000 11480
1512146700000 11481
1512146700000 11481
1512146700000 11481
1512146700000 11481
1512146700000 11481
1512146700000 11481
1512146700000 11481
1512146700000 11482
1512146700000 11482
1512146700000 11482
1512146700000 11482
1512146700000 11482
1512146700000 11482
1512146700000 11483
1512146700000 11483
1512146700000 11483
1512146700000 11483
1512146700000 11483
1512146700000 11483
1512146700000 11484
1512146700000 11484
1512146700000 11484
1512146700000 11484
1512146700000 11484
1512146700000 11484
1512146700000 11484
1512146700000 11485
1512146700000 11485
1512146700000 11485
1512146700000 11485
1512146700000 11485
1512146700000 11485
1512146700000 11486
1512146700000 11486
1512146700000 11486
1512146700000 11486
1512146700000 11486
1512146700000 11486
1512146700000 11486
1512146700000 11487
1512146700000 11487
1512146700000 11487
1512146700000 11487
1512146700000 11487
1512146700000 11487
1512146700000 11488
1512146700000 11488
1512146700000 11488
1512146700000 11488
1512146700000 11488
1512146700000 11488
1512146700000 11488
1512146700000 11489
1512146700000 11489
1512146700000 11489
1512146700000 11489
1512146700000 11489
1512146700000 11489
1512146710000 11467
1512146710000 11467
1512146710000 11467
1512146710000 11467
1512146710000 11467
1512146710000 11468
1512146710000 11468
1512146710000 11468
1512146710000 11468
1512146710000 11468
1512146710000 11468
1512146710000 11469
1512146710000 11469
1512146710000 11469
1512146710000 11469
1512146710000 11469
1512146710000 11469
1512146710000 11469
1512146710000 11470
1512146710000 11470
1512146710000 11470
1512146710000 11470
1512146710000 11470
1512146710000 11470
1512146710000 11470
1512146710000 11471
1512146710000 11471
1512146710000 11471
1512146710000 11471
1512146710000 11471
1512146710000 11471
1512146710000 11472
1512146710000 11472
1512146710000 11472
1512146710000 11472
1512146710000 11472
1512146710000 11472
1512146710000 11472
1512146710000 11473
1512146710000 11473
1512146710000 11473
1512146710000 11473
1512146710000 11473
1512146710000 11473
1512146710000 11474
1512146710000 11474
1512146710000 11474
1512146710000 11474
1512146710000 11474
1512146710000 11474
1512146710000 11475
1512146710000 11475
1512146710000 11475
1512146710000 11475
1512146710000 11475
1512146710000 11475
1512146710000 11475
1512146710000 11476
1512146710000 11476
1512146710000 11476
1512146710000 11476
1512146710000 11476
1512146710000 11476
1512146710000 11477
1512146710000 11477
1512146710000 11477
1512146710000 11477
1512146710000 11477
1512146710000 11477
1512146710000 11477
1512146710000 11478
1512146710000 11478
1512146710000 11478
1512146710000 11478
1512146710000 11478
1512146710000 11479
1512146710000 11479
1512146710000 11479
1512146710000 11479
1512146710000 11479
1512146710000 11479
1512146710000 11480
1512146710000 11480
1512146710000 11480
1512146710000 11480
1512146710000 11480
1512146710000 11480
1512146710000 11480
1512146710000 11481
1512146710000 11481
1512146710000 11481
1512146710000 11481
1512146710000 11481
1512146710000 11481
1512146710000 11482
1512146710000 11482
1512146710000 11482
1512146710000 11482
1512146710000 11482
1512146710000 11482
1512146720000 11476
1512146720000 11477
1512146720000 11477
1512146720000 11477
1512146720000 11477
1512146720000 11477
1512146720000 11477
1512146720000 11478
1512146720000 11478
1512146720000 11478
1512146720000 11478
1512146720000 11478
1512146720000 11479
1512146720000 11479
1512146720000 11479
1512146720000 11479
1512146720000 11479
1512146720000 11480
1512146720000 11480
1512146720000 11480
1512146720000 11480
1512146720000 11480
1512146720000 11481
1512146720000 11481
1512146720000 11481
1512146720000 11481
1512146720000 11481
1512146720000 11482
1512146720000 11482
1512146720000 11482
1512146720000 11482
1512146720000 11482
1512146720000 11483
1512146720000 11483
1512146720000 11483
1512146720000 11483
1512146720000 11483
1512146720000 11484
1512146720000 11484
1512146720000 11484
1512146720000 11484
1512146720000 11484
1512146720000 11485
1512146720000 11485
1512146720000 11485
1512146720000 11485
1512146720000 11485
1512146720000 11486
1512146720000 11486
1512146720000 11486
1512146720000 11486
1512146720000 11486
1512146720000 11487
1512146720000 11487
1512146720000 11487
1512146720000 11487
1512146720000 11487
1512146720000 11488
1512146720000 11488
1512146720000 11488
1512146720000 11488
1512146720000 11488
1512146720000 11488
1512146720000 11489
1512146720000 11489
1512146720000 11489
1512146720000 11489
1512146720000 11489
1512146720000 11489
1512146720000 11490
1512146720000 11490
1512146720000 11490
1512146720000 11490
1512146720000 11490
1512146720000 11490
1512146720000 11491
1512146720000 11491
1512146720000 11491
1512146720000 11491
1512146720000 11491
1512146720000 11491
1512146720000 11491
1512146720000 11492
1512146720000 11492
1512146720000 11492
1512146720000 11492
1512146720000 11492
1512146720000 11492
1512146720000 11492
1512146720000 11493
1512146720000 11493
1512146720000 11493
1512146720000 11493
1512146720000 11493
1512146720000 11493
1512146720000 11494
1512146720000 11494
1512146720000 11494
1512146720000 11494
1512146720000 11494
1512146730000 11492
1512146730000 11492
1512146730000 11492
1512146730000 11492
1512146730000 11492
1512146730000 11493
1512146730000 11493
1512146730000 11493
1512146730000 11493
1512146730000 11493
1512146730000 11493
1512146730000 11493
1512146730000 11494
1512146730000 11494
1512146730000 11494
1512146730000 11494
1512146730000 11494
1512146730000 11494
1512146730000 11495
1512146730000 11495
1512146730000 11495
1512146730000 11495
1512146730000 11495
1512146730000 11495
1512146730000 11495
1512146730000 11496
1512146730000 11496
1512146730000 11496
1512146730000 11496
1512146730000 11496
1512146730000 11496
1512146730000 11496
1512146730000 11497
1512146730000 11497
1512146730000 11497
1512146730000 11497
1512146730000 11497
1512146730000 11497
1512146730000 11498
1512146730000 11498
1512146730000 11498
1512146730000 11498
1512146730000 11498
1512146730000 11498
1512146730000 11498
1512146730000 11499
1512146730000 11499
1512146730000 11499
1512146730000 11499
1512146730000 11499
1512146730000 11499
1512146730000 11500
1512146730000 11500
1512146730000 11500
1512146730000 11500
1512146730000 11500
1512146730000 11500
1512146730000 11500
1512146730000 11501
1512146730000 11501
1512146730000 11501
1512146730000 11501
1512146730000 11501
1512146730000 11501
1512146730000 11502
1512146730000 11502
1512146730000 11502
1512146730000 11502
1512146730000 11502
1512146730000 11502
1512146730000 11502
1512146730000 11503
1512146730000 11503
1512146730000 11503
1512146730000 11503
1512146730000 11503
1512146730000 11503
1512146730000 11504
1512146730000 11504
1512146730000 11504
1512146730000 11504
1512146730000 11504
1512146730000 11504
1512146730000 11504
1512146730000 11505
1512146730000 11505
1512146730000 11505
1512146730000 11505
1512146730000 11505
1512146730000 11505
1512146730000 11505
1512146730000 11506
1512146730000 11506
1512146730000 11506
1512146730000 11506
1512146730000 11506
1512146730000 11506
1512146730000 11506
1512146730000 11507
1512146730000 11507
1512146740000 11460
1512146740000 11460
1512146740000 11460
1512146740000 11461
1512146740000 11461
1512146740000 11461
1512146740000 11461
1512146740000 11461
1512146740000 11461
1512146740000 11462
1512146740000 11462
1512146740000 11462
1512146740000 11462
1512146740000 11462
1512146740000 11462
1512146740000 11462
1512146740000 11463
1512146740000 11463
1512146740000 11463
1512146740000 11463
1512146740000 11463
1512146740000 11463
1512146740000 11463
1512146740000 11464
1512146740000 11464
1512146740000 11464
1512146740000 11464
1512146740000 11464
1512146740000 11464
1512146740000 11464
1512146740000 11465
1512146740000 11465
1512146740000 11465
1512146740000 11465
1512146740000 11465
1512146740000 11465
1512146740000 11465
1512146740000 11466
1512146740000 11466
1512146740000 11466
1512146740000 11466
1512146740000 11466
1512146740000 11466
1512146740000 11467
1512146740000 11467
1512146740000 11467
1512146740000 11467
1512146740000 11467
1512146740000 11467
1512146740000 11467
1512146740000 11468
1512146740000 11468
1512146740000 11468
1512146740000 11468
1512146740000 11468
1512146740000 11468
1512146740000 11468
1512146740000 11469
1512146740000 11469
1512146740000 11469
1512146740000 11469
1512146740000 11469
1512146740000 11469
1512146740000 11469
1512146740000 11470
1512146740000 11470
1512146740000 11470
1512146740000 11470
1512146740000 11470
1512146740000 11470
1512146740000 11470
1512146740000 11471
1512146740000 11471
1512146740000 11471
1512146740000 11471
1512146740000 11471
1512146740000 11471
1512146740000 11471
1512146740000 11472
1512146740000 11472
1512146740000 11472
1512146740000 11472
1512146740000 11472
1512146740000 11472
1512146740000 11472
1512146740000 11472
1512146740000 11473
1512146740000 11473
1512146740000 11473
1512146740000 11473
1512146740000 11473
1512146740000 11473
1512146740000 11474
1512146740000 11474
1512146740000 11474
1512146740000 11474
1512146740000 11474
1512146740000 11474
1512146740000 11474
1512146740000 11475
1512146750000 11506
1512146750000 11506
1512146750000 11506
1512146750000 11506
1512146750000 11506
1512146750000 11506
1512146750000 11507
1512146750000 11507
1512146750000 11507
1512146750000 11507
1512146750000 11507
1512146750000 11507
1512146750000 11507
1512146750000 11508
1512146750000 11508
1512146750000 11508
1512146750000 11508
1512146750000 11508
1512146750000 11508
1512146750000 11509
1512146750000 11509
1512146750000 11509
1512146750000 11509
1512146750000 11509
1512146750000 11509
1512146750000 11509
1512146750000 11510
1512146750000 11510
1512146750000 11510
1512146750000 11510
1512146750000 11510
1512146750000 11510
1512146750000 11510
1512146750000 11511
1512146750000 11511
1512146750000 11511
1512146750000 11511
1512146750000 11511
1512146750000 11511
1512146750000 11511
1512146750000 11512
1512146750000 11512
1512146750000 11512
1512146750000 11512
1512146750000 11512
1512146750000 11512
1512146750000 11513
1512146750000 11513
1512146750000 11513
1512146750000 11513
1512146750000 11513
1512146750000 11513
1512146750000 11514
1512146750000 11514
1512146750000 11514
1512146750000 11514
1512146750000 11514
1512146750000 11514
1512146750000 11514
1512146750000 11515
1512146750000 11515
1512146750000 11515
1512146750000 11515
1512146750000 11515
1512146750000 11515
1512146750000 11516
1512146750000 11516
1512146750000 11516
1512146750000 11516
1512146750000 11516
1512146750000 11516
1512146750000 11516
1512146750000 11517
1512146750000 11517
1512146750000 11517
1512146750000 11517
1512146750000 11517
1512146750000 11518
1512146750000 11518
1512146750000 11518
1512146750000 11518
1512146750000 11518
1512146750000 11519
1512146750000 11519
1512146750000 11519
1512146750000 11519
1512146750000 11519
1512146750000 11520
1512146750000 11520
1512146750000 11520
1512146750000 11520
1512146750000 11521
1512146750000 11521
1512146750000 11521
1512146750000 11521
1512146750000 11521
1512146750000 11522
1512146750000 11522
1512146750000 11522
1512146750000 11522
1512146760000 11496
1512146760000 11496
1512146760000 11496
1512146760000 11496
1512146760000 11497
1512146760000 11497
1512146760000 11497
1512146760000 11497
1512146760000 11497
1512146760000 11497
1512146760000 11498
1512146760000 11498
1512146760000 11498
1512146760000 11498
1512146760000 11498
1512146760000 11498
1512146760000 11499
1512146760000 11499
1512146760000 11499
1512146760000 11499
1512146760000 11499
1512146760000 11499
1512146760000 11500
1512146760000 11500
1512146760000 11500
1512146760000 11500
1512146760000 11500
1512146760000 11500
1512146760000 11501
1512146760000 11501
1512146760000 11501
1512146760000 11501
1512146760000 11501
1512146760000 11501
1512146760000 11501
1512146760000 11502
1512146760000 11502
1512146760000 11502
1512146760000 11502
1512146760000 11502
1512146760000 11502
1512146760000 11502
1512146760000 11503
1512146760000 11503
1512146760000 11503
1512146760000 11503
1512146760000 11503
1512146760000 11503
1512146760000 11503
1512146760000 11504
1512146760000 11504
1512146760000 11504
1512146760000 11504
1512146760000 11504
1512146760000 11504
1512146760000 11504
1512146760000 11505
1512146760000 11505
1512146760000 11505
1512146760000 11505
1512146760000 11505
1512146760000 11505
1512146760000 11505
1512146760000 11506
1512146760000 11506
1512146760000 11506
1512146760000 11506
1512146760000 11506
1512146760000 11506
1512146760000 11507
1512146760000 11507
1512146760000 11507
1512146760000 11507
1512146760000 11507
1512146760000 11507
1512146760000 11507
1512146760000 11508
1512146760000 11508
1512146760000 11508
1512146760000 11508
1512146760000 11508
1512146760000 11508
1512146760000 11508
1512146760000 11509
1512146760000 11509
1512146760000 11509
1512146760000 11509
1512146760000 11509
1512146760000 11509
1512146760000 11509
1512146760000 11510
1512146760000 11510
1512146760000 11510
1512146760000 11510
1512146760000 11510
1512146760000 11510
1512146760000 11510
1512146760000 11511
1512146760000 11511
1512146760000 11511
1512146770000 11451
1512146770000 11452
1512146770000 11452
1512146770000 11452
1512146770000 11452
1512146770000 11452
1512146770000 11452
1512146770000 11452
1512146770000 11453
1512146770000 11453
1512146770000 11453
1512146770000 11453
1512146770000 11453
1512146770000 11453
1512146770000 11454
1512146770000 11454
1512146770000 11454
1512146770000 11454
1512146770000 11454
1512146770000 11454
1512146770000 11455
1512146770000 11455
1512146770000 11455
1512146770000 11455
1512146770000 11455
1512146770000 11455
1512146770000 11455
1512146770000 11456
1512146770000 11456
1512146770000 11456
1512146770000 11456
1512146770000 11456
1512146770000 11456
1512146770000 11457
1512146770000 11457
1512146770000 11457
1512146770000 11457
1512146770000 11457
1512146770000 11457
1512146770000 11457
1512146770000 11458
1512146770000 11458
1512146770000 11458
1512146770000 11458
1512146770000 11458
1512146770000 11458
1512146770000 11459
1512146770000 11459
1512146770000 11459
1512146770000 11459
1512146770000 11459
1512146770000 11459
1512146770000 11459
1512146770000 11460
1512146770000 11460
1512146770000 11460
1512146770000 11460
1512146770000 11460
1512146770000 11460
1512146770000 11461
1512146770000 11461
1512146770000 11461
1512146770000 11461
1512146770000 11461
1512146770000 11461
1512146770000 11462
1512146770000 11462
1512146770000 11462
1512146770000 11462
1512146770000 11462
1512146770000 11462
1512146770000 11462
1512146770000 11463
1512146770000 11463
1512146770000 11463
1512146770000 11463
1512146770000 11463
1512146770000 11463
1512146770000 11463
1512146770000 11464
1512146770000 11464
1512146770000 11464
1512146770000 11464
1512146770000 11464
1512146770000 11464
1512146770000 11465
1512146770000 11465
1512146770000 11465
1512146770000 11465
1512146770000 11465
1512146770000 11465
1512146770000 11465
1512146770000 11466
1512146770000 11466
1512146770000 11466
1512146770000 11466
1512146770000 11466
1512146770000 11466
1512146770000 11466
1512146770000 11467
1512146780000 11460
1512146780000 11460
1512146780000 11460
1512146780000 11460
1512146780000 11460
1512146780000 11460
1512146780000 11460
1512146780000 11460
1512146780000 11461
1512146780000 11461
1512146780000 11461
1512146780000 11461
1512146780000 11461
1512146780000 11461
1512146780000 11461
1512146780000 11462
1512146780000 11462
1512146780000 11462
1512146780000 11462
1512146780000 11462
1512146780000 11462
1512146780000 11462
1512146780000 11463
1512146780000 11463
1512146780000 11463
1512146780000 11463
1512146780000 11463
1512146780000 11463
1512146780000 11463
1512146780000 11464
1512146780000 11464
1512146780000 11464
1512146780000 11464
1512146780000 11464
1512146780000 11464
1512146780000 11464
1512146780000 11465
1512146780000 11465
1512146780000 11465
1512146780000 11465
1512146780000 11465
1512146780000 11465
1512146780000 11465
1512146780000 11466
1512146780000 11466
1512146780000 11466
1512146780000 11466
1512146780000 11466
1512146780000 11466
1512146780000 11466
1512146780000 11467
1512146780000 11467
1512146780000 11467
1512146780000 11467
1512146780000 11467
1512146780000 11467
1512146780000 11467
1512146780000 11468
1512146780000 11468
1512146780000 11468
1512146780000 11468
1512146780000 11468
1512146780000 11468
1512146780000 11468
1512146780000 11468
1512146780000 11469
1512146780000 11469
1512146780000 11469
1512146780000 11469
1512146780000 11469
1512146780000 11469
1512146780000 11469
1512146780000 11470
1512146780000 11470
1512146780000 11470
1512146780000 11470
1512146780000 11470
1512146780000 11470
1512146780000 11470
1512146780000 11471
1512146780000 11471
1512146780000 11471
1512146780000 11471
1512146780000 11471
1512146780000 11471
1512146780000 11471
1512146780000 11472
1512146780000 11472
1512146780000 11472
1512146780000 11472
1512146780000 11472
1512146780000 11472
1512146780000 11472
1512146780000 11473
1512146780000 11473
1512146780000 11473
1512146780000 11473
1512146780000 11473
1512146780000 11473
1512146780000 11473
1512146790000 11481
1512146790000 11481
1512146790000 11481
1512146790000 11481
1512146790000 11481
1512146790000 11482
1512146790000 11482
1512146790000 11482
1512146790000 11482
1512146790000 11482
1512146790000 11482
1512146790000 11482
1512146790000 11483
1512146790000 11483
1512146790000 11483
1512146790000 11483
1512146790000 11483
1512146790000 11483
1512146790000 11484
1512146790000 11484
1512146790000 11484
1512146790000 11484
1512146790000 11484
1512146790000 11484
1512146790000 11484
1512146790000 11485
1512146790000 11485
1512146790000 11485
1512146790000 11485
1512146790000 11485
1512146790000 11485
1512146790000 11486
1512146790000 11486
1512146790000 11486
1512146790000 11486
1512146790000 11486
1512146790000 11486
1512146790000 11487
1512146790000 11487
1512146790000 11487
1512146790000 11487
1512146790000 11487
1512146790000 11487
1512146790000 11487
1512146790000 11488
1512146790000 11488
1512146790000 11488
1512146790000 11488
1512146790000 11488
1512146790000 11488
1512146790000 11489
1512146790000 11489
1512146790000 11489
1512146790000 11489
1512146790000 11489
1512146790000 11489
1512146790000 11489
1512146790000 11490
1512146790000 11490
1512146790000 11490
1512146790000 11490
1512146790000 11490
1512146790000 11490
1512146790000 11490
1512146790000 11491
1512146790000 11491
1512146790000 11491
1512146790000 11491
1512146790000 11491
1512146790000 11491
1512146790000 11491
1512146790000 11492
1512146790000 11492
1512146790000 11492
1512146790000 11492
1512146790000 11492
1512146790000 11492
1512146790000 11492
1512146790000 11493
1512146790000 11493
1512146790000 11493
1512146790000 11493
1512146790000 11493
1512146790000 11493
1512146790000 11493
1512146790000 11494
1512146790000 11494
1512146790000 11494
1512146790000 11494
1512146790000 11494
1512146790000 11494
1512146790000 11494
1512146790000 11495
1512146790000 11495
1512146790000 11495
1512146790000 11495
1512146790000 11495
1512146790000 11495
1512146790000 11495
1512146790000 11496
1512146800000 11453
1512146800000 11454
1512146800000 11454
1512146800000 11454
1512146800000 11454
1512146800000 11454
1512146800000 11454
1512146800000 11454
1512146800000 11455
1512146800000 11455
1512146800000 11455
1512146800000 11455
1512146800000 11455
1512146800000 11455
1512146800000 11456
1512146800000 11456
1512146800000 11456
1512146800000 11456
1512146800000 11456
1512146800000 11456
1512146800000 11456
1512146800000 11457
1512146800000 11457
1512146800000 11457
1512146800000 11457
1512146800000 11457
1512146800000 11457
1512146800000 11458
1512146800000 11458
1512146800000 11458
1512146800000 11458
1512146800000 11458
1512146800000 11458
1512146800000 11458
1512146800000 11459
1512146800000 11459
1512146800000 11459
1512146800000 11459
1512146800000 11459
1512146800000 11459
1512146800000 11460
1512146800000 11460
1512146800000 11460
1512146800000 11460
1512146800000 11460
1512146800000 11460
1512146800000 11460
1512146800000 11461
1512146800000 11461
1512146800000 11461
1512146800000 11461
1512146800000 11461
1512146800000 11461
1512146800000 11462
1512146800000 11462
1512146800000 11462
1512146800000 11462
1512146800000 11462
1512146800000 11462
1512146800000 11463
1512146800000 11463
1512146800000 11463
1512146800000 11463
1512146800000 11463
1512146800000 11463
1512146800000 11463
1512146800000 11464
1512146800000 11464
1512146800000 11464
1512146800000 11464
1512146800000 11464
1512146800000 11464
1512146800000 11465
1512146800000 11465
1512146800000 11465
1512146800000 11465
1512146800000 11465
1512146800000 11465
1512146800000 11465
1512146800000 11466
1512146800000 11466
1512146800000 11466
1512146800000 11466
1512146800000 11466
1512146800000 11466
1512146800000 11467
1512146800000 11467
1512146800000 11467
1512146800000 11467
1512146800000 11467
1512146800000 11467
1512146800000 11467
1512146800000 11468
1512146800000 11468
1512146800000 11468
1512146800000 11468
1512146800000 11468
1512146800000 11468
1512146800000 11469
1512146800000 11469
1512146810000 11507
1512146810000 11507
1512146810000 11508
1512146810000 11508
1512146810000 11508
1512146810000 11508
1512146810000 11508
1512146810000 11508
1512146810000 11509
1512146810000 11509
1512146810000 11509
1512146810000 11509
1512146810000 11509
1512146810000 11509
1512146810000 11509
1512146810000 11510
1512146810000 11510
1512146810000 11510
1512146810000 11510
1512146810000 11510
1512146810000 11510
1512146810000 11510
1512146810000 11511
1512146810000 11511
1512146810000 11511
1512146810000 11511
1512146810000 11511
1512146810000 11511
1512146810000 11511
1512146810000 11512
1512146810000 11512
1512146810000 11512
1512146810000 11512
1512146810000 11512
1512146810000 11512
1512146810000 11512
1512146810000 11513
1512146810000 11513
1512146810000 11513
1512146810000 11513
1512146810000 11513
1512146810000 11513
1512146810000 11513
1512146810000 11514
1512146810000 11514
1512146810000 11514
1512146810000 11514
1512146810000 11514
1512146810000 11514
1512146810000 11514
1512146810000 11515
1512146810000 11515
1512146810000 11515
1512146810000 11515
1512146810000 11515
1512146810000 11515
1512146810000 11515
1512146810000 11516
1512146810000 11516
1512146810000 11516
1512146810000 11516
1512146810000 11516
1512146810000 11516
1512146810000 11517
1512146810000 11517
1512146810000 11517
1512146810000 11517
1512146810000 11517
1512146810000 11517
1512146810000 11517
1512146810000 11518
1512146810000 11518
1512146810000 11518
1512146810000 11518
1512146810000 11518
1512146810000 11518
1512146810000 11518
1512146810000 11519
1512146810000 11519
1512146810000 11519
1512146810000 11519
1512146810000 11519
1512146810000 11519
1512146810000 11519
1512146810000 11520
1512146810000 11520
1512146810000 11520
1512146810000 11520
1512146810000 11520
1512146810000 11520
1512146810000 11520
1512146810000 11521
1512146810000 11521
1512146810000 11521
1512146810000 11521
1512146810000 11521
1512146810000 11521
1512146810000 11521
1512146810000 11522
1512146810000 11522
1512146820000 11449
1512146820000 11449
1512146820000 11449
1512146820000 11449
1512146820000 11449
1512146820000 11449
1512146820000 11449
1512146820000 11450
1512146820000 11450
1512146820000 11450
1512146820000 11450
1512146820000 11450
1512146820000 11450
1512146820000 11450
1512146820000 11451
1512146820000 11451
1512146820000 11451
1512146820000 11451
1512146820000 11451
1512146820000 11451
1512146820000 11452
1512146820000 11452
1512146820000 11452
1512146820000 11452
1512146820000 11452
1512146820000 11452
1512146820000 11452
1512146820000 11453
1512146820000 11453
1512146820000 11453
1512146820000 11453
1512146820000 11453
1512146820000 11453
1512146820000 11453
1512146820000 11454
1512146820000 11454
1512146820000 11454
1512146820000 11454
1512146820000 11454
1512146820000 11454
1512146820000 11454
1512146820000 11455
1512146820000 11455
1512146820000 11455
1512146820000 11455
1512146820000 11455
1512146820000 11455
1512146820000 11455
1512146820000 11456
1512146820000 11456
1512146820000 11456
1512146820000 11456
1512146820000 11456
1512146820000 11456
1512146820000 11456
1512146820000 11456
1512146820000 11457
1512146820000 11457
1512146820000 11457
1512146820000 11457
1512146820000 11457
1512146820000 11457
1512146820000 11457
1512146820000 11458
1512146820000 11458
1512146820000 11458
1512146820000 11458
1512146820000 11458
1512146820000 11458
1512146820000 11458
1512146820000 11459
1512146820000 11459
1512146820000 11459
1512146820000 11459
1512146820000 11459
1512146820000 11459
1512146820000 11459
1512146820000 11460
1512146820000 11460
1512146820000 11460
1512146820000 11460
1512146820000 11460
1512146820000 11460
1512146820000 11460
1512146820000 11460
1512146820000 11461
1512146820000 11461
1512146820000 11461
1512146820000 11461
1512146820000 11461
1512146820000 11461
1512146820000 11461
1512146820000 11462
1512146820000 11462
1512146820000 11462
1512146820000 11462
1512146820000 11462
1512146820000 11462
1512146820000 11462
1512146820000 11463
1512146830000 11470
1512146830000 11470
1512146830000 11470
1512146830000 11470
1512146830000 11471
1512146830000 11471
1512146830000 11471
1512146830000 11471
1512146830000 11471
1512146830000 11471
1512146830000 11471
1512146830000 11471
1512146830000 11472
1512146830000 11472
1512146830000 11472
1512146830000 11472
1512146830000 11472
1512146830000 11472
1512146830000 11472
1512146830000 11472
1512146830000 11472
1512146830000 11473
1512146830000 11473
1512146830000 11473
1512146830000 11473
1512146830000 11473
1512146830000 11473
1512146830000 11473
1512146830000 11473
1512146830000 11474
1512146830000 11474
1512146830000 11474
1512146830000 11474
1512146830000 11474
1512146830000 11474
1512146830000 11474
1512146830000 11474
1512146830000 11474
1512146830000 11475
1512146830000 11475
1512146830000 11475
1512146830000 11475
1512146830000 11475
1512146830000 11475
1512146830000 11475
1512146830000 11475
1512146830000 11475
1512146830000 11476
1512146830000 11476
1512146830000 11476
1512146830000 11476
1512146830000 11476
1512146830000 11476
1512146830000 11476
1512146830000 11476
1512146830000 11477
1512146830000 11477
1512146830000 11477
1512146830000 11477
1512146830000 11477
1512146830000 11477
1512146830000 11477
1512146830000 11477
1512146830000 11478
1512146830000 11478
1512146830000 11478
1512146830000 11478
1512146830000 11478
1512146830000 11478
1512146830000 11478
1512146830000 11478
1512146830000 11479
1512146830000 11479
1512146830000 11479
1512146830000 11479
1512146830000 11479
1512146830000 11479
1512146830000 11479
1512146830000 11479
1512146830000 11479
1512146830000 11480
1512146830000 11480
1512146830000 11480
1512146830000 11480
1512146830000 11480
1512146830000 11480
1512146830000 11480
1512146830000 11480
1512146830000 11480
1512146830000 11481
1512146830000 11481
1512146830000 11481
1512146830000 11481
1512146830000 11481
1512146830000 11481
1512146830000 11481
1512146830000 11482
1512146830000 11482
1512146830000 11482
1512146830000 11482
1512146840000 11458
1512146840000 11458
1512146840000 11458
1512146840000 11458
1512146840000 11458
1512146840000 11459
1512146840000 11459
1512146840000 11459
1512146840000 11459
1512146840000 11459
1512146840000 11459
1512146840000 11460
1512146840000 11460
1512146840000 11460
1512146840000 11460
1512146840000 11460
1512146840000 11460
1512146840000 11460
1512146840000 11461
1512146840000 11461
1512146840000 11461
1512146840000 11461
1512146840000 11461
1512146840000 11461
1512146840000 11462
1512146840000 11462
1512146840000 11462
1512146840000 11462
1512146840000 11462
1512146840000 11462
1512146840000 11463
1512146840000 11463
1512146840000 11463
1512146840000 11463
1512146840000 11463
1512146840000 11463
1512146840000 11463
1512146840000 11464
1512146840000 11464
1512146840000 11464
1512146840000 11464
1512146840000 11464
1512146840000 11464
1512146840000 11465
1512146840000 11465
1512146840000 11465
1512146840000 11465
1512146840000 11465
1512146840000 11465
1512146840000 11465
1512146840000 11466
1512146840000 11466
1512146840000 11466
1512146840000 11466
1512146840000 11466
1512146840000 11466
1512146840000 11467
1512146840000 11467
1512146840000 11467
1512146840000 11467
1512146840000 11467
1512146840000 11467
1512146840000 11467
1512146840000 11468
1512146840000 11468
1512146840000 11468
1512146840000 11468
1512146840000 11468
1512146840000 11468
1512146840000 11469
1512146840000 11469
1512146840000 11469
1512146840000 11469
1512146840000 11469
1512146840000 11469
1512146840000 11469
1512146840000 11470
1512146840000 11470
1512146840000 11470
1512146840000 11470
1512146840000 11470
1512146840000 11470
1512146840000 11470
1512146840000 11471
1512146840000 11471
1512146840000 11471
1512146840000 11471
1512146840000 11471
1512146840000 11471
1512146840000 11471
1512146840000 11472
1512146840000 11472
1512146840000 11472
1512146840000 11472
1512146840000 11472
1512146840000 11472
1512146840000 11472
1512146840000 11473
1512146840000 11473
1512146840000 11473
1512146850000 11492
1512146850000 11492
1512146850000 11493
1512146850000 11493
1512146850000 11493
1512146850000 11493
1512146850000 11493
1512146850000 11493
1512146850000 11493
1512146850000 11494
1512146850000 11494
1512146850000 11494
1512146850000 11494
1512146850000 11494
1512146850000 11494
1512146850000 11494
1512146850000 11495
1512146850000 11495
1512146850000 11495
1512146850000 11495
1512146850000 11495
1512146850000 11495
1512146850000 11495
1512146850000 11496
1512146850000 11496
1512146850000 11496
1512146850000 11496
1512146850000 11496
1512146850000 11496
1512146850000 11497
1512146850000 11497
1512146850000 11497
1512146850000 11497
1512146850000 11497
1512146850000 11497
1512146850000 11497
1512146850000 11498
1512146850000 11498
1512146850000 11498
1512146850000 11498
1512146850000 11498
1512146850000 11498
1512146850000 11498
1512146850000 11499
1512146850000 11499
1512146850000 11499
1512146850000 11499
1512146850000 11499
1512146850000 11499
1512146850000 11499
1512146850000 11500
1512146850000 11500
1512146850000 11500
1512146850000 11500
1512146850000 11500
1512146850000 11500
1512146850000 11501
1512146850000 11501
1512146850000 11501
1512146850000 11501
1512146850000 11501
1512146850000 11501
1512146850000 11501
1512146850000 11502
1512146850000 11502
1512146850000 11502
1512146850000 11502
1512146850000 11502
1512146850000 11502
1512146850000 11503
1512146850000 11503
1512146850000 11503
1512146850000 11503
1512146850000 11503
1512146850000 11503
1512146850000 11503
1512146850000 11504
1512146850000 11504
1512146850000 11504
1512146850000 11504
1512146850000 11504
1512146850000 11504
1512146850000 11505
1512146850000 11505
1512146850000 11505
1512146850000 11505
1512146850000 11505
1512146850000 11505
1512146850000 11505
1512146850000 11506
1512146850000 11506
1512146850000 11506
1512146850000 11506
1512146850000 11506
1512146850000 11506
1512146850000 11507
1512146850000 11507
1512146850000 11507
1512146850000 11507
1512146850000 11507
1512146860000 11499
1512146860000 11499
1512146860000 11499
1512146860000 11499
1512146860000 11499
1512146860000 11500
1512146860000 11500
1512146860000 11500
1512146860000 11500
1512146860000 11500
1512146860000 11500
1512146860000 11500
1512146860000 11501
1512146860000 11501
1512146860000 11501
1512146860000 11501
1512146860000 11501
1512146860000 11501
1512146860000 11501
1512146860000 11502
1512146860000 11502
1512146860000 11502
1512146860000 11502
1512146860000 11502
1512146860000 11502
1512146860000 11502
1512146860000 11503
1512146860000 11503
1512146860000 11503
1512146860000 11503
1512146860000 11503
1512146860000 11503
1512146860000 11503
1512146860000 11504
1512146860000 11504
1512146860000 11504
1512146860000 11504
1512146860000 11504
1512146860000 11504
1512146860000 11504
1512146860000 11505
1512146860000 11505
1512146860000 11505
1512146860000 11505
1512146860000 11505
1512146860000 11505
1512146860000 11505
1512146860000 11506
1512146860000 11506
1512146860000 11506
1512146860000 11506
1512146860000 11506
1512146860000 11506
1512146860000 11506
1512146860000 11507
1512146860000 11507
1512146860000 11507
1512146860000 11507
1512146860000 11507
1512146860000 11507
1512146860000 11507
1512146860000 11508
1512146860000 11508
1512146860000 11508
1512146860000 11508
1512146860000 11508
1512146860000 11508
1512146860000 11508
1512146860000 11509
1512146860000 11509
1512146860000 11509
1512146860000 11509
1512146860000 11509
1512146860000 11509
1512146860000 11509
1512146860000 11510
1512146860000 11510
1512146860000 11510
1512146860000 11510
1512146860000 11510
1512146860000 11510
1512146860000 11511
1512146860000 11511
1512146860000 11511
1512146860000 11511
1512146860000 11511
1512146860000 11511
1512146860000 11511
1512146860000 11512
1512146860000 11512
1512146860000 11512
1512146860000 11512
1512146860000 11512
1512146860000 11512
1512146860000 11512
1512146860000 11513
1512146860000 11513
1512146860000 11513
1512146860000 11513
1512146860000 11513
1512146870000 11484
1512146870000 11484
1512146870000 11484
1512146870000 11484
1512146870000 11485
1512146870000 11485
1512146870000 11485
1512146870000 11485
1512146870000 11485
1512146870000 11485
1512146870000 11485
1512146870000 11486
1512146870000 11486
1512146870000 11486
1512146870000 11486
1512146870000 11486
1512146870000 11486
1512146870000 11486
1512146870000 11487
1512146870000 11487
1512146870000 11487
1512146870000 11487
1512146870000 11487
1512146870000 11487
1512146870000 11487
1512146870000 11488
1512146870000 11488
1512146870000 11488
1512146870000 11488
1512146870000 11488
1512146870000 11488
1512146870000 11488
1512146870000 11488
1512146870000 11489
1512146870000 11489
1512146870000 11489
1512146870000 11489
1512146870000 11489
1512146870000 11489
1512146870000 11490
1512146870000 11490
1512146870000 11490
1512146870000 11490
1512146870000 11490
1512146870000 11490
1512146870000 11490
1512146870000 11491
1512146870000 11491
1512146870000 11491
1512146870000 11491
1512146870000 11491
1512146870000 11491
1512146870000 11491
1512146870000 11491
1512146870000 11492
1512146870000 11492
1512146870000 11492
1512146870000 11492
1512146870000 11492
1512146870000 11492
1512146870000 11492
1512146870000 11493
1512146870000 11493
1512146870000 11493
1512146870000 11493
1512146870000 11493
1512146870000 11493
1512146870000 11493
1512146870000 11494
1512146870000 11494
1512146870000 11494
1512146870000 11494
1512146870000 11494
1512146870000 11494
1512146870000 11494
1512146870000 11495
1512146870000 11495
1512146870000 11495
1512146870000 11495
1512146870000 11495
1512146870000 11495
1512146870000 11495
1512146870000 11496
1512146870000 11496
1512146870000 11496
1512146870000 11496
1512146870000 11496
1512146870000 11496
1512146870000 11496
1512146870000 11497
1512146870000 11497
1512146870000 11497
1512146870000 11497
1512146870000 11497
1512146870000 11497
1512146870000 11497
1512146870000 11498
1512146870000 11498
1512146870000 11498
1512146870000 11498
1512146880000 11478
1512146880000 11479
1512146880000 11479
1512146880000 11479
1512146880000 11479
1512146880000 11479
1512146880000 11479
1512146880000 11480
1512146880000 11480
1512146880000 11480
1512146880000 11480
1512146880000 11480
1512146880000 11480
1512146880000 11481
1512146880000 11481
1512146880000 11481
1512146880000 11481
1512146880000 11481
1512146880000 11481
1512146880000 11481
1512146880000 11482
1512146880000 11482
1512146880000 11482
1512146880000 11482
1512146880000 11482
1512146880000 11482
1512146880000 11483
1512146880000 11483
1512146880000 11483
1512146880000 11483
1512146880000 11483
1512146880000 11483
1512146880000 11483
1512146880000 11484
1512146880000 11484
1512146880000 11484
1512146880000 11484
1512146880000 11484
1512146880000 11484
1512146880000 11485
1512146880000 11485
1512146880000 11485
1512146880000 11485
1512146880000 11485
1512146880000 11485
1512146880000 11486
1512146880000 11486
1512146880000 11486
1512146880000 11486
1512146880000 11486
1512146880000 11486
1512146880000 11486
1512146880000 11487
1512146880000 11487
1512146880000 11487
1512146880000 11487
1512146880000 11487
1512146880000 11487
1512146880000 11488
1512146880000 11488
1512146880000 11488
1512146880000 11488
1512146880000 11488
1512146880000 11488
1512146880000 11488
1512146880000 11489
1512146880000 11489
1512146880000 11489
1512146880000 11489
1512146880000 11489
1512146880000 11489
1512146880000 11490
1512146880000 11490
1512146880000 11490
1512146880000 11490
1512146880000 11490
1512146880000 11490
1512146880000 11490
1512146880000 11491
1512146880000 11491
1512146880000 11491
1512146880000 11491
1512146880000 11491
1512146880000 11491
1512146880000 11491
1512146880000 11492
1512146880000 11492
1512146880000 11492
1512146880000 11492
1512146880000 11492
1512146880000 11492
1512146880000 11492
1512146880000 11493
1512146880000 11493
1512146880000 11493
1512146880000 11493
1512146880000 11493
1512146880000 11493
1512146880000 11493
1512146880000 11494
1512146890000 11464
1512146890000 11464
1512146890000 11464
1512146890000 11465
1512146890000 11465
1512146890000 11465
1512146890000 11465
1512146890000 11465
1512146890000 11465
1512146890000 11465
1512146890000 11466
1512146890000 11466
1512146890000 11466
1512146890000 11466
1512146890000 11466
1512146890000 11466
1512146890000 11466
1512146890000 11467
1512146890000 11467
1512146890000 11467
1512146890000 11467
1512146890000 11467
1512146890000 11467
1512146890000 11467
1512146890000 11468
1512146890000 11468
1512146890000 11468
1512146890000 11468
1512146890000 11468
1512146890000 11468
1512146890000 11468
1512146890000 11469
1512146890000 11469
1512146890000 11469
1512146890000 11469
1512146890000 11469
1512146890000 11469
1512146890000 11469
1512146890000 11470
1512146890000 11470
1512146890000 11470
1512146890000 11470
1512146890000 11470
1512146890000 11470
1512146890000 11470
1512146890000 11471
1512146890000 11471
1512146890000 11471
1512146890000 11471
1512146890000 11471
1512146890000 11471
1512146890000 11472
1512146890000 11472
1512146890000 11472
1512146890000 11472
1512146890000 11472
1512146890000 11472
1512146890000 11472
1512146890000 11473
1512146890000 11473
1512146890000 11473
1512146890000 11473
1512146890000 11473
1512146890000 11473
1512146890000 11473
1512146890000 11474
1512146890000 11474
1512146890000 11474
1512146890000 11474
1512146890000 11474
1512146890000 11474
1512146890000 11474
1512146890000 11475
1512146890000 11475
1512146890000 11475
1512146890000 11475
1512146890000 11475
1512146890000 11475
1512146890000 11475
1512146890000 11476
1512146890000 11476
1512146890000 11476
1512146890000 11476
1512146890000 11476
1512146890000 11476
1512146890000 11476
1512146890000 11477
1512146890000 11477
1512146890000 11477
1512146890000 11477
1512146890000 11477
1512146890000 11477
1512146890000 11477
1512146890000 11478
1512146890000 11478
1512146890000 11478
1512146890000 11478
1512146890000 11479
1512146890000 11479
1512146890000 11479
1512146900000 11474
1512146900000 11474
1512146900000 11474
1512146900000 11474
1512146900000 11474
1512146900000 11475
1512146900000 11475
1512146900000 11475
1512146900000 11475
1512146900000 11475
1512146900000 11475
1512146900000 11475
1512146900000 11476
1512146900000 11476
1512146900000 11476
1512146900000 11476
1512146900000 11476
1512146900000 11476
1512146900000 11476
1512146900000 11477
1512146900000 11477
1512146900000 11477
1512146900000 11477
1512146900000 11477
1512146900000 11477
1512146900000 11478
1512146900000 11478
1512146900000 11478
1512146900000 11478
1512146900000 11478
1512146900000 11478
1512146900000 11479
1512146900000 11479
1512146900000 11479
1512146900000 11479
1512146900000 11479
1512146900000 11479
1512146900000 11480
1512146900000 11480
1512146900000 11480
1512146900000 11480
1512146900000 11480
1512146900000 11480
1512146900000 11480
1512146900000 11481
1512146900000 11481
1512146900000 11481
1512146900000 11481
1512146900000 11481
1512146900000 11481
1512146900000 11482
1512146900000 11482
1512146900000 11482
1512146900000 11482
1512146900000 11482
1512146900000 11482
1512146900000 11482
1512146900000 11483
1512146900000 11483
1512146900000 11483
1512146900000 11483
1512146900000 11483
1512146900000 11483
1512146900000 11484
1512146900000 11484
1512146900000 11484
1512146900000 11484
1512146900000 11484
1512146900000 11484
1512146900000 11484
1512146900000 11485
1512146900000 11485
1512146900000 11485
1512146900000 11485
1512146900000 11485
1512146900000 11485
1512146900000 11486
1512146900000 11486
1512146900000 11486
1512146900000 11486
1512146900000 11486
1512146900000 11486
1512146900000 11487
1512146900000 11487
1512146900000 11487
1512146900000 11487
1512146900000 11487
1512146900000 11487
1512146900000 11488
1512146900000 11488
1512146900000 11488
1512146900000 11488
1512146900000 11488
1512146900000 11488
1512146900000 11488
1512146900000 11489
1512146900000 11489
1512146900000 11489
1512146900000 11489
1512146900000 11489
1512146910000 11482
1512146910000 11482
1512146910000 11482
1512146910000 11482
1512146910000 11482
1512146910000 11483
1512146910000 11483
1512146910000 11483
1512146910000 11483
1512146910000 11483
1512146910000 11483
1512146910000 11483
1512146910000 11484
1512146910000 11484
1512146910000 11484
1512146910000 11484
1512146910000 11484
1512146910000 11484
1512146910000 11485
1512146910000 11485
1512146910000 11485
1512146910000 11485
1512146910000 11485
1512146910000 11485
1512146910000 11485
1512146910000 11486
1512146910000 11486
1512146910000 11486
1512146910000 11486
1512146910000 11486
1512146910000 11486
1512146910000 11487
1512146910000 11487
1512146910000 11487
1512146910000 11487
1512146910000 11487
1512146910000 11487
1512146910000 11487
1512146910000 11488
1512146910000 11488
1512146910000 11488
1512146910000 11488
1512146910000 11488
1512146910000 11488
1512146910000 11489
1512146910000 11489
1512146910000 11489
1512146910000 11489
1512146910000 11489
1512146910000 11489
1512146910000 11489
1512146910000 11490
1512146910000 11490
1512146910000 11490
1512146910000 11490
1512146910000 11490
1512146910000 11490
1512146910000 11491
1512146910000 11491
1512146910000 11491
1512146910000 11491
1512146910000 11491
1512146910000 11491
1512146910000 11492
1512146910000 11492
1512146910000 11492
1512146910000 11492
1512146910000 11492
1512146910000 11492
1512146910000 11492
1512146910000 11493
1512146910000 11493
1512146910000 11493
1512146910000 11493
1512146910000 11493
1512146910000 11493
1512146910000 11494
1512146910000 11494
1512146910000 11494
1512146910000 11494
1512146910000 11494
1512146910000 11494
1512146910000 11495
1512146910000 11495
1512146910000 11495
1512146910000 11495
1512146910000 11495
1512146910000 11495
1512146910000 11495
1512146910000 11496
1512146910000 11496
1512146910000 11496
1512146910000 11496
1512146910000 11496
1512146910000 11496
1512146910000 11497
1512146910000 11497
1512146910000 11497
1512146910000 11497
1512146910000 11497
1512146920000 11465
1512146920000 11465
1512146920000 11465
1512146920000 11465
1512146920000 11465
1512146920000 11465
1512146920000 11466
1512146920000 11466
1512146920000 11466
1512146920000 11466
1512146920000 11466
1512146920000 11466
1512146920000 11466
1512146920000 11467
1512146920000 11467
1512146920000 11467
1512146920000 11467
1512146920000 11467
1512146920000 11467
1512146920000 11467
1512146920000 11468
1512146920000 11468
1512146920000 11468
1512146920000 11468
1512146920000 11468
1512146920000 11468
1512146920000 11468
1512146920000 11469
1512146920000 11469
1512146920000 11469
1512146920000 11469
1512146920000 11469
1512146920000 11469
1512146920000 11469
1512146920000 11470
1512146920000 11470
1512146920000 11470
1512146920000 11470
1512146920000 11470
1512146920000 11470
1512146920000 11470
1512146920000 11471
1512146920000 11471
1512146920000 11471
1512146920000 11471
1512146920000 11471
1512146920000 11471
1512146920000 11471
1512146920000 11472
1512146920000 11472
1512146920000 11472
1512146920000 11472
1512146920000 11472
1512146920000 11472
1512146920000 11473
1512146920000 11473
1512146920000 11473
1512146920000 11473
1512146920000 11473
1512146920000 11473
1512146920000 11473
1512146920000 11474
1512146920000 11474
1512146920000 11474
1512146920000 11474
1512146920000 11474
1512146920000 11474
1512146920000 11474
1512146920000 11475
1512146920000 11475
1512146920000 11475
1512146920000 11475
1512146920000 11475
1512146920000 11475
1512146920000 11475
1512146920000 11476
1512146920000 11476
1512146920000 11476
1512146920000 11476
1512146920000 11476
1512146920000 11476
1512146920000 11476
1512146920000 11477
1512146920000 11477
1512146920000 11477
1512146920000 11477
1512146920000 11477
1512146920000 11477
1512146920000 11478
1512146920000 11478
1512146920000 11478
1512146920000 11478
1512146920000 11478
1512146920000 11478
1512146920000 11479
1512146920000 11479
1512146920000 11479
1512146920000 11479
1512146920000 11479
1512146920000 11479
1512146930000 9557
1512146930000 9557
1512146930000 9557
1512146930000 9557
1512146930000 9558
1512146930000 9558
1512146930000 9558
1512146930000 9558
1512146930000 9558
1512146930000 9558
1512146930000 9558
1512146930000 9559
1512146930000 9559
1512146930000 9559
1512146930000 9559
1512146930000 9559
1512146930000 9559
1512146930000 9560
1512146930000 9560
1512146930000 9560
1512146930000 9560
1512146930000 9560
1512146930000 9560
1512146930000 9560
1512146930000 9561
1512146930000 9561
1512146930000 9561
1512146930000 9561
1512146930000 9561
1512146930000 9561
1512146930000 9562
1512146930000 9562
1512146930000 9562
1512146930000 9562
1512146930000 9562
1512146930000 9562
1512146930000 9562
1512146930000 9563
1512146930000 9563
1512146930000 9563
1512146930000 9563
1512146930000 9563
1512146930000 9563
1512146930000 9564
1512146930000 9564
1512146930000 9564
1512146930000 9564
1512146930000 9564
1512146930000 9564
1512146930000 9564
1512146930000 9565
1512146930000 9565
1512146930000 9565
1512146930000 9565
1512146930000 9565
1512146930000 9565
1512146930000 9566
1512146930000 9566
1512146930000 9566
1512146930000 9566
1512146930000 9566
1512146930000 9566
1512146930000 9566
1512146930000 9567
1512146930000 9567
1512146930000 9567
1512146930000 9567
1512146930000 9567
1512146930000 9567
1512146930000 9568
1512146930000 9568
1512146930000 9568
1512146930000 9568
1512146930000 9568
1512146930000 9568
1512146930000 9569
1512146930000 9569
1512146930000 9569
1512146930000 9569
1512146930000 9569
1512146930000 9569
1512146930000 9569
1512146930000 9570
1512146930000 9570
1512146930000 9570
1512146930000 9570
1512146930000 9570
1512146930000 9570
1512146930000 9571
1512146930000 9571
1512146930000 9571
1512146930000 9571
1512146930000 9571
1512146930000 9571
1512146930000 9571
1512146930000 9572
1512146930000 9572
1512146930000 9572
1512146930000 9572
1512146930000 9572
