1512117970000 344
1512117970000 344
1512117970000 344
1512117970000 344
1512117970000 344
1512117970000 344
1512117970000 344
1512117970000 344
1512117970000 344
1512117970000 344
1512117970000 344
1512117970000 344
1512117970000 344
1512117970000 344
1512117970000 344
1512117970000 344
1512117970000 344
1512117970000 344
1512117970000 345
1512117970000 345
1512117970000 345
1512117970000 345
1512117970000 345
1512117970000 345
1512117970000 345
1512117970000 345
1512117970000 345
1512117970000 345
1512117970000 345
1512117970000 345
1512117970000 345
1512117970000 345
1512117970000 345
1512117970000 345
1512117970000 345
1512117970000 345
1512117970000 345
1512117970000 345
1512117970000 346
1512117970000 346
1512117970000 346
1512117970000 346
1512117970000 346
1512117970000 346
1512117970000 346
1512117970000 346
1512117970000 346
1512117970000 346
1512117970000 346
1512117970000 346
1512117970000 346
1512117970000 346
1512117970000 346
1512117970000 346
1512117970000 347
1512117970000 347
1512117970000 347
1512117970000 347
1512117970000 347
1512117970000 347
1512117970000 348
1512117970000 348
1512117970000 348
1512117970000 353
1512117970000 353
1512117970000 353
1512117970000 353
1512117970000 353
1512117970000 353
1512117970000 353
1512117970000 353
1512117970000 353
1512117970000 353
1512117970000 353
1512117970000 354
1512117970000 354
1512117970000 354
1512117970000 354
1512117970000 354
1512117970000 354
1512117970000 354
1512117970000 354
1512117970000 355
1512117970000 357
1512117970000 358
1512117970000 359
1512117970000 359
1512117970000 360
1512117970000 360
1512117970000 360
1512117970000 360
1512117970000 361
1512117970000 361
1512117970000 376
1512117970000 377
1512117970000 653
1512117970000 654
1512117970000 664
1512117970000 665
1512117970000 665
1512117980000 319
1512117980000 319
1512117980000 319
1512117980000 319
1512117980000 319
1512117980000 319
1512117980000 319
1512117980000 320
1512117980000 320
1512117980000 320
1512117980000 320
1512117980000 320
1512117980000 320
1512117980000 320
1512117980000 320
1512117980000 320
1512117980000 320
1512117980000 320
1512117980000 320
1512117980000 320
1512117980000 320
1512117980000 320
1512117980000 320
1512117980000 320
1512117980000 320
1512117980000 320
1512117980000 320
1512117980000 320
1512117980000 320
1512117980000 320
1512117980000 320
1512117980000 320
1512117980000 320
1512117980000 320
1512117980000 320
1512117980000 320
1512117980000 320
1512117980000 320
1512117980000 320
1512117980000 320
1512117980000 320
1512117980000 320
1512117980000 320
1512117980000 321
1512117980000 321
1512117980000 321
1512117980000 321
1512117980000 321
1512117980000 321
1512117980000 321
1512117980000 321
1512117980000 321
1512117980000 321
1512117980000 321
1512117980000 321
1512117980000 321
1512117980000 321
1512117980000 321
1512117980000 321
1512117980000 321
1512117980000 321
1512117980000 321
1512117980000 321
1512117980000 321
1512117980000 321
1512117980000 321
1512117980000 322
1512117980000 322
1512117980000 322
1512117980000 322
1512117980000 322
1512117980000 322
1512117980000 322
1512117980000 322
1512117980000 322
1512117980000 322
1512117980000 322
1512117980000 322
1512117980000 322
1512117980000 322
1512117980000 322
1512117980000 322
1512117980000 322
1512117980000 322
1512117980000 322
1512117980000 323
1512117980000 323
1512117980000 323
1512117980000 323
1512117980000 323
1512117980000 324
1512117980000 324
1512117980000 324
1512117980000 325
1512117980000 325
1512117980000 330
1512117980000 331
1512117980000 331
1512117980000 331
1512117980000 569
1512117990000 355
1512117990000 356
1512117990000 356
1512117990000 356
1512117990000 356
1512117990000 356
1512117990000 356
1512117990000 356
1512117990000 356
1512117990000 356
1512117990000 356
1512117990000 356
1512117990000 356
1512117990000 356
1512117990000 356
1512117990000 356
1512117990000 356
1512117990000 356
1512117990000 356
1512117990000 356
1512117990000 356
1512117990000 356
1512117990000 356
1512117990000 356
1512117990000 356
1512117990000 356
1512117990000 356
1512117990000 356
1512117990000 357
1512117990000 357
1512117990000 357
1512117990000 357
1512117990000 357
1512117990000 357
1512117990000 357
1512117990000 357
1512117990000 357
1512117990000 357
1512117990000 357
1512117990000 357
1512117990000 357
1512117990000 357
1512117990000 357
1512117990000 357
1512117990000 357
1512117990000 357
1512117990000 357
1512117990000 357
1512117990000 357
1512117990000 357
1512117990000 357
1512117990000 357
1512117990000 357
1512117990000 357
1512117990000 357
1512117990000 357
1512117990000 357
1512117990000 357
1512117990000 358
1512117990000 358
1512117990000 358
1512117990000 358
1512117990000 358
1512117990000 358
1512117990000 358
1512117990000 358
1512117990000 358
1512117990000 358
1512117990000 358
1512117990000 358
1512117990000 358
1512117990000 358
1512117990000 358
1512117990000 358
1512117990000 358
1512117990000 358
1512117990000 358
1512117990000 358
1512117990000 358
1512117990000 358
1512117990000 358
1512117990000 359
1512117990000 359
1512117990000 359
1512117990000 359
1512117990000 359
1512117990000 359
1512117990000 359
1512117990000 579
1512117990000 579
1512117990000 580
1512117990000 592
1512117990000 593
1512117990000 609
1512117990000 609
1512117990000 609
1512117990000 610
1512117990000 666
1512117990000 667
1512117990000 668
1512118000000 331
1512118000000 331
1512118000000 331
1512118000000 331
1512118000000 331
1512118000000 331
1512118000000 331
1512118000000 331
1512118000000 331
1512118000000 331
1512118000000 331
1512118000000 331
1512118000000 331
1512118000000 331
1512118000000 331
1512118000000 331
1512118000000 331
1512118000000 331
1512118000000 331
1512118000000 331
1512118000000 331
1512118000000 331
1512118000000 332
1512118000000 332
1512118000000 332
1512118000000 332
1512118000000 332
1512118000000 332
1512118000000 332
1512118000000 332
1512118000000 332
1512118000000 332
1512118000000 332
1512118000000 332
1512118000000 332
1512118000000 332
1512118000000 332
1512118000000 332
1512118000000 332
1512118000000 332
1512118000000 332
1512118000000 332
1512118000000 332
1512118000000 332
1512118000000 332
1512118000000 332
1512118000000 332
1512118000000 332
1512118000000 332
1512118000000 332
1512118000000 332
1512118000000 332
1512118000000 332
1512118000000 332
1512118000000 332
1512118000000 332
1512118000000 332
1512118000000 332
1512118000000 332
1512118000000 332
1512118000000 333
1512118000000 333
1512118000000 333
1512118000000 333
1512118000000 333
1512118000000 333
1512118000000 333
1512118000000 333
1512118000000 333
1512118000000 334
1512118000000 334
1512118000000 334
1512118000000 340
1512118000000 340
1512118000000 342
1512118000000 342
1512118000000 343
1512118000000 343
1512118000000 647
1512118000000 649
1512118000000 650
1512118000000 654
1512118000000 663
1512118000000 663
1512118000000 664
1512118000000 664
1512118000000 669
1512118000000 677
1512118000000 677
1512118000000 678
1512118000000 678
1512118000000 679
1512118000000 689
1512118000000 689
1512118000000 689
1512118000000 690
1512118000000 690
1512118000000 707
1512118000000 707
1512118000000 708
1512118010000 315
1512118010000 315
1512118010000 315
1512118010000 315
1512118010000 315
1512118010000 315
1512118010000 315
1512118010000 316
1512118010000 316
1512118010000 316
1512118010000 316
1512118010000 316
1512118010000 316
1512118010000 316
1512118010000 316
1512118010000 316
1512118010000 316
1512118010000 316
1512118010000 316
1512118010000 316
1512118010000 316
1512118010000 316
1512118010000 316
1512118010000 316
1512118010000 316
1512118010000 316
1512118010000 316
1512118010000 316
1512118010000 316
1512118010000 316
1512118010000 316
1512118010000 316
1512118010000 316
1512118010000 316
1512118010000 316
1512118010000 316
1512118010000 316
1512118010000 316
1512118010000 316
1512118010000 316
1512118010000 316
1512118010000 316
1512118010000 316
1512118010000 316
1512118010000 316
1512118010000 316
1512118010000 317
1512118010000 317
1512118010000 317
1512118010000 317
1512118010000 317
1512118010000 317
1512118010000 317
1512118010000 317
1512118010000 317
1512118010000 317
1512118010000 317
1512118010000 317
1512118010000 317
1512118010000 317
1512118010000 317
1512118010000 317
1512118010000 317
1512118010000 317
1512118010000 317
1512118010000 317
1512118010000 317
1512118010000 317
1512118010000 317
1512118010000 317
1512118010000 317
1512118010000 317
1512118010000 318
1512118010000 318
1512118010000 318
1512118010000 318
1512118010000 318
1512118010000 318
1512118010000 318
1512118010000 318
1512118010000 318
1512118010000 318
1512118010000 318
1512118010000 318
1512118010000 318
1512118010000 318
1512118010000 318
1512118010000 318
1512118010000 318
1512118010000 318
1512118010000 318
1512118010000 318
1512118010000 319
1512118010000 319
1512118010000 319
1512118010000 320
1512118010000 320
1512118010000 601
1512118010000 601
1512118010000 602
1512118020000 317
1512118020000 317
1512118020000 317
1512118020000 317
1512118020000 317
1512118020000 317
1512118020000 317
1512118020000 317
1512118020000 317
1512118020000 318
1512118020000 318
1512118020000 318
1512118020000 318
1512118020000 318
1512118020000 318
1512118020000 318
1512118020000 318
1512118020000 318
1512118020000 318
1512118020000 318
1512118020000 318
1512118020000 318
1512118020000 318
1512118020000 318
1512118020000 318
1512118020000 318
1512118020000 318
1512118020000 318
1512118020000 318
1512118020000 318
1512118020000 318
1512118020000 318
1512118020000 318
1512118020000 318
1512118020000 318
1512118020000 318
1512118020000 318
1512118020000 318
1512118020000 318
1512118020000 318
1512118020000 318
1512118020000 318
1512118020000 318
1512118020000 318
1512118020000 318
1512118020000 318
1512118020000 318
1512118020000 318
1512118020000 318
1512118020000 319
1512118020000 319
1512118020000 319
1512118020000 319
1512118020000 319
1512118020000 319
1512118020000 319
1512118020000 319
1512118020000 319
1512118020000 319
1512118020000 319
1512118020000 319
1512118020000 319
1512118020000 319
1512118020000 319
1512118020000 319
1512118020000 319
1512118020000 319
1512118020000 319
1512118020000 319
1512118020000 319
1512118020000 319
1512118020000 319
1512118020000 320
1512118020000 320
1512118020000 320
1512118020000 320
1512118020000 320
1512118020000 320
1512118020000 320
1512118020000 320
1512118020000 320
1512118020000 320
1512118020000 320
1512118020000 320
1512118020000 320
1512118020000 320
1512118020000 320
1512118020000 320
1512118020000 320
1512118020000 320
1512118020000 320
1512118020000 320
1512118020000 320
1512118020000 321
1512118020000 321
1512118020000 321
1512118020000 321
1512118020000 321
1512118020000 321
1512118020000 321
1512118030000 331
1512118030000 331
1512118030000 332
1512118030000 332
1512118030000 332
1512118030000 332
1512118030000 332
1512118030000 332
1512118030000 332
1512118030000 332
1512118030000 332
1512118030000 332
1512118030000 332
1512118030000 332
1512118030000 332
1512118030000 332
1512118030000 332
1512118030000 332
1512118030000 332
1512118030000 332
1512118030000 332
1512118030000 332
1512118030000 332
1512118030000 332
1512118030000 332
1512118030000 332
1512118030000 332
1512118030000 332
1512118030000 332
1512118030000 332
1512118030000 332
1512118030000 332
1512118030000 332
1512118030000 332
1512118030000 332
1512118030000 332
1512118030000 332
1512118030000 332
1512118030000 332
1512118030000 332
1512118030000 332
1512118030000 332
1512118030000 332
1512118030000 332
1512118030000 333
1512118030000 333
1512118030000 333
1512118030000 333
1512118030000 333
1512118030000 333
1512118030000 333
1512118030000 333
1512118030000 333
1512118030000 333
1512118030000 333
1512118030000 333
1512118030000 333
1512118030000 333
1512118030000 333
1512118030000 333
1512118030000 333
1512118030000 333
1512118030000 333
1512118030000 333
1512118030000 333
1512118030000 333
1512118030000 333
1512118030000 334
1512118030000 334
1512118030000 334
1512118030000 334
1512118030000 334
1512118030000 334
1512118030000 334
1512118030000 334
1512118030000 334
1512118030000 334
1512118030000 334
1512118030000 334
1512118030000 334
1512118030000 334
1512118030000 334
1512118030000 334
1512118030000 334
1512118030000 334
1512118030000 334
1512118030000 334
1512118030000 334
1512118030000 335
1512118030000 335
1512118030000 353
1512118030000 353
1512118030000 353
1512118030000 357
1512118030000 359
1512118030000 359
1512118030000 359
1512118030000 360
1512118030000 361
1512118030000 361
1512118040000 321
1512118040000 321
1512118040000 322
1512118040000 322
1512118040000 322
1512118040000 322
1512118040000 322
1512118040000 322
1512118040000 322
1512118040000 322
1512118040000 322
1512118040000 322
1512118040000 322
1512118040000 322
1512118040000 322
1512118040000 322
1512118040000 322
1512118040000 322
1512118040000 322
1512118040000 322
1512118040000 323
1512118040000 323
1512118040000 323
1512118040000 323
1512118040000 323
1512118040000 323
1512118040000 323
1512118040000 323
1512118040000 323
1512118040000 323
1512118040000 323
1512118040000 323
1512118040000 323
1512118040000 323
1512118040000 323
1512118040000 323
1512118040000 323
1512118040000 323
1512118040000 323
1512118040000 323
1512118040000 323
1512118040000 323
1512118040000 324
1512118040000 324
1512118040000 324
1512118040000 324
1512118040000 324
1512118040000 324
1512118040000 324
1512118040000 324
1512118040000 324
1512118040000 324
1512118040000 324
1512118040000 324
1512118040000 324
1512118040000 324
1512118040000 324
1512118040000 324
1512118040000 324
1512118040000 324
1512118040000 324
1512118040000 324
1512118040000 324
1512118040000 324
1512118040000 325
1512118040000 325
1512118040000 325
1512118040000 325
1512118040000 325
1512118040000 325
1512118040000 325
1512118040000 325
1512118040000 325
1512118040000 325
1512118040000 325
1512118040000 325
1512118040000 326
1512118040000 327
1512118040000 327
1512118040000 328
1512118040000 329
1512118040000 337
1512118040000 337
1512118040000 337
1512118040000 337
1512118040000 338
1512118040000 338
1512118040000 339
1512118040000 346
1512118040000 347
1512118040000 598
1512118040000 598
1512118040000 609
1512118040000 610
1512118040000 610
1512118040000 628
1512118040000 629
1512118040000 629
1512118040000 688
1512118040000 688
1512118050000 328
1512118050000 329
1512118050000 329
1512118050000 329
1512118050000 329
1512118050000 329
1512118050000 329
1512118050000 329
1512118050000 329
1512118050000 330
1512118050000 330
1512118050000 330
1512118050000 330
1512118050000 330
1512118050000 330
1512118050000 330
1512118050000 331
1512118050000 331
1512118050000 331
1512118050000 331
1512118050000 331
1512118050000 331
1512118050000 332
1512118050000 332
1512118050000 332
1512118050000 332
1512118050000 332
1512118050000 332
1512118050000 332
1512118050000 332
1512118050000 333
1512118050000 333
1512118050000 333
1512118050000 333
1512118050000 334
1512118050000 334
1512118050000 334
1512118050000 334
1512118050000 334
1512118050000 334
1512118050000 334
1512118050000 335
1512118050000 335
1512118050000 335
1512118050000 335
1512118050000 335
1512118050000 335
1512118050000 335
1512118050000 335
1512118050000 335
1512118050000 335
1512118050000 335
1512118050000 335
1512118050000 335
1512118050000 335
1512118050000 335
1512118050000 335
1512118050000 335
1512118050000 335
1512118050000 335
1512118050000 335
1512118050000 335
1512118050000 335
1512118050000 336
1512118050000 336
1512118050000 336
1512118050000 336
1512118050000 336
1512118050000 336
1512118050000 336
1512118050000 336
1512118050000 336
1512118050000 336
1512118050000 336
1512118050000 336
1512118050000 336
1512118050000 336
1512118050000 336
1512118050000 337
1512118050000 337
1512118050000 337
1512118050000 337
1512118050000 338
1512118050000 340
1512118050000 341
1512118050000 341
1512118050000 342
1512118050000 362
1512118050000 362
1512118050000 571
1512118050000 579
1512118050000 581
1512118050000 588
1512118050000 591
1512118050000 591
1512118050000 594
1512118050000 594
1512118050000 595
1512118050000 602
1512118050000 603
1512118060000 424
1512118060000 424
1512118060000 425
1512118060000 425
1512118060000 425
1512118060000 425
1512118060000 425
1512118060000 425
1512118060000 425
1512118060000 425
1512118060000 425
1512118060000 425
1512118060000 425
1512118060000 425
1512118060000 425
1512118060000 425
1512118060000 425
1512118060000 425
1512118060000 425
1512118060000 425
1512118060000 425
1512118060000 425
1512118060000 425
1512118060000 425
1512118060000 425
1512118060000 425
1512118060000 425
1512118060000 425
1512118060000 426
1512118060000 426
1512118060000 426
1512118060000 426
1512118060000 426
1512118060000 426
1512118060000 426
1512118060000 426
1512118060000 426
1512118060000 426
1512118060000 426
1512118060000 426
1512118060000 426
1512118060000 426
1512118060000 426
1512118060000 426
1512118060000 426
1512118060000 426
1512118060000 426
1512118060000 426
1512118060000 426
1512118060000 426
1512118060000 426
1512118060000 426
1512118060000 427
1512118060000 427
1512118060000 427
1512118060000 427
1512118060000 427
1512118060000 427
1512118060000 427
1512118060000 427
1512118060000 427
1512118060000 427
1512118060000 427
1512118060000 427
1512118060000 427
1512118060000 427
1512118060000 427
1512118060000 427
1512118060000 427
1512118060000 427
1512118060000 427
1512118060000 427
1512118060000 427
1512118060000 427
1512118060000 427
1512118060000 427
1512118060000 427
1512118060000 427
1512118060000 427
1512118060000 427
1512118060000 427
1512118060000 427
1512118060000 427
1512118060000 428
1512118060000 428
1512118060000 428
1512118060000 428
1512118060000 428
1512118060000 428
1512118060000 428
1512118060000 428
1512118060000 430
1512118060000 431
1512118060000 431
1512118060000 445
1512118060000 446
1512118060000 449
1512118060000 449
1512118060000 449
1512118060000 450
1512118070000 419
1512118070000 420
1512118070000 420
1512118070000 420
1512118070000 420
1512118070000 420
1512118070000 420
1512118070000 420
1512118070000 420
1512118070000 420
1512118070000 420
1512118070000 420
1512118070000 420
1512118070000 420
1512118070000 420
1512118070000 420
1512118070000 420
1512118070000 420
1512118070000 420
1512118070000 420
1512118070000 420
1512118070000 420
1512118070000 420
1512118070000 420
1512118070000 420
1512118070000 420
1512118070000 420
1512118070000 420
1512118070000 420
1512118070000 420
1512118070000 421
1512118070000 421
1512118070000 421
1512118070000 421
1512118070000 421
1512118070000 421
1512118070000 421
1512118070000 421
1512118070000 421
1512118070000 421
1512118070000 421
1512118070000 421
1512118070000 421
1512118070000 421
1512118070000 421
1512118070000 421
1512118070000 421
1512118070000 421
1512118070000 421
1512118070000 421
1512118070000 421
1512118070000 421
1512118070000 421
1512118070000 422
1512118070000 422
1512118070000 422
1512118070000 422
1512118070000 422
1512118070000 422
1512118070000 422
1512118070000 422
1512118070000 422
1512118070000 422
1512118070000 422
1512118070000 422
1512118070000 422
1512118070000 422
1512118070000 422
1512118070000 422
1512118070000 422
1512118070000 422
1512118070000 422
1512118070000 423
1512118070000 423
1512118070000 423
1512118070000 426
1512118070000 426
1512118070000 428
1512118070000 429
1512118070000 429
1512118070000 562
1512118070000 563
1512118070000 564
1512118070000 566
1512118070000 567
1512118070000 576
1512118070000 585
1512118070000 589
1512118070000 590
1512118070000 590
1512118070000 591
1512118070000 594
1512118070000 595
1512118070000 595
1512118070000 596
1512118070000 596
1512118070000 600
1512118070000 601
1512118070000 612
1512118070000 612
1512118080000 333
1512118080000 333
1512118080000 333
1512118080000 333
1512118080000 333
1512118080000 333
1512118080000 333
1512118080000 333
1512118080000 333
1512118080000 333
1512118080000 333
1512118080000 333
1512118080000 333
1512118080000 333
1512118080000 333
1512118080000 333
1512118080000 333
1512118080000 333
1512118080000 333
1512118080000 333
1512118080000 334
1512118080000 334
1512118080000 334
1512118080000 334
1512118080000 334
1512118080000 334
1512118080000 334
1512118080000 334
1512118080000 334
1512118080000 334
1512118080000 334
1512118080000 334
1512118080000 334
1512118080000 334
1512118080000 334
1512118080000 334
1512118080000 334
1512118080000 334
1512118080000 334
1512118080000 334
1512118080000 334
1512118080000 334
1512118080000 334
1512118080000 334
1512118080000 334
1512118080000 334
1512118080000 334
1512118080000 334
1512118080000 334
1512118080000 334
1512118080000 334
1512118080000 335
1512118080000 335
1512118080000 335
1512118080000 335
1512118080000 335
1512118080000 335
1512118080000 335
1512118080000 335
1512118080000 335
1512118080000 335
1512118080000 335
1512118080000 335
1512118080000 335
1512118080000 335
1512118080000 335
1512118080000 335
1512118080000 335
1512118080000 335
1512118080000 335
1512118080000 335
1512118080000 335
1512118080000 335
1512118080000 336
1512118080000 336
1512118080000 336
1512118080000 336
1512118080000 336
1512118080000 336
1512118080000 336
1512118080000 336
1512118080000 336
1512118080000 336
1512118080000 336
1512118080000 336
1512118080000 336
1512118080000 336
1512118080000 336
1512118080000 337
1512118080000 337
1512118080000 337
1512118080000 337
1512118080000 337
1512118080000 337
1512118080000 337
1512118080000 341
1512118080000 343
1512118080000 343
1512118080000 344
1512118080000 588
1512118090000 303
1512118090000 303
1512118090000 303
1512118090000 303
1512118090000 304
1512118090000 304
1512118090000 304
1512118090000 304
1512118090000 304
1512118090000 304
1512118090000 304
1512118090000 304
1512118090000 304
1512118090000 304
1512118090000 304
1512118090000 304
1512118090000 304
1512118090000 304
1512118090000 305
1512118090000 305
1512118090000 305
1512118090000 305
1512118090000 305
1512118090000 305
1512118090000 305
1512118090000 305
1512118090000 305
1512118090000 305
1512118090000 305
1512118090000 305
1512118090000 305
1512118090000 305
1512118090000 305
1512118090000 305
1512118090000 305
1512118090000 305
1512118090000 305
1512118090000 306
1512118090000 306
1512118090000 306
1512118090000 306
1512118090000 306
1512118090000 306
1512118090000 306
1512118090000 306
1512118090000 306
1512118090000 306
1512118090000 306
1512118090000 306
1512118090000 306
1512118090000 306
1512118090000 307
1512118090000 307
1512118090000 307
1512118090000 307
1512118090000 307
1512118090000 307
1512118090000 307
1512118090000 307
1512118090000 307
1512118090000 307
1512118090000 307
1512118090000 307
1512118090000 307
1512118090000 307
1512118090000 307
1512118090000 308
1512118090000 308
1512118090000 308
1512118090000 308
1512118090000 308
1512118090000 308
1512118090000 308
1512118090000 308
1512118090000 308
1512118090000 308
1512118090000 308
1512118090000 308
1512118090000 308
1512118090000 308
1512118090000 308
1512118090000 308
1512118090000 308
1512118090000 308
1512118090000 308
1512118090000 308
1512118090000 309
1512118090000 309
1512118090000 309
1512118090000 309
1512118090000 309
1512118090000 309
1512118090000 309
1512118090000 309
1512118090000 309
1512118090000 309
1512118090000 310
1512118090000 310
1512118090000 310
1512118090000 310
1512118100000 329
1512118100000 329
1512118100000 329
1512118100000 329
1512118100000 329
1512118100000 329
1512118100000 329
1512118100000 329
1512118100000 329
1512118100000 329
1512118100000 329
1512118100000 329
1512118100000 329
1512118100000 330
1512118100000 330
1512118100000 330
1512118100000 330
1512118100000 330
1512118100000 330
1512118100000 330
1512118100000 330
1512118100000 330
1512118100000 330
1512118100000 330
1512118100000 330
1512118100000 330
1512118100000 330
1512118100000 330
1512118100000 330
1512118100000 330
1512118100000 330
1512118100000 330
1512118100000 330
1512118100000 330
1512118100000 330
1512118100000 330
1512118100000 330
1512118100000 330
1512118100000 330
1512118100000 331
1512118100000 331
1512118100000 331
1512118100000 331
1512118100000 331
1512118100000 331
1512118100000 331
1512118100000 331
1512118100000 332
1512118100000 332
1512118100000 332
1512118100000 332
1512118100000 332
1512118100000 332
1512118100000 332
1512118100000 332
1512118100000 332
1512118100000 332
1512118100000 332
1512118100000 332
1512118100000 332
1512118100000 332
1512118100000 332
1512118100000 332
1512118100000 332
1512118100000 333
1512118100000 333
1512118100000 333
1512118100000 333
1512118100000 333
1512118100000 333
1512118100000 333
1512118100000 333
1512118100000 333
1512118100000 333
1512118100000 334
1512118100000 334
1512118100000 351
1512118100000 351
1512118100000 351
1512118100000 352
1512118100000 588
1512118100000 594
1512118100000 596
1512118100000 596
1512118100000 597
1512118100000 597
1512118100000 603
1512118100000 603
1512118100000 604
1512118100000 604
1512118100000 606
1512118100000 606
1512118100000 608
1512118100000 608
1512118100000 619
1512118100000 620
1512118100000 621
1512118100000 638
1512118100000 639
1512118100000 639
1512118110000 330
1512118110000 330
1512118110000 330
1512118110000 330
1512118110000 330
1512118110000 330
1512118110000 330
1512118110000 330
1512118110000 330
1512118110000 330
1512118110000 330
1512118110000 330
1512118110000 330
1512118110000 330
1512118110000 330
1512118110000 330
1512118110000 330
1512118110000 330
1512118110000 330
1512118110000 330
1512118110000 330
1512118110000 330
1512118110000 331
1512118110000 331
1512118110000 331
1512118110000 331
1512118110000 331
1512118110000 331
1512118110000 331
1512118110000 331
1512118110000 331
1512118110000 331
1512118110000 331
1512118110000 331
1512118110000 331
1512118110000 331
1512118110000 331
1512118110000 331
1512118110000 331
1512118110000 331
1512118110000 331
1512118110000 331
1512118110000 331
1512118110000 331
1512118110000 331
1512118110000 331
1512118110000 331
1512118110000 331
1512118110000 332
1512118110000 332
1512118110000 332
1512118110000 332
1512118110000 332
1512118110000 332
1512118110000 332
1512118110000 332
1512118110000 332
1512118110000 332
1512118110000 332
1512118110000 332
1512118110000 332
1512118110000 332
1512118110000 332
1512118110000 332
1512118110000 332
1512118110000 332
1512118110000 332
1512118110000 332
1512118110000 332
1512118110000 332
1512118110000 332
1512118110000 332
1512118110000 332
1512118110000 332
1512118110000 332
1512118110000 332
1512118110000 333
1512118110000 333
1512118110000 333
1512118110000 333
1512118110000 333
1512118110000 333
1512118110000 333
1512118110000 333
1512118110000 333
1512118110000 333
1512118110000 333
1512118110000 333
1512118110000 333
1512118110000 334
1512118110000 334
1512118110000 591
1512118110000 592
1512118110000 618
1512118110000 619
1512118110000 631
1512118110000 632
1512118110000 633
1512118110000 651
1512118110000 652
1512118120000 308
1512118120000 308
1512118120000 308
1512118120000 309
1512118120000 309
1512118120000 309
1512118120000 309
1512118120000 309
1512118120000 309
1512118120000 309
1512118120000 309
1512118120000 309
1512118120000 309
1512118120000 309
1512118120000 309
1512118120000 309
1512118120000 309
1512118120000 309
1512118120000 309
1512118120000 309
1512118120000 309
1512118120000 309
1512118120000 309
1512118120000 309
1512118120000 309
1512118120000 309
1512118120000 309
1512118120000 309
1512118120000 310
1512118120000 310
1512118120000 310
1512118120000 310
1512118120000 310
1512118120000 310
1512118120000 310
1512118120000 310
1512118120000 310
1512118120000 310
1512118120000 310
1512118120000 310
1512118120000 310
1512118120000 310
1512118120000 310
1512118120000 310
1512118120000 310
1512118120000 310
1512118120000 311
1512118120000 311
1512118120000 311
1512118120000 311
1512118120000 311
1512118120000 311
1512118120000 311
1512118120000 311
1512118120000 311
1512118120000 311
1512118120000 311
1512118120000 311
1512118120000 311
1512118120000 311
1512118120000 311
1512118120000 312
1512118120000 312
1512118120000 312
1512118120000 312
1512118120000 312
1512118120000 312
1512118120000 312
1512118120000 312
1512118120000 312
1512118120000 312
1512118120000 312
1512118120000 312
1512118120000 312
1512118120000 312
1512118120000 312
1512118120000 312
1512118120000 312
1512118120000 312
1512118120000 312
1512118120000 312
1512118120000 313
1512118120000 313
1512118120000 313
1512118120000 313
1512118120000 313
1512118120000 313
1512118120000 313
1512118120000 313
1512118120000 313
1512118120000 313
1512118120000 313
1512118120000 313
1512118120000 314
1512118120000 314
1512118120000 596
1512118120000 609
1512118120000 610
1512118120000 628
1512118120000 628
1512118130000 319
1512118130000 319
1512118130000 319
1512118130000 319
1512118130000 319
1512118130000 319
1512118130000 319
1512118130000 319
1512118130000 319
1512118130000 319
1512118130000 319
1512118130000 319
1512118130000 319
1512118130000 319
1512118130000 320
1512118130000 320
1512118130000 320
1512118130000 320
1512118130000 320
1512118130000 320
1512118130000 320
1512118130000 320
1512118130000 320
1512118130000 320
1512118130000 320
1512118130000 320
1512118130000 320
1512118130000 320
1512118130000 320
1512118130000 320
1512118130000 320
1512118130000 320
1512118130000 320
1512118130000 320
1512118130000 320
1512118130000 320
1512118130000 320
1512118130000 320
1512118130000 320
1512118130000 320
1512118130000 320
1512118130000 320
1512118130000 320
1512118130000 321
1512118130000 321
1512118130000 321
1512118130000 321
1512118130000 321
1512118130000 321
1512118130000 321
1512118130000 321
1512118130000 321
1512118130000 321
1512118130000 322
1512118130000 322
1512118130000 322
1512118130000 322
1512118130000 322
1512118130000 322
1512118130000 322
1512118130000 322
1512118130000 322
1512118130000 322
1512118130000 322
1512118130000 322
1512118130000 322
1512118130000 322
1512118130000 322
1512118130000 322
1512118130000 322
1512118130000 322
1512118130000 323
1512118130000 323
1512118130000 323
1512118130000 323
1512118130000 323
1512118130000 323
1512118130000 323
1512118130000 324
1512118130000 324
1512118130000 324
1512118130000 324
1512118130000 324
1512118130000 324
1512118130000 336
1512118130000 336
1512118130000 344
1512118130000 344
1512118130000 584
1512118130000 587
1512118130000 588
1512118130000 626
1512118130000 627
1512118130000 627
1512118130000 627
1512118130000 627
1512118130000 628
1512118130000 628
1512118130000 638
1512118130000 638
1512118140000 326
1512118140000 326
1512118140000 326
1512118140000 326
1512118140000 326
1512118140000 326
1512118140000 326
1512118140000 326
1512118140000 326
1512118140000 326
1512118140000 326
1512118140000 326
1512118140000 326
1512118140000 326
1512118140000 326
1512118140000 327
1512118140000 327
1512118140000 327
1512118140000 327
1512118140000 327
1512118140000 327
1512118140000 327
1512118140000 327
1512118140000 327
1512118140000 327
1512118140000 327
1512118140000 327
1512118140000 327
1512118140000 327
1512118140000 327
1512118140000 327
1512118140000 327
1512118140000 327
1512118140000 327
1512118140000 327
1512118140000 327
1512118140000 327
1512118140000 327
1512118140000 327
1512118140000 327
1512118140000 327
1512118140000 328
1512118140000 328
1512118140000 328
1512118140000 328
1512118140000 328
1512118140000 328
1512118140000 328
1512118140000 328
1512118140000 328
1512118140000 328
1512118140000 328
1512118140000 328
1512118140000 328
1512118140000 328
1512118140000 328
1512118140000 328
1512118140000 329
1512118140000 329
1512118140000 329
1512118140000 329
1512118140000 329
1512118140000 329
1512118140000 329
1512118140000 329
1512118140000 329
1512118140000 329
1512118140000 329
1512118140000 329
1512118140000 329
1512118140000 329
1512118140000 329
1512118140000 330
1512118140000 330
1512118140000 330
1512118140000 330
1512118140000 330
1512118140000 330
1512118140000 330
1512118140000 330
1512118140000 330
1512118140000 330
1512118140000 330
1512118140000 330
1512118140000 331
1512118140000 331
1512118140000 331
1512118140000 331
1512118140000 331
1512118140000 331
1512118140000 331
1512118140000 332
1512118140000 577
1512118140000 577
1512118140000 587
1512118140000 587
1512118140000 627
1512118140000 627
1512118140000 628
1512118140000 628
1512118150000 315
1512118150000 315
1512118150000 315
1512118150000 315
1512118150000 315
1512118150000 315
1512118150000 315
1512118150000 315
1512118150000 316
1512118150000 316
1512118150000 316
1512118150000 316
1512118150000 316
1512118150000 316
1512118150000 316
1512118150000 316
1512118150000 316
1512118150000 316
1512118150000 316
1512118150000 316
1512118150000 316
1512118150000 316
1512118150000 316
1512118150000 316
1512118150000 316
1512118150000 316
1512118150000 316
1512118150000 316
1512118150000 316
1512118150000 316
1512118150000 316
1512118150000 316
1512118150000 316
1512118150000 316
1512118150000 316
1512118150000 316
1512118150000 316
1512118150000 316
1512118150000 316
1512118150000 316
1512118150000 316
1512118150000 316
1512118150000 316
1512118150000 316
1512118150000 316
1512118150000 316
1512118150000 316
1512118150000 316
1512118150000 316
1512118150000 316
1512118150000 316
1512118150000 316
1512118150000 317
1512118150000 317
1512118150000 317
1512118150000 317
1512118150000 317
1512118150000 317
1512118150000 317
1512118150000 317
1512118150000 317
1512118150000 317
1512118150000 317
1512118150000 317
1512118150000 317
1512118150000 317
1512118150000 317
1512118150000 317
1512118150000 317
1512118150000 317
1512118150000 317
1512118150000 318
1512118150000 318
1512118150000 318
1512118150000 318
1512118150000 318
1512118150000 318
1512118150000 318
1512118150000 318
1512118150000 318
1512118150000 318
1512118150000 318
1512118150000 318
1512118150000 318
1512118150000 318
1512118150000 318
1512118150000 318
1512118150000 318
1512118150000 318
1512118150000 318
1512118150000 318
1512118150000 318
1512118150000 318
1512118150000 318
1512118150000 318
1512118150000 319
1512118150000 319
1512118150000 319
1512118150000 319
1512118150000 622
1512118160000 307
1512118160000 307
1512118160000 307
1512118160000 307
1512118160000 307
1512118160000 307
1512118160000 307
1512118160000 307
1512118160000 307
1512118160000 307
1512118160000 307
1512118160000 307
1512118160000 307
1512118160000 307
1512118160000 307
1512118160000 307
1512118160000 307
1512118160000 307
1512118160000 307
1512118160000 307
1512118160000 307
1512118160000 307
1512118160000 307
1512118160000 307
1512118160000 307
1512118160000 307
1512118160000 307
1512118160000 307
1512118160000 307
1512118160000 307
1512118160000 307
1512118160000 307
1512118160000 307
1512118160000 307
1512118160000 307
1512118160000 308
1512118160000 308
1512118160000 308
1512118160000 308
1512118160000 308
1512118160000 308
1512118160000 308
1512118160000 308
1512118160000 308
1512118160000 308
1512118160000 308
1512118160000 308
1512118160000 308
1512118160000 308
1512118160000 308
1512118160000 308
1512118160000 308
1512118160000 308
1512118160000 308
1512118160000 308
1512118160000 308
1512118160000 308
1512118160000 308
1512118160000 308
1512118160000 308
1512118160000 309
1512118160000 309
1512118160000 309
1512118160000 309
1512118160000 309
1512118160000 309
1512118160000 309
1512118160000 309
1512118160000 309
1512118160000 309
1512118160000 309
1512118160000 309
1512118160000 309
1512118160000 310
1512118160000 310
1512118160000 310
1512118160000 310
1512118160000 605
1512118160000 609
1512118160000 610
1512118160000 610
1512118160000 610
1512118160000 613
1512118160000 614
1512118160000 614
1512118160000 618
1512118160000 623
1512118160000 623
1512118160000 624
1512118160000 630
1512118160000 630
1512118160000 642
1512118160000 643
1512118160000 643
1512118160000 644
1512118160000 644
1512118160000 650
1512118160000 651
1512118160000 652
1512118160000 652
1512118170000 343
1512118170000 344
1512118170000 344
1512118170000 344
1512118170000 344
1512118170000 344
1512118170000 344
1512118170000 344
1512118170000 344
1512118170000 344
1512118170000 344
1512118170000 344
1512118170000 344
1512118170000 344
1512118170000 344
1512118170000 345
1512118170000 345
1512118170000 345
1512118170000 345
1512118170000 345
1512118170000 345
1512118170000 345
1512118170000 345
1512118170000 345
1512118170000 345
1512118170000 345
1512118170000 345
1512118170000 345
1512118170000 345
1512118170000 345
1512118170000 345
1512118170000 345
1512118170000 346
1512118170000 346
1512118170000 346
1512118170000 346
1512118170000 346
1512118170000 346
1512118170000 346
1512118170000 346
1512118170000 346
1512118170000 346
1512118170000 346
1512118170000 346
1512118170000 346
1512118170000 346
1512118170000 346
1512118170000 346
1512118170000 346
1512118170000 347
1512118170000 347
1512118170000 347
1512118170000 347
1512118170000 347
1512118170000 347
1512118170000 347
1512118170000 347
1512118170000 347
1512118170000 347
1512118170000 347
1512118170000 347
1512118170000 347
1512118170000 347
1512118170000 348
1512118170000 348
1512118170000 348
1512118170000 348
1512118170000 348
1512118170000 348
1512118170000 348
1512118170000 348
1512118170000 348
1512118170000 348
1512118170000 348
1512118170000 348
1512118170000 348
1512118170000 348
1512118170000 349
1512118170000 349
1512118170000 349
1512118170000 349
1512118170000 349
1512118170000 349
1512118170000 349
1512118170000 349
1512118170000 349
1512118170000 350
1512118170000 350
1512118170000 350
1512118170000 351
1512118170000 351
1512118170000 352
1512118170000 353
1512118170000 353
1512118170000 387
1512118170000 387
1512118170000 633
1512118170000 633
1512118170000 649
1512118170000 650
1512118180000 397
1512118180000 397
1512118180000 397
1512118180000 397
1512118180000 397
1512118180000 397
1512118180000 397
1512118180000 397
1512118180000 397
1512118180000 397
1512118180000 397
1512118180000 397
1512118180000 397
1512118180000 397
1512118180000 397
1512118180000 397
1512118180000 397
1512118180000 397
1512118180000 397
1512118180000 397
1512118180000 397
1512118180000 397
1512118180000 397
1512118180000 397
1512118180000 397
1512118180000 397
1512118180000 398
1512118180000 398
1512118180000 398
1512118180000 398
1512118180000 398
1512118180000 398
1512118180000 398
1512118180000 398
1512118180000 398
1512118180000 398
1512118180000 398
1512118180000 398
1512118180000 398
1512118180000 398
1512118180000 398
1512118180000 398
1512118180000 398
1512118180000 398
1512118180000 398
1512118180000 398
1512118180000 398
1512118180000 398
1512118180000 398
1512118180000 398
1512118180000 398
1512118180000 398
1512118180000 398
1512118180000 399
1512118180000 399
1512118180000 399
1512118180000 399
1512118180000 399
1512118180000 399
1512118180000 399
1512118180000 399
1512118180000 399
1512118180000 399
1512118180000 399
1512118180000 399
1512118180000 399
1512118180000 399
1512118180000 399
1512118180000 399
1512118180000 399
1512118180000 399
1512118180000 399
1512118180000 399
1512118180000 399
1512118180000 399
1512118180000 399
1512118180000 400
1512118180000 400
1512118180000 400
1512118180000 400
1512118180000 400
1512118180000 400
1512118180000 401
1512118180000 435
1512118180000 436
1512118180000 591
1512118180000 594
1512118180000 595
1512118180000 595
1512118180000 599
1512118180000 599
1512118180000 607
1512118180000 608
1512118180000 609
1512118180000 609
1512118180000 610
1512118180000 639
1512118180000 640
1512118180000 640
1512118180000 641
1512118190000 378
1512118190000 378
1512118190000 379
1512118190000 379
1512118190000 379
1512118190000 379
1512118190000 379
1512118190000 379
1512118190000 379
1512118190000 379
1512118190000 379
1512118190000 379
1512118190000 379
1512118190000 379
1512118190000 379
1512118190000 379
1512118190000 379
1512118190000 379
1512118190000 379
1512118190000 380
1512118190000 380
1512118190000 380
1512118190000 380
1512118190000 380
1512118190000 380
1512118190000 380
1512118190000 380
1512118190000 380
1512118190000 380
1512118190000 380
1512118190000 380
1512118190000 380
1512118190000 380
1512118190000 380
1512118190000 380
1512118190000 380
1512118190000 380
1512118190000 380
1512118190000 380
1512118190000 380
1512118190000 380
1512118190000 380
1512118190000 380
1512118190000 380
1512118190000 380
1512118190000 380
1512118190000 380
1512118190000 380
1512118190000 380
1512118190000 380
1512118190000 381
1512118190000 381
1512118190000 381
1512118190000 381
1512118190000 381
1512118190000 381
1512118190000 381
1512118190000 381
1512118190000 381
1512118190000 381
1512118190000 381
1512118190000 381
1512118190000 381
1512118190000 381
1512118190000 381
1512118190000 381
1512118190000 381
1512118190000 381
1512118190000 382
1512118190000 382
1512118190000 382
1512118190000 382
1512118190000 382
1512118190000 382
1512118190000 382
1512118190000 382
1512118190000 382
1512118190000 382
1512118190000 382
1512118190000 382
1512118190000 382
1512118190000 382
1512118190000 383
1512118190000 383
1512118190000 383
1512118190000 383
1512118190000 383
1512118190000 383
1512118190000 383
1512118190000 383
1512118190000 383
1512118190000 383
1512118190000 384
1512118190000 384
1512118190000 384
1512118190000 384
1512118190000 385
1512118190000 391
1512118190000 391
1512118190000 391
1512118200000 2850
1512118200000 2850
1512118200000 2851
1512118200000 2851
1512118200000 2851
1512118200000 2851
1512118200000 2851
1512118200000 2851
1512118200000 2851
1512118200000 2851
1512118200000 2852
1512118200000 2852
1512118200000 2853
1512118200000 2853
1512118200000 2853
1512118200000 2853
1512118200000 2853
1512118200000 2853
1512118200000 2853
1512118200000 2853
1512118200000 2853
1512118200000 2853
1512118200000 2854
1512118200000 2854
1512118200000 2854
1512118200000 2854
1512118200000 2855
1512118200000 2855
1512118200000 2855
1512118200000 2855
1512118200000 2855
1512118200000 2855
1512118200000 2855
1512118200000 2855
1512118200000 2855
1512118200000 2855
1512118200000 2856
1512118200000 2856
1512118200000 2856
1512118200000 2856
1512118200000 2856
1512118200000 2856
1512118200000 2856
1512118200000 2856
1512118200000 2856
1512118200000 2865
1512118200000 2865
1512118200000 2865
1512118200000 2865
1512118200000 2865
1512118200000 2865
1512118200000 2865
1512118200000 2865
1512118200000 2865
1512118200000 2865
1512118200000 2865
1512118200000 2865
1512118200000 2869
1512118200000 2869
1512118200000 2869
1512118200000 2870
1512118200000 2870
1512118200000 2873
1512118200000 2873
1512118200000 2873
1512118200000 2873
1512118200000 2874
1512118200000 2874
1512118200000 2875
1512118200000 2875
1512118200000 2876
1512118200000 2878
1512118200000 2885
1512118200000 2885
1512118200000 2885
1512118200000 2886
1512118200000 2886
1512118200000 2894
1512118200000 2894
1512118200000 2894
1512118200000 2897
1512118200000 2897
1512118200000 2897
1512118200000 2897
1512118200000 2897
1512118200000 2897
1512118200000 2905
1512118200000 2905
1512118200000 2906
1512118200000 2906
1512118200000 2906
1512118200000 2908
1512118200000 2909
1512118200000 2961
1512118200000 2962
1512118200000 3151
1512118200000 3152
1512118200000 3152
1512118200000 3152
1512118200000 3153
1512118210000 332
1512118210000 332
1512118210000 332
1512118210000 332
1512118210000 332
1512118210000 332
1512118210000 332
1512118210000 332
1512118210000 332
1512118210000 332
1512118210000 332
1512118210000 332
1512118210000 332
1512118210000 332
1512118210000 332
1512118210000 332
1512118210000 333
1512118210000 333
1512118210000 333
1512118210000 333
1512118210000 333
1512118210000 333
1512118210000 333
1512118210000 333
1512118210000 333
1512118210000 333
1512118210000 333
1512118210000 333
1512118210000 333
1512118210000 333
1512118210000 333
1512118210000 333
1512118210000 333
1512118210000 333
1512118210000 333
1512118210000 333
1512118210000 333
1512118210000 333
1512118210000 333
1512118210000 334
1512118210000 334
1512118210000 334
1512118210000 334
1512118210000 334
1512118210000 334
1512118210000 334
1512118210000 334
1512118210000 334
1512118210000 334
1512118210000 334
1512118210000 334
1512118210000 334
1512118210000 334
1512118210000 334
1512118210000 334
1512118210000 334
1512118210000 334
1512118210000 334
1512118210000 334
1512118210000 334
1512118210000 334
1512118210000 334
1512118210000 334
1512118210000 334
1512118210000 334
1512118210000 335
1512118210000 335
1512118210000 335
1512118210000 335
1512118210000 335
1512118210000 335
1512118210000 335
1512118210000 336
1512118210000 336
1512118210000 336
1512118210000 337
1512118210000 338
1512118210000 338
1512118210000 338
1512118210000 340
1512118210000 342
1512118210000 342
1512118210000 343
1512118210000 344
1512118210000 344
1512118210000 347
1512118210000 347
1512118210000 348
1512118210000 348
1512118210000 348
1512118210000 350
1512118210000 351
1512118210000 543
1512118210000 545
1512118210000 572
1512118210000 573
1512118210000 574
1512118210000 620
1512118210000 620
1512118210000 621
1512118220000 327
1512118220000 327
1512118220000 327
1512118220000 327
1512118220000 327
1512118220000 327
1512118220000 327
1512118220000 327
1512118220000 327
1512118220000 327
1512118220000 327
1512118220000 327
1512118220000 327
1512118220000 327
1512118220000 327
1512118220000 327
1512118220000 327
1512118220000 327
1512118220000 327
1512118220000 327
1512118220000 327
1512118220000 327
1512118220000 328
1512118220000 328
1512118220000 328
1512118220000 328
1512118220000 328
1512118220000 328
1512118220000 328
1512118220000 328
1512118220000 328
1512118220000 328
1512118220000 328
1512118220000 328
1512118220000 328
1512118220000 328
1512118220000 328
1512118220000 328
1512118220000 328
1512118220000 328
1512118220000 328
1512118220000 328
1512118220000 328
1512118220000 328
1512118220000 328
1512118220000 328
1512118220000 328
1512118220000 328
1512118220000 328
1512118220000 328
1512118220000 329
1512118220000 329
1512118220000 329
1512118220000 329
1512118220000 329
1512118220000 329
1512118220000 329
1512118220000 329
1512118220000 329
1512118220000 329
1512118220000 329
1512118220000 329
1512118220000 329
1512118220000 329
1512118220000 329
1512118220000 329
1512118220000 329
1512118220000 329
1512118220000 329
1512118220000 329
1512118220000 329
1512118220000 329
1512118220000 329
1512118220000 329
1512118220000 329
1512118220000 329
1512118220000 329
1512118220000 329
1512118220000 329
1512118220000 330
1512118220000 330
1512118220000 330
1512118220000 336
1512118220000 338
1512118220000 338
1512118220000 340
1512118220000 341
1512118220000 341
1512118220000 341
1512118220000 342
1512118220000 343
1512118220000 344
1512118220000 344
1512118220000 345
1512118220000 498
1512118220000 525
1512118220000 525
1512118220000 526
1512118220000 534
1512118220000 535
1512118230000 362
1512118230000 362
1512118230000 362
1512118230000 362
1512118230000 363
1512118230000 363
1512118230000 363
1512118230000 363
1512118230000 363
1512118230000 363
1512118230000 363
1512118230000 363
1512118230000 363
1512118230000 363
1512118230000 363
1512118230000 363
1512118230000 363
1512118230000 363
1512118230000 363
1512118230000 363
1512118230000 363
1512118230000 363
1512118230000 363
1512118230000 363
1512118230000 363
1512118230000 363
1512118230000 363
1512118230000 363
1512118230000 363
1512118230000 364
1512118230000 364
1512118230000 364
1512118230000 364
1512118230000 364
1512118230000 364
1512118230000 364
1512118230000 364
1512118230000 364
1512118230000 364
1512118230000 364
1512118230000 364
1512118230000 364
1512118230000 364
1512118230000 364
1512118230000 364
1512118230000 364
1512118230000 364
1512118230000 364
1512118230000 364
1512118230000 364
1512118230000 364
1512118230000 364
1512118230000 364
1512118230000 365
1512118230000 365
1512118230000 365
1512118230000 365
1512118230000 365
1512118230000 365
1512118230000 365
1512118230000 365
1512118230000 365
1512118230000 365
1512118230000 365
1512118230000 365
1512118230000 365
1512118230000 365
1512118230000 365
1512118230000 365
1512118230000 365
1512118230000 365
1512118230000 365
1512118230000 365
1512118230000 365
1512118230000 365
1512118230000 365
1512118230000 365
1512118230000 365
1512118230000 365
1512118230000 366
1512118230000 366
1512118230000 366
1512118230000 366
1512118230000 366
1512118230000 366
1512118230000 366
1512118230000 388
1512118230000 389
1512118230000 389
1512118230000 389
1512118230000 389
1512118230000 390
1512118230000 390
1512118230000 390
1512118230000 390
1512118230000 553
1512118230000 573
1512118230000 574
1512118230000 590
1512118230000 590
1512118240000 313
1512118240000 313
1512118240000 313
1512118240000 313
1512118240000 313
1512118240000 313
1512118240000 313
1512118240000 313
1512118240000 314
1512118240000 314
1512118240000 314
1512118240000 314
1512118240000 314
1512118240000 314
1512118240000 314
1512118240000 314
1512118240000 314
1512118240000 314
1512118240000 314
1512118240000 314
1512118240000 314
1512118240000 314
1512118240000 314
1512118240000 314
1512118240000 314
1512118240000 314
1512118240000 314
1512118240000 314
1512118240000 314
1512118240000 314
1512118240000 314
1512118240000 314
1512118240000 314
1512118240000 314
1512118240000 314
1512118240000 314
1512118240000 315
1512118240000 315
1512118240000 315
1512118240000 315
1512118240000 315
1512118240000 315
1512118240000 315
1512118240000 315
1512118240000 315
1512118240000 315
1512118240000 315
1512118240000 315
1512118240000 315
1512118240000 315
1512118240000 315
1512118240000 315
1512118240000 315
1512118240000 315
1512118240000 315
1512118240000 315
1512118240000 315
1512118240000 315
1512118240000 315
1512118240000 315
1512118240000 315
1512118240000 315
1512118240000 315
1512118240000 315
1512118240000 316
1512118240000 316
1512118240000 316
1512118240000 316
1512118240000 316
1512118240000 316
1512118240000 316
1512118240000 316
1512118240000 316
1512118240000 316
1512118240000 316
1512118240000 316
1512118240000 316
1512118240000 316
1512118240000 316
1512118240000 316
1512118240000 317
1512118240000 317
1512118240000 317
1512118240000 317
1512118240000 317
1512118240000 332
1512118240000 527
1512118240000 529
1512118240000 542
1512118240000 543
1512118240000 544
1512118240000 544
1512118240000 549
1512118240000 552
1512118240000 554
1512118240000 554
1512118240000 565
1512118240000 566
1512118240000 578
1512118240000 579
1512118250000 328
1512118250000 328
1512118250000 328
1512118250000 328
1512118250000 328
1512118250000 328
1512118250000 328
1512118250000 328
1512118250000 328
1512118250000 328
1512118250000 328
1512118250000 328
1512118250000 328
1512118250000 328
1512118250000 328
1512118250000 328
1512118250000 328
1512118250000 328
1512118250000 328
1512118250000 328
1512118250000 328
1512118250000 328
1512118250000 328
1512118250000 328
1512118250000 328
1512118250000 328
1512118250000 328
1512118250000 328
1512118250000 328
1512118250000 328
1512118250000 328
1512118250000 328
1512118250000 329
1512118250000 329
1512118250000 329
1512118250000 329
1512118250000 329
1512118250000 329
1512118250000 329
1512118250000 329
1512118250000 329
1512118250000 329
1512118250000 329
1512118250000 329
1512118250000 329
1512118250000 329
1512118250000 329
1512118250000 329
1512118250000 329
1512118250000 329
1512118250000 329
1512118250000 329
1512118250000 329
1512118250000 329
1512118250000 329
1512118250000 329
1512118250000 329
1512118250000 329
1512118250000 329
1512118250000 329
1512118250000 329
1512118250000 329
1512118250000 330
1512118250000 330
1512118250000 330
1512118250000 330
1512118250000 330
1512118250000 330
1512118250000 330
1512118250000 330
1512118250000 330
1512118250000 330
1512118250000 330
1512118250000 330
1512118250000 330
1512118250000 330
1512118250000 330
1512118250000 330
1512118250000 330
1512118250000 330
1512118250000 330
1512118250000 330
1512118250000 330
1512118250000 330
1512118250000 330
1512118250000 330
1512118250000 330
1512118250000 331
1512118250000 331
1512118250000 348
1512118250000 348
1512118250000 349
1512118250000 517
1512118250000 518
1512118250000 521
1512118250000 521
1512118250000 558
1512118250000 559
1512118250000 559
1512118250000 560
1512118260000 327
1512118260000 328
1512118260000 328
1512118260000 328
1512118260000 328
1512118260000 328
1512118260000 328
1512118260000 328
1512118260000 328
1512118260000 328
1512118260000 328
1512118260000 328
1512118260000 328
1512118260000 328
1512118260000 328
1512118260000 328
1512118260000 328
1512118260000 328
1512118260000 328
1512118260000 328
1512118260000 328
1512118260000 328
1512118260000 328
1512118260000 328
1512118260000 328
1512118260000 328
1512118260000 328
1512118260000 328
1512118260000 328
1512118260000 328
1512118260000 329
1512118260000 329
1512118260000 329
1512118260000 329
1512118260000 329
1512118260000 329
1512118260000 329
1512118260000 329
1512118260000 329
1512118260000 329
1512118260000 329
1512118260000 329
1512118260000 329
1512118260000 329
1512118260000 329
1512118260000 329
1512118260000 329
1512118260000 330
1512118260000 330
1512118260000 330
1512118260000 330
1512118260000 330
1512118260000 330
1512118260000 330
1512118260000 330
1512118260000 330
1512118260000 330
1512118260000 330
1512118260000 330
1512118260000 330
1512118260000 330
1512118260000 330
1512118260000 330
1512118260000 330
1512118260000 330
1512118260000 330
1512118260000 330
1512118260000 330
1512118260000 330
1512118260000 330
1512118260000 330
1512118260000 330
1512118260000 330
1512118260000 330
1512118260000 330
1512118260000 331
1512118260000 331
1512118260000 331
1512118260000 331
1512118260000 331
1512118260000 331
1512118260000 331
1512118260000 331
1512118260000 331
1512118260000 332
1512118260000 348
1512118260000 350
1512118260000 351
1512118260000 351
1512118260000 548
1512118260000 549
1512118260000 557
1512118260000 557
1512118260000 572
1512118260000 572
1512118260000 584
1512118260000 585
1512118260000 610
1512118260000 611
1512118260000 612
1512118270000 312
1512118270000 312
1512118270000 312
1512118270000 312
1512118270000 312
1512118270000 313
1512118270000 313
1512118270000 313
1512118270000 313
1512118270000 313
1512118270000 313
1512118270000 313
1512118270000 313
1512118270000 313
1512118270000 313
1512118270000 313
1512118270000 313
1512118270000 313
1512118270000 313
1512118270000 313
1512118270000 313
1512118270000 313
1512118270000 313
1512118270000 313
1512118270000 313
1512118270000 313
1512118270000 313
1512118270000 313
1512118270000 313
1512118270000 313
1512118270000 313
1512118270000 314
1512118270000 314
1512118270000 314
1512118270000 314
1512118270000 314
1512118270000 314
1512118270000 314
1512118270000 314
1512118270000 314
1512118270000 314
1512118270000 314
1512118270000 314
1512118270000 314
1512118270000 314
1512118270000 314
1512118270000 314
1512118270000 314
1512118270000 314
1512118270000 314
1512118270000 314
1512118270000 314
1512118270000 315
1512118270000 315
1512118270000 315
1512118270000 315
1512118270000 315
1512118270000 315
1512118270000 315
1512118270000 315
1512118270000 315
1512118270000 315
1512118270000 315
1512118270000 315
1512118270000 315
1512118270000 315
1512118270000 315
1512118270000 315
1512118270000 315
1512118270000 315
1512118270000 315
1512118270000 315
1512118270000 315
1512118270000 315
1512118270000 315
1512118270000 315
1512118270000 316
1512118270000 316
1512118270000 316
1512118270000 316
1512118270000 316
1512118270000 316
1512118270000 316
1512118270000 316
1512118270000 317
1512118270000 317
1512118270000 317
1512118270000 318
1512118270000 320
1512118270000 323
1512118270000 326
1512118270000 326
1512118270000 326
1512118270000 519
1512118270000 545
1512118270000 546
1512118270000 599
1512118270000 667
1512118270000 668
1512118270000 668
1512118280000 332
1512118280000 332
1512118280000 333
1512118280000 333
1512118280000 333
1512118280000 333
1512118280000 333
1512118280000 333
1512118280000 333
1512118280000 333
1512118280000 333
1512118280000 333
1512118280000 333
1512118280000 333
1512118280000 333
1512118280000 333
1512118280000 333
1512118280000 333
1512118280000 333
1512118280000 333
1512118280000 333
1512118280000 333
1512118280000 333
1512118280000 333
1512118280000 333
1512118280000 333
1512118280000 333
1512118280000 333
1512118280000 333
1512118280000 333
1512118280000 333
1512118280000 333
1512118280000 334
1512118280000 334
1512118280000 334
1512118280000 334
1512118280000 334
1512118280000 334
1512118280000 334
1512118280000 334
1512118280000 334
1512118280000 334
1512118280000 334
1512118280000 334
1512118280000 334
1512118280000 334
1512118280000 334
1512118280000 334
1512118280000 334
1512118280000 334
1512118280000 334
1512118280000 334
1512118280000 334
1512118280000 334
1512118280000 334
1512118280000 334
1512118280000 334
1512118280000 334
1512118280000 335
1512118280000 335
1512118280000 335
1512118280000 335
1512118280000 335
1512118280000 335
1512118280000 335
1512118280000 335
1512118280000 335
1512118280000 335
1512118280000 335
1512118280000 335
1512118280000 335
1512118280000 335
1512118280000 335
1512118280000 335
1512118280000 335
1512118280000 335
1512118280000 335
1512118280000 335
1512118280000 335
1512118280000 335
1512118280000 335
1512118280000 335
1512118280000 335
1512118280000 335
1512118280000 335
1512118280000 335
1512118280000 335
1512118280000 336
1512118280000 336
1512118280000 336
1512118280000 336
1512118280000 336
1512118280000 336
1512118280000 336
1512118280000 336
1512118280000 336
1512118280000 336
1512118280000 337
1512118280000 519
1512118280000 523
1512118290000 304
1512118290000 304
1512118290000 304
1512118290000 304
1512118290000 304
1512118290000 304
1512118290000 304
1512118290000 304
1512118290000 304
1512118290000 304
1512118290000 305
1512118290000 305
1512118290000 305
1512118290000 305
1512118290000 305
1512118290000 305
1512118290000 305
1512118290000 305
1512118290000 305
1512118290000 305
1512118290000 305
1512118290000 305
1512118290000 305
1512118290000 305
1512118290000 305
1512118290000 305
1512118290000 305
1512118290000 305
1512118290000 305
1512118290000 305
1512118290000 305
1512118290000 305
1512118290000 305
1512118290000 305
1512118290000 305
1512118290000 305
1512118290000 305
1512118290000 305
1512118290000 306
1512118290000 306
1512118290000 306
1512118290000 306
1512118290000 306
1512118290000 306
1512118290000 306
1512118290000 306
1512118290000 306
1512118290000 306
1512118290000 306
1512118290000 306
1512118290000 306
1512118290000 306
1512118290000 306
1512118290000 306
1512118290000 306
1512118290000 306
1512118290000 306
1512118290000 307
1512118290000 307
1512118290000 307
1512118290000 307
1512118290000 307
1512118290000 307
1512118290000 307
1512118290000 307
1512118290000 307
1512118290000 307
1512118290000 307
1512118290000 307
1512118290000 307
1512118290000 307
1512118290000 307
1512118290000 307
1512118290000 307
1512118290000 307
1512118290000 307
1512118290000 307
1512118290000 307
1512118290000 308
1512118290000 308
1512118290000 308
1512118290000 308
1512118290000 308
1512118290000 310
1512118290000 313
1512118290000 313
1512118290000 313
1512118290000 313
1512118290000 315
1512118290000 315
1512118290000 315
1512118290000 315
1512118290000 315
1512118290000 350
1512118290000 351
1512118290000 364
1512118290000 364
1512118290000 364
1512118290000 365
1512118290000 365
1512118300000 297
1512118300000 297
1512118300000 297
1512118300000 297
1512118300000 297
1512118300000 297
1512118300000 297
1512118300000 297
1512118300000 297
1512118300000 297
1512118300000 297
1512118300000 297
1512118300000 297
1512118300000 297
1512118300000 297
1512118300000 297
1512118300000 297
1512118300000 297
1512118300000 297
1512118300000 297
1512118300000 297
1512118300000 297
1512118300000 297
1512118300000 297
1512118300000 297
1512118300000 297
1512118300000 297
1512118300000 298
1512118300000 298
1512118300000 298
1512118300000 298
1512118300000 298
1512118300000 298
1512118300000 298
1512118300000 298
1512118300000 298
1512118300000 298
1512118300000 298
1512118300000 298
1512118300000 298
1512118300000 298
1512118300000 298
1512118300000 298
1512118300000 298
1512118300000 298
1512118300000 298
1512118300000 298
1512118300000 298
1512118300000 298
1512118300000 298
1512118300000 298
1512118300000 299
1512118300000 299
1512118300000 299
1512118300000 299
1512118300000 299
1512118300000 299
1512118300000 299
1512118300000 299
1512118300000 300
1512118300000 300
1512118300000 300
1512118300000 300
1512118300000 300
1512118300000 300
1512118300000 300
1512118300000 300
1512118300000 300
1512118300000 300
1512118300000 300
1512118300000 300
1512118300000 300
1512118300000 300
1512118300000 300
1512118300000 300
1512118300000 300
1512118300000 300
1512118300000 300
1512118300000 300
1512118300000 300
1512118300000 301
1512118300000 301
1512118300000 301
1512118300000 301
1512118300000 301
1512118300000 301
1512118300000 301
1512118300000 301
1512118300000 301
1512118300000 301
1512118300000 302
1512118300000 302
1512118300000 312
1512118300000 313
1512118300000 314
1512118300000 314
1512118300000 315
1512118300000 318
1512118300000 318
1512118300000 319
1512118310000 303
1512118310000 303
1512118310000 303
1512118310000 303
1512118310000 304
1512118310000 304
1512118310000 304
1512118310000 304
1512118310000 304
1512118310000 304
1512118310000 304
1512118310000 304
1512118310000 304
1512118310000 304
1512118310000 304
1512118310000 304
1512118310000 304
1512118310000 304
1512118310000 304
1512118310000 304
1512118310000 304
1512118310000 304
1512118310000 304
1512118310000 304
1512118310000 304
1512118310000 304
1512118310000 304
1512118310000 304
1512118310000 304
1512118310000 304
1512118310000 304
1512118310000 304
1512118310000 304
1512118310000 304
1512118310000 304
1512118310000 304
1512118310000 304
1512118310000 304
1512118310000 304
1512118310000 304
1512118310000 304
1512118310000 305
1512118310000 305
1512118310000 305
1512118310000 305
1512118310000 305
1512118310000 305
1512118310000 305
1512118310000 305
1512118310000 305
1512118310000 305
1512118310000 305
1512118310000 305
1512118310000 305
1512118310000 305
1512118310000 305
1512118310000 306
1512118310000 306
1512118310000 306
1512118310000 306
1512118310000 306
1512118310000 306
1512118310000 306
1512118310000 306
1512118310000 306
1512118310000 306
1512118310000 306
1512118310000 306
1512118310000 306
1512118310000 306
1512118310000 306
1512118310000 306
1512118310000 306
1512118310000 306
1512118310000 306
1512118310000 306
1512118310000 306
1512118310000 306
1512118310000 306
1512118310000 306
1512118310000 306
1512118310000 306
1512118310000 307
1512118310000 307
1512118310000 307
1512118310000 307
1512118310000 307
1512118310000 307
1512118310000 307
1512118310000 307
1512118310000 307
1512118310000 307
1512118310000 307
1512118310000 307
1512118310000 307
1512118310000 307
1512118310000 307
1512118310000 307
1512118310000 308
1512118310000 308
1512118320000 337
1512118320000 338
1512118320000 338
1512118320000 338
1512118320000 338
1512118320000 338
1512118320000 338
1512118320000 338
1512118320000 338
1512118320000 338
1512118320000 338
1512118320000 338
1512118320000 338
1512118320000 339
1512118320000 339
1512118320000 339
1512118320000 339
1512118320000 339
1512118320000 339
1512118320000 339
1512118320000 339
1512118320000 339
1512118320000 339
1512118320000 339
1512118320000 339
1512118320000 340
1512118320000 340
1512118320000 340
1512118320000 340
1512118320000 340
1512118320000 340
1512118320000 340
1512118320000 340
1512118320000 340
1512118320000 340
1512118320000 340
1512118320000 340
1512118320000 340
1512118320000 341
1512118320000 341
1512118320000 341
1512118320000 341
1512118320000 341
1512118320000 341
1512118320000 341
1512118320000 341
1512118320000 341
1512118320000 341
1512118320000 342
1512118320000 342
1512118320000 342
1512118320000 342
1512118320000 342
1512118320000 342
1512118320000 342
1512118320000 342
1512118320000 342
1512118320000 342
1512118320000 342
1512118320000 342
1512118320000 342
1512118320000 342
1512118320000 342
1512118320000 342
1512118320000 343
1512118320000 343
1512118320000 343
1512118320000 343
1512118320000 343
1512118320000 343
1512118320000 343
1512118320000 343
1512118320000 343
1512118320000 344
1512118320000 344
1512118320000 345
1512118320000 345
1512118320000 345
1512118320000 346
1512118320000 346
1512118320000 347
1512118320000 349
1512118320000 349
1512118320000 351
1512118320000 351
1512118320000 351
1512118320000 354
1512118320000 354
1512118320000 354
1512118320000 354
1512118320000 354
1512118320000 355
1512118320000 355
1512118320000 355
1512118320000 355
1512118320000 355
1512118320000 355
1512118320000 355
1512118320000 357
1512118320000 370
1512118330000 323
1512118330000 323
1512118330000 323
1512118330000 323
1512118330000 323
1512118330000 323
1512118330000 323
1512118330000 323
1512118330000 323
1512118330000 323
1512118330000 323
1512118330000 323
1512118330000 323
1512118330000 323
1512118330000 323
1512118330000 323
1512118330000 323
1512118330000 323
1512118330000 323
1512118330000 323
1512118330000 324
1512118330000 324
1512118330000 324
1512118330000 324
1512118330000 324
1512118330000 324
1512118330000 324
1512118330000 324
1512118330000 324
1512118330000 324
1512118330000 324
1512118330000 324
1512118330000 324
1512118330000 324
1512118330000 324
1512118330000 324
1512118330000 324
1512118330000 324
1512118330000 324
1512118330000 324
1512118330000 324
1512118330000 324
1512118330000 324
1512118330000 324
1512118330000 324
1512118330000 324
1512118330000 324
1512118330000 325
1512118330000 325
1512118330000 325
1512118330000 325
1512118330000 325
1512118330000 325
1512118330000 325
1512118330000 325
1512118330000 325
1512118330000 325
1512118330000 325
1512118330000 325
1512118330000 325
1512118330000 325
1512118330000 325
1512118330000 325
1512118330000 325
1512118330000 325
1512118330000 326
1512118330000 326
1512118330000 326
1512118330000 326
1512118330000 326
1512118330000 326
1512118330000 326
1512118330000 326
1512118330000 326
1512118330000 326
1512118330000 326
1512118330000 326
1512118330000 326
1512118330000 326
1512118330000 326
1512118330000 326
1512118330000 326
1512118330000 326
1512118330000 326
1512118330000 327
1512118330000 327
1512118330000 327
1512118330000 327
1512118330000 327
1512118330000 327
1512118330000 327
1512118330000 327
1512118330000 328
1512118330000 332
1512118330000 332
1512118330000 333
1512118330000 333
1512118330000 333
1512118330000 334
1512118330000 334
1512118340000 334
1512118340000 334
1512118340000 334
1512118340000 334
1512118340000 334
1512118340000 334
1512118340000 334
1512118340000 334
1512118340000 334
1512118340000 334
1512118340000 334
1512118340000 335
1512118340000 335
1512118340000 335
1512118340000 335
1512118340000 335
1512118340000 335
1512118340000 335
1512118340000 335
1512118340000 335
1512118340000 335
1512118340000 335
1512118340000 335
1512118340000 335
1512118340000 336
1512118340000 336
1512118340000 336
1512118340000 336
1512118340000 336
1512118340000 336
1512118340000 336
1512118340000 336
1512118340000 336
1512118340000 336
1512118340000 336
1512118340000 336
1512118340000 336
1512118340000 337
1512118340000 337
1512118340000 337
1512118340000 337
1512118340000 337
1512118340000 337
1512118340000 337
1512118340000 337
1512118340000 337
1512118340000 338
1512118340000 338
1512118340000 338
1512118340000 338
1512118340000 338
1512118340000 338
1512118340000 338
1512118340000 338
1512118340000 338
1512118340000 338
1512118340000 338
1512118340000 338
1512118340000 338
1512118340000 339
1512118340000 339
1512118340000 339
1512118340000 339
1512118340000 339
1512118340000 339
1512118340000 339
1512118340000 339
1512118340000 339
1512118340000 339
1512118340000 339
1512118340000 339
1512118340000 340
1512118340000 340
1512118340000 340
1512118340000 340
1512118340000 340
1512118340000 340
1512118340000 340
1512118340000 340
1512118340000 340
1512118340000 340
1512118340000 341
1512118340000 341
1512118340000 341
1512118340000 341
1512118340000 341
1512118340000 341
1512118340000 341
1512118340000 341
1512118340000 341
1512118340000 341
1512118340000 342
1512118340000 342
1512118340000 342
1512118340000 342
1512118340000 342
1512118340000 343
1512118340000 370
1512118340000 370
1512118340000 372
1512118350000 320
1512118350000 320
1512118350000 320
1512118350000 321
1512118350000 321
1512118350000 321
1512118350000 321
1512118350000 321
1512118350000 321
1512118350000 321
1512118350000 321
1512118350000 321
1512118350000 321
1512118350000 321
1512118350000 321
1512118350000 321
1512118350000 321
1512118350000 321
1512118350000 321
1512118350000 321
1512118350000 321
1512118350000 321
1512118350000 321
1512118350000 321
1512118350000 321
1512118350000 321
1512118350000 321
1512118350000 322
1512118350000 322
1512118350000 322
1512118350000 322
1512118350000 322
1512118350000 322
1512118350000 322
1512118350000 322
1512118350000 322
1512118350000 322
1512118350000 322
1512118350000 322
1512118350000 322
1512118350000 322
1512118350000 322
1512118350000 322
1512118350000 322
1512118350000 322
1512118350000 322
1512118350000 322
1512118350000 322
1512118350000 322
1512118350000 322
1512118350000 322
1512118350000 322
1512118350000 322
1512118350000 322
1512118350000 322
1512118350000 322
1512118350000 322
1512118350000 322
1512118350000 322
1512118350000 323
1512118350000 323
1512118350000 323
1512118350000 323
1512118350000 323
1512118350000 323
1512118350000 323
1512118350000 323
1512118350000 323
1512118350000 323
1512118350000 323
1512118350000 323
1512118350000 323
1512118350000 323
1512118350000 323
1512118350000 323
1512118350000 323
1512118350000 323
1512118350000 323
1512118350000 323
1512118350000 323
1512118350000 323
1512118350000 323
1512118350000 323
1512118350000 323
1512118350000 323
1512118350000 324
1512118350000 324
1512118350000 324
1512118350000 324
1512118350000 324
1512118350000 324
1512118350000 324
1512118350000 324
1512118350000 324
1512118350000 324
1512118350000 325
1512118350000 326
1512118350000 327
1512118350000 328
1512118350000 328
1512118360000 306
1512118360000 306
1512118360000 307
1512118360000 307
1512118360000 307
1512118360000 307
1512118360000 307
1512118360000 307
1512118360000 307
1512118360000 307
1512118360000 307
1512118360000 307
1512118360000 307
1512118360000 307
1512118360000 307
1512118360000 307
1512118360000 307
1512118360000 307
1512118360000 307
1512118360000 307
1512118360000 307
1512118360000 307
1512118360000 308
1512118360000 308
1512118360000 308
1512118360000 308
1512118360000 308
1512118360000 308
1512118360000 308
1512118360000 308
1512118360000 308
1512118360000 308
1512118360000 308
1512118360000 308
1512118360000 308
1512118360000 308
1512118360000 308
1512118360000 308
1512118360000 308
1512118360000 308
1512118360000 308
1512118360000 308
1512118360000 308
1512118360000 308
1512118360000 308
1512118360000 308
1512118360000 308
1512118360000 308
1512118360000 308
1512118360000 308
1512118360000 309
1512118360000 309
1512118360000 309
1512118360000 309
1512118360000 309
1512118360000 309
1512118360000 309
1512118360000 309
1512118360000 309
1512118360000 309
1512118360000 309
1512118360000 309
1512118360000 309
1512118360000 309
1512118360000 309
1512118360000 309
1512118360000 309
1512118360000 309
1512118360000 309
1512118360000 309
1512118360000 309
1512118360000 309
1512118360000 309
1512118360000 309
1512118360000 309
1512118360000 309
1512118360000 309
1512118360000 309
1512118360000 309
1512118360000 309
1512118360000 310
1512118360000 310
1512118360000 310
1512118360000 310
1512118360000 310
1512118360000 310
1512118360000 310
1512118360000 310
1512118360000 310
1512118360000 310
1512118360000 310
1512118360000 310
1512118360000 310
1512118360000 311
1512118360000 311
1512118360000 311
1512118360000 311
1512118360000 312
1512118360000 329
1512118360000 329
1512118370000 -3947
1512118370000 -3948
1512118370000 -3948
1512118370000 -3950
1512118370000 -3958
1512118370000 -3958
1512118370000 -3958
1512118370000 -3959
1512118370000 -3963
1512118370000 -3963
1512118370000 -3963
1512118370000 -3974
1512118370000 -3974
1512118370000 -3974
1512118370000 -3975
1512118370000 -3975
1512118370000 -3975
1512118370000 -3975
1512118370000 -3975
1512118370000 -3979
1512118370000 -3981
1512118370000 -3981
1512118370000 -3982
1512118370000 -3982
1512118370000 -3982
1512118370000 -3982
1512118370000 -3982
1512118370000 -3982
1512118370000 -3983
1512118370000 -3983
1512118370000 -3983
1512118370000 -3983
1512118370000 -3983
1512118370000 -3983
1512118370000 -3983
1512118370000 -3983
1512118370000 -3983
1512118370000 -3983
1512118370000 -3983
1512118370000 -3983
1512118370000 -3983
1512118370000 -3983
1512118370000 -3983
1512118370000 -3987
1512118370000 -3988
1512118370000 -3988
1512118370000 -3989
1512118370000 -3990
1512118370000 -3992
1512118370000 -3992
1512118370000 -3992
1512118370000 -3992
1512118370000 -3992
1512118370000 -3992
1512118370000 -3992
1512118370000 -3993
1512118370000 -3993
1512118370000 -3993
1512118370000 -3993
1512118370000 -3993
1512118370000 -3993
1512118370000 -3993
1512118370000 -3993
1512118370000 -3993
1512118370000 -3993
1512118370000 -3994
1512118370000 -4960
1512118370000 -4980
1512118370000 -4982
1512118370000 -4982
1512118370000 -4982
1512118370000 -4983
1512118370000 -4983
1512118370000 -4984
1512118370000 -4984
1512118370000 -4987
1512118370000 -4987
1512118370000 -4989
1512118370000 -4989
1512118370000 -4989
1512118370000 -4989
1512118370000 -4989
1512118370000 -4990
1512118370000 -4991
1512118370000 -4991
1512118370000 -4991
1512118370000 -4992
1512118370000 -4992
1512118370000 -4992
1512118370000 -4992
1512118370000 -4993
1512118370000 -4993
1512118370000 -4993
1512118370000 -4993
1512118370000 -4993
1512118370000 -4993
1512118370000 -4993
1512118370000 -4993
1512118370000 -4994
1512118370000 -4994
