1512069710000 11686
1512069710000 11686
1512069710000 11686
1512069710000 11686
1512069710000 11686
1512069710000 11687
1512069710000 11687
1512069710000 11687
1512069710000 11687
1512069710000 11687
1512069710000 11687
1512069710000 11688
1512069710000 11688
1512069710000 11688
1512069710000 11688
1512069710000 11688
1512069710000 11689
1512069710000 11689
1512069710000 11689
1512069710000 11689
1512069710000 11689
1512069710000 11690
1512069710000 11690
1512069710000 11690
1512069710000 11690
1512069710000 11690
1512069710000 11691
1512069710000 11691
1512069710000 11691
1512069710000 11691
1512069710000 11691
1512069710000 11691
1512069710000 11692
1512069710000 11692
1512069710000 11692
1512069710000 11692
1512069710000 11692
1512069710000 11693
1512069710000 11693
1512069710000 11693
1512069710000 11693
1512069710000 11693
1512069710000 11694
1512069710000 11694
1512069710000 11694
1512069710000 11694
1512069710000 11694
1512069710000 11695
1512069710000 11695
1512069710000 11695
1512069710000 11695
1512069710000 11695
1512069710000 11696
1512069710000 11696
1512069710000 11696
1512069710000 11696
1512069710000 11696
1512069710000 11697
1512069710000 11697
1512069710000 11697
1512069710000 11697
1512069710000 11697
1512069710000 11698
1512069710000 11698
1512069710000 11698
1512069710000 11698
1512069710000 11698
1512069710000 11699
1512069710000 11699
1512069710000 11699
1512069710000 11699
1512069710000 11699
1512069710000 11700
1512069710000 11700
1512069710000 11700
1512069710000 11700
1512069710000 11700
1512069710000 11701
1512069710000 11701
1512069710000 11701
1512069710000 11701
1512069710000 11701
1512069710000 11701
1512069710000 11702
1512069710000 11702
1512069710000 11702
1512069710000 11702
1512069710000 11702
1512069710000 11703
1512069710000 11703
1512069710000 11703
1512069710000 11703
1512069710000 11703
1512069710000 11704
1512069710000 11704
1512069710000 11704
1512069710000 11704
1512069710000 11704
1512069710000 11705
1512069710000 11705
1512069720000 11486
1512069720000 11486
1512069720000 11486
1512069720000 11487
1512069720000 11487
1512069720000 11487
1512069720000 11487
1512069720000 11487
1512069720000 11487
1512069720000 11487
1512069720000 11487
1512069720000 11488
1512069720000 11488
1512069720000 11488
1512069720000 11488
1512069720000 11488
1512069720000 11488
1512069720000 11488
1512069720000 11489
1512069720000 11489
1512069720000 11489
1512069720000 11489
1512069720000 11489
1512069720000 11489
1512069720000 11489
1512069720000 11489
1512069720000 11490
1512069720000 11490
1512069720000 11490
1512069720000 11490
1512069720000 11490
1512069720000 11490
1512069720000 11490
1512069720000 11491
1512069720000 11491
1512069720000 11491
1512069720000 11491
1512069720000 11491
1512069720000 11491
1512069720000 11491
1512069720000 11491
1512069720000 11492
1512069720000 11492
1512069720000 11492
1512069720000 11492
1512069720000 11492
1512069720000 11492
1512069720000 11492
1512069720000 11493
1512069720000 11493
1512069720000 11493
1512069720000 11493
1512069720000 11493
1512069720000 11493
1512069720000 11493
1512069720000 11494
1512069720000 11494
1512069720000 11494
1512069720000 11494
1512069720000 11494
1512069720000 11494
1512069720000 11494
1512069720000 11495
1512069720000 11495
1512069720000 11495
1512069720000 11495
1512069720000 11495
1512069720000 11495
1512069720000 11495
1512069720000 11495
1512069720000 11496
1512069720000 11496
1512069720000 11496
1512069720000 11496
1512069720000 11496
1512069720000 11496
1512069720000 11496
1512069720000 11497
1512069720000 11497
1512069720000 11497
1512069720000 11497
1512069720000 11497
1512069720000 11497
1512069720000 11497
1512069720000 11498
1512069720000 11498
1512069720000 11498
1512069720000 11498
1512069720000 11498
1512069720000 11498
1512069720000 11498
1512069720000 11499
1512069720000 11499
1512069720000 11499
1512069720000 11499
1512069720000 11499
1512069720000 11499
1512069720000 11499
1512069720000 11499
1512069720000 11500
1512069730000 11476
1512069730000 11476
1512069730000 11476
1512069730000 11476
1512069730000 11477
1512069730000 11477
1512069730000 11477
1512069730000 11477
1512069730000 11477
1512069730000 11477
1512069730000 11478
1512069730000 11478
1512069730000 11478
1512069730000 11478
1512069730000 11478
1512069730000 11479
1512069730000 11479
1512069730000 11479
1512069730000 11479
1512069730000 11479
1512069730000 11479
1512069730000 11479
1512069730000 11480
1512069730000 11480
1512069730000 11480
1512069730000 11480
1512069730000 11480
1512069730000 11480
1512069730000 11480
1512069730000 11481
1512069730000 11481
1512069730000 11481
1512069730000 11481
1512069730000 11481
1512069730000 11481
1512069730000 11482
1512069730000 11482
1512069730000 11482
1512069730000 11482
1512069730000 11482
1512069730000 11482
1512069730000 11482
1512069730000 11483
1512069730000 11483
1512069730000 11483
1512069730000 11483
1512069730000 11483
1512069730000 11483
1512069730000 11483
1512069730000 11484
1512069730000 11484
1512069730000 11484
1512069730000 11484
1512069730000 11484
1512069730000 11484
1512069730000 11484
1512069730000 11485
1512069730000 11485
1512069730000 11485
1512069730000 11485
1512069730000 11485
1512069730000 11485
1512069730000 11486
1512069730000 11486
1512069730000 11486
1512069730000 11486
1512069730000 11486
1512069730000 11486
1512069730000 11486
1512069730000 11487
1512069730000 11487
1512069730000 11487
1512069730000 11487
1512069730000 11487
1512069730000 11487
1512069730000 11487
1512069730000 11488
1512069730000 11488
1512069730000 11488
1512069730000 11488
1512069730000 11488
1512069730000 11488
1512069730000 11488
1512069730000 11489
1512069730000 11489
1512069730000 11489
1512069730000 11489
1512069730000 11489
1512069730000 11489
1512069730000 11490
1512069730000 11490
1512069730000 11490
1512069730000 11490
1512069730000 11490
1512069730000 11490
1512069730000 11490
1512069730000 11491
1512069730000 11491
1512069730000 11491
1512069730000 11491
1512069740000 11463
1512069740000 11463
1512069740000 11464
1512069740000 11464
1512069740000 11464
1512069740000 11464
1512069740000 11464
1512069740000 11464
1512069740000 11465
1512069740000 11465
1512069740000 11465
1512069740000 11465
1512069740000 11465
1512069740000 11465
1512069740000 11465
1512069740000 11466
1512069740000 11466
1512069740000 11466
1512069740000 11466
1512069740000 11466
1512069740000 11466
1512069740000 11467
1512069740000 11467
1512069740000 11467
1512069740000 11467
1512069740000 11467
1512069740000 11467
1512069740000 11467
1512069740000 11468
1512069740000 11468
1512069740000 11468
1512069740000 11468
1512069740000 11468
1512069740000 11468
1512069740000 11469
1512069740000 11469
1512069740000 11469
1512069740000 11469
1512069740000 11469
1512069740000 11469
1512069740000 11470
1512069740000 11470
1512069740000 11470
1512069740000 11470
1512069740000 11470
1512069740000 11470
1512069740000 11470
1512069740000 11471
1512069740000 11471
1512069740000 11471
1512069740000 11471
1512069740000 11471
1512069740000 11471
1512069740000 11472
1512069740000 11472
1512069740000 11472
1512069740000 11472
1512069740000 11472
1512069740000 11472
1512069740000 11472
1512069740000 11473
1512069740000 11473
1512069740000 11473
1512069740000 11473
1512069740000 11473
1512069740000 11473
1512069740000 11474
1512069740000 11474
1512069740000 11474
1512069740000 11474
1512069740000 11474
1512069740000 11474
1512069740000 11475
1512069740000 11475
1512069740000 11475
1512069740000 11475
1512069740000 11475
1512069740000 11475
1512069740000 11475
1512069740000 11476
1512069740000 11476
1512069740000 11476
1512069740000 11476
1512069740000 11476
1512069740000 11476
1512069740000 11477
1512069740000 11477
1512069740000 11477
1512069740000 11477
1512069740000 11477
1512069740000 11477
1512069740000 11478
1512069740000 11478
1512069740000 11478
1512069740000 11478
1512069740000 11478
1512069740000 11478
1512069740000 11479
1512069740000 11479
1512069740000 11479
1512069750000 11477
1512069750000 11477
1512069750000 11477
1512069750000 11477
1512069750000 11478
1512069750000 11478
1512069750000 11478
1512069750000 11478
1512069750000 11478
1512069750000 11478
1512069750000 11478
1512069750000 11478
1512069750000 11479
1512069750000 11479
1512069750000 11479
1512069750000 11479
1512069750000 11479
1512069750000 11479
1512069750000 11479
1512069750000 11480
1512069750000 11480
1512069750000 11480
1512069750000 11480
1512069750000 11480
1512069750000 11480
1512069750000 11480
1512069750000 11481
1512069750000 11481
1512069750000 11481
1512069750000 11481
1512069750000 11481
1512069750000 11481
1512069750000 11481
1512069750000 11482
1512069750000 11482
1512069750000 11482
1512069750000 11482
1512069750000 11482
1512069750000 11482
1512069750000 11482
1512069750000 11483
1512069750000 11483
1512069750000 11483
1512069750000 11483
1512069750000 11483
1512069750000 11483
1512069750000 11483
1512069750000 11484
1512069750000 11484
1512069750000 11484
1512069750000 11484
1512069750000 11484
1512069750000 11484
1512069750000 11484
1512069750000 11485
1512069750000 11485
1512069750000 11485
1512069750000 11485
1512069750000 11485
1512069750000 11485
1512069750000 11485
1512069750000 11486
1512069750000 11486
1512069750000 11486
1512069750000 11486
1512069750000 11486
1512069750000 11486
1512069750000 11486
1512069750000 11486
1512069750000 11487
1512069750000 11487
1512069750000 11487
1512069750000 11487
1512069750000 11487
1512069750000 11487
1512069750000 11487
1512069750000 11488
1512069750000 11488
1512069750000 11488
1512069750000 11488
1512069750000 11488
1512069750000 11488
1512069750000 11488
1512069750000 11489
1512069750000 11489
1512069750000 11489
1512069750000 11489
1512069750000 11489
1512069750000 11489
1512069750000 11490
1512069750000 11490
1512069750000 11490
1512069750000 11490
1512069750000 11490
1512069750000 11490
1512069750000 11490
1512069750000 11491
1512069750000 11491
1512069750000 11491
1512069750000 11491
1512069760000 11460
1512069760000 11460
1512069760000 11460
1512069760000 11460
1512069760000 11461
1512069760000 11461
1512069760000 11461
1512069760000 11461
1512069760000 11461
1512069760000 11462
1512069760000 11462
1512069760000 11462
1512069760000 11463
1512069760000 11463
1512069760000 11463
1512069760000 11463
1512069760000 11464
1512069760000 11464
1512069760000 11464
1512069760000 11464
1512069760000 11465
1512069760000 11465
1512069760000 11465
1512069760000 11465
1512069760000 11466
1512069760000 11466
1512069760000 11466
1512069760000 11466
1512069760000 11467
1512069760000 11467
1512069760000 11467
1512069760000 11467
1512069760000 11468
1512069760000 11468
1512069760000 11468
1512069760000 11468
1512069760000 11469
1512069760000 11469
1512069760000 11469
1512069760000 11469
1512069760000 11470
1512069760000 11470
1512069760000 11470
1512069760000 11471
1512069760000 11471
1512069760000 11471
1512069760000 11471
1512069760000 11472
1512069760000 11472
1512069760000 11472
1512069760000 11472
1512069760000 11473
1512069760000 11473
1512069760000 11473
1512069760000 11473
1512069760000 11473
1512069760000 11474
1512069760000 11474
1512069760000 11474
1512069760000 11474
1512069760000 11474
1512069760000 11475
1512069760000 11475
1512069760000 11475
1512069760000 11475
1512069760000 11475
1512069760000 11476
1512069760000 11476
1512069760000 11476
1512069760000 11476
1512069760000 11476
1512069760000 11477
1512069760000 11477
1512069760000 11477
1512069760000 11477
1512069760000 11477
1512069760000 11478
1512069760000 11478
1512069760000 11478
1512069760000 11478
1512069760000 11478
1512069760000 11478
1512069760000 11479
1512069760000 11479
1512069760000 11479
1512069760000 11479
1512069760000 11479
1512069760000 11479
1512069760000 11479
1512069760000 11480
1512069760000 11480
1512069760000 11480
1512069760000 11480
1512069760000 11480
1512069760000 11480
1512069760000 11480
1512069760000 11481
1512069760000 11481
1512069760000 11481
1512069760000 11481
1512069770000 11460
1512069770000 11460
1512069770000 11460
1512069770000 11460
1512069770000 11460
1512069770000 11460
1512069770000 11461
1512069770000 11461
1512069770000 11461
1512069770000 11461
1512069770000 11461
1512069770000 11461
1512069770000 11462
1512069770000 11462
1512069770000 11462
1512069770000 11462
1512069770000 11462
1512069770000 11462
1512069770000 11462
1512069770000 11463
1512069770000 11463
1512069770000 11463
1512069770000 11463
1512069770000 11463
1512069770000 11463
1512069770000 11463
1512069770000 11464
1512069770000 11464
1512069770000 11464
1512069770000 11464
1512069770000 11464
1512069770000 11464
1512069770000 11465
1512069770000 11465
1512069770000 11465
1512069770000 11465
1512069770000 11465
1512069770000 11465
1512069770000 11465
1512069770000 11466
1512069770000 11466
1512069770000 11466
1512069770000 11466
1512069770000 11466
1512069770000 11466
1512069770000 11466
1512069770000 11467
1512069770000 11467
1512069770000 11467
1512069770000 11467
1512069770000 11467
1512069770000 11467
1512069770000 11467
1512069770000 11468
1512069770000 11468
1512069770000 11468
1512069770000 11468
1512069770000 11468
1512069770000 11468
1512069770000 11469
1512069770000 11469
1512069770000 11469
1512069770000 11469
1512069770000 11469
1512069770000 11469
1512069770000 11469
1512069770000 11470
1512069770000 11470
1512069770000 11470
1512069770000 11470
1512069770000 11470
1512069770000 11470
1512069770000 11471
1512069770000 11471
1512069770000 11471
1512069770000 11471
1512069770000 11471
1512069770000 11471
1512069770000 11471
1512069770000 11472
1512069770000 11472
1512069770000 11472
1512069770000 11472
1512069770000 11472
1512069770000 11472
1512069770000 11473
1512069770000 11473
1512069770000 11473
1512069770000 11473
1512069770000 11473
1512069770000 11473
1512069770000 11473
1512069770000 11474
1512069770000 11474
1512069770000 11474
1512069770000 11474
1512069770000 11474
1512069770000 11474
1512069770000 11475
1512069770000 11475
1512069780000 11453
1512069780000 11453
1512069780000 11453
1512069780000 11453
1512069780000 11453
1512069780000 11453
1512069780000 11454
1512069780000 11454
1512069780000 11454
1512069780000 11454
1512069780000 11454
1512069780000 11454
1512069780000 11454
1512069780000 11455
1512069780000 11455
1512069780000 11455
1512069780000 11455
1512069780000 11455
1512069780000 11455
1512069780000 11455
1512069780000 11456
1512069780000 11456
1512069780000 11456
1512069780000 11456
1512069780000 11456
1512069780000 11456
1512069780000 11456
1512069780000 11457
1512069780000 11457
1512069780000 11457
1512069780000 11457
1512069780000 11457
1512069780000 11457
1512069780000 11457
1512069780000 11458
1512069780000 11458
1512069780000 11458
1512069780000 11458
1512069780000 11458
1512069780000 11458
1512069780000 11458
1512069780000 11459
1512069780000 11459
1512069780000 11459
1512069780000 11459
1512069780000 11459
1512069780000 11459
1512069780000 11459
1512069780000 11460
1512069780000 11460
1512069780000 11460
1512069780000 11460
1512069780000 11460
1512069780000 11460
1512069780000 11460
1512069780000 11461
1512069780000 11461
1512069780000 11461
1512069780000 11461
1512069780000 11461
1512069780000 11461
1512069780000 11462
1512069780000 11462
1512069780000 11462
1512069780000 11462
1512069780000 11462
1512069780000 11462
1512069780000 11462
1512069780000 11463
1512069780000 11463
1512069780000 11463
1512069780000 11463
1512069780000 11463
1512069780000 11463
1512069780000 11463
1512069780000 11464
1512069780000 11464
1512069780000 11464
1512069780000 11464
1512069780000 11464
1512069780000 11464
1512069780000 11464
1512069780000 11465
1512069780000 11465
1512069780000 11465
1512069780000 11465
1512069780000 11465
1512069780000 11465
1512069780000 11465
1512069780000 11466
1512069780000 11466
1512069780000 11466
1512069780000 11466
1512069780000 11466
1512069780000 11466
1512069780000 11466
1512069780000 11467
1512069780000 11467
1512069780000 11467
1512069780000 11467
1512069790000 11462
1512069790000 11462
1512069790000 11463
1512069790000 11463
1512069790000 11463
1512069790000 11463
1512069790000 11463
1512069790000 11463
1512069790000 11463
1512069790000 11464
1512069790000 11464
1512069790000 11464
1512069790000 11464
1512069790000 11464
1512069790000 11464
1512069790000 11465
1512069790000 11465
1512069790000 11465
1512069790000 11465
1512069790000 11465
1512069790000 11465
1512069790000 11465
1512069790000 11466
1512069790000 11466
1512069790000 11466
1512069790000 11466
1512069790000 11466
1512069790000 11466
1512069790000 11467
1512069790000 11467
1512069790000 11467
1512069790000 11467
1512069790000 11467
1512069790000 11467
1512069790000 11467
1512069790000 11468
1512069790000 11468
1512069790000 11468
1512069790000 11468
1512069790000 11468
1512069790000 11468
1512069790000 11469
1512069790000 11469
1512069790000 11469
1512069790000 11469
1512069790000 11469
1512069790000 11469
1512069790000 11469
1512069790000 11470
1512069790000 11470
1512069790000 11470
1512069790000 11470
1512069790000 11470
1512069790000 11470
1512069790000 11471
1512069790000 11471
1512069790000 11471
1512069790000 11471
1512069790000 11471
1512069790000 11471
1512069790000 11471
1512069790000 11472
1512069790000 11472
1512069790000 11472
1512069790000 11472
1512069790000 11472
1512069790000 11472
1512069790000 11472
1512069790000 11473
1512069790000 11473
1512069790000 11473
1512069790000 11473
1512069790000 11473
1512069790000 11473
1512069790000 11474
1512069790000 11474
1512069790000 11474
1512069790000 11474
1512069790000 11474
1512069790000 11474
1512069790000 11474
1512069790000 11475
1512069790000 11475
1512069790000 11475
1512069790000 11475
1512069790000 11475
1512069790000 11475
1512069790000 11475
1512069790000 11476
1512069790000 11476
1512069790000 11476
1512069790000 11476
1512069790000 11476
1512069790000 11476
1512069790000 11476
1512069790000 11477
1512069790000 11477
1512069790000 11477
1512069790000 11477
1512069790000 11477
1512069800000 11455
1512069800000 11455
1512069800000 11455
1512069800000 11455
1512069800000 11455
1512069800000 11456
1512069800000 11456
1512069800000 11456
1512069800000 11456
1512069800000 11456
1512069800000 11456
1512069800000 11456
1512069800000 11457
1512069800000 11457
1512069800000 11457
1512069800000 11457
1512069800000 11457
1512069800000 11457
1512069800000 11457
1512069800000 11458
1512069800000 11458
1512069800000 11458
1512069800000 11458
1512069800000 11458
1512069800000 11458
1512069800000 11458
1512069800000 11459
1512069800000 11459
1512069800000 11459
1512069800000 11459
1512069800000 11459
1512069800000 11459
1512069800000 11459
1512069800000 11460
1512069800000 11460
1512069800000 11460
1512069800000 11460
1512069800000 11460
1512069800000 11460
1512069800000 11460
1512069800000 11461
1512069800000 11461
1512069800000 11461
1512069800000 11461
1512069800000 11461
1512069800000 11461
1512069800000 11461
1512069800000 11462
1512069800000 11462
1512069800000 11462
1512069800000 11462
1512069800000 11462
1512069800000 11462
1512069800000 11462
1512069800000 11463
1512069800000 11463
1512069800000 11463
1512069800000 11463
1512069800000 11463
1512069800000 11463
1512069800000 11463
1512069800000 11464
1512069800000 11464
1512069800000 11464
1512069800000 11464
1512069800000 11464
1512069800000 11464
1512069800000 11464
1512069800000 11465
1512069800000 11465
1512069800000 11465
1512069800000 11465
1512069800000 11465
1512069800000 11465
1512069800000 11466
1512069800000 11466
1512069800000 11466
1512069800000 11466
1512069800000 11466
1512069800000 11466
1512069800000 11466
1512069800000 11467
1512069800000 11467
1512069800000 11467
1512069800000 11467
1512069800000 11467
1512069800000 11467
1512069800000 11467
1512069800000 11468
1512069800000 11468
1512069800000 11468
1512069800000 11468
1512069800000 11468
1512069800000 11468
1512069800000 11468
1512069800000 11469
1512069800000 11469
1512069800000 11469
1512069800000 11469
1512069800000 11469
1512069810000 11454
1512069810000 11455
1512069810000 11455
1512069810000 11455
1512069810000 11455
1512069810000 11455
1512069810000 11455
1512069810000 11455
1512069810000 11456
1512069810000 11456
1512069810000 11456
1512069810000 11456
1512069810000 11456
1512069810000 11456
1512069810000 11457
1512069810000 11457
1512069810000 11457
1512069810000 11457
1512069810000 11457
1512069810000 11457
1512069810000 11458
1512069810000 11458
1512069810000 11458
1512069810000 11458
1512069810000 11458
1512069810000 11459
1512069810000 11459
1512069810000 11459
1512069810000 11459
1512069810000 11459
1512069810000 11459
1512069810000 11459
1512069810000 11460
1512069810000 11460
1512069810000 11460
1512069810000 11460
1512069810000 11460
1512069810000 11460
1512069810000 11461
1512069810000 11461
1512069810000 11461
1512069810000 11461
1512069810000 11461
1512069810000 11462
1512069810000 11462
1512069810000 11462
1512069810000 11462
1512069810000 11462
1512069810000 11462
1512069810000 11463
1512069810000 11463
1512069810000 11463
1512069810000 11463
1512069810000 11463
1512069810000 11464
1512069810000 11464
1512069810000 11464
1512069810000 11464
1512069810000 11464
1512069810000 11464
1512069810000 11464
1512069810000 11465
1512069810000 11465
1512069810000 11465
1512069810000 11465
1512069810000 11465
1512069810000 11465
1512069810000 11466
1512069810000 11466
1512069810000 11466
1512069810000 11466
1512069810000 11466
1512069810000 11466
1512069810000 11467
1512069810000 11467
1512069810000 11467
1512069810000 11467
1512069810000 11467
1512069810000 11467
1512069810000 11468
1512069810000 11468
1512069810000 11468
1512069810000 11468
1512069810000 11468
1512069810000 11468
1512069810000 11468
1512069810000 11469
1512069810000 11469
1512069810000 11469
1512069810000 11469
1512069810000 11469
1512069810000 11469
1512069810000 11470
1512069810000 11470
1512069810000 11470
1512069810000 11470
1512069810000 11470
1512069810000 11470
1512069810000 11470
1512069810000 11471
1512069820000 11465
1512069820000 11465
1512069820000 11465
1512069820000 11465
1512069820000 11465
1512069820000 11466
1512069820000 11466
1512069820000 11466
1512069820000 11466
1512069820000 11466
1512069820000 11466
1512069820000 11467
1512069820000 11467
1512069820000 11467
1512069820000 11467
1512069820000 11467
1512069820000 11467
1512069820000 11467
1512069820000 11468
1512069820000 11468
1512069820000 11468
1512069820000 11468
1512069820000 11468
1512069820000 11468
1512069820000 11469
1512069820000 11469
1512069820000 11469
1512069820000 11469
1512069820000 11469
1512069820000 11469
1512069820000 11469
1512069820000 11470
1512069820000 11470
1512069820000 11470
1512069820000 11470
1512069820000 11470
1512069820000 11470
1512069820000 11470
1512069820000 11471
1512069820000 11471
1512069820000 11471
1512069820000 11471
1512069820000 11471
1512069820000 11471
1512069820000 11472
1512069820000 11472
1512069820000 11472
1512069820000 11472
1512069820000 11472
1512069820000 11472
1512069820000 11472
1512069820000 11473
1512069820000 11473
1512069820000 11473
1512069820000 11473
1512069820000 11473
1512069820000 11473
1512069820000 11474
1512069820000 11474
1512069820000 11474
1512069820000 11474
1512069820000 11474
1512069820000 11474
1512069820000 11474
1512069820000 11475
1512069820000 11475
1512069820000 11475
1512069820000 11475
1512069820000 11475
1512069820000 11475
1512069820000 11476
1512069820000 11476
1512069820000 11476
1512069820000 11476
1512069820000 11476
1512069820000 11476
1512069820000 11476
1512069820000 11477
1512069820000 11477
1512069820000 11477
1512069820000 11477
1512069820000 11477
1512069820000 11477
1512069820000 11477
1512069820000 11478
1512069820000 11478
1512069820000 11478
1512069820000 11478
1512069820000 11478
1512069820000 11478
1512069820000 11479
1512069820000 11479
1512069820000 11479
1512069820000 11479
1512069820000 11479
1512069820000 11479
1512069820000 11480
1512069820000 11480
1512069820000 11480
1512069820000 11480
1512069830000 11452
1512069830000 11453
1512069830000 11453
1512069830000 11453
1512069830000 11453
1512069830000 11453
1512069830000 11453
1512069830000 11453
1512069830000 11454
1512069830000 11454
1512069830000 11454
1512069830000 11454
1512069830000 11454
1512069830000 11454
1512069830000 11454
1512069830000 11455
1512069830000 11455
1512069830000 11455
1512069830000 11455
1512069830000 11455
1512069830000 11455
1512069830000 11455
1512069830000 11456
1512069830000 11456
1512069830000 11456
1512069830000 11456
1512069830000 11456
1512069830000 11456
1512069830000 11456
1512069830000 11457
1512069830000 11457
1512069830000 11457
1512069830000 11457
1512069830000 11457
1512069830000 11457
1512069830000 11458
1512069830000 11458
1512069830000 11458
1512069830000 11458
1512069830000 11458
1512069830000 11458
1512069830000 11458
1512069830000 11459
1512069830000 11459
1512069830000 11459
1512069830000 11459
1512069830000 11459
1512069830000 11459
1512069830000 11460
1512069830000 11460
1512069830000 11460
1512069830000 11460
1512069830000 11460
1512069830000 11460
1512069830000 11460
1512069830000 11461
1512069830000 11461
1512069830000 11461
1512069830000 11461
1512069830000 11461
1512069830000 11461
1512069830000 11461
1512069830000 11462
1512069830000 11462
1512069830000 11462
1512069830000 11462
1512069830000 11462
1512069830000 11462
1512069830000 11463
1512069830000 11463
1512069830000 11463
1512069830000 11463
1512069830000 11463
1512069830000 11463
1512069830000 11463
1512069830000 11464
1512069830000 11464
1512069830000 11464
1512069830000 11464
1512069830000 11464
1512069830000 11464
1512069830000 11465
1512069830000 11465
1512069830000 11465
1512069830000 11465
1512069830000 11465
1512069830000 11465
1512069830000 11465
1512069830000 11466
1512069830000 11466
1512069830000 11466
1512069830000 11466
1512069830000 11466
1512069830000 11466
1512069830000 11467
1512069830000 11467
1512069830000 11467
1512069830000 11467
1512069830000 11467
1512069830000 11467
1512069840000 11440
1512069840000 11440
1512069840000 11440
1512069840000 11440
1512069840000 11440
1512069840000 11440
1512069840000 11440
1512069840000 11441
1512069840000 11441
1512069840000 11441
1512069840000 11441
1512069840000 11441
1512069840000 11441
1512069840000 11442
1512069840000 11442
1512069840000 11442
1512069840000 11442
1512069840000 11442
1512069840000 11442
1512069840000 11443
1512069840000 11443
1512069840000 11443
1512069840000 11443
1512069840000 11443
1512069840000 11443
1512069840000 11444
1512069840000 11444
1512069840000 11444
1512069840000 11444
1512069840000 11444
1512069840000 11444
1512069840000 11445
1512069840000 11445
1512069840000 11445
1512069840000 11445
1512069840000 11445
1512069840000 11446
1512069840000 11446
1512069840000 11446
1512069840000 11446
1512069840000 11446
1512069840000 11447
1512069840000 11447
1512069840000 11447
1512069840000 11447
1512069840000 11447
1512069840000 11448
1512069840000 11448
1512069840000 11448
1512069840000 11448
1512069840000 11448
1512069840000 11449
1512069840000 11449
1512069840000 11449
1512069840000 11449
1512069840000 11449
1512069840000 11450
1512069840000 11450
1512069840000 11450
1512069840000 11450
1512069840000 11451
1512069840000 11451
1512069840000 11451
1512069840000 11451
1512069840000 11451
1512069840000 11451
1512069840000 11452
1512069840000 11452
1512069840000 11452
1512069840000 11452
1512069840000 11452
1512069840000 11452
1512069840000 11453
1512069840000 11453
1512069840000 11453
1512069840000 11453
1512069840000 11453
1512069840000 11453
1512069840000 11454
1512069840000 11454
1512069840000 11454
1512069840000 11454
1512069840000 11454
1512069840000 11454
1512069840000 11455
1512069840000 11455
1512069840000 11455
1512069840000 11455
1512069840000 11455
1512069840000 11455
1512069840000 11455
1512069840000 11456
1512069840000 11456
1512069840000 11456
1512069840000 11456
1512069840000 11456
1512069840000 11456
1512069840000 11457
1512069840000 11457
1512069840000 11457
1512069850000 11457
1512069850000 11457
1512069850000 11457
1512069850000 11457
1512069850000 11458
1512069850000 11458
1512069850000 11458
1512069850000 11458
1512069850000 11458
1512069850000 11458
1512069850000 11458
1512069850000 11459
1512069850000 11459
1512069850000 11459
1512069850000 11459
1512069850000 11459
1512069850000 11459
1512069850000 11460
1512069850000 11460
1512069850000 11460
1512069850000 11460
1512069850000 11460
1512069850000 11460
1512069850000 11460
1512069850000 11461
1512069850000 11461
1512069850000 11461
1512069850000 11461
1512069850000 11461
1512069850000 11461
1512069850000 11462
1512069850000 11462
1512069850000 11462
1512069850000 11462
1512069850000 11462
1512069850000 11462
1512069850000 11462
1512069850000 11463
1512069850000 11463
1512069850000 11463
1512069850000 11463
1512069850000 11463
1512069850000 11463
1512069850000 11464
1512069850000 11464
1512069850000 11464
1512069850000 11464
1512069850000 11464
1512069850000 11464
1512069850000 11464
1512069850000 11465
1512069850000 11465
1512069850000 11465
1512069850000 11465
1512069850000 11465
1512069850000 11465
1512069850000 11466
1512069850000 11466
1512069850000 11466
1512069850000 11466
1512069850000 11466
1512069850000 11466
1512069850000 11466
1512069850000 11467
1512069850000 11467
1512069850000 11467
1512069850000 11467
1512069850000 11467
1512069850000 11467
1512069850000 11467
1512069850000 11468
1512069850000 11468
1512069850000 11468
1512069850000 11468
1512069850000 11468
1512069850000 11468
1512069850000 11468
1512069850000 11469
1512069850000 11469
1512069850000 11469
1512069850000 11469
1512069850000 11469
1512069850000 11469
1512069850000 11470
1512069850000 11470
1512069850000 11470
1512069850000 11470
1512069850000 11470
1512069850000 11470
1512069850000 11470
1512069850000 11471
1512069850000 11471
1512069850000 11471
1512069850000 11471
1512069850000 11471
1512069850000 11471
1512069850000 11471
1512069850000 11472
1512069850000 11472
1512069850000 11472
1512069860000 11452
1512069860000 11452
1512069860000 11452
1512069860000 11452
1512069860000 11452
1512069860000 11452
1512069860000 11452
1512069860000 11453
1512069860000 11453
1512069860000 11453
1512069860000 11453
1512069860000 11453
1512069860000 11453
1512069860000 11453
1512069860000 11454
1512069860000 11454
1512069860000 11454
1512069860000 11454
1512069860000 11454
1512069860000 11454
1512069860000 11454
1512069860000 11455
1512069860000 11455
1512069860000 11455
1512069860000 11455
1512069860000 11455
1512069860000 11455
1512069860000 11455
1512069860000 11456
1512069860000 11456
1512069860000 11456
1512069860000 11456
1512069860000 11456
1512069860000 11456
1512069860000 11456
1512069860000 11457
1512069860000 11457
1512069860000 11457
1512069860000 11457
1512069860000 11457
1512069860000 11457
1512069860000 11457
1512069860000 11457
1512069860000 11458
1512069860000 11458
1512069860000 11458
1512069860000 11458
1512069860000 11458
1512069860000 11458
1512069860000 11458
1512069860000 11459
1512069860000 11459
1512069860000 11459
1512069860000 11459
1512069860000 11459
1512069860000 11459
1512069860000 11459
1512069860000 11460
1512069860000 11460
1512069860000 11460
1512069860000 11460
1512069860000 11460
1512069860000 11460
1512069860000 11460
1512069860000 11461
1512069860000 11461
1512069860000 11461
1512069860000 11461
1512069860000 11461
1512069860000 11461
1512069860000 11461
1512069860000 11462
1512069860000 11462
1512069860000 11462
1512069860000 11462
1512069860000 11462
1512069860000 11462
1512069860000 11462
1512069860000 11463
1512069860000 11463
1512069860000 11463
1512069860000 11463
1512069860000 11463
1512069860000 11463
1512069860000 11463
1512069860000 11464
1512069860000 11464
1512069860000 11464
1512069860000 11464
1512069860000 11464
1512069860000 11464
1512069860000 11464
1512069860000 11465
1512069860000 11465
1512069860000 11465
1512069860000 11465
1512069860000 11465
1512069860000 11465
1512069860000 11465
1512069860000 11466
1512069870000 11442
1512069870000 11442
1512069870000 11442
1512069870000 11443
1512069870000 11443
1512069870000 11443
1512069870000 11443
1512069870000 11443
1512069870000 11443
1512069870000 11444
1512069870000 11444
1512069870000 11444
1512069870000 11444
1512069870000 11444
1512069870000 11445
1512069870000 11445
1512069870000 11445
1512069870000 11445
1512069870000 11445
1512069870000 11446
1512069870000 11446
1512069870000 11446
1512069870000 11446
1512069870000 11446
1512069870000 11446
1512069870000 11447
1512069870000 11447
1512069870000 11447
1512069870000 11447
1512069870000 11447
1512069870000 11448
1512069870000 11448
1512069870000 11448
1512069870000 11448
1512069870000 11448
1512069870000 11448
1512069870000 11449
1512069870000 11449
1512069870000 11449
1512069870000 11449
1512069870000 11449
1512069870000 11450
1512069870000 11450
1512069870000 11450
1512069870000 11450
1512069870000 11450
1512069870000 11451
1512069870000 11451
1512069870000 11451
1512069870000 11451
1512069870000 11451
1512069870000 11451
1512069870000 11452
1512069870000 11452
1512069870000 11452
1512069870000 11452
1512069870000 11452
1512069870000 11453
1512069870000 11453
1512069870000 11453
1512069870000 11453
1512069870000 11453
1512069870000 11453
1512069870000 11454
1512069870000 11454
1512069870000 11454
1512069870000 11454
1512069870000 11454
1512069870000 11454
1512069870000 11454
1512069870000 11455
1512069870000 11455
1512069870000 11455
1512069870000 11455
1512069870000 11455
1512069870000 11455
1512069870000 11455
1512069870000 11455
1512069870000 11456
1512069870000 11456
1512069870000 11456
1512069870000 11456
1512069870000 11456
1512069870000 11456
1512069870000 11456
1512069870000 11457
1512069870000 11457
1512069870000 11457
1512069870000 11457
1512069870000 11457
1512069870000 11457
1512069870000 11457
1512069870000 11458
1512069870000 11458
1512069870000 11458
1512069870000 11458
1512069870000 11458
1512069870000 11458
1512069870000 11458
1512069870000 11459
1512069880000 11463
1512069880000 11463
1512069880000 11463
1512069880000 11464
1512069880000 11464
1512069880000 11464
1512069880000 11464
1512069880000 11464
1512069880000 11464
1512069880000 11465
1512069880000 11465
1512069880000 11465
1512069880000 11465
1512069880000 11465
1512069880000 11465
1512069880000 11465
1512069880000 11466
1512069880000 11466
1512069880000 11466
1512069880000 11466
1512069880000 11466
1512069880000 11466
1512069880000 11467
1512069880000 11467
1512069880000 11467
1512069880000 11467
1512069880000 11467
1512069880000 11467
1512069880000 11467
1512069880000 11468
1512069880000 11468
1512069880000 11468
1512069880000 11468
1512069880000 11468
1512069880000 11468
1512069880000 11469
1512069880000 11469
1512069880000 11469
1512069880000 11469
1512069880000 11469
1512069880000 11469
1512069880000 11469
1512069880000 11470
1512069880000 11470
1512069880000 11470
1512069880000 11470
1512069880000 11470
1512069880000 11470
1512069880000 11471
1512069880000 11471
1512069880000 11471
1512069880000 11471
1512069880000 11471
1512069880000 11471
1512069880000 11471
1512069880000 11472
1512069880000 11472
1512069880000 11472
1512069880000 11472
1512069880000 11472
1512069880000 11472
1512069880000 11473
1512069880000 11473
1512069880000 11473
1512069880000 11473
1512069880000 11473
1512069880000 11473
1512069880000 11473
1512069880000 11474
1512069880000 11474
1512069880000 11474
1512069880000 11474
1512069880000 11474
1512069880000 11474
1512069880000 11475
1512069880000 11475
1512069880000 11475
1512069880000 11475
1512069880000 11475
1512069880000 11475
1512069880000 11475
1512069880000 11476
1512069880000 11476
1512069880000 11476
1512069880000 11476
1512069880000 11476
1512069880000 11476
1512069880000 11477
1512069880000 11477
1512069880000 11477
1512069880000 11477
1512069880000 11477
1512069880000 11477
1512069880000 11477
1512069880000 11478
1512069880000 11478
1512069880000 11478
1512069880000 11478
1512069880000 11478
1512069880000 11478
1512069890000 11440
1512069890000 11440
1512069890000 11440
1512069890000 11440
1512069890000 11440
1512069890000 11440
1512069890000 11440
1512069890000 11441
1512069890000 11441
1512069890000 11441
1512069890000 11441
1512069890000 11441
1512069890000 11441
1512069890000 11441
1512069890000 11442
1512069890000 11442
1512069890000 11442
1512069890000 11442
1512069890000 11442
1512069890000 11442
1512069890000 11442
1512069890000 11443
1512069890000 11443
1512069890000 11443
1512069890000 11443
1512069890000 11443
1512069890000 11443
1512069890000 11443
1512069890000 11444
1512069890000 11444
1512069890000 11444
1512069890000 11444
1512069890000 11444
1512069890000 11444
1512069890000 11444
1512069890000 11445
1512069890000 11445
1512069890000 11445
1512069890000 11445
1512069890000 11445
1512069890000 11445
1512069890000 11446
1512069890000 11446
1512069890000 11446
1512069890000 11446
1512069890000 11446
1512069890000 11446
1512069890000 11446
1512069890000 11447
1512069890000 11447
1512069890000 11447
1512069890000 11447
1512069890000 11447
1512069890000 11447
1512069890000 11447
1512069890000 11448
1512069890000 11448
1512069890000 11448
1512069890000 11448
1512069890000 11448
1512069890000 11448
1512069890000 11448
1512069890000 11449
1512069890000 11449
1512069890000 11449
1512069890000 11449
1512069890000 11449
1512069890000 11449
1512069890000 11449
1512069890000 11450
1512069890000 11450
1512069890000 11450
1512069890000 11450
1512069890000 11450
1512069890000 11450
1512069890000 11450
1512069890000 11451
1512069890000 11451
1512069890000 11451
1512069890000 11451
1512069890000 11451
1512069890000 11451
1512069890000 11451
1512069890000 11452
1512069890000 11452
1512069890000 11452
1512069890000 11452
1512069890000 11452
1512069890000 11452
1512069890000 11452
1512069890000 11453
1512069890000 11453
1512069890000 11453
1512069890000 11453
1512069890000 11453
1512069890000 11453
1512069890000 11453
1512069890000 11454
1512069890000 11454
1512069890000 11454
1512069900000 11452
1512069900000 11452
1512069900000 11452
1512069900000 11452
1512069900000 11452
1512069900000 11453
1512069900000 11453
1512069900000 11453
1512069900000 11453
1512069900000 11453
1512069900000 11453
1512069900000 11454
1512069900000 11454
1512069900000 11454
1512069900000 11454
1512069900000 11454
1512069900000 11454
1512069900000 11454
1512069900000 11455
1512069900000 11455
1512069900000 11455
1512069900000 11455
1512069900000 11455
1512069900000 11455
1512069900000 11456
1512069900000 11456
1512069900000 11456
1512069900000 11456
1512069900000 11456
1512069900000 11456
1512069900000 11456
1512069900000 11457
1512069900000 11457
1512069900000 11457
1512069900000 11457
1512069900000 11457
1512069900000 11457
1512069900000 11458
1512069900000 11458
1512069900000 11458
1512069900000 11458
1512069900000 11458
1512069900000 11458
1512069900000 11459
1512069900000 11459
1512069900000 11459
1512069900000 11459
1512069900000 11459
1512069900000 11459
1512069900000 11459
1512069900000 11460
1512069900000 11460
1512069900000 11460
1512069900000 11460
1512069900000 11460
1512069900000 11460
1512069900000 11461
1512069900000 11461
1512069900000 11461
1512069900000 11461
1512069900000 11461
1512069900000 11461
1512069900000 11462
1512069900000 11462
1512069900000 11462
1512069900000 11462
1512069900000 11463
1512069900000 11463
1512069900000 11463
1512069900000 11463
1512069900000 11463
1512069900000 11464
1512069900000 11464
1512069900000 11464
1512069900000 11464
1512069900000 11464
1512069900000 11465
1512069900000 11465
1512069900000 11465
1512069900000 11465
1512069900000 11465
1512069900000 11465
1512069900000 11466
1512069900000 11466
1512069900000 11466
1512069900000 11466
1512069900000 11466
1512069900000 11466
1512069900000 11466
1512069900000 11467
1512069900000 11467
1512069900000 11467
1512069900000 11467
1512069900000 11467
1512069900000 11467
1512069900000 11467
1512069900000 11467
1512069900000 11468
1512069900000 11468
1512069900000 11468
1512069910000 11459
1512069910000 11459
1512069910000 11460
1512069910000 11460
1512069910000 11460
1512069910000 11460
1512069910000 11460
1512069910000 11460
1512069910000 11460
1512069910000 11460
1512069910000 11460
1512069910000 11461
1512069910000 11461
1512069910000 11461
1512069910000 11461
1512069910000 11461
1512069910000 11461
1512069910000 11461
1512069910000 11461
1512069910000 11461
1512069910000 11462
1512069910000 11462
1512069910000 11462
1512069910000 11462
1512069910000 11462
1512069910000 11462
1512069910000 11462
1512069910000 11462
1512069910000 11462
1512069910000 11463
1512069910000 11463
1512069910000 11463
1512069910000 11463
1512069910000 11463
1512069910000 11463
1512069910000 11463
1512069910000 11463
1512069910000 11463
1512069910000 11464
1512069910000 11464
1512069910000 11464
1512069910000 11464
1512069910000 11464
1512069910000 11464
1512069910000 11464
1512069910000 11464
1512069910000 11464
1512069910000 11465
1512069910000 11465
1512069910000 11465
1512069910000 11465
1512069910000 11465
1512069910000 11465
1512069910000 11465
1512069910000 11465
1512069910000 11465
1512069910000 11466
1512069910000 11466
1512069910000 11466
1512069910000 11466
1512069910000 11466
1512069910000 11466
1512069910000 11466
1512069910000 11466
1512069910000 11467
1512069910000 11467
1512069910000 11467
1512069910000 11467
1512069910000 11467
1512069910000 11467
1512069910000 11467
1512069910000 11467
1512069910000 11467
1512069910000 11468
1512069910000 11468
1512069910000 11468
1512069910000 11468
1512069910000 11468
1512069910000 11468
1512069910000 11468
1512069910000 11468
1512069910000 11468
1512069910000 11469
1512069910000 11469
1512069910000 11469
1512069910000 11469
1512069910000 11469
1512069910000 11469
1512069910000 11469
1512069910000 11469
1512069910000 11469
1512069910000 11470
1512069910000 11470
1512069910000 11470
1512069910000 11470
1512069910000 11470
1512069910000 11470
1512069910000 11470
1512069910000 11470
1512069910000 11470
1512069920000 11451
1512069920000 11451
1512069920000 11452
1512069920000 11452
1512069920000 11452
1512069920000 11452
1512069920000 11452
1512069920000 11452
1512069920000 11452
1512069920000 11453
1512069920000 11453
1512069920000 11453
1512069920000 11453
1512069920000 11453
1512069920000 11453
1512069920000 11454
1512069920000 11454
1512069920000 11454
1512069920000 11454
1512069920000 11454
1512069920000 11454
1512069920000 11454
1512069920000 11455
1512069920000 11455
1512069920000 11455
1512069920000 11455
1512069920000 11455
1512069920000 11455
1512069920000 11456
1512069920000 11456
1512069920000 11456
1512069920000 11456
1512069920000 11456
1512069920000 11456
1512069920000 11456
1512069920000 11457
1512069920000 11457
1512069920000 11457
1512069920000 11457
1512069920000 11457
1512069920000 11457
1512069920000 11457
1512069920000 11458
1512069920000 11458
1512069920000 11458
1512069920000 11458
1512069920000 11458
1512069920000 11458
1512069920000 11459
1512069920000 11459
1512069920000 11459
1512069920000 11459
1512069920000 11459
1512069920000 11459
1512069920000 11459
1512069920000 11460
1512069920000 11460
1512069920000 11460
1512069920000 11460
1512069920000 11460
1512069920000 11460
1512069920000 11461
1512069920000 11461
1512069920000 11461
1512069920000 11461
1512069920000 11461
1512069920000 11461
1512069920000 11462
1512069920000 11462
1512069920000 11462
1512069920000 11462
1512069920000 11462
1512069920000 11462
1512069920000 11462
1512069920000 11463
1512069920000 11463
1512069920000 11463
1512069920000 11463
1512069920000 11463
1512069920000 11463
1512069920000 11464
1512069920000 11464
1512069920000 11464
1512069920000 11464
1512069920000 11464
1512069920000 11464
1512069920000 11464
1512069920000 11465
1512069920000 11465
1512069920000 11465
1512069920000 11465
1512069920000 11465
1512069920000 11465
1512069920000 11465
1512069920000 11466
1512069920000 11466
1512069920000 11466
1512069920000 11466
1512069920000 11466
1512069920000 11466
1512069930000 11462
1512069930000 11462
1512069930000 11462
1512069930000 11463
1512069930000 11463
1512069930000 11463
1512069930000 11463
1512069930000 11463
1512069930000 11463
1512069930000 11463
1512069930000 11464
1512069930000 11464
1512069930000 11464
1512069930000 11464
1512069930000 11464
1512069930000 11464
1512069930000 11464
1512069930000 11465
1512069930000 11465
1512069930000 11465
1512069930000 11465
1512069930000 11465
1512069930000 11465
1512069930000 11465
1512069930000 11466
1512069930000 11466
1512069930000 11466
1512069930000 11466
1512069930000 11466
1512069930000 11466
1512069930000 11466
1512069930000 11467
1512069930000 11467
1512069930000 11467
1512069930000 11467
1512069930000 11467
1512069930000 11467
1512069930000 11468
1512069930000 11468
1512069930000 11468
1512069930000 11468
1512069930000 11468
1512069930000 11468
1512069930000 11468
1512069930000 11469
1512069930000 11469
1512069930000 11469
1512069930000 11469
1512069930000 11469
1512069930000 11469
1512069930000 11469
1512069930000 11470
1512069930000 11470
1512069930000 11470
1512069930000 11470
1512069930000 11470
1512069930000 11470
1512069930000 11470
1512069930000 11471
1512069930000 11471
1512069930000 11471
1512069930000 11471
1512069930000 11471
1512069930000 11471
1512069930000 11471
1512069930000 11472
1512069930000 11472
1512069930000 11472
1512069930000 11472
1512069930000 11472
1512069930000 11472
1512069930000 11472
1512069930000 11473
1512069930000 11473
1512069930000 11473
1512069930000 11473
1512069930000 11473
1512069930000 11473
1512069930000 11473
1512069930000 11474
1512069930000 11474
1512069930000 11474
1512069930000 11474
1512069930000 11474
1512069930000 11474
1512069930000 11474
1512069930000 11475
1512069930000 11475
1512069930000 11475
1512069930000 11475
1512069930000 11475
1512069930000 11475
1512069930000 11475
1512069930000 11476
1512069930000 11476
1512069930000 11476
1512069930000 11476
1512069930000 11476
1512069930000 11476
1512069930000 11477
1512069940000 11449
1512069940000 11449
1512069940000 11449
1512069940000 11449
1512069940000 11450
1512069940000 11450
1512069940000 11450
1512069940000 11450
1512069940000 11450
1512069940000 11450
1512069940000 11450
1512069940000 11451
1512069940000 11451
1512069940000 11451
1512069940000 11451
1512069940000 11451
1512069940000 11451
1512069940000 11452
1512069940000 11452
1512069940000 11452
1512069940000 11452
1512069940000 11452
1512069940000 11452
1512069940000 11452
1512069940000 11453
1512069940000 11453
1512069940000 11453
1512069940000 11453
1512069940000 11453
1512069940000 11453
1512069940000 11454
1512069940000 11454
1512069940000 11454
1512069940000 11454
1512069940000 11454
1512069940000 11454
1512069940000 11455
1512069940000 11455
1512069940000 11455
1512069940000 11455
1512069940000 11455
1512069940000 11455
1512069940000 11455
1512069940000 11456
1512069940000 11456
1512069940000 11456
1512069940000 11456
1512069940000 11456
1512069940000 11456
1512069940000 11457
1512069940000 11457
1512069940000 11457
1512069940000 11457
1512069940000 11457
1512069940000 11457
1512069940000 11458
1512069940000 11458
1512069940000 11458
1512069940000 11458
1512069940000 11458
1512069940000 11458
1512069940000 11458
1512069940000 11459
1512069940000 11459
1512069940000 11459
1512069940000 11459
1512069940000 11459
1512069940000 11459
1512069940000 11460
1512069940000 11460
1512069940000 11460
1512069940000 11460
1512069940000 11460
1512069940000 11460
1512069940000 11460
1512069940000 11461
1512069940000 11461
1512069940000 11461
1512069940000 11461
1512069940000 11461
1512069940000 11461
1512069940000 11462
1512069940000 11462
1512069940000 11462
1512069940000 11462
1512069940000 11462
1512069940000 11462
1512069940000 11463
1512069940000 11463
1512069940000 11463
1512069940000 11463
1512069940000 11463
1512069940000 11463
1512069940000 11464
1512069940000 11464
1512069940000 11464
1512069940000 11464
1512069940000 11464
1512069940000 11464
1512069940000 11464
1512069950000 11458
1512069950000 11458
1512069950000 11458
1512069950000 11458
1512069950000 11458
1512069950000 11458
1512069950000 11459
1512069950000 11459
1512069950000 11459
1512069950000 11459
1512069950000 11459
1512069950000 11459
1512069950000 11459
1512069950000 11460
1512069950000 11460
1512069950000 11460
1512069950000 11460
1512069950000 11460
1512069950000 11460
1512069950000 11460
1512069950000 11461
1512069950000 11461
1512069950000 11461
1512069950000 11461
1512069950000 11461
1512069950000 11461
1512069950000 11461
1512069950000 11462
1512069950000 11462
1512069950000 11462
1512069950000 11462
1512069950000 11462
1512069950000 11462
1512069950000 11462
1512069950000 11463
1512069950000 11463
1512069950000 11463
1512069950000 11463
1512069950000 11463
1512069950000 11463
1512069950000 11463
1512069950000 11464
1512069950000 11464
1512069950000 11464
1512069950000 11464
1512069950000 11464
1512069950000 11464
1512069950000 11464
1512069950000 11465
1512069950000 11465
1512069950000 11465
1512069950000 11465
1512069950000 11465
1512069950000 11465
1512069950000 11466
1512069950000 11466
1512069950000 11466
1512069950000 11466
1512069950000 11466
1512069950000 11466
1512069950000 11466
1512069950000 11467
1512069950000 11467
1512069950000 11467
1512069950000 11467
1512069950000 11467
1512069950000 11467
1512069950000 11467
1512069950000 11468
1512069950000 11468
1512069950000 11468
1512069950000 11468
1512069950000 11468
1512069950000 11468
1512069950000 11468
1512069950000 11469
1512069950000 11469
1512069950000 11469
1512069950000 11469
1512069950000 11469
1512069950000 11469
1512069950000 11469
1512069950000 11470
1512069950000 11470
1512069950000 11470
1512069950000 11470
1512069950000 11470
1512069950000 11470
1512069950000 11470
1512069950000 11471
1512069950000 11471
1512069950000 11471
1512069950000 11471
1512069950000 11471
1512069950000 11471
1512069950000 11471
1512069950000 11472
1512069950000 11472
1512069950000 11472
1512069950000 11472
1512069960000 11447
1512069960000 11447
1512069960000 11447
1512069960000 11448
1512069960000 11448
1512069960000 11448
1512069960000 11448
1512069960000 11448
1512069960000 11448
1512069960000 11448
1512069960000 11449
1512069960000 11449
1512069960000 11449
1512069960000 11449
1512069960000 11449
1512069960000 11449
1512069960000 11450
1512069960000 11450
1512069960000 11450
1512069960000 11450
1512069960000 11450
1512069960000 11450
1512069960000 11450
1512069960000 11451
1512069960000 11451
1512069960000 11451
1512069960000 11451
1512069960000 11451
1512069960000 11451
1512069960000 11452
1512069960000 11452
1512069960000 11452
1512069960000 11452
1512069960000 11452
1512069960000 11452
1512069960000 11452
1512069960000 11453
1512069960000 11453
1512069960000 11453
1512069960000 11453
1512069960000 11453
1512069960000 11453
1512069960000 11454
1512069960000 11454
1512069960000 11454
1512069960000 11454
1512069960000 11454
1512069960000 11454
1512069960000 11454
1512069960000 11455
1512069960000 11455
1512069960000 11455
1512069960000 11455
1512069960000 11455
1512069960000 11455
1512069960000 11455
1512069960000 11456
1512069960000 11456
1512069960000 11456
1512069960000 11456
1512069960000 11456
1512069960000 11456
1512069960000 11457
1512069960000 11457
1512069960000 11457
1512069960000 11457
1512069960000 11457
1512069960000 11458
1512069960000 11458
1512069960000 11458
1512069960000 11458
1512069960000 11458
1512069960000 11458
1512069960000 11459
1512069960000 11459
1512069960000 11459
1512069960000 11459
1512069960000 11459
1512069960000 11459
1512069960000 11459
1512069960000 11460
1512069960000 11460
1512069960000 11460
1512069960000 11460
1512069960000 11460
1512069960000 11460
1512069960000 11460
1512069960000 11461
1512069960000 11461
1512069960000 11461
1512069960000 11461
1512069960000 11461
1512069960000 11461
1512069960000 11461
1512069960000 11462
1512069960000 11462
1512069960000 11462
1512069960000 11462
1512069960000 11462
1512069960000 11462
1512069970000 11449
1512069970000 11449
1512069970000 11449
1512069970000 11449
1512069970000 11449
1512069970000 11449
1512069970000 11449
1512069970000 11450
1512069970000 11450
1512069970000 11450
1512069970000 11450
1512069970000 11451
1512069970000 11451
1512069970000 11451
1512069970000 11451
1512069970000 11451
1512069970000 11451
1512069970000 11452
1512069970000 11452
1512069970000 11452
1512069970000 11452
1512069970000 11452
1512069970000 11453
1512069970000 11453
1512069970000 11453
1512069970000 11453
1512069970000 11453
1512069970000 11453
1512069970000 11454
1512069970000 11454
1512069970000 11454
1512069970000 11454
1512069970000 11454
1512069970000 11454
1512069970000 11455
1512069970000 11455
1512069970000 11455
1512069970000 11455
1512069970000 11455
1512069970000 11455
1512069970000 11455
1512069970000 11456
1512069970000 11456
1512069970000 11456
1512069970000 11456
1512069970000 11456
1512069970000 11456
1512069970000 11456
1512069970000 11457
1512069970000 11457
1512069970000 11457
1512069970000 11457
1512069970000 11457
1512069970000 11457
1512069970000 11458
1512069970000 11458
1512069970000 11458
1512069970000 11458
1512069970000 11458
1512069970000 11458
1512069970000 11458
1512069970000 11459
1512069970000 11459
1512069970000 11459
1512069970000 11459
1512069970000 11459
1512069970000 11459
1512069970000 11459
1512069970000 11460
1512069970000 11460
1512069970000 11460
1512069970000 11460
1512069970000 11460
1512069970000 11460
1512069970000 11461
1512069970000 11461
1512069970000 11461
1512069970000 11461
1512069970000 11461
1512069970000 11461
1512069970000 11461
1512069970000 11462
1512069970000 11462
1512069970000 11462
1512069970000 11462
1512069970000 11462
1512069970000 11462
1512069970000 11462
1512069970000 11463
1512069970000 11463
1512069970000 11463
1512069970000 11463
1512069970000 11463
1512069970000 11463
1512069970000 11464
1512069970000 11464
1512069970000 11464
1512069970000 11464
1512069970000 11464
1512069970000 11464
1512069980000 11469
1512069980000 11469
1512069980000 11469
1512069980000 11469
1512069980000 11469
1512069980000 11470
1512069980000 11470
1512069980000 11470
1512069980000 11470
1512069980000 11470
1512069980000 11470
1512069980000 11471
1512069980000 11471
1512069980000 11471
1512069980000 11471
1512069980000 11471
1512069980000 11471
1512069980000 11471
1512069980000 11472
1512069980000 11472
1512069980000 11472
1512069980000 11472
1512069980000 11472
1512069980000 11472
1512069980000 11473
1512069980000 11473
1512069980000 11473
1512069980000 11473
1512069980000 11473
1512069980000 11473
1512069980000 11474
1512069980000 11474
1512069980000 11474
1512069980000 11474
1512069980000 11474
1512069980000 11474
1512069980000 11474
1512069980000 11475
1512069980000 11475
1512069980000 11475
1512069980000 11475
1512069980000 11475
1512069980000 11475
1512069980000 11475
1512069980000 11476
1512069980000 11476
1512069980000 11476
1512069980000 11476
1512069980000 11476
1512069980000 11476
1512069980000 11477
1512069980000 11477
1512069980000 11477
1512069980000 11477
1512069980000 11477
1512069980000 11477
1512069980000 11477
1512069980000 11478
1512069980000 11478
1512069980000 11478
1512069980000 11478
1512069980000 11478
1512069980000 11479
1512069980000 11479
1512069980000 11479
1512069980000 11479
1512069980000 11479
1512069980000 11479
1512069980000 11479
1512069980000 11480
1512069980000 11480
1512069980000 11480
1512069980000 11480
1512069980000 11480
1512069980000 11480
1512069980000 11481
1512069980000 11481
1512069980000 11481
1512069980000 11481
1512069980000 11481
1512069980000 11481
1512069980000 11481
1512069980000 11482
1512069980000 11482
1512069980000 11482
1512069980000 11482
1512069980000 11482
1512069980000 11482
1512069980000 11482
1512069980000 11483
1512069980000 11483
1512069980000 11483
1512069980000 11483
1512069980000 11483
1512069980000 11483
1512069980000 11484
1512069980000 11484
1512069980000 11484
1512069980000 11484
1512069980000 11484
1512069990000 11461
1512069990000 11461
1512069990000 11461
1512069990000 11461
1512069990000 11461
1512069990000 11461
1512069990000 11462
1512069990000 11462
1512069990000 11462
1512069990000 11462
1512069990000 11462
1512069990000 11462
1512069990000 11462
1512069990000 11463
1512069990000 11463
1512069990000 11463
1512069990000 11463
1512069990000 11463
1512069990000 11463
1512069990000 11463
1512069990000 11464
1512069990000 11464
1512069990000 11464
1512069990000 11464
1512069990000 11464
1512069990000 11464
1512069990000 11464
1512069990000 11465
1512069990000 11465
1512069990000 11465
1512069990000 11465
1512069990000 11465
1512069990000 11465
1512069990000 11465
1512069990000 11466
1512069990000 11466
1512069990000 11466
1512069990000 11466
1512069990000 11466
1512069990000 11466
1512069990000 11466
1512069990000 11466
1512069990000 11467
1512069990000 11467
1512069990000 11467
1512069990000 11467
1512069990000 11467
1512069990000 11467
1512069990000 11467
1512069990000 11468
1512069990000 11468
1512069990000 11468
1512069990000 11468
1512069990000 11468
1512069990000 11468
1512069990000 11468
1512069990000 11469
1512069990000 11469
1512069990000 11469
1512069990000 11469
1512069990000 11469
1512069990000 11469
1512069990000 11469
1512069990000 11470
1512069990000 11470
1512069990000 11470
1512069990000 11470
1512069990000 11470
1512069990000 11470
1512069990000 11470
1512069990000 11471
1512069990000 11471
1512069990000 11471
1512069990000 11471
1512069990000 11471
1512069990000 11471
1512069990000 11471
1512069990000 11472
1512069990000 11472
1512069990000 11472
1512069990000 11472
1512069990000 11472
1512069990000 11472
1512069990000 11472
1512069990000 11473
1512069990000 11473
1512069990000 11473
1512069990000 11473
1512069990000 11473
1512069990000 11473
1512069990000 11473
1512069990000 11474
1512069990000 11474
1512069990000 11474
1512069990000 11474
1512069990000 11474
1512069990000 11474
1512069990000 11474
1512069990000 11475
1512069990000 11475
1512070000000 11449
1512070000000 11449
1512070000000 11449
1512070000000 11450
1512070000000 11450
1512070000000 11450
1512070000000 11450
1512070000000 11450
1512070000000 11450
1512070000000 11450
1512070000000 11451
1512070000000 11451
1512070000000 11451
1512070000000 11451
1512070000000 11451
1512070000000 11451
1512070000000 11451
1512070000000 11452
1512070000000 11452
1512070000000 11452
1512070000000 11452
1512070000000 11452
1512070000000 11452
1512070000000 11452
1512070000000 11453
1512070000000 11453
1512070000000 11453
1512070000000 11453
1512070000000 11453
1512070000000 11453
1512070000000 11453
1512070000000 11454
1512070000000 11454
1512070000000 11454
1512070000000 11454
1512070000000 11454
1512070000000 11454
1512070000000 11455
1512070000000 11455
1512070000000 11455
1512070000000 11455
1512070000000 11455
1512070000000 11455
1512070000000 11455
1512070000000 11456
1512070000000 11456
1512070000000 11456
1512070000000 11456
1512070000000 11456
1512070000000 11456
1512070000000 11457
1512070000000 11457
1512070000000 11457
1512070000000 11457
1512070000000 11457
1512070000000 11457
1512070000000 11458
1512070000000 11458
1512070000000 11458
1512070000000 11458
1512070000000 11458
1512070000000 11458
1512070000000 11459
1512070000000 11459
1512070000000 11459
1512070000000 11459
1512070000000 11459
1512070000000 11459
1512070000000 11459
1512070000000 11460
1512070000000 11460
1512070000000 11460
1512070000000 11460
1512070000000 11460
1512070000000 11460
1512070000000 11461
1512070000000 11461
1512070000000 11461
1512070000000 11461
1512070000000 11461
1512070000000 11461
1512070000000 11461
1512070000000 11462
1512070000000 11462
1512070000000 11462
1512070000000 11462
1512070000000 11462
1512070000000 11462
1512070000000 11463
1512070000000 11463
1512070000000 11463
1512070000000 11463
1512070000000 11463
1512070000000 11463
1512070000000 11464
1512070000000 11464
1512070000000 11464
1512070000000 11464
1512070000000 11464
1512070000000 11464
1512070010000 11859
1512070010000 11859
1512070010000 11859
1512070010000 11860
1512070010000 11860
1512070010000 11860
1512070010000 11860
1512070010000 11860
1512070010000 11860
1512070010000 11860
1512070010000 11861
1512070010000 11861
1512070010000 11861
1512070010000 11861
1512070010000 11861
1512070010000 11861
1512070010000 11862
1512070010000 11862
1512070010000 11862
1512070010000 11862
1512070010000 11862
1512070010000 11862
1512070010000 11862
1512070010000 11863
1512070010000 11863
1512070010000 11863
1512070010000 11863
1512070010000 11863
1512070010000 11863
1512070010000 11864
1512070010000 11864
1512070010000 11864
1512070010000 11864
1512070010000 11864
1512070010000 11864
1512070010000 11864
1512070010000 11865
1512070010000 11865
1512070010000 11865
1512070010000 11865
1512070010000 11865
1512070010000 11865
1512070010000 11866
1512070010000 11866
1512070010000 11866
1512070010000 11866
1512070010000 11866
1512070010000 11866
1512070010000 11866
1512070010000 11867
1512070010000 11867
1512070010000 11867
1512070010000 11867
1512070010000 11867
1512070010000 11867
1512070010000 11867
1512070010000 11868
1512070010000 11868
1512070010000 11868
1512070010000 11868
1512070010000 11868
1512070010000 11868
1512070010000 11868
1512070010000 11869
1512070010000 11869
1512070010000 11869
1512070010000 11869
1512070010000 11869
1512070010000 11869
1512070010000 11869
1512070010000 11870
1512070010000 11870
1512070010000 11870
1512070010000 11870
1512070010000 11870
1512070010000 11870
1512070010000 11870
1512070010000 11871
1512070010000 11871
1512070010000 11871
1512070010000 11871
1512070010000 11871
1512070010000 11871
1512070010000 11871
1512070010000 11872
1512070010000 11872
1512070010000 11872
1512070010000 11872
1512070010000 11872
1512070010000 11872
1512070010000 11872
1512070010000 11873
1512070010000 11873
1512070010000 11873
1512070010000 11873
1512070010000 11873
1512070010000 11873
1512070010000 11873
1512070010000 11874
1512070010000 11874
1512070020000 11459
1512070020000 11459
1512070020000 11459
1512070020000 11459
1512070020000 11459
1512070020000 11459
1512070020000 11460
1512070020000 11460
1512070020000 11460
1512070020000 11460
1512070020000 11460
1512070020000 11460
1512070020000 11461
1512070020000 11461
1512070020000 11461
1512070020000 11461
1512070020000 11461
1512070020000 11461
1512070020000 11461
1512070020000 11462
1512070020000 11462
1512070020000 11462
1512070020000 11462
1512070020000 11462
1512070020000 11462
1512070020000 11463
1512070020000 11463
1512070020000 11463
1512070020000 11463
1512070020000 11463
1512070020000 11463
1512070020000 11463
1512070020000 11464
1512070020000 11464
1512070020000 11464
1512070020000 11464
1512070020000 11464
1512070020000 11464
1512070020000 11465
1512070020000 11465
1512070020000 11465
1512070020000 11465
1512070020000 11465
1512070020000 11465
1512070020000 11465
1512070020000 11466
1512070020000 11466
1512070020000 11466
1512070020000 11466
1512070020000 11466
1512070020000 11466
1512070020000 11467
1512070020000 11467
1512070020000 11467
1512070020000 11467
1512070020000 11467
1512070020000 11467
1512070020000 11467
1512070020000 11468
1512070020000 11468
1512070020000 11468
1512070020000 11468
1512070020000 11468
1512070020000 11468
1512070020000 11468
1512070020000 11469
1512070020000 11469
1512070020000 11469
1512070020000 11469
1512070020000 11469
1512070020000 11469
1512070020000 11470
1512070020000 11470
1512070020000 11470
1512070020000 11470
1512070020000 11470
1512070020000 11470
1512070020000 11470
1512070020000 11471
1512070020000 11471
1512070020000 11471
1512070020000 11471
1512070020000 11471
1512070020000 11471
1512070020000 11472
1512070020000 11472
1512070020000 11472
1512070020000 11472
1512070020000 11472
1512070020000 11472
1512070020000 11472
1512070020000 11473
1512070020000 11473
1512070020000 11473
1512070020000 11473
1512070020000 11473
1512070020000 11473
1512070020000 11474
1512070020000 11474
1512070020000 11474
1512070030000 11454
1512070030000 11454
1512070030000 11454
1512070030000 11454
1512070030000 11455
1512070030000 11455
1512070030000 11455
1512070030000 11455
1512070030000 11455
1512070030000 11455
1512070030000 11456
1512070030000 11456
1512070030000 11456
1512070030000 11456
1512070030000 11456
1512070030000 11456
1512070030000 11456
1512070030000 11457
1512070030000 11457
1512070030000 11457
1512070030000 11457
1512070030000 11457
1512070030000 11457
1512070030000 11458
1512070030000 11458
1512070030000 11458
1512070030000 11458
1512070030000 11458
1512070030000 11458
1512070030000 11459
1512070030000 11459
1512070030000 11459
1512070030000 11459
1512070030000 11459
1512070030000 11459
1512070030000 11459
1512070030000 11460
1512070030000 11460
1512070030000 11460
1512070030000 11460
1512070030000 11460
1512070030000 11460
1512070030000 11461
1512070030000 11461
1512070030000 11461
1512070030000 11461
1512070030000 11461
1512070030000 11461
1512070030000 11461
1512070030000 11462
1512070030000 11462
1512070030000 11462
1512070030000 11462
1512070030000 11462
1512070030000 11462
1512070030000 11463
1512070030000 11463
1512070030000 11463
1512070030000 11463
1512070030000 11463
1512070030000 11463
1512070030000 11463
1512070030000 11464
1512070030000 11464
1512070030000 11464
1512070030000 11464
1512070030000 11464
1512070030000 11464
1512070030000 11465
1512070030000 11465
1512070030000 11465
1512070030000 11465
1512070030000 11465
1512070030000 11465
1512070030000 11465
1512070030000 11466
1512070030000 11466
1512070030000 11466
1512070030000 11466
1512070030000 11466
1512070030000 11466
1512070030000 11467
1512070030000 11467
1512070030000 11467
1512070030000 11467
1512070030000 11467
1512070030000 11467
1512070030000 11467
1512070030000 11468
1512070030000 11468
1512070030000 11468
1512070030000 11468
1512070030000 11468
1512070030000 11468
1512070030000 11468
1512070030000 11469
1512070030000 11469
1512070030000 11469
1512070030000 11469
1512070030000 11469
1512070040000 11456
1512070040000 11457
1512070040000 11457
1512070040000 11457
1512070040000 11457
1512070040000 11457
1512070040000 11457
1512070040000 11458
1512070040000 11458
1512070040000 11458
1512070040000 11458
1512070040000 11458
1512070040000 11458
1512070040000 11458
1512070040000 11459
1512070040000 11459
1512070040000 11459
1512070040000 11459
1512070040000 11459
1512070040000 11459
1512070040000 11460
1512070040000 11460
1512070040000 11460
1512070040000 11460
1512070040000 11460
1512070040000 11460
1512070040000 11460
1512070040000 11461
1512070040000 11461
1512070040000 11461
1512070040000 11461
1512070040000 11461
1512070040000 11461
1512070040000 11462
1512070040000 11462
1512070040000 11462
1512070040000 11462
1512070040000 11462
1512070040000 11462
1512070040000 11462
1512070040000 11463
1512070040000 11463
1512070040000 11463
1512070040000 11463
1512070040000 11463
1512070040000 11463
1512070040000 11463
1512070040000 11464
1512070040000 11464
1512070040000 11464
1512070040000 11464
1512070040000 11464
1512070040000 11464
1512070040000 11465
1512070040000 11465
1512070040000 11465
1512070040000 11465
1512070040000 11465
1512070040000 11465
1512070040000 11465
1512070040000 11466
1512070040000 11466
1512070040000 11466
1512070040000 11466
1512070040000 11466
1512070040000 11466
1512070040000 11466
1512070040000 11467
1512070040000 11467
1512070040000 11467
1512070040000 11467
1512070040000 11467
1512070040000 11467
1512070040000 11468
1512070040000 11468
1512070040000 11468
1512070040000 11468
1512070040000 11468
1512070040000 11468
1512070040000 11468
1512070040000 11469
1512070040000 11469
1512070040000 11469
1512070040000 11469
1512070040000 11469
1512070040000 11469
1512070040000 11470
1512070040000 11470
1512070040000 11470
1512070040000 11470
1512070040000 11470
1512070040000 11470
1512070040000 11471
1512070040000 11471
1512070040000 11471
1512070040000 11471
1512070040000 11471
1512070040000 11471
1512070040000 11471
1512070040000 11472
1512070050000 11462
1512070050000 11463
1512070050000 11463
1512070050000 11463
1512070050000 11463
1512070050000 11463
1512070050000 11463
1512070050000 11463
1512070050000 11464
1512070050000 11464
1512070050000 11464
1512070050000 11464
1512070050000 11464
1512070050000 11464
1512070050000 11464
1512070050000 11465
1512070050000 11465
1512070050000 11465
1512070050000 11465
1512070050000 11465
1512070050000 11465
1512070050000 11466
1512070050000 11466
1512070050000 11466
1512070050000 11466
1512070050000 11466
1512070050000 11466
1512070050000 11466
1512070050000 11467
1512070050000 11467
1512070050000 11467
1512070050000 11467
1512070050000 11467
1512070050000 11467
1512070050000 11468
1512070050000 11468
1512070050000 11468
1512070050000 11468
1512070050000 11468
1512070050000 11468
1512070050000 11468
1512070050000 11469
1512070050000 11469
1512070050000 11469
1512070050000 11469
1512070050000 11469
1512070050000 11469
1512070050000 11470
1512070050000 11470
1512070050000 11470
1512070050000 11470
1512070050000 11470
1512070050000 11470
1512070050000 11471
1512070050000 11471
1512070050000 11471
1512070050000 11471
1512070050000 11471
1512070050000 11471
1512070050000 11471
1512070050000 11472
1512070050000 11472
1512070050000 11472
1512070050000 11472
1512070050000 11472
1512070050000 11472
1512070050000 11473
1512070050000 11473
1512070050000 11473
1512070050000 11473
1512070050000 11473
1512070050000 11473
1512070050000 11473
1512070050000 11474
1512070050000 11474
1512070050000 11474
1512070050000 11474
1512070050000 11474
1512070050000 11474
1512070050000 11475
1512070050000 11475
1512070050000 11475
1512070050000 11475
1512070050000 11475
1512070050000 11475
1512070050000 11476
1512070050000 11476
1512070050000 11476
1512070050000 11476
1512070050000 11476
1512070050000 11476
1512070050000 11476
1512070050000 11477
1512070050000 11477
1512070050000 11477
1512070050000 11477
1512070050000 11477
1512070050000 11477
1512070050000 11478
1512070050000 11478
1512070060000 11451
1512070060000 11451
1512070060000 11451
1512070060000 11451
1512070060000 11451
1512070060000 11452
1512070060000 11452
1512070060000 11452
1512070060000 11452
1512070060000 11452
1512070060000 11452
1512070060000 11452
1512070060000 11453
1512070060000 11453
1512070060000 11453
1512070060000 11453
1512070060000 11453
1512070060000 11453
1512070060000 11453
1512070060000 11454
1512070060000 11454
1512070060000 11454
1512070060000 11454
1512070060000 11454
1512070060000 11454
1512070060000 11454
1512070060000 11455
1512070060000 11455
1512070060000 11455
1512070060000 11455
1512070060000 11455
1512070060000 11455
1512070060000 11455
1512070060000 11456
1512070060000 11456
1512070060000 11456
1512070060000 11456
1512070060000 11456
1512070060000 11456
1512070060000 11456
1512070060000 11457
1512070060000 11457
1512070060000 11457
1512070060000 11457
1512070060000 11457
1512070060000 11457
1512070060000 11457
1512070060000 11458
1512070060000 11458
1512070060000 11458
1512070060000 11458
1512070060000 11458
1512070060000 11458
1512070060000 11458
1512070060000 11459
1512070060000 11459
1512070060000 11459
1512070060000 11459
1512070060000 11459
1512070060000 11459
1512070060000 11459
1512070060000 11460
1512070060000 11460
1512070060000 11460
1512070060000 11460
1512070060000 11460
1512070060000 11460
1512070060000 11460
1512070060000 11461
1512070060000 11461
1512070060000 11461
1512070060000 11461
1512070060000 11461
1512070060000 11461
1512070060000 11461
1512070060000 11462
1512070060000 11462
1512070060000 11462
1512070060000 11462
1512070060000 11462
1512070060000 11462
1512070060000 11462
1512070060000 11463
1512070060000 11463
1512070060000 11463
1512070060000 11463
1512070060000 11463
1512070060000 11463
1512070060000 11463
1512070060000 11464
1512070060000 11464
1512070060000 11464
1512070060000 11464
1512070060000 11464
1512070060000 11464
1512070060000 11464
1512070060000 11465
1512070060000 11465
1512070060000 11465
1512070060000 11465
1512070070000 11450
1512070070000 11450
1512070070000 11450
1512070070000 11450
1512070070000 11450
1512070070000 11451
1512070070000 11451
1512070070000 11451
1512070070000 11451
1512070070000 11451
1512070070000 11451
1512070070000 11451
1512070070000 11452
1512070070000 11452
1512070070000 11452
1512070070000 11452
1512070070000 11452
1512070070000 11452
1512070070000 11452
1512070070000 11453
1512070070000 11453
1512070070000 11453
1512070070000 11453
1512070070000 11453
1512070070000 11453
1512070070000 11453
1512070070000 11454
1512070070000 11454
1512070070000 11454
1512070070000 11454
1512070070000 11454
1512070070000 11454
1512070070000 11454
1512070070000 11455
1512070070000 11455
1512070070000 11455
1512070070000 11455
1512070070000 11455
1512070070000 11455
1512070070000 11455
1512070070000 11456
1512070070000 11456
1512070070000 11456
1512070070000 11456
1512070070000 11456
1512070070000 11456
1512070070000 11456
1512070070000 11457
1512070070000 11457
1512070070000 11457
1512070070000 11457
1512070070000 11457
1512070070000 11457
1512070070000 11458
1512070070000 11458
1512070070000 11458
1512070070000 11458
1512070070000 11458
1512070070000 11458
1512070070000 11458
1512070070000 11459
1512070070000 11459
1512070070000 11459
1512070070000 11459
1512070070000 11459
1512070070000 11459
1512070070000 11459
1512070070000 11460
1512070070000 11460
1512070070000 11460
1512070070000 11460
1512070070000 11460
1512070070000 11460
1512070070000 11460
1512070070000 11460
1512070070000 11461
1512070070000 11461
1512070070000 11461
1512070070000 11461
1512070070000 11461
1512070070000 11461
1512070070000 11462
1512070070000 11462
1512070070000 11462
1512070070000 11462
1512070070000 11462
1512070070000 11462
1512070070000 11462
1512070070000 11463
1512070070000 11463
1512070070000 11463
1512070070000 11463
1512070070000 11463
1512070070000 11463
1512070070000 11463
1512070070000 11464
1512070070000 11464
1512070070000 11464
1512070070000 11464
1512070070000 11464
1512070080000 11453
1512070080000 11454
1512070080000 11454
1512070080000 11454
1512070080000 11454
1512070080000 11454
1512070080000 11454
1512070080000 11454
1512070080000 11455
1512070080000 11455
1512070080000 11455
1512070080000 11455
1512070080000 11455
1512070080000 11455
1512070080000 11455
1512070080000 11456
1512070080000 11456
1512070080000 11456
1512070080000 11456
1512070080000 11456
1512070080000 11456
1512070080000 11457
1512070080000 11457
1512070080000 11457
1512070080000 11457
1512070080000 11457
1512070080000 11457
1512070080000 11458
1512070080000 11458
1512070080000 11458
1512070080000 11458
1512070080000 11458
1512070080000 11458
1512070080000 11459
1512070080000 11459
1512070080000 11459
1512070080000 11459
1512070080000 11459
1512070080000 11459
1512070080000 11460
1512070080000 11460
1512070080000 11460
1512070080000 11460
1512070080000 11460
1512070080000 11460
1512070080000 11460
1512070080000 11461
1512070080000 11461
1512070080000 11461
1512070080000 11461
1512070080000 11461
1512070080000 11461
1512070080000 11462
1512070080000 11462
1512070080000 11462
1512070080000 11462
1512070080000 11462
1512070080000 11462
1512070080000 11463
1512070080000 11463
1512070080000 11463
1512070080000 11463
1512070080000 11463
1512070080000 11463
1512070080000 11464
1512070080000 11464
1512070080000 11464
1512070080000 11464
1512070080000 11464
1512070080000 11464
1512070080000 11465
1512070080000 11465
1512070080000 11465
1512070080000 11465
1512070080000 11465
1512070080000 11465
1512070080000 11466
1512070080000 11466
1512070080000 11466
1512070080000 11466
1512070080000 11466
1512070080000 11466
1512070080000 11467
1512070080000 11467
1512070080000 11467
1512070080000 11467
1512070080000 11467
1512070080000 11467
1512070080000 11468
1512070080000 11468
1512070080000 11468
1512070080000 11468
1512070080000 11468
1512070080000 11468
1512070080000 11469
1512070080000 11469
1512070080000 11469
1512070080000 11469
1512070080000 11469
1512070080000 11469
1512070090000 11437
1512070090000 11437
1512070090000 11438
1512070090000 11438
1512070090000 11438
1512070090000 11438
1512070090000 11438
1512070090000 11438
1512070090000 11438
1512070090000 11439
1512070090000 11439
1512070090000 11439
1512070090000 11439
1512070090000 11439
1512070090000 11439
1512070090000 11439
1512070090000 11440
1512070090000 11440
1512070090000 11440
1512070090000 11440
1512070090000 11440
1512070090000 11440
1512070090000 11440
1512070090000 11441
1512070090000 11441
1512070090000 11441
1512070090000 11441
1512070090000 11441
1512070090000 11441
1512070090000 11441
1512070090000 11442
1512070090000 11442
1512070090000 11442
1512070090000 11442
1512070090000 11442
1512070090000 11442
1512070090000 11442
1512070090000 11443
1512070090000 11443
1512070090000 11443
1512070090000 11443
1512070090000 11443
1512070090000 11443
1512070090000 11444
1512070090000 11444
1512070090000 11444
1512070090000 11444
1512070090000 11444
1512070090000 11444
1512070090000 11444
1512070090000 11445
1512070090000 11445
1512070090000 11445
1512070090000 11445
1512070090000 11445
1512070090000 11445
1512070090000 11445
1512070090000 11446
1512070090000 11446
1512070090000 11446
1512070090000 11446
1512070090000 11446
1512070090000 11446
1512070090000 11446
1512070090000 11447
1512070090000 11447
1512070090000 11447
1512070090000 11447
1512070090000 11447
1512070090000 11447
1512070090000 11447
1512070090000 11448
1512070090000 11448
1512070090000 11448
1512070090000 11448
1512070090000 11448
1512070090000 11448
1512070090000 11448
1512070090000 11449
1512070090000 11449
1512070090000 11449
1512070090000 11449
1512070090000 11449
1512070090000 11449
1512070090000 11450
1512070090000 11450
1512070090000 11450
1512070090000 11450
1512070090000 11450
1512070090000 11450
1512070090000 11450
1512070090000 11451
1512070090000 11451
1512070090000 11451
1512070090000 11451
1512070090000 11451
1512070090000 11451
1512070090000 11451
1512070090000 11452
1512070090000 11452
1512070100000 11457
1512070100000 11457
1512070100000 11457
1512070100000 11457
1512070100000 11457
1512070100000 11457
1512070100000 11458
1512070100000 11458
1512070100000 11458
1512070100000 11458
1512070100000 11458
1512070100000 11458
1512070100000 11459
1512070100000 11459
1512070100000 11459
1512070100000 11459
1512070100000 11459
1512070100000 11459
1512070100000 11460
1512070100000 11460
1512070100000 11460
1512070100000 11460
1512070100000 11460
1512070100000 11460
1512070100000 11461
1512070100000 11461
1512070100000 11461
1512070100000 11461
1512070100000 11461
1512070100000 11461
1512070100000 11462
1512070100000 11462
1512070100000 11462
1512070100000 11462
1512070100000 11462
1512070100000 11462
1512070100000 11462
1512070100000 11463
1512070100000 11463
1512070100000 11463
1512070100000 11463
1512070100000 11463
1512070100000 11463
1512070100000 11464
1512070100000 11464
1512070100000 11464
1512070100000 11464
1512070100000 11464
1512070100000 11464
1512070100000 11464
1512070100000 11465
1512070100000 11465
1512070100000 11465
1512070100000 11465
1512070100000 11465
1512070100000 11465
1512070100000 11466
1512070100000 11466
1512070100000 11466
1512070100000 11466
1512070100000 11466
1512070100000 11466
1512070100000 11466
1512070100000 11467
1512070100000 11467
1512070100000 11467
1512070100000 11467
1512070100000 11467
1512070100000 11467
1512070100000 11468
1512070100000 11468
1512070100000 11468
1512070100000 11468
1512070100000 11468
1512070100000 11468
1512070100000 11469
1512070100000 11469
1512070100000 11469
1512070100000 11469
1512070100000 11469
1512070100000 11469
1512070100000 11469
1512070100000 11470
1512070100000 11470
1512070100000 11470
1512070100000 11470
1512070100000 11470
1512070100000 11470
1512070100000 11471
1512070100000 11471
1512070100000 11471
1512070100000 11471
1512070100000 11471
1512070100000 11471
1512070100000 11471
1512070100000 11472
1512070100000 11472
1512070100000 11472
1512070100000 11472
1512070100000 11472
1512070110000 9552
1512070110000 9552
1512070110000 9552
1512070110000 9552
1512070110000 9552
1512070110000 9552
1512070110000 9553
1512070110000 9553
1512070110000 9553
1512070110000 9553
1512070110000 9553
1512070110000 9553
1512070110000 9554
1512070110000 9554
1512070110000 9554
1512070110000 9554
1512070110000 9554
1512070110000 9554
1512070110000 9555
1512070110000 9555
1512070110000 9555
1512070110000 9555
1512070110000 9555
1512070110000 9555
1512070110000 9556
1512070110000 9556
1512070110000 9556
1512070110000 9556
1512070110000 9556
1512070110000 9556
1512070110000 9556
1512070110000 9557
1512070110000 9557
1512070110000 9557
1512070110000 9557
1512070110000 9557
1512070110000 9557
1512070110000 9558
1512070110000 9558
1512070110000 9558
1512070110000 9558
1512070110000 9558
1512070110000 9558
1512070110000 9559
1512070110000 9559
1512070110000 9559
1512070110000 9559
1512070110000 9559
1512070110000 9559
1512070110000 9560
1512070110000 9560
1512070110000 9560
1512070110000 9560
1512070110000 9560
1512070110000 9560
1512070110000 9560
1512070110000 9561
1512070110000 9561
1512070110000 9561
1512070110000 9561
1512070110000 9561
1512070110000 9561
1512070110000 9562
1512070110000 9562
1512070110000 9562
1512070110000 9562
1512070110000 9562
1512070110000 9562
1512070110000 9562
1512070110000 9563
1512070110000 9563
1512070110000 9563
1512070110000 9563
1512070110000 9563
1512070110000 9563
1512070110000 9564
1512070110000 9564
1512070110000 9564
1512070110000 9564
1512070110000 9564
1512070110000 9564
1512070110000 9564
1512070110000 9565
1512070110000 9565
1512070110000 9565
1512070110000 9565
1512070110000 9565
1512070110000 9565
1512070110000 9566
1512070110000 9566
1512070110000 9566
1512070110000 9566
1512070110000 9566
1512070110000 9566
1512070110000 9566
1512070110000 9567
1512070110000 9567
1512070110000 9567
1512070110000 9567
1512070110000 9567
