1512029220000 2300
1512029220000 2300
1512029220000 2300
1512029220000 2300
1512029220000 2300
1512029220000 2300
1512029220000 2300
1512029220000 2300
1512029220000 2301
1512029220000 2301
1512029220000 2301
1512029220000 2301
1512029220000 2301
1512029220000 2301
1512029220000 2301
1512029220000 2301
1512029220000 2301
1512029220000 2301
1512029220000 2301
1512029220000 2301
1512029220000 2302
1512029220000 2302
1512029220000 2302
1512029220000 2302
1512029220000 2302
1512029220000 2302
1512029220000 2302
1512029220000 2302
1512029220000 2302
1512029220000 2302
1512029220000 2302
1512029220000 2302
1512029220000 2302
1512029220000 2302
1512029220000 2302
1512029220000 2302
1512029220000 2302
1512029220000 2302
1512029220000 2302
1512029220000 2302
1512029220000 2302
1512029220000 2302
1512029220000 2302
1512029220000 2302
1512029220000 2302
1512029220000 2302
1512029220000 2303
1512029220000 2303
1512029220000 2303
1512029220000 2303
1512029220000 2303
1512029220000 2303
1512029220000 2303
1512029220000 2303
1512029220000 2303
1512029220000 2303
1512029220000 2303
1512029220000 2303
1512029220000 2304
1512029220000 2304
1512029220000 2304
1512029220000 2304
1512029220000 2304
1512029220000 2304
1512029220000 2304
1512029220000 2304
1512029220000 2305
1512029220000 2305
1512029220000 2305
1512029220000 2305
1512029220000 2306
1512029220000 2306
1512029220000 2306
1512029220000 2306
1512029220000 2307
1512029220000 2308
1512029220000 2308
1512029220000 2312
1512029220000 2313
1512029220000 2313
1512029220000 2314
1512029220000 2338
1512029220000 2338
1512029220000 2338
1512029220000 2339
1512029220000 2339
1512029220000 2339
1512029220000 2340
1512029220000 2341
1512029220000 2341
1512029220000 2341
1512029220000 397
1512029220000 397
1512029220000 398
1512029220000 398
1512029220000 398
1512029220000 399
1512029220000 400
1512029220000 401
1512029220000 401
1512029230000 2282
1512029230000 2282
1512029230000 2282
1512029230000 2283
1512029230000 2283
1512029230000 2283
1512029230000 2283
1512029230000 2283
1512029230000 2283
1512029230000 2283
1512029230000 2283
1512029230000 2283
1512029230000 2283
1512029230000 2283
1512029230000 2283
1512029230000 2283
1512029230000 2283
1512029230000 2283
1512029230000 2283
1512029230000 2283
1512029230000 2283
1512029230000 2283
1512029230000 2283
1512029230000 2283
1512029230000 2283
1512029230000 2283
1512029230000 2283
1512029230000 2284
1512029230000 2284
1512029230000 2284
1512029230000 2284
1512029230000 2284
1512029230000 2284
1512029230000 2284
1512029230000 2284
1512029230000 2284
1512029230000 2284
1512029230000 2284
1512029230000 2284
1512029230000 2284
1512029230000 2284
1512029230000 2284
1512029230000 2284
1512029230000 2284
1512029230000 2284
1512029230000 2284
1512029230000 2285
1512029230000 2285
1512029230000 2285
1512029230000 2285
1512029230000 2285
1512029230000 2285
1512029230000 2285
1512029230000 2285
1512029230000 2285
1512029230000 2285
1512029230000 2286
1512029230000 2286
1512029230000 2286
1512029230000 2286
1512029230000 2286
1512029230000 2286
1512029230000 2286
1512029230000 2286
1512029230000 2286
1512029230000 2287
1512029230000 2287
1512029230000 2287
1512029230000 2287
1512029230000 2288
1512029230000 2288
1512029230000 2288
1512029230000 2289
1512029230000 2290
1512029230000 2291
1512029230000 2291
1512029230000 2295
1512029230000 2301
1512029230000 2302
1512029230000 2302
1512029230000 2302
1512029230000 2303
1512029230000 2321
1512029230000 2321
1512029230000 2321
1512029230000 2321
1512029230000 2321
1512029230000 2322
1512029230000 2322
1512029230000 2322
1512029230000 2322
1512029230000 2322
1512029230000 2322
1512029230000 2323
1512029230000 2323
1512029230000 2323
1512029230000 2323
1512029230000 2324
1512029230000 2324
1512029230000 2324
1512029240000 2391
1512029240000 2392
1512029240000 2392
1512029240000 2392
1512029240000 2392
1512029240000 2392
1512029240000 2392
1512029240000 2392
1512029240000 2392
1512029240000 2392
1512029240000 2392
1512029240000 2392
1512029240000 2392
1512029240000 2392
1512029240000 2392
1512029240000 2392
1512029240000 2392
1512029240000 2392
1512029240000 2392
1512029240000 2392
1512029240000 2392
1512029240000 2392
1512029240000 2392
1512029240000 2392
1512029240000 2392
1512029240000 2393
1512029240000 2393
1512029240000 2393
1512029240000 2393
1512029240000 2393
1512029240000 2393
1512029240000 2393
1512029240000 2393
1512029240000 2393
1512029240000 2393
1512029240000 2393
1512029240000 2393
1512029240000 2393
1512029240000 2393
1512029240000 2393
1512029240000 2393
1512029240000 2393
1512029240000 2393
1512029240000 2393
1512029240000 2393
1512029240000 2394
1512029240000 2394
1512029240000 2394
1512029240000 2394
1512029240000 2394
1512029240000 2394
1512029240000 2394
1512029240000 2394
1512029240000 2394
1512029240000 2394
1512029240000 2394
1512029240000 2394
1512029240000 2394
1512029240000 2395
1512029240000 2395
1512029240000 2395
1512029240000 2395
1512029240000 2395
1512029240000 2395
1512029240000 2395
1512029240000 2395
1512029240000 2396
1512029240000 2396
1512029240000 2396
1512029240000 2397
1512029240000 2398
1512029240000 2398
1512029240000 2423
1512029240000 2424
1512029240000 2425
1512029240000 2425
1512029240000 2425
1512029240000 2429
1512029240000 2429
1512029240000 2429
1512029240000 2430
1512029240000 2430
1512029240000 2430
1512029240000 2430
1512029240000 2430
1512029240000 2430
1512029240000 2431
1512029240000 2431
1512029240000 2431
1512029240000 2431
1512029240000 2431
1512029240000 2431
1512029240000 2431
1512029240000 2431
1512029240000 2432
1512029240000 2432
1512029240000 2433
1512029240000 2460
1512029240000 2461
1512029240000 2461
1512029250000 357
1512029250000 358
1512029250000 360
1512029250000 360
1512029250000 360
1512029250000 361
1512029250000 361
1512029250000 361
1512029250000 361
1512029250000 361
1512029250000 361
1512029250000 362
1512029250000 362
1512029250000 362
1512029250000 362
1512029250000 362
1512029250000 362
1512029250000 362
1512029250000 362
1512029250000 363
1512029250000 363
1512029250000 363
1512029250000 363
1512029250000 364
1512029250000 364
1512029250000 364
1512029250000 364
1512029250000 364
1512029250000 364
1512029250000 364
1512029250000 364
1512029250000 364
1512029250000 364
1512029250000 364
1512029250000 365
1512029250000 365
1512029250000 365
1512029250000 365
1512029250000 365
1512029250000 365
1512029250000 365
1512029250000 365
1512029250000 365
1512029250000 365
1512029250000 365
1512029250000 366
1512029250000 366
1512029250000 366
1512029250000 366
1512029250000 366
1512029250000 366
1512029250000 366
1512029250000 366
1512029250000 366
1512029250000 366
1512029250000 366
1512029250000 366
1512029250000 366
1512029250000 366
1512029250000 366
1512029250000 366
1512029250000 366
1512029250000 367
1512029250000 367
1512029250000 367
1512029250000 367
1512029250000 367
1512029250000 367
1512029250000 368
1512029250000 368
1512029250000 368
1512029250000 368
1512029250000 368
1512029250000 369
1512029250000 369
1512029250000 369
1512029250000 369
1512029250000 376
1512029250000 377
1512029250000 377
1512029250000 377
1512029250000 394
1512029250000 397
1512029250000 397
1512029250000 397
1512029250000 398
1512029250000 398
1512029250000 398
1512029250000 398
1512029250000 399
1512029250000 400
1512029250000 400
1512029250000 401
1512029250000 401
1512029250000 401
1512029250000 402
1512029250000 402
1512029250000 405
1512029250000 414
1512029250000 415
1512029260000 374
1512029260000 375
1512029260000 375
1512029260000 375
1512029260000 375
1512029260000 375
1512029260000 375
1512029260000 375
1512029260000 375
1512029260000 375
1512029260000 375
1512029260000 375
1512029260000 376
1512029260000 376
1512029260000 377
1512029260000 377
1512029260000 377
1512029260000 377
1512029260000 377
1512029260000 377
1512029260000 377
1512029260000 377
1512029260000 377
1512029260000 378
1512029260000 378
1512029260000 378
1512029260000 378
1512029260000 378
1512029260000 378
1512029260000 378
1512029260000 378
1512029260000 378
1512029260000 379
1512029260000 379
1512029260000 379
1512029260000 379
1512029260000 379
1512029260000 379
1512029260000 379
1512029260000 379
1512029260000 380
1512029260000 380
1512029260000 380
1512029260000 380
1512029260000 380
1512029260000 380
1512029260000 380
1512029260000 380
1512029260000 380
1512029260000 380
1512029260000 380
1512029260000 380
1512029260000 380
1512029260000 381
1512029260000 381
1512029260000 381
1512029260000 381
1512029260000 381
1512029260000 381
1512029260000 382
1512029260000 382
1512029260000 382
1512029260000 382
1512029260000 382
1512029260000 382
1512029260000 382
1512029260000 383
1512029260000 383
1512029260000 383
1512029260000 383
1512029260000 383
1512029260000 383
1512029260000 383
1512029260000 384
1512029260000 384
1512029260000 403
1512029260000 405
1512029260000 405
1512029260000 406
1512029260000 406
1512029260000 406
1512029260000 407
1512029260000 407
1512029260000 407
1512029260000 407
1512029260000 407
1512029260000 407
1512029260000 407
1512029260000 407
1512029260000 408
1512029260000 408
1512029260000 409
1512029260000 409
1512029260000 410
1512029260000 410
1512029260000 410
1512029260000 410
1512029260000 411
1512029260000 411
1512029260000 411
1512029270000 2273
1512029270000 2273
1512029270000 2273
1512029270000 2273
1512029270000 2273
1512029270000 2273
1512029270000 2273
1512029270000 2273
1512029270000 2273
1512029270000 2273
1512029270000 2273
1512029270000 2273
1512029270000 2273
1512029270000 2274
1512029270000 2274
1512029270000 2274
1512029270000 2274
1512029270000 2274
1512029270000 2274
1512029270000 2274
1512029270000 2274
1512029270000 2274
1512029270000 2274
1512029270000 2274
1512029270000 2274
1512029270000 2274
1512029270000 2274
1512029270000 2274
1512029270000 2274
1512029270000 2275
1512029270000 2275
1512029270000 2275
1512029270000 2275
1512029270000 2275
1512029270000 2275
1512029270000 2275
1512029270000 2275
1512029270000 2275
1512029270000 2275
1512029270000 2275
1512029270000 2275
1512029270000 2275
1512029270000 2275
1512029270000 2276
1512029270000 2276
1512029270000 2276
1512029270000 2276
1512029270000 2276
1512029270000 2276
1512029270000 2277
1512029270000 2277
1512029270000 2277
1512029270000 2277
1512029270000 2278
1512029270000 2278
1512029270000 2278
1512029270000 2278
1512029270000 2278
1512029270000 2278
1512029270000 2278
1512029270000 2278
1512029270000 2278
1512029270000 2279
1512029270000 2279
1512029270000 2279
1512029270000 2280
1512029270000 2280
1512029270000 2281
1512029270000 2281
1512029270000 2282
1512029270000 2301
1512029270000 2302
1512029270000 2302
1512029270000 2310
1512029270000 2311
1512029270000 2311
1512029270000 2311
1512029270000 2311
1512029270000 2312
1512029270000 2312
1512029270000 2312
1512029270000 2312
1512029270000 2313
1512029270000 2313
1512029270000 2313
1512029270000 2313
1512029270000 2313
1512029270000 2313
1512029270000 2314
1512029270000 2314
1512029270000 2314
1512029270000 2314
1512029270000 2314
1512029270000 2314
1512029270000 2315
1512029270000 2315
1512029270000 2315
1512029270000 2316
1512029270000 2324
1512029270000 2325
1512029280000 2350
1512029280000 2350
1512029280000 2350
1512029280000 2350
1512029280000 2350
1512029280000 2350
1512029280000 2350
1512029280000 2351
1512029280000 2351
1512029280000 2351
1512029280000 2351
1512029280000 2351
1512029280000 2351
1512029280000 2351
1512029280000 2351
1512029280000 2351
1512029280000 2351
1512029280000 2351
1512029280000 2351
1512029280000 2351
1512029280000 2351
1512029280000 2352
1512029280000 2352
1512029280000 2352
1512029280000 2352
1512029280000 2352
1512029280000 2352
1512029280000 2352
1512029280000 2352
1512029280000 2352
1512029280000 2352
1512029280000 2352
1512029280000 2352
1512029280000 2352
1512029280000 2352
1512029280000 2352
1512029280000 2352
1512029280000 2352
1512029280000 2352
1512029280000 2352
1512029280000 2352
1512029280000 2352
1512029280000 2353
1512029280000 2353
1512029280000 2353
1512029280000 2353
1512029280000 2353
1512029280000 2353
1512029280000 2353
1512029280000 2353
1512029280000 2353
1512029280000 2353
1512029280000 2353
1512029280000 2354
1512029280000 2354
1512029280000 2354
1512029280000 2354
1512029280000 2354
1512029280000 2355
1512029280000 2355
1512029280000 2355
1512029280000 2355
1512029280000 2355
1512029280000 2356
1512029280000 2356
1512029280000 2356
1512029280000 2356
1512029280000 2356
1512029280000 2356
1512029280000 2356
1512029280000 2357
1512029280000 2357
1512029280000 2357
1512029280000 2357
1512029280000 2357
1512029280000 2358
1512029280000 2358
1512029280000 2358
1512029280000 2358
1512029280000 2358
1512029280000 2358
1512029280000 2359
1512029280000 2359
1512029280000 2359
1512029280000 2359
1512029280000 2360
1512029280000 2364
1512029280000 2365
1512029280000 2375
1512029280000 2387
1512029280000 2387
1512029280000 2388
1512029280000 2388
1512029280000 2388
1512029280000 2388
1512029280000 2390
1512029280000 2390
1512029280000 2391
1512029280000 2391
1512029280000 2414
1512029290000 2328
1512029290000 2328
1512029290000 2328
1512029290000 2329
1512029290000 2329
1512029290000 2329
1512029290000 2329
1512029290000 2329
1512029290000 2329
1512029290000 2329
1512029290000 2329
1512029290000 2329
1512029290000 2330
1512029290000 2330
1512029290000 2330
1512029290000 2330
1512029290000 2330
1512029290000 2330
1512029290000 2330
1512029290000 2330
1512029290000 2330
1512029290000 2330
1512029290000 2330
1512029290000 2330
1512029290000 2330
1512029290000 2330
1512029290000 2330
1512029290000 2330
1512029290000 2330
1512029290000 2330
1512029290000 2330
1512029290000 2330
1512029290000 2330
1512029290000 2330
1512029290000 2330
1512029290000 2330
1512029290000 2330
1512029290000 2331
1512029290000 2331
1512029290000 2331
1512029290000 2331
1512029290000 2331
1512029290000 2331
1512029290000 2331
1512029290000 2331
1512029290000 2332
1512029290000 2332
1512029290000 2332
1512029290000 2332
1512029290000 2332
1512029290000 2332
1512029290000 2332
1512029290000 2332
1512029290000 2333
1512029290000 2333
1512029290000 2333
1512029290000 2333
1512029290000 2333
1512029290000 2334
1512029290000 2334
1512029290000 2334
1512029290000 2334
1512029290000 2334
1512029290000 2334
1512029290000 2334
1512029290000 2337
1512029290000 2337
1512029290000 2337
1512029290000 2338
1512029290000 2339
1512029290000 2359
1512029290000 2359
1512029290000 2360
1512029290000 2360
1512029290000 2361
1512029290000 2361
1512029290000 2365
1512029290000 2365
1512029290000 337
1512029290000 343
1512029290000 343
1512029290000 344
1512029290000 345
1512029290000 345
1512029290000 345
1512029290000 345
1512029290000 347
1512029290000 347
1512029290000 347
1512029290000 347
1512029290000 347
1512029290000 348
1512029290000 348
1512029290000 348
1512029290000 348
1512029290000 348
1512029290000 348
1512029290000 349
1512029290000 349
1512029290000 349
1512029300000 2258
1512029300000 2258
1512029300000 2259
1512029300000 2259
1512029300000 2259
1512029300000 2259
1512029300000 2259
1512029300000 2259
1512029300000 2259
1512029300000 2259
1512029300000 2259
1512029300000 2259
1512029300000 2259
1512029300000 2259
1512029300000 2259
1512029300000 2259
1512029300000 2259
1512029300000 2259
1512029300000 2259
1512029300000 2259
1512029300000 2260
1512029300000 2260
1512029300000 2260
1512029300000 2260
1512029300000 2260
1512029300000 2260
1512029300000 2260
1512029300000 2260
1512029300000 2260
1512029300000 2260
1512029300000 2260
1512029300000 2260
1512029300000 2260
1512029300000 2260
1512029300000 2260
1512029300000 2260
1512029300000 2260
1512029300000 2260
1512029300000 2260
1512029300000 2261
1512029300000 2261
1512029300000 2261
1512029300000 2261
1512029300000 2261
1512029300000 2261
1512029300000 2261
1512029300000 2261
1512029300000 2261
1512029300000 2262
1512029300000 2262
1512029300000 2262
1512029300000 2262
1512029300000 2262
1512029300000 2262
1512029300000 2262
1512029300000 2262
1512029300000 2263
1512029300000 2263
1512029300000 2263
1512029300000 2264
1512029300000 2264
1512029300000 2264
1512029300000 2264
1512029300000 2265
1512029300000 2265
1512029300000 2265
1512029300000 2266
1512029300000 2295
1512029300000 2297
1512029300000 2297
1512029300000 2297
1512029300000 2298
1512029300000 2298
1512029300000 2298
1512029300000 2299
1512029300000 2299
1512029300000 2299
1512029300000 2299
1512029300000 357
1512029300000 358
1512029300000 358
1512029300000 358
1512029300000 367
1512029300000 367
1512029300000 368
1512029300000 369
1512029300000 369
1512029300000 369
1512029300000 370
1512029300000 370
1512029300000 370
1512029300000 371
1512029300000 371
1512029300000 372
1512029300000 372
1512029300000 372
1512029300000 372
1512029300000 373
1512029300000 373
1512029300000 373
1512029310000 2252
1512029310000 2252
1512029310000 2252
1512029310000 2252
1512029310000 2252
1512029310000 2252
1512029310000 2252
1512029310000 2252
1512029310000 2252
1512029310000 2252
1512029310000 2252
1512029310000 2252
1512029310000 2252
1512029310000 2252
1512029310000 2252
1512029310000 2252
1512029310000 2252
1512029310000 2252
1512029310000 2253
1512029310000 2253
1512029310000 2253
1512029310000 2253
1512029310000 2253
1512029310000 2253
1512029310000 2253
1512029310000 2253
1512029310000 2253
1512029310000 2253
1512029310000 2253
1512029310000 2253
1512029310000 2253
1512029310000 2253
1512029310000 2253
1512029310000 2253
1512029310000 2253
1512029310000 2253
1512029310000 2254
1512029310000 2254
1512029310000 2254
1512029310000 2254
1512029310000 2254
1512029310000 2254
1512029310000 2254
1512029310000 2254
1512029310000 2254
1512029310000 2254
1512029310000 2254
1512029310000 2254
1512029310000 2255
1512029310000 2255
1512029310000 2255
1512029310000 2255
1512029310000 2255
1512029310000 2255
1512029310000 2255
1512029310000 2255
1512029310000 2255
1512029310000 2255
1512029310000 2255
1512029310000 2256
1512029310000 2256
1512029310000 2256
1512029310000 2256
1512029310000 2257
1512029310000 2257
1512029310000 2257
1512029310000 2257
1512029310000 2258
1512029310000 2258
1512029310000 2258
1512029310000 2259
1512029310000 2259
1512029310000 2260
1512029310000 2261
1512029310000 2261
1512029310000 2270
1512029310000 2270
1512029310000 2270
1512029310000 2270
1512029310000 2271
1512029310000 2271
1512029310000 2272
1512029310000 2285
1512029310000 2286
1512029310000 2289
1512029310000 2289
1512029310000 2289
1512029310000 2289
1512029310000 2290
1512029310000 2290
1512029310000 2291
1512029310000 2291
1512029310000 2291
1512029310000 2291
1512029310000 2292
1512029310000 2292
1512029310000 2292
1512029310000 2293
1512029310000 342
1512029310000 342
1512029320000 2273
1512029320000 2273
1512029320000 2273
1512029320000 2273
1512029320000 2273
1512029320000 2273
1512029320000 2273
1512029320000 2274
1512029320000 2274
1512029320000 2274
1512029320000 2274
1512029320000 2274
1512029320000 2274
1512029320000 2274
1512029320000 2274
1512029320000 2275
1512029320000 2275
1512029320000 2275
1512029320000 2275
1512029320000 2275
1512029320000 2275
1512029320000 2275
1512029320000 2275
1512029320000 2275
1512029320000 2275
1512029320000 2275
1512029320000 2275
1512029320000 2275
1512029320000 2275
1512029320000 2276
1512029320000 2276
1512029320000 2276
1512029320000 2276
1512029320000 2276
1512029320000 2276
1512029320000 2276
1512029320000 2276
1512029320000 2276
1512029320000 2276
1512029320000 2276
1512029320000 2276
1512029320000 2277
1512029320000 2277
1512029320000 2277
1512029320000 2277
1512029320000 2277
1512029320000 2277
1512029320000 2277
1512029320000 2277
1512029320000 2277
1512029320000 2278
1512029320000 2278
1512029320000 2278
1512029320000 2279
1512029320000 2279
1512029320000 2279
1512029320000 2279
1512029320000 2279
1512029320000 2280
1512029320000 2280
1512029320000 2280
1512029320000 2280
1512029320000 2280
1512029320000 2281
1512029320000 2281
1512029320000 2282
1512029320000 2282
1512029320000 2282
1512029320000 2283
1512029320000 2284
1512029320000 2284
1512029320000 2291
1512029320000 2291
1512029320000 2292
1512029320000 2299
1512029320000 2300
1512029320000 2300
1512029320000 2303
1512029320000 2303
1512029320000 2303
1512029320000 2310
1512029320000 2310
1512029320000 2311
1512029320000 2311
1512029320000 2311
1512029320000 2311
1512029320000 2312
1512029320000 2313
1512029320000 2313
1512029320000 2313
1512029320000 2313
1512029320000 2313
1512029320000 2313
1512029320000 2314
1512029320000 2314
1512029320000 2314
1512029320000 2314
1512029320000 2315
1512029320000 2333
1512029320000 2333
1512029330000 1873
1512029330000 1873
1512029330000 1873
1512029330000 1873
1512029330000 1873
1512029330000 1873
1512029330000 1873
1512029330000 1874
1512029330000 1874
1512029330000 1874
1512029330000 1874
1512029330000 1874
1512029330000 1874
1512029330000 1874
1512029330000 1874
1512029330000 1874
1512029330000 1874
1512029330000 1874
1512029330000 1874
1512029330000 1874
1512029330000 1874
1512029330000 1874
1512029330000 1874
1512029330000 1874
1512029330000 1874
1512029330000 1875
1512029330000 1875
1512029330000 1875
1512029330000 1875
1512029330000 1875
1512029330000 1875
1512029330000 1875
1512029330000 1875
1512029330000 1875
1512029330000 1875
1512029330000 1875
1512029330000 1875
1512029330000 1876
1512029330000 1876
1512029330000 1876
1512029330000 1876
1512029330000 1876
1512029330000 1876
1512029330000 1876
1512029330000 1876
1512029330000 1876
1512029330000 1876
1512029330000 1876
1512029330000 1876
1512029330000 1876
1512029330000 1876
1512029330000 1876
1512029330000 1876
1512029330000 1876
1512029330000 1877
1512029330000 1877
1512029330000 1877
1512029330000 1877
1512029330000 1877
1512029330000 1877
1512029330000 1877
1512029330000 1878
1512029330000 1878
1512029330000 1878
1512029330000 1878
1512029330000 1878
1512029330000 1878
1512029330000 1878
1512029330000 1878
1512029330000 1878
1512029330000 1878
1512029330000 1878
1512029330000 1879
1512029330000 1879
1512029330000 1879
1512029330000 1879
1512029330000 1879
1512029330000 1879
1512029330000 1880
1512029330000 1880
1512029330000 1880
1512029330000 1881
1512029330000 1881
1512029330000 1882
1512029330000 1882
1512029330000 1883
1512029330000 1910
1512029330000 1911
1512029330000 1911
1512029330000 1911
1512029330000 1911
1512029330000 1911
1512029330000 1912
1512029330000 1912
1512029330000 1912
1512029330000 1912
1512029330000 1912
1512029330000 1912
1512029330000 1913
1512029330000 1915
1512029340000 2312
1512029340000 2313
1512029340000 2313
1512029340000 2314
1512029340000 2314
1512029340000 2314
1512029340000 2314
1512029340000 2314
1512029340000 2315
1512029340000 2315
1512029340000 2315
1512029340000 2315
1512029340000 2316
1512029340000 2316
1512029340000 2316
1512029340000 2316
1512029340000 2317
1512029340000 2317
1512029340000 2317
1512029340000 2317
1512029340000 2317
1512029340000 2317
1512029340000 2318
1512029340000 2318
1512029340000 2318
1512029340000 2318
1512029340000 2318
1512029340000 2319
1512029340000 2319
1512029340000 2319
1512029340000 2320
1512029340000 2320
1512029340000 2320
1512029340000 2320
1512029340000 2320
1512029340000 2320
1512029340000 2320
1512029340000 2320
1512029340000 2321
1512029340000 2321
1512029340000 2321
1512029340000 2321
1512029340000 2321
1512029340000 2322
1512029340000 2322
1512029340000 2322
1512029340000 2322
1512029340000 2322
1512029340000 2322
1512029340000 2322
1512029340000 2322
1512029340000 2323
1512029340000 2323
1512029340000 2323
1512029340000 2323
1512029340000 2323
1512029340000 2323
1512029340000 2323
1512029340000 2323
1512029340000 2323
1512029340000 2324
1512029340000 2324
1512029340000 2324
1512029340000 2324
1512029340000 2324
1512029340000 2324
1512029340000 2324
1512029340000 2324
1512029340000 2325
1512029340000 2325
1512029340000 2325
1512029340000 2325
1512029340000 2325
1512029340000 2325
1512029340000 2325
1512029340000 2326
1512029340000 2326
1512029340000 2326
1512029340000 2326
1512029340000 2326
1512029340000 2328
1512029340000 2328
1512029340000 2329
1512029340000 2329
1512029340000 2348
1512029340000 2349
1512029340000 2349
1512029340000 2350
1512029340000 2350
1512029340000 2351
1512029340000 2351
1512029340000 2351
1512029340000 2352
1512029340000 2352
1512029340000 2352
1512029340000 2353
1512029340000 2353
1512029340000 2354
1512029340000 2354
1512029340000 2354
1512029350000 2277
1512029350000 2277
1512029350000 2277
1512029350000 2277
1512029350000 2277
1512029350000 2277
1512029350000 2277
1512029350000 2277
1512029350000 2277
1512029350000 2277
1512029350000 2278
1512029350000 2278
1512029350000 2278
1512029350000 2278
1512029350000 2278
1512029350000 2278
1512029350000 2278
1512029350000 2278
1512029350000 2278
1512029350000 2278
1512029350000 2278
1512029350000 2278
1512029350000 2278
1512029350000 2278
1512029350000 2278
1512029350000 2278
1512029350000 2278
1512029350000 2278
1512029350000 2278
1512029350000 2278
1512029350000 2278
1512029350000 2278
1512029350000 2279
1512029350000 2279
1512029350000 2279
1512029350000 2279
1512029350000 2279
1512029350000 2279
1512029350000 2279
1512029350000 2279
1512029350000 2279
1512029350000 2279
1512029350000 2279
1512029350000 2279
1512029350000 2279
1512029350000 2279
1512029350000 2280
1512029350000 2280
1512029350000 2280
1512029350000 2280
1512029350000 2280
1512029350000 2280
1512029350000 2280
1512029350000 2280
1512029350000 2280
1512029350000 2280
1512029350000 2281
1512029350000 2281
1512029350000 2281
1512029350000 2281
1512029350000 2281
1512029350000 2281
1512029350000 2281
1512029350000 2281
1512029350000 2282
1512029350000 2282
1512029350000 2282
1512029350000 2282
1512029350000 2282
1512029350000 2282
1512029350000 2282
1512029350000 2283
1512029350000 2284
1512029350000 2284
1512029350000 2290
1512029350000 2290
1512029350000 2291
1512029350000 2299
1512029350000 2302
1512029350000 2315
1512029350000 2315
1512029350000 2315
1512029350000 2316
1512029350000 2316
1512029350000 2316
1512029350000 2317
1512029350000 2317
1512029350000 2317
1512029350000 2318
1512029350000 2318
1512029350000 2318
1512029350000 2318
1512029350000 2318
1512029350000 2319
1512029350000 2319
1512029350000 2319
1512029350000 2320
1512029350000 2335
1512029350000 2335
1512029350000 2335
1512029360000 2280
1512029360000 2280
1512029360000 2280
1512029360000 2280
1512029360000 2280
1512029360000 2280
1512029360000 2280
1512029360000 2280
1512029360000 2280
1512029360000 2281
1512029360000 2281
1512029360000 2281
1512029360000 2281
1512029360000 2281
1512029360000 2281
1512029360000 2281
1512029360000 2281
1512029360000 2281
1512029360000 2281
1512029360000 2281
1512029360000 2281
1512029360000 2281
1512029360000 2281
1512029360000 2281
1512029360000 2281
1512029360000 2281
1512029360000 2281
1512029360000 2281
1512029360000 2281
1512029360000 2281
1512029360000 2281
1512029360000 2282
1512029360000 2282
1512029360000 2282
1512029360000 2282
1512029360000 2282
1512029360000 2282
1512029360000 2282
1512029360000 2282
1512029360000 2282
1512029360000 2282
1512029360000 2282
1512029360000 2282
1512029360000 2282
1512029360000 2283
1512029360000 2283
1512029360000 2283
1512029360000 2283
1512029360000 2283
1512029360000 2283
1512029360000 2283
1512029360000 2283
1512029360000 2283
1512029360000 2283
1512029360000 2284
1512029360000 2284
1512029360000 2285
1512029360000 2285
1512029360000 2285
1512029360000 2285
1512029360000 2286
1512029360000 2286
1512029360000 2286
1512029360000 2287
1512029360000 2287
1512029360000 2291
1512029360000 2291
1512029360000 2292
1512029360000 2298
1512029360000 2299
1512029360000 2299
1512029360000 2300
1512029360000 2300
1512029360000 2309
1512029360000 2310
1512029360000 2310
1512029360000 2310
1512029360000 2318
1512029360000 2318
1512029360000 2318
1512029360000 2318
1512029360000 2318
1512029360000 2319
1512029360000 2319
1512029360000 2319
1512029360000 2319
1512029360000 2319
1512029360000 2319
1512029360000 2320
1512029360000 2320
1512029360000 2320
1512029360000 2320
1512029360000 2320
1512029360000 2321
1512029360000 2321
1512029360000 2321
1512029360000 2322
1512029360000 2322
1512029360000 2323
1512029360000 2324
1512029370000 2322
1512029370000 2322
1512029370000 2322
1512029370000 2322
1512029370000 2323
1512029370000 2323
1512029370000 2323
1512029370000 2323
1512029370000 2323
1512029370000 2323
1512029370000 2323
1512029370000 2323
1512029370000 2323
1512029370000 2323
1512029370000 2323
1512029370000 2323
1512029370000 2323
1512029370000 2323
1512029370000 2323
1512029370000 2323
1512029370000 2323
1512029370000 2323
1512029370000 2323
1512029370000 2324
1512029370000 2324
1512029370000 2324
1512029370000 2324
1512029370000 2324
1512029370000 2324
1512029370000 2324
1512029370000 2324
1512029370000 2324
1512029370000 2324
1512029370000 2325
1512029370000 2325
1512029370000 2325
1512029370000 2325
1512029370000 2325
1512029370000 2325
1512029370000 2325
1512029370000 2325
1512029370000 2325
1512029370000 2325
1512029370000 2325
1512029370000 2326
1512029370000 2326
1512029370000 2326
1512029370000 2326
1512029370000 2326
1512029370000 2326
1512029370000 2326
1512029370000 2326
1512029370000 2326
1512029370000 2326
1512029370000 2326
1512029370000 2326
1512029370000 2327
1512029370000 2327
1512029370000 2327
1512029370000 2327
1512029370000 2327
1512029370000 2327
1512029370000 2327
1512029370000 2327
1512029370000 2327
1512029370000 2328
1512029370000 2328
1512029370000 2328
1512029370000 2328
1512029370000 2328
1512029370000 2328
1512029370000 2329
1512029370000 2329
1512029370000 2330
1512029370000 2330
1512029370000 2359
1512029370000 2360
1512029370000 2360
1512029370000 2362
1512029370000 2363
1512029370000 2363
1512029370000 2364
1512029370000 355
1512029370000 355
1512029370000 356
1512029370000 357
1512029370000 357
1512029370000 358
1512029370000 358
1512029370000 359
1512029370000 359
1512029370000 359
1512029370000 360
1512029370000 360
1512029370000 360
1512029370000 360
1512029370000 361
1512029370000 361
1512029370000 361
1512029370000 361
1512029380000 375
1512029380000 375
1512029380000 376
1512029380000 376
1512029380000 376
1512029380000 376
1512029380000 376
1512029380000 376
1512029380000 376
1512029380000 376
1512029380000 376
1512029380000 377
1512029380000 377
1512029380000 377
1512029380000 377
1512029380000 377
1512029380000 377
1512029380000 377
1512029380000 377
1512029380000 377
1512029380000 377
1512029380000 377
1512029380000 377
1512029380000 377
1512029380000 377
1512029380000 378
1512029380000 378
1512029380000 378
1512029380000 378
1512029380000 378
1512029380000 378
1512029380000 378
1512029380000 378
1512029380000 378
1512029380000 378
1512029380000 378
1512029380000 378
1512029380000 378
1512029380000 378
1512029380000 378
1512029380000 378
1512029380000 379
1512029380000 379
1512029380000 379
1512029380000 379
1512029380000 379
1512029380000 379
1512029380000 379
1512029380000 379
1512029380000 379
1512029380000 379
1512029380000 379
1512029380000 379
1512029380000 380
1512029380000 380
1512029380000 380
1512029380000 380
1512029380000 380
1512029380000 380
1512029380000 380
1512029380000 381
1512029380000 381
1512029380000 381
1512029380000 381
1512029380000 381
1512029380000 381
1512029380000 381
1512029380000 381
1512029380000 382
1512029380000 382
1512029380000 382
1512029380000 382
1512029380000 383
1512029380000 383
1512029380000 412
1512029380000 412
1512029380000 413
1512029380000 413
1512029380000 413
1512029380000 414
1512029380000 414
1512029380000 414
1512029380000 415
1512029380000 415
1512029380000 416
1512029380000 416
1512029380000 416
1512029380000 416
1512029380000 416
1512029380000 416
1512029380000 417
1512029380000 417
1512029380000 417
1512029380000 417
1512029380000 417
1512029380000 418
1512029380000 418
1512029380000 419
1512029380000 419
1512029380000 420
1512029390000 2291
1512029390000 2291
1512029390000 2291
1512029390000 2291
1512029390000 2291
1512029390000 2291
1512029390000 2291
1512029390000 2291
1512029390000 2291
1512029390000 2291
1512029390000 2291
1512029390000 2291
1512029390000 2291
1512029390000 2291
1512029390000 2291
1512029390000 2291
1512029390000 2291
1512029390000 2291
1512029390000 2291
1512029390000 2292
1512029390000 2292
1512029390000 2292
1512029390000 2292
1512029390000 2292
1512029390000 2292
1512029390000 2292
1512029390000 2292
1512029390000 2292
1512029390000 2292
1512029390000 2292
1512029390000 2292
1512029390000 2292
1512029390000 2292
1512029390000 2292
1512029390000 2292
1512029390000 2292
1512029390000 2293
1512029390000 2293
1512029390000 2293
1512029390000 2293
1512029390000 2293
1512029390000 2293
1512029390000 2293
1512029390000 2293
1512029390000 2293
1512029390000 2293
1512029390000 2293
1512029390000 2294
1512029390000 2294
1512029390000 2294
1512029390000 2294
1512029390000 2294
1512029390000 2295
1512029390000 2295
1512029390000 2295
1512029390000 2295
1512029390000 2295
1512029390000 2296
1512029390000 2296
1512029390000 2296
1512029390000 2297
1512029390000 2319
1512029390000 2320
1512029390000 2320
1512029390000 2321
1512029390000 2322
1512029390000 2322
1512029390000 2328
1512029390000 2328
1512029390000 2328
1512029390000 2329
1512029390000 2329
1512029390000 2329
1512029390000 2330
1512029390000 2330
1512029390000 2330
1512029390000 2330
1512029390000 2330
1512029390000 2331
1512029390000 2331
1512029390000 2331
1512029390000 2332
1512029390000 2333
1512029390000 339
1512029390000 340
1512029390000 340
1512029390000 341
1512029390000 341
1512029390000 342
1512029390000 342
1512029390000 342
1512029390000 342
1512029390000 342
1512029390000 343
1512029390000 343
1512029390000 344
1512029390000 344
1512029390000 344
1512029390000 344
1512029390000 345
1512029400000 2333
1512029400000 2333
1512029400000 2334
1512029400000 2334
1512029400000 2334
1512029400000 2334
1512029400000 2334
1512029400000 2334
1512029400000 2335
1512029400000 2335
1512029400000 2335
1512029400000 2335
1512029400000 2335
1512029400000 2335
1512029400000 2335
1512029400000 2335
1512029400000 2335
1512029400000 2335
1512029400000 2335
1512029400000 2335
1512029400000 2335
1512029400000 2335
1512029400000 2335
1512029400000 2335
1512029400000 2335
1512029400000 2336
1512029400000 2336
1512029400000 2336
1512029400000 2336
1512029400000 2336
1512029400000 2336
1512029400000 2336
1512029400000 2336
1512029400000 2336
1512029400000 2336
1512029400000 2336
1512029400000 2336
1512029400000 2336
1512029400000 2336
1512029400000 2336
1512029400000 2336
1512029400000 2336
1512029400000 2336
1512029400000 2336
1512029400000 2336
1512029400000 2337
1512029400000 2337
1512029400000 2337
1512029400000 2337
1512029400000 2337
1512029400000 2337
1512029400000 2337
1512029400000 2338
1512029400000 2338
1512029400000 2338
1512029400000 2338
1512029400000 2338
1512029400000 2338
1512029400000 2338
1512029400000 2338
1512029400000 2338
1512029400000 2338
1512029400000 2338
1512029400000 2339
1512029400000 2339
1512029400000 2339
1512029400000 2339
1512029400000 2339
1512029400000 2339
1512029400000 2339
1512029400000 2340
1512029400000 2340
1512029400000 2340
1512029400000 2341
1512029400000 2341
1512029400000 2341
1512029400000 2342
1512029400000 2342
1512029400000 2343
1512029400000 2343
1512029400000 2344
1512029400000 2361
1512029400000 2364
1512029400000 2365
1512029400000 2371
1512029400000 2371
1512029400000 2372
1512029400000 2372
1512029400000 2372
1512029400000 2372
1512029400000 2372
1512029400000 2373
1512029400000 2373
1512029400000 2374
1512029400000 2374
1512029400000 2374
1512029400000 2375
1512029400000 2375
1512029400000 2375
1512029400000 2375
1512029410000 2349
1512029410000 2349
1512029410000 2349
1512029410000 2349
1512029410000 2349
1512029410000 2349
1512029410000 2349
1512029410000 2349
1512029410000 2349
1512029410000 2349
1512029410000 2349
1512029410000 2349
1512029410000 2349
1512029410000 2349
1512029410000 2349
1512029410000 2349
1512029410000 2349
1512029410000 2349
1512029410000 2349
1512029410000 2349
1512029410000 2349
1512029410000 2349
1512029410000 2349
1512029410000 2349
1512029410000 2349
1512029410000 2350
1512029410000 2350
1512029410000 2350
1512029410000 2350
1512029410000 2350
1512029410000 2350
1512029410000 2350
1512029410000 2350
1512029410000 2350
1512029410000 2350
1512029410000 2350
1512029410000 2350
1512029410000 2350
1512029410000 2350
1512029410000 2350
1512029410000 2350
1512029410000 2350
1512029410000 2350
1512029410000 2350
1512029410000 2350
1512029410000 2350
1512029410000 2350
1512029410000 2350
1512029410000 2351
1512029410000 2351
1512029410000 2351
1512029410000 2351
1512029410000 2351
1512029410000 2351
1512029410000 2351
1512029410000 2351
1512029410000 2351
1512029410000 2351
1512029410000 2352
1512029410000 2352
1512029410000 2352
1512029410000 2352
1512029410000 2352
1512029410000 2352
1512029410000 2352
1512029410000 2352
1512029410000 2352
1512029410000 2353
1512029410000 2353
1512029410000 2353
1512029410000 2353
1512029410000 2354
1512029410000 2354
1512029410000 2354
1512029410000 2354
1512029410000 2354
1512029410000 2354
1512029410000 2355
1512029410000 2355
1512029410000 2355
1512029410000 2356
1512029410000 2356
1512029410000 2385
1512029410000 2386
1512029410000 2386
1512029410000 2386
1512029410000 2387
1512029410000 2387
1512029410000 2387
1512029410000 2387
1512029410000 2388
1512029410000 2389
1512029410000 2389
1512029410000 2389
1512029410000 2389
1512029410000 2389
1512029410000 2390
1512029410000 2390
1512029410000 2391
1512029410000 2405
1512029420000 317
1512029420000 317
1512029420000 317
1512029420000 317
1512029420000 318
1512029420000 318
1512029420000 318
1512029420000 318
1512029420000 319
1512029420000 319
1512029420000 319
1512029420000 319
1512029420000 319
1512029420000 319
1512029420000 319
1512029420000 319
1512029420000 319
1512029420000 319
1512029420000 320
1512029420000 320
1512029420000 320
1512029420000 320
1512029420000 320
1512029420000 320
1512029420000 320
1512029420000 320
1512029420000 320
1512029420000 320
1512029420000 320
1512029420000 320
1512029420000 320
1512029420000 320
1512029420000 321
1512029420000 321
1512029420000 321
1512029420000 321
1512029420000 321
1512029420000 321
1512029420000 321
1512029420000 321
1512029420000 321
1512029420000 321
1512029420000 321
1512029420000 322
1512029420000 322
1512029420000 322
1512029420000 322
1512029420000 322
1512029420000 322
1512029420000 322
1512029420000 322
1512029420000 322
1512029420000 322
1512029420000 322
1512029420000 322
1512029420000 322
1512029420000 322
1512029420000 323
1512029420000 323
1512029420000 323
1512029420000 323
1512029420000 323
1512029420000 323
1512029420000 323
1512029420000 323
1512029420000 324
1512029420000 324
1512029420000 324
1512029420000 324
1512029420000 324
1512029420000 324
1512029420000 324
1512029420000 324
1512029420000 325
1512029420000 325
1512029420000 325
1512029420000 325
1512029420000 325
1512029420000 325
1512029420000 325
1512029420000 326
1512029420000 329
1512029420000 329
1512029420000 330
1512029420000 332
1512029420000 332
1512029420000 333
1512029420000 333
1512029420000 352
1512029420000 353
1512029420000 355
1512029420000 356
1512029420000 356
1512029420000 356
1512029420000 356
1512029420000 357
1512029420000 357
1512029420000 357
1512029420000 358
1512029420000 358
1512029430000 2297
1512029430000 2297
1512029430000 2297
1512029430000 2297
1512029430000 2297
1512029430000 2297
1512029430000 2297
1512029430000 2297
1512029430000 2297
1512029430000 2297
1512029430000 2297
1512029430000 2297
1512029430000 2297
1512029430000 2297
1512029430000 2298
1512029430000 2298
1512029430000 2298
1512029430000 2298
1512029430000 2298
1512029430000 2298
1512029430000 2298
1512029430000 2298
1512029430000 2298
1512029430000 2298
1512029430000 2298
1512029430000 2298
1512029430000 2298
1512029430000 2298
1512029430000 2298
1512029430000 2299
1512029430000 2299
1512029430000 2299
1512029430000 2299
1512029430000 2299
1512029430000 2299
1512029430000 2299
1512029430000 2299
1512029430000 2299
1512029430000 2299
1512029430000 2300
1512029430000 2300
1512029430000 2300
1512029430000 2300
1512029430000 2300
1512029430000 2300
1512029430000 2300
1512029430000 2300
1512029430000 2300
1512029430000 2300
1512029430000 2300
1512029430000 2300
1512029430000 2300
1512029430000 2300
1512029430000 2301
1512029430000 2301
1512029430000 2301
1512029430000 2301
1512029430000 2302
1512029430000 2302
1512029430000 2302
1512029430000 2302
1512029430000 2302
1512029430000 2302
1512029430000 2302
1512029430000 2303
1512029430000 2303
1512029430000 2303
1512029430000 2303
1512029430000 2304
1512029430000 2304
1512029430000 2304
1512029430000 2304
1512029430000 2304
1512029430000 2305
1512029430000 2305
1512029430000 2305
1512029430000 2306
1512029430000 2306
1512029430000 2306
1512029430000 2307
1512029430000 2307
1512029430000 2307
1512029430000 2320
1512029430000 2320
1512029430000 2320
1512029430000 2321
1512029430000 2333
1512029430000 2334
1512029430000 2334
1512029430000 2335
1512029430000 2335
1512029430000 2336
1512029430000 2337
1512029430000 2337
1512029430000 2337
1512029430000 2337
1512029430000 2337
1512029430000 2338
1512029430000 2338
1512029430000 2338
1512029440000 2395
1512029440000 2395
1512029440000 2395
1512029440000 2395
1512029440000 2395
1512029440000 2396
1512029440000 2396
1512029440000 2396
1512029440000 2396
1512029440000 2396
1512029440000 2396
1512029440000 2396
1512029440000 2396
1512029440000 2396
1512029440000 2396
1512029440000 2396
1512029440000 2397
1512029440000 2397
1512029440000 2397
1512029440000 2397
1512029440000 2397
1512029440000 2397
1512029440000 2397
1512029440000 2397
1512029440000 2397
1512029440000 2398
1512029440000 2398
1512029440000 2398
1512029440000 2398
1512029440000 2398
1512029440000 2398
1512029440000 2398
1512029440000 2398
1512029440000 2399
1512029440000 2399
1512029440000 2399
1512029440000 2400
1512029440000 2400
1512029440000 2400
1512029440000 2400
1512029440000 2400
1512029440000 2400
1512029440000 2400
1512029440000 2400
1512029440000 2400
1512029440000 2401
1512029440000 2401
1512029440000 2401
1512029440000 2401
1512029440000 2401
1512029440000 2401
1512029440000 2401
1512029440000 2401
1512029440000 2401
1512029440000 2401
1512029440000 2402
1512029440000 2402
1512029440000 2402
1512029440000 2402
1512029440000 2402
1512029440000 2402
1512029440000 2402
1512029440000 2402
1512029440000 2402
1512029440000 2403
1512029440000 2403
1512029440000 2403
1512029440000 2403
1512029440000 2403
1512029440000 2403
1512029440000 2404
1512029440000 2404
1512029440000 2404
1512029440000 2404
1512029440000 2404
1512029440000 2405
1512029440000 2405
1512029440000 2405
1512029440000 2406
1512029440000 2406
1512029440000 2425
1512029440000 2426
1512029440000 2427
1512029440000 2427
1512029440000 2428
1512029440000 2431
1512029440000 2431
1512029440000 2432
1512029440000 2432
1512029440000 2432
1512029440000 2434
1512029440000 2434
1512029440000 2435
1512029440000 2435
1512029440000 2435
1512029440000 2435
1512029440000 2436
1512029440000 2437
1512029440000 2437
1512029440000 2438
1512029450000 2316
1512029450000 2317
1512029450000 2317
1512029450000 2317
1512029450000 2317
1512029450000 2317
1512029450000 2317
1512029450000 2317
1512029450000 2317
1512029450000 2317
1512029450000 2317
1512029450000 2317
1512029450000 2317
1512029450000 2317
1512029450000 2317
1512029450000 2317
1512029450000 2317
1512029450000 2317
1512029450000 2318
1512029450000 2318
1512029450000 2318
1512029450000 2318
1512029450000 2318
1512029450000 2318
1512029450000 2318
1512029450000 2318
1512029450000 2319
1512029450000 2319
1512029450000 2319
1512029450000 2319
1512029450000 2319
1512029450000 2319
1512029450000 2319
1512029450000 2319
1512029450000 2319
1512029450000 2319
1512029450000 2319
1512029450000 2319
1512029450000 2319
1512029450000 2320
1512029450000 2320
1512029450000 2320
1512029450000 2320
1512029450000 2320
1512029450000 2321
1512029450000 2321
1512029450000 2321
1512029450000 2321
1512029450000 2322
1512029450000 2322
1512029450000 2322
1512029450000 2322
1512029450000 2323
1512029450000 2323
1512029450000 2323
1512029450000 2323
1512029450000 2323
1512029450000 2324
1512029450000 2325
1512029450000 2325
1512029450000 2325
1512029450000 2326
1512029450000 2332
1512029450000 2332
1512029450000 2332
1512029450000 2332
1512029450000 2335
1512029450000 2341
1512029450000 2341
1512029450000 2342
1512029450000 2342
1512029450000 2345
1512029450000 2345
1512029450000 2354
1512029450000 2355
1512029450000 2355
1512029450000 2355
1512029450000 2355
1512029450000 2355
1512029450000 2355
1512029450000 2355
1512029450000 2356
1512029450000 2356
1512029450000 2356
1512029450000 2356
1512029450000 2356
1512029450000 2357
1512029450000 2357
1512029450000 2357
1512029450000 2357
1512029450000 2357
1512029450000 2357
1512029450000 2358
1512029450000 2358
1512029450000 2358
1512029450000 349
1512029450000 362
1512029450000 363
1512029450000 363
1512029450000 380
1512029460000 1946
1512029460000 1947
1512029460000 1947
1512029460000 1947
1512029460000 1947
1512029460000 1947
1512029460000 1947
1512029460000 1947
1512029460000 1947
1512029460000 1947
1512029460000 1947
1512029460000 1947
1512029460000 1947
1512029460000 1947
1512029460000 1947
1512029460000 1947
1512029460000 1947
1512029460000 1947
1512029460000 1947
1512029460000 1947
1512029460000 1947
1512029460000 1947
1512029460000 1947
1512029460000 1947
1512029460000 1947
1512029460000 1947
1512029460000 1947
1512029460000 1947
1512029460000 1947
1512029460000 1947
1512029460000 1948
1512029460000 1948
1512029460000 1948
1512029460000 1948
1512029460000 1948
1512029460000 1948
1512029460000 1948
1512029460000 1948
1512029460000 1948
1512029460000 1948
1512029460000 1949
1512029460000 1949
1512029460000 1949
1512029460000 1949
1512029460000 1949
1512029460000 1949
1512029460000 1949
1512029460000 1949
1512029460000 1949
1512029460000 1949
1512029460000 1949
1512029460000 1949
1512029460000 1949
1512029460000 1949
1512029460000 1949
1512029460000 1950
1512029460000 1950
1512029460000 1950
1512029460000 1950
1512029460000 1951
1512029460000 1951
1512029460000 1951
1512029460000 1951
1512029460000 1951
1512029460000 1951
1512029460000 1952
1512029460000 1952
1512029460000 1952
1512029460000 1953
1512029460000 1953
1512029460000 1954
1512029460000 1955
1512029460000 1955
1512029460000 1955
1512029460000 1968
1512029460000 1968
1512029460000 1983
1512029460000 1984
1512029460000 1985
1512029460000 1985
1512029460000 1985
1512029460000 1986
1512029460000 1987
1512029460000 1987
1512029460000 1987
1512029460000 1987
1512029460000 1988
1512029460000 1988
1512029460000 338
1512029460000 338
1512029460000 338
1512029460000 338
1512029460000 339
1512029460000 339
1512029460000 339
1512029460000 339
1512029460000 340
1512029460000 341
1512029460000 341
1512029460000 341
1512029470000 697
1512029470000 698
1512029470000 698
1512029470000 698
1512029470000 698
1512029470000 698
1512029470000 698
1512029470000 698
1512029470000 698
1512029470000 698
1512029470000 698
1512029470000 698
1512029470000 699
1512029470000 699
1512029470000 699
1512029470000 699
1512029470000 699
1512029470000 699
1512029470000 699
1512029470000 699
1512029470000 699
1512029470000 699
1512029470000 699
1512029470000 699
1512029470000 700
1512029470000 700
1512029470000 700
1512029470000 700
1512029470000 700
1512029470000 700
1512029470000 700
1512029470000 700
1512029470000 700
1512029470000 700
1512029470000 700
1512029470000 700
1512029470000 700
1512029470000 701
1512029470000 701
1512029470000 701
1512029470000 701
1512029470000 701
1512029470000 701
1512029470000 701
1512029470000 701
1512029470000 701
1512029470000 701
1512029470000 701
1512029470000 702
1512029470000 702
1512029470000 702
1512029470000 702
1512029470000 702
1512029470000 702
1512029470000 702
1512029470000 702
1512029470000 703
1512029470000 703
1512029470000 703
1512029470000 704
1512029470000 705
1512029470000 705
1512029470000 705
1512029470000 709
1512029470000 709
1512029470000 712
1512029470000 712
1512029470000 713
1512029470000 713
1512029470000 713
1512029470000 713
1512029470000 722
1512029470000 723
1512029470000 723
1512029470000 723
1512029470000 723
1512029470000 723
1512029470000 724
1512029470000 725
1512029470000 731
1512029470000 734
1512029470000 734
1512029470000 735
1512029470000 735
1512029470000 735
1512029470000 735
1512029470000 735
1512029470000 735
1512029470000 735
1512029470000 735
1512029470000 737
1512029470000 737
1512029470000 737
1512029470000 737
1512029470000 737
1512029470000 737
1512029470000 738
1512029470000 738
1512029470000 739
1512029470000 739
1512029480000 2377
1512029480000 2377
1512029480000 2377
1512029480000 2377
1512029480000 2377
1512029480000 2377
1512029480000 2377
1512029480000 2377
1512029480000 2378
1512029480000 2378
1512029480000 2378
1512029480000 2378
1512029480000 2378
1512029480000 2378
1512029480000 2378
1512029480000 2378
1512029480000 2378
1512029480000 2378
1512029480000 2378
1512029480000 2378
1512029480000 2378
1512029480000 2378
1512029480000 2378
1512029480000 2378
1512029480000 2378
1512029480000 2378
1512029480000 2379
1512029480000 2379
1512029480000 2379
1512029480000 2379
1512029480000 2379
1512029480000 2379
1512029480000 2379
1512029480000 2379
1512029480000 2379
1512029480000 2379
1512029480000 2379
1512029480000 2379
1512029480000 2379
1512029480000 2380
1512029480000 2380
1512029480000 2380
1512029480000 2380
1512029480000 2380
1512029480000 2380
1512029480000 2380
1512029480000 2380
1512029480000 2380
1512029480000 2380
1512029480000 2381
1512029480000 2381
1512029480000 2381
1512029480000 2382
1512029480000 2382
1512029480000 2382
1512029480000 2382
1512029480000 2382
1512029480000 2383
1512029480000 2383
1512029480000 2383
1512029480000 2383
1512029480000 2383
1512029480000 2385
1512029480000 2385
1512029480000 2385
1512029480000 2385
1512029480000 2386
1512029480000 2386
1512029480000 2386
1512029480000 2387
1512029480000 2388
1512029480000 2399
1512029480000 2399
1512029480000 2400
1512029480000 2400
1512029480000 2400
1512029480000 2413
1512029480000 2414
1512029480000 2414
1512029480000 2414
1512029480000 2415
1512029480000 2415
1512029480000 2415
1512029480000 2415
1512029480000 2415
1512029480000 2416
1512029480000 2416
1512029480000 2416
1512029480000 2416
1512029480000 2416
1512029480000 2417
1512029480000 2417
1512029480000 2417
1512029480000 2417
1512029480000 2417
1512029480000 2418
1512029480000 2418
1512029480000 2418
1512029480000 2419
1512029480000 2420
1512029490000 394
1512029490000 394
1512029490000 394
1512029490000 394
1512029490000 394
1512029490000 395
1512029490000 395
1512029490000 395
1512029490000 395
1512029490000 396
1512029490000 396
1512029490000 396
1512029490000 396
1512029490000 396
1512029490000 396
1512029490000 396
1512029490000 396
1512029490000 396
1512029490000 396
1512029490000 396
1512029490000 396
1512029490000 396
1512029490000 397
1512029490000 397
1512029490000 397
1512029490000 397
1512029490000 397
1512029490000 397
1512029490000 397
1512029490000 397
1512029490000 397
1512029490000 397
1512029490000 397
1512029490000 398
1512029490000 398
1512029490000 398
1512029490000 398
1512029490000 398
1512029490000 398
1512029490000 398
1512029490000 398
1512029490000 398
1512029490000 398
1512029490000 398
1512029490000 398
1512029490000 398
1512029490000 398
1512029490000 398
1512029490000 398
1512029490000 398
1512029490000 398
1512029490000 398
1512029490000 398
1512029490000 399
1512029490000 399
1512029490000 399
1512029490000 399
1512029490000 399
1512029490000 399
1512029490000 399
1512029490000 399
1512029490000 399
1512029490000 399
1512029490000 399
1512029490000 400
1512029490000 400
1512029490000 400
1512029490000 400
1512029490000 400
1512029490000 400
1512029490000 400
1512029490000 401
1512029490000 401
1512029490000 401
1512029490000 401
1512029490000 401
1512029490000 401
1512029490000 401
1512029490000 402
1512029490000 402
1512029490000 402
1512029490000 402
1512029490000 403
1512029490000 403
1512029490000 406
1512029490000 408
1512029490000 408
1512029490000 409
1512029490000 413
1512029490000 413
1512029490000 414
1512029490000 414
1512029490000 431
1512029490000 431
1512029490000 431
1512029490000 431
1512029490000 431
1512029490000 434
1512029490000 434
1512029490000 434
1512029500000 2367
1512029500000 2367
1512029500000 2367
1512029500000 2367
1512029500000 2367
1512029500000 2367
1512029500000 2367
1512029500000 2367
1512029500000 2367
1512029500000 2367
1512029500000 2367
1512029500000 2367
1512029500000 2367
1512029500000 2367
1512029500000 2368
1512029500000 2368
1512029500000 2368
1512029500000 2368
1512029500000 2368
1512029500000 2368
1512029500000 2368
1512029500000 2368
1512029500000 2368
1512029500000 2368
1512029500000 2368
1512029500000 2368
1512029500000 2368
1512029500000 2368
1512029500000 2368
1512029500000 2368
1512029500000 2368
1512029500000 2368
1512029500000 2368
1512029500000 2369
1512029500000 2369
1512029500000 2369
1512029500000 2369
1512029500000 2369
1512029500000 2369
1512029500000 2369
1512029500000 2369
1512029500000 2369
1512029500000 2369
1512029500000 2369
1512029500000 2369
1512029500000 2369
1512029500000 2369
1512029500000 2369
1512029500000 2369
1512029500000 2369
1512029500000 2370
1512029500000 2370
1512029500000 2370
1512029500000 2370
1512029500000 2370
1512029500000 2370
1512029500000 2370
1512029500000 2370
1512029500000 2370
1512029500000 2370
1512029500000 2370
1512029500000 2370
1512029500000 2370
1512029500000 2370
1512029500000 2370
1512029500000 2371
1512029500000 2371
1512029500000 2371
1512029500000 2371
1512029500000 2371
1512029500000 2372
1512029500000 2372
1512029500000 2372
1512029500000 2372
1512029500000 2372
1512029500000 2372
1512029500000 2372
1512029500000 2372
1512029500000 2372
1512029500000 2372
1512029500000 2373
1512029500000 2373
1512029500000 2373
1512029500000 2373
1512029500000 2373
1512029500000 2373
1512029500000 2373
1512029500000 2374
1512029500000 2374
1512029500000 2374
1512029500000 2374
1512029500000 2375
1512029500000 2375
1512029500000 2376
1512029500000 2405
1512029500000 2405
1512029500000 2405
1512029500000 2405
1512029500000 2406
1512029500000 2406
1512029510000 2319
1512029510000 2319
1512029510000 2319
1512029510000 2320
1512029510000 2320
1512029510000 2320
1512029510000 2320
1512029510000 2320
1512029510000 2321
1512029510000 2321
1512029510000 2321
1512029510000 2321
1512029510000 2322
1512029510000 2322
1512029510000 2322
1512029510000 2322
1512029510000 2322
1512029510000 2322
1512029510000 2322
1512029510000 2322
1512029510000 2322
1512029510000 2322
1512029510000 2322
1512029510000 2323
1512029510000 2323
1512029510000 2323
1512029510000 2323
1512029510000 2323
1512029510000 2323
1512029510000 2323
1512029510000 2324
1512029510000 2324
1512029510000 2324
1512029510000 2324
1512029510000 2324
1512029510000 2324
1512029510000 2325
1512029510000 2325
1512029510000 2325
1512029510000 2325
1512029510000 2325
1512029510000 2325
1512029510000 2325
1512029510000 2325
1512029510000 2325
1512029510000 2325
1512029510000 2326
1512029510000 2326
1512029510000 2326
1512029510000 2326
1512029510000 2326
1512029510000 2326
1512029510000 2326
1512029510000 2327
1512029510000 2327
1512029510000 2328
1512029510000 2328
1512029510000 2328
1512029510000 2328
1512029510000 2328
1512029510000 2328
1512029510000 2328
1512029510000 2329
1512029510000 2329
1512029510000 2329
1512029510000 2330
1512029510000 2330
1512029510000 2331
1512029510000 2331
1512029510000 2332
1512029510000 2333
1512029510000 2334
1512029510000 2345
1512029510000 2345
1512029510000 2355
1512029510000 2356
1512029510000 2357
1512029510000 2357
1512029510000 2357
1512029510000 2357
1512029510000 2359
1512029510000 2371
1512029510000 2372
1512029510000 2372
1512029510000 376
1512029510000 378
1512029510000 378
1512029510000 378
1512029510000 378
1512029510000 379
1512029510000 379
1512029510000 379
1512029510000 379
1512029510000 379
1512029510000 380
1512029510000 380
1512029510000 381
1512029510000 382
1512029510000 382
1512029510000 383
1512029520000 2319
1512029520000 2319
1512029520000 2319
1512029520000 2320
1512029520000 2320
1512029520000 2320
1512029520000 2320
1512029520000 2320
1512029520000 2320
1512029520000 2320
1512029520000 2320
1512029520000 2320
1512029520000 2320
1512029520000 2320
1512029520000 2320
1512029520000 2320
1512029520000 2320
1512029520000 2320
1512029520000 2320
1512029520000 2320
1512029520000 2320
1512029520000 2321
1512029520000 2321
1512029520000 2321
1512029520000 2321
1512029520000 2321
1512029520000 2321
1512029520000 2321
1512029520000 2321
1512029520000 2321
1512029520000 2321
1512029520000 2321
1512029520000 2321
1512029520000 2321
1512029520000 2322
1512029520000 2322
1512029520000 2322
1512029520000 2322
1512029520000 2322
1512029520000 2322
1512029520000 2322
1512029520000 2322
1512029520000 2322
1512029520000 2322
1512029520000 2322
1512029520000 2322
1512029520000 2322
1512029520000 2322
1512029520000 2322
1512029520000 2322
1512029520000 2322
1512029520000 2322
1512029520000 2322
1512029520000 2323
1512029520000 2323
1512029520000 2323
1512029520000 2323
1512029520000 2323
1512029520000 2323
1512029520000 2323
1512029520000 2323
1512029520000 2323
1512029520000 2323
1512029520000 2323
1512029520000 2324
1512029520000 2324
1512029520000 2324
1512029520000 2324
1512029520000 2324
1512029520000 2324
1512029520000 2325
1512029520000 2325
1512029520000 2326
1512029520000 2342
1512029520000 2342
1512029520000 2343
1512029520000 2343
1512029520000 2345
1512029520000 2345
1512029520000 2346
1512029520000 2347
1512029520000 2348
1512029520000 2356
1512029520000 2357
1512029520000 2357
1512029520000 2357
1512029520000 2358
1512029520000 2358
1512029520000 2359
1512029520000 2359
1512029520000 2359
1512029520000 2359
1512029520000 2359
1512029520000 2360
1512029520000 2360
1512029520000 2361
1512029520000 300
1512029520000 310
1512029520000 311
1512029520000 311
1512029530000 2292
1512029530000 2292
1512029530000 2292
1512029530000 2292
1512029530000 2292
1512029530000 2292
1512029530000 2292
1512029530000 2292
1512029530000 2292
1512029530000 2292
1512029530000 2292
1512029530000 2292
1512029530000 2292
1512029530000 2292
1512029530000 2292
1512029530000 2292
1512029530000 2293
1512029530000 2293
1512029530000 2293
1512029530000 2293
1512029530000 2293
1512029530000 2293
1512029530000 2293
1512029530000 2293
1512029530000 2293
1512029530000 2293
1512029530000 2293
1512029530000 2293
1512029530000 2293
1512029530000 2293
1512029530000 2293
1512029530000 2293
1512029530000 2293
1512029530000 2293
1512029530000 2293
1512029530000 2293
1512029530000 2293
1512029530000 2293
1512029530000 2293
1512029530000 2293
1512029530000 2293
1512029530000 2294
1512029530000 2294
1512029530000 2294
1512029530000 2294
1512029530000 2294
1512029530000 2294
1512029530000 2294
1512029530000 2294
1512029530000 2295
1512029530000 2295
1512029530000 2295
1512029530000 2295
1512029530000 2295
1512029530000 2295
1512029530000 2295
1512029530000 2295
1512029530000 2295
1512029530000 2295
1512029530000 2295
1512029530000 2295
1512029530000 2296
1512029530000 2296
1512029530000 2296
1512029530000 2296
1512029530000 2297
1512029530000 2297
1512029530000 2297
1512029530000 2297
1512029530000 2297
1512029530000 2299
1512029530000 2299
1512029530000 2299
1512029530000 2301
1512029530000 2301
1512029530000 2311
1512029530000 2319
1512029530000 2319
1512029530000 2319
1512029530000 2320
1512029530000 2320
1512029530000 2320
1512029530000 2329
1512029530000 2329
1512029530000 2329
1512029530000 2329
1512029530000 2329
1512029530000 2330
1512029530000 2330
1512029530000 2330
1512029530000 2330
1512029530000 2331
1512029530000 2331
1512029530000 2331
1512029530000 2332
1512029530000 2332
1512029530000 2332
1512029530000 2333
1512029530000 2333
1512029530000 2333
1512029540000 2408
1512029540000 2408
1512029540000 2408
1512029540000 2409
1512029540000 2409
1512029540000 2409
1512029540000 2409
1512029540000 2409
1512029540000 2409
1512029540000 2410
1512029540000 2410
1512029540000 2410
1512029540000 2410
1512029540000 2410
1512029540000 2410
1512029540000 2410
1512029540000 2410
1512029540000 2410
1512029540000 2410
1512029540000 2410
1512029540000 2410
1512029540000 2410
1512029540000 2411
1512029540000 2411
1512029540000 2411
1512029540000 2411
1512029540000 2411
1512029540000 2411
1512029540000 2411
1512029540000 2411
1512029540000 2411
1512029540000 2411
1512029540000 2411
1512029540000 2412
1512029540000 2412
1512029540000 2412
1512029540000 2412
1512029540000 2413
1512029540000 2413
1512029540000 2413
1512029540000 2413
1512029540000 2413
1512029540000 2413
1512029540000 2413
1512029540000 2413
1512029540000 2414
1512029540000 2414
1512029540000 2414
1512029540000 2414
1512029540000 2414
1512029540000 2414
1512029540000 2414
1512029540000 2414
1512029540000 2415
1512029540000 2415
1512029540000 2415
1512029540000 2415
1512029540000 2415
1512029540000 2415
1512029540000 2415
1512029540000 2415
1512029540000 2416
1512029540000 2416
1512029540000 2416
1512029540000 2416
1512029540000 2416
1512029540000 2416
1512029540000 2416
1512029540000 2417
1512029540000 2417
1512029540000 2417
1512029540000 2418
1512029540000 2418
1512029540000 2419
1512029540000 2420
1512029540000 2434
1512029540000 2434
1512029540000 2446
1512029540000 2446
1512029540000 2446
1512029540000 2447
1512029540000 2447
1512029540000 2447
1512029540000 2447
1512029540000 2447
1512029540000 2447
1512029540000 2447
1512029540000 2447
1512029540000 2448
1512029540000 2448
1512029540000 2448
1512029540000 2448
1512029540000 2449
1512029540000 2449
1512029540000 2449
1512029540000 2449
1512029540000 2449
1512029540000 2450
1512029540000 2450
1512029540000 2452
1512029550000 2332
1512029550000 2332
1512029550000 2332
1512029550000 2332
1512029550000 2332
1512029550000 2332
1512029550000 2332
1512029550000 2332
1512029550000 2332
1512029550000 2332
1512029550000 2333
1512029550000 2333
1512029550000 2333
1512029550000 2333
1512029550000 2333
1512029550000 2333
1512029550000 2333
1512029550000 2333
1512029550000 2334
1512029550000 2334
1512029550000 2334
1512029550000 2334
1512029550000 2334
1512029550000 2334
1512029550000 2334
1512029550000 2334
1512029550000 2334
1512029550000 2334
1512029550000 2334
1512029550000 2334
1512029550000 2334
1512029550000 2334
1512029550000 2334
1512029550000 2334
1512029550000 2334
1512029550000 2334
1512029550000 2334
1512029550000 2334
1512029550000 2334
1512029550000 2335
1512029550000 2335
1512029550000 2335
1512029550000 2335
1512029550000 2335
1512029550000 2335
1512029550000 2335
1512029550000 2335
1512029550000 2335
1512029550000 2335
1512029550000 2335
1512029550000 2336
1512029550000 2336
1512029550000 2336
1512029550000 2336
1512029550000 2336
1512029550000 2336
1512029550000 2336
1512029550000 2336
1512029550000 2336
1512029550000 2336
1512029550000 2336
1512029550000 2336
1512029550000 2337
1512029550000 2338
1512029550000 2338
1512029550000 2338
1512029550000 2338
1512029550000 2339
1512029550000 2339
1512029550000 2339
1512029550000 2340
1512029550000 2340
1512029550000 2355
1512029550000 2370
1512029550000 2371
1512029550000 2371
1512029550000 2372
1512029550000 2372
1512029550000 2373
1512029550000 330
1512029550000 332
1512029550000 332
1512029550000 332
1512029550000 332
1512029550000 333
1512029550000 333
1512029550000 333
1512029550000 333
1512029550000 333
1512029550000 333
1512029550000 334
1512029550000 334
1512029550000 334
1512029550000 334
1512029550000 334
1512029550000 334
1512029550000 335
1512029550000 336
1512029550000 336
1512029550000 337
1512029560000 2301
1512029560000 2301
1512029560000 2301
1512029560000 2301
1512029560000 2301
1512029560000 2301
1512029560000 2301
1512029560000 2301
1512029560000 2301
1512029560000 2302
1512029560000 2302
1512029560000 2302
1512029560000 2302
1512029560000 2302
1512029560000 2302
1512029560000 2302
1512029560000 2302
1512029560000 2302
1512029560000 2302
1512029560000 2302
1512029560000 2302
1512029560000 2302
1512029560000 2302
1512029560000 2302
1512029560000 2302
1512029560000 2302
1512029560000 2302
1512029560000 2302
1512029560000 2302
1512029560000 2302
1512029560000 2302
1512029560000 2302
1512029560000 2302
1512029560000 2302
1512029560000 2302
1512029560000 2302
1512029560000 2303
1512029560000 2303
1512029560000 2303
1512029560000 2303
1512029560000 2303
1512029560000 2303
1512029560000 2303
1512029560000 2303
1512029560000 2303
1512029560000 2303
1512029560000 2303
1512029560000 2303
1512029560000 2303
1512029560000 2303
1512029560000 2303
1512029560000 2304
1512029560000 2304
1512029560000 2304
1512029560000 2304
1512029560000 2304
1512029560000 2304
1512029560000 2304
1512029560000 2304
1512029560000 2304
1512029560000 2305
1512029560000 2305
1512029560000 2305
1512029560000 2305
1512029560000 2305
1512029560000 2305
1512029560000 2305
1512029560000 2305
1512029560000 2305
1512029560000 2306
1512029560000 2306
1512029560000 2307
1512029560000 2308
1512029560000 2308
1512029560000 2309
1512029560000 2309
1512029560000 2311
1512029560000 2322
1512029560000 2323
1512029560000 2338
1512029560000 2339
1512029560000 2339
1512029560000 2339
1512029560000 2339
1512029560000 2340
1512029560000 2340
1512029560000 2340
1512029560000 2340
1512029560000 2341
1512029560000 2341
1512029560000 2341
1512029560000 2341
1512029560000 2341
1512029560000 2341
1512029560000 2341
1512029560000 2342
1512029560000 2342
1512029560000 2342
1512029560000 2342
1512029560000 2342
1512029570000 2407
1512029570000 2407
1512029570000 2407
1512029570000 2407
1512029570000 2407
1512029570000 2407
1512029570000 2408
1512029570000 2408
1512029570000 2408
1512029570000 2408
1512029570000 2408
1512029570000 2408
1512029570000 2408
1512029570000 2408
1512029570000 2408
1512029570000 2408
1512029570000 2408
1512029570000 2408
1512029570000 2408
1512029570000 2408
1512029570000 2409
1512029570000 2409
1512029570000 2409
1512029570000 2409
1512029570000 2409
1512029570000 2409
1512029570000 2409
1512029570000 2409
1512029570000 2409
1512029570000 2410
1512029570000 2410
1512029570000 2410
1512029570000 2410
1512029570000 2410
1512029570000 2410
1512029570000 2410
1512029570000 2410
1512029570000 2410
1512029570000 2410
1512029570000 2410
1512029570000 2410
1512029570000 2410
1512029570000 2411
1512029570000 2411
1512029570000 2411
1512029570000 2411
1512029570000 2412
1512029570000 2412
1512029570000 2412
1512029570000 2412
1512029570000 2412
1512029570000 2412
1512029570000 2412
1512029570000 2413
1512029570000 2413
1512029570000 2413
1512029570000 2413
1512029570000 2413
1512029570000 2414
1512029570000 2414
1512029570000 2414
1512029570000 2414
1512029570000 2414
1512029570000 2414
1512029570000 2415
1512029570000 2415
1512029570000 2415
1512029570000 2415
1512029570000 2415
1512029570000 2416
1512029570000 2416
1512029570000 2417
1512029570000 2425
1512029570000 2426
1512029570000 2426
1512029570000 2430
1512029570000 2430
1512029570000 2431
1512029570000 2431
1512029570000 2432
1512029570000 2432
1512029570000 2443
1512029570000 2443
1512029570000 2444
1512029570000 2444
1512029570000 2444
1512029570000 2444
1512029570000 2444
1512029570000 2445
1512029570000 2445
1512029570000 2446
1512029570000 2446
1512029570000 2446
1512029570000 2446
1512029570000 2446
1512029570000 2446
1512029570000 2447
1512029570000 2447
1512029570000 2447
1512029570000 2464
1512029580000 1932
1512029580000 1932
1512029580000 1932
1512029580000 1932
1512029580000 1932
1512029580000 1932
1512029580000 1932
1512029580000 1932
1512029580000 1932
1512029580000 1932
1512029580000 1932
1512029580000 1932
1512029580000 1932
1512029580000 1932
1512029580000 1932
1512029580000 1932
1512029580000 1932
1512029580000 1932
1512029580000 1932
1512029580000 1932
1512029580000 1932
1512029580000 1932
1512029580000 1932
1512029580000 1932
1512029580000 1933
1512029580000 1933
1512029580000 1933
1512029580000 1933
1512029580000 1933
1512029580000 1933
1512029580000 1933
1512029580000 1933
1512029580000 1933
1512029580000 1933
1512029580000 1933
1512029580000 1933
1512029580000 1933
1512029580000 1933
1512029580000 1933
1512029580000 1933
1512029580000 1933
1512029580000 1933
1512029580000 1933
1512029580000 1933
1512029580000 1933
1512029580000 1933
1512029580000 1934
1512029580000 1934
1512029580000 1934
1512029580000 1934
1512029580000 1934
1512029580000 1934
1512029580000 1934
1512029580000 1934
1512029580000 1934
1512029580000 1934
1512029580000 1934
1512029580000 1934
1512029580000 1934
1512029580000 1934
1512029580000 1934
1512029580000 1934
1512029580000 1934
1512029580000 1934
1512029580000 1935
1512029580000 1935
1512029580000 1935
1512029580000 1935
1512029580000 1935
1512029580000 1935
1512029580000 1935
1512029580000 1936
1512029580000 1936
1512029580000 1936
1512029580000 1936
1512029580000 1936
1512029580000 1937
1512029580000 1968
1512029580000 1969
1512029580000 1969
1512029580000 1969
1512029580000 1970
1512029580000 1970
1512029580000 1970
1512029580000 1970
1512029580000 1970
1512029580000 1970
1512029580000 1971
1512029580000 1971
1512029580000 1971
1512029580000 1971
1512029580000 1971
1512029580000 1971
1512029580000 1972
1512029580000 1972
1512029580000 1972
1512029580000 1973
1512029580000 1973
1512029580000 1973
1512029580000 1991
1512029590000 2312
1512029590000 2312
1512029590000 2312
1512029590000 2312
1512029590000 2312
1512029590000 2312
1512029590000 2312
1512029590000 2312
1512029590000 2312
1512029590000 2312
1512029590000 2312
1512029590000 2312
1512029590000 2312
1512029590000 2312
1512029590000 2312
1512029590000 2313
1512029590000 2313
1512029590000 2313
1512029590000 2313
1512029590000 2313
1512029590000 2313
1512029590000 2313
1512029590000 2313
1512029590000 2313
1512029590000 2313
1512029590000 2313
1512029590000 2313
1512029590000 2313
1512029590000 2314
1512029590000 2314
1512029590000 2314
1512029590000 2315
1512029590000 2315
1512029590000 2315
1512029590000 2316
1512029590000 2316
1512029590000 2316
1512029590000 2316
1512029590000 2317
1512029590000 2317
1512029590000 2317
1512029590000 2318
1512029590000 2318
1512029590000 2318
1512029590000 2318
1512029590000 2318
1512029590000 2319
1512029590000 2319
1512029590000 2319
1512029590000 2319
1512029590000 2319
1512029590000 2319
1512029590000 2320
1512029590000 2320
1512029590000 2321
1512029590000 2321
1512029590000 2321
1512029590000 2322
1512029590000 2322
1512029590000 2322
1512029590000 2322
1512029590000 2323
1512029590000 2323
1512029590000 2323
1512029590000 2324
1512029590000 2324
1512029590000 2324
1512029590000 2325
1512029590000 2325
1512029590000 2325
1512029590000 2325
1512029590000 2325
1512029590000 2325
1512029590000 2325
1512029590000 2326
1512029590000 2326
1512029590000 2326
1512029590000 2326
1512029590000 2327
1512029590000 2327
1512029590000 2327
1512029590000 2341
1512029590000 2341
1512029590000 2342
1512029590000 2348
1512029590000 2348
1512029590000 2349
1512029590000 2349
1512029590000 2349
1512029590000 2350
1512029590000 2350
1512029590000 2350
1512029590000 2350
1512029590000 2351
1512029590000 2351
1512029590000 2351
1512029590000 2351
1512029590000 2351
1512029590000 2352
1512029590000 2352
1512029600000 611
1512029600000 612
1512029600000 612
1512029600000 612
1512029600000 612
1512029600000 612
1512029600000 612
1512029600000 612
1512029600000 612
1512029600000 612
1512029600000 613
1512029600000 613
1512029600000 613
1512029600000 613
1512029600000 613
1512029600000 613
1512029600000 614
1512029600000 614
1512029600000 614
1512029600000 614
1512029600000 614
1512029600000 614
1512029600000 614
1512029600000 614
1512029600000 614
1512029600000 614
1512029600000 614
1512029600000 614
1512029600000 614
1512029600000 615
1512029600000 615
1512029600000 615
1512029600000 615
1512029600000 615
1512029600000 615
1512029600000 615
1512029600000 615
1512029600000 615
1512029600000 615
1512029600000 616
1512029600000 616
1512029600000 616
1512029600000 616
1512029600000 616
1512029600000 616
1512029600000 616
1512029600000 616
1512029600000 617
1512029600000 617
1512029600000 617
1512029600000 617
1512029600000 618
1512029600000 618
1512029600000 618
1512029600000 618
1512029600000 618
1512029600000 618
1512029600000 619
1512029600000 619
1512029600000 619
1512029600000 619
1512029600000 619
1512029600000 620
1512029600000 620
1512029600000 620
1512029600000 621
1512029600000 621
1512029600000 638
1512029600000 638
1512029600000 647
1512029600000 648
1512029600000 648
1512029600000 648
1512029600000 648
1512029600000 649
1512029600000 649
1512029600000 649
1512029600000 649
1512029600000 649
1512029600000 650
1512029600000 650
1512029600000 650
1512029600000 650
1512029600000 650
1512029600000 650
1512029600000 650
1512029600000 650
1512029600000 650
1512029600000 651
1512029600000 651
1512029600000 651
1512029600000 651
1512029600000 651
1512029600000 652
1512029600000 652
1512029600000 653
1512029600000 672
1512029600000 673
1512029600000 673
1512029600000 674
1512029610000 2372
1512029610000 2372
1512029610000 2372
1512029610000 2372
1512029610000 2373
1512029610000 2373
1512029610000 2373
1512029610000 2373
1512029610000 2373
1512029610000 2373
1512029610000 2373
1512029610000 2373
1512029610000 2374
1512029610000 2374
1512029610000 2374
1512029610000 2374
1512029610000 2375
1512029610000 2375
1512029610000 2375
1512029610000 2375
1512029610000 2376
1512029610000 2376
1512029610000 2377
1512029610000 2379
1512029610000 2379
1512029610000 2379
1512029610000 2381
1512029610000 2401
1512029610000 2409
1512029610000 2409
1512029610000 2409
1512029610000 2409
1512029610000 282
1512029610000 283
1512029610000 283
1512029610000 284
1512029610000 284
1512029610000 284
1512029610000 284
1512029610000 285
1512029610000 285
1512029610000 285
1512029610000 285
1512029610000 286
1512029610000 286
1512029610000 286
1512029610000 286
1512029610000 286
1512029610000 286
1512029610000 286
1512029610000 286
1512029610000 286
1512029610000 287
1512029610000 287
1512029610000 287
1512029610000 287
1512029610000 287
1512029610000 287
1512029610000 287
1512029610000 287
1512029610000 288
1512029610000 288
1512029610000 288
1512029610000 288
1512029610000 288
1512029610000 288
1512029610000 288
1512029610000 288
1512029610000 289
1512029610000 289
1512029610000 289
1512029610000 289
1512029610000 289
1512029610000 290
1512029610000 290
1512029610000 290
1512029610000 290
1512029610000 290
1512029610000 291
1512029610000 291
1512029610000 291
1512029610000 291
1512029610000 291
1512029610000 292
1512029610000 292
1512029610000 292
1512029610000 299
1512029610000 320
1512029610000 320
1512029610000 322
1512029610000 322
1512029610000 322
1512029610000 323
1512029610000 323
1512029610000 323
1512029610000 323
1512029610000 323
1512029610000 324
1512029610000 324
1512029610000 324
1512029620000 -7586
1512029620000 -7587
1512029620000 -7589
1512029620000 -7590
1512029620000 -7596
1512029620000 -7612
1512029620000 -7613
1512029620000 -7614
1512029620000 -7615
1512029620000 -7616
1512029620000 -7616
1512029620000 -7616
1512029620000 -7616
1512029620000 -7617
1512029620000 -7617
1512029620000 -7617
1512029620000 -7618
1512029620000 -7618
1512029620000 -7618
1512029620000 -7618
1512029620000 -7619
1512029620000 -7620
1512029620000 -7620
1512029620000 -7621
1512029620000 -7621
1512029620000 -7621
1512029620000 -7621
1512029620000 -7622
1512029620000 -7623
1512029620000 -7624
