1511987050000 293
1511987050000 293
1511987050000 293
1511987050000 293
1511987050000 293
1511987050000 293
1511987050000 293
1511987050000 293
1511987050000 293
1511987050000 293
1511987050000 293
1511987050000 293
1511987050000 293
1511987050000 293
1511987050000 293
1511987050000 293
1511987050000 293
1511987050000 294
1511987050000 294
1511987050000 294
1511987050000 294
1511987050000 294
1511987050000 294
1511987050000 294
1511987050000 294
1511987050000 294
1511987050000 294
1511987050000 294
1511987050000 294
1511987050000 294
1511987050000 294
1511987050000 294
1511987050000 294
1511987050000 294
1511987050000 294
1511987050000 294
1511987050000 294
1511987050000 294
1511987050000 294
1511987050000 294
1511987050000 294
1511987050000 294
1511987050000 294
1511987050000 294
1511987050000 294
1511987050000 294
1511987050000 294
1511987050000 294
1511987050000 294
1511987050000 295
1511987050000 295
1511987050000 295
1511987050000 295
1511987050000 295
1511987050000 295
1511987050000 295
1511987050000 295
1511987050000 295
1511987050000 295
1511987050000 295
1511987050000 295
1511987050000 295
1511987050000 295
1511987050000 295
1511987050000 295
1511987050000 295
1511987050000 295
1511987050000 295
1511987050000 295
1511987050000 295
1511987050000 295
1511987050000 295
1511987050000 295
1511987050000 295
1511987050000 296
1511987050000 296
1511987050000 296
1511987050000 296
1511987050000 296
1511987050000 296
1511987050000 296
1511987050000 296
1511987050000 296
1511987050000 296
1511987050000 296
1511987050000 296
1511987050000 296
1511987050000 297
1511987050000 299
1511987050000 300
1511987050000 301
1511987050000 301
1511987050000 313
1511987050000 314
1511987050000 314
1511987050000 315
1511987050000 315
1511987050000 315
1511987050000 316
1511987050000 317
1511987060000 342
1511987060000 342
1511987060000 342
1511987060000 342
1511987060000 342
1511987060000 342
1511987060000 342
1511987060000 342
1511987060000 342
1511987060000 342
1511987060000 342
1511987060000 342
1511987060000 342
1511987060000 342
1511987060000 342
1511987060000 342
1511987060000 342
1511987060000 342
1511987060000 342
1511987060000 342
1511987060000 342
1511987060000 342
1511987060000 342
1511987060000 343
1511987060000 343
1511987060000 343
1511987060000 343
1511987060000 343
1511987060000 343
1511987060000 343
1511987060000 343
1511987060000 343
1511987060000 343
1511987060000 343
1511987060000 343
1511987060000 343
1511987060000 343
1511987060000 343
1511987060000 343
1511987060000 343
1511987060000 343
1511987060000 343
1511987060000 343
1511987060000 343
1511987060000 343
1511987060000 343
1511987060000 343
1511987060000 343
1511987060000 343
1511987060000 343
1511987060000 343
1511987060000 343
1511987060000 343
1511987060000 343
1511987060000 343
1511987060000 343
1511987060000 343
1511987060000 343
1511987060000 344
1511987060000 344
1511987060000 344
1511987060000 344
1511987060000 344
1511987060000 344
1511987060000 344
1511987060000 344
1511987060000 344
1511987060000 344
1511987060000 344
1511987060000 344
1511987060000 344
1511987060000 344
1511987060000 344
1511987060000 344
1511987060000 344
1511987060000 344
1511987060000 344
1511987060000 344
1511987060000 344
1511987060000 344
1511987060000 345
1511987060000 345
1511987060000 345
1511987060000 345
1511987060000 345
1511987060000 345
1511987060000 345
1511987060000 345
1511987060000 345
1511987060000 345
1511987060000 345
1511987060000 345
1511987060000 346
1511987060000 347
1511987060000 350
1511987060000 351
1511987060000 352
1511987060000 353
1511987060000 353
1511987060000 354
1511987070000 341
1511987070000 341
1511987070000 342
1511987070000 342
1511987070000 342
1511987070000 342
1511987070000 342
1511987070000 342
1511987070000 342
1511987070000 342
1511987070000 342
1511987070000 342
1511987070000 342
1511987070000 342
1511987070000 342
1511987070000 342
1511987070000 342
1511987070000 342
1511987070000 342
1511987070000 342
1511987070000 342
1511987070000 342
1511987070000 342
1511987070000 343
1511987070000 343
1511987070000 343
1511987070000 343
1511987070000 343
1511987070000 343
1511987070000 343
1511987070000 343
1511987070000 343
1511987070000 343
1511987070000 343
1511987070000 343
1511987070000 343
1511987070000 343
1511987070000 343
1511987070000 343
1511987070000 343
1511987070000 343
1511987070000 343
1511987070000 343
1511987070000 343
1511987070000 343
1511987070000 343
1511987070000 343
1511987070000 343
1511987070000 343
1511987070000 343
1511987070000 343
1511987070000 343
1511987070000 343
1511987070000 343
1511987070000 343
1511987070000 343
1511987070000 343
1511987070000 343
1511987070000 343
1511987070000 344
1511987070000 344
1511987070000 344
1511987070000 344
1511987070000 344
1511987070000 344
1511987070000 344
1511987070000 344
1511987070000 344
1511987070000 344
1511987070000 344
1511987070000 344
1511987070000 344
1511987070000 344
1511987070000 344
1511987070000 344
1511987070000 344
1511987070000 344
1511987070000 344
1511987070000 344
1511987070000 344
1511987070000 344
1511987070000 344
1511987070000 344
1511987070000 345
1511987070000 345
1511987070000 345
1511987070000 345
1511987070000 345
1511987070000 345
1511987070000 345
1511987070000 346
1511987070000 346
1511987070000 346
1511987070000 347
1511987070000 369
1511987070000 369
1511987070000 372
1511987070000 372
1511987070000 373
1511987070000 374
1511987080000 306
1511987080000 306
1511987080000 306
1511987080000 306
1511987080000 306
1511987080000 306
1511987080000 306
1511987080000 306
1511987080000 306
1511987080000 306
1511987080000 306
1511987080000 306
1511987080000 306
1511987080000 306
1511987080000 306
1511987080000 306
1511987080000 306
1511987080000 306
1511987080000 306
1511987080000 306
1511987080000 306
1511987080000 306
1511987080000 306
1511987080000 306
1511987080000 306
1511987080000 306
1511987080000 307
1511987080000 307
1511987080000 307
1511987080000 307
1511987080000 307
1511987080000 307
1511987080000 307
1511987080000 307
1511987080000 307
1511987080000 307
1511987080000 307
1511987080000 307
1511987080000 307
1511987080000 307
1511987080000 307
1511987080000 307
1511987080000 307
1511987080000 307
1511987080000 307
1511987080000 307
1511987080000 307
1511987080000 307
1511987080000 307
1511987080000 307
1511987080000 307
1511987080000 307
1511987080000 307
1511987080000 307
1511987080000 307
1511987080000 307
1511987080000 307
1511987080000 307
1511987080000 308
1511987080000 308
1511987080000 308
1511987080000 308
1511987080000 308
1511987080000 308
1511987080000 308
1511987080000 308
1511987080000 308
1511987080000 308
1511987080000 308
1511987080000 308
1511987080000 308
1511987080000 308
1511987080000 308
1511987080000 308
1511987080000 308
1511987080000 308
1511987080000 308
1511987080000 308
1511987080000 308
1511987080000 309
1511987080000 309
1511987080000 309
1511987080000 309
1511987080000 309
1511987080000 309
1511987080000 309
1511987080000 309
1511987080000 309
1511987080000 309
1511987080000 309
1511987080000 309
1511987080000 310
1511987080000 310
1511987080000 310
1511987080000 310
1511987080000 310
1511987080000 311
1511987080000 311
1511987080000 312
1511987080000 312
1511987090000 330
1511987090000 330
1511987090000 330
1511987090000 330
1511987090000 331
1511987090000 331
1511987090000 331
1511987090000 331
1511987090000 331
1511987090000 331
1511987090000 331
1511987090000 331
1511987090000 331
1511987090000 331
1511987090000 331
1511987090000 331
1511987090000 331
1511987090000 331
1511987090000 331
1511987090000 331
1511987090000 331
1511987090000 331
1511987090000 331
1511987090000 331
1511987090000 331
1511987090000 331
1511987090000 331
1511987090000 331
1511987090000 331
1511987090000 331
1511987090000 331
1511987090000 332
1511987090000 332
1511987090000 332
1511987090000 332
1511987090000 332
1511987090000 332
1511987090000 332
1511987090000 332
1511987090000 332
1511987090000 332
1511987090000 332
1511987090000 332
1511987090000 332
1511987090000 332
1511987090000 332
1511987090000 332
1511987090000 332
1511987090000 332
1511987090000 332
1511987090000 332
1511987090000 332
1511987090000 332
1511987090000 332
1511987090000 332
1511987090000 332
1511987090000 332
1511987090000 332
1511987090000 332
1511987090000 332
1511987090000 332
1511987090000 332
1511987090000 333
1511987090000 333
1511987090000 333
1511987090000 333
1511987090000 333
1511987090000 333
1511987090000 333
1511987090000 333
1511987090000 333
1511987090000 333
1511987090000 333
1511987090000 333
1511987090000 333
1511987090000 333
1511987090000 333
1511987090000 333
1511987090000 333
1511987090000 333
1511987090000 333
1511987090000 333
1511987090000 333
1511987090000 334
1511987090000 334
1511987090000 334
1511987090000 334
1511987090000 334
1511987090000 334
1511987090000 334
1511987090000 334
1511987090000 335
1511987090000 336
1511987090000 337
1511987090000 348
1511987090000 348
1511987090000 349
1511987090000 350
1511987090000 350
1511987090000 362
1511987100000 333
1511987100000 333
1511987100000 333
1511987100000 333
1511987100000 334
1511987100000 334
1511987100000 334
1511987100000 334
1511987100000 334
1511987100000 334
1511987100000 334
1511987100000 334
1511987100000 334
1511987100000 334
1511987100000 334
1511987100000 334
1511987100000 334
1511987100000 334
1511987100000 334
1511987100000 334
1511987100000 334
1511987100000 334
1511987100000 334
1511987100000 334
1511987100000 334
1511987100000 335
1511987100000 335
1511987100000 335
1511987100000 335
1511987100000 335
1511987100000 335
1511987100000 335
1511987100000 335
1511987100000 335
1511987100000 335
1511987100000 335
1511987100000 335
1511987100000 335
1511987100000 335
1511987100000 335
1511987100000 335
1511987100000 335
1511987100000 335
1511987100000 335
1511987100000 335
1511987100000 335
1511987100000 335
1511987100000 335
1511987100000 335
1511987100000 335
1511987100000 335
1511987100000 335
1511987100000 335
1511987100000 335
1511987100000 335
1511987100000 336
1511987100000 336
1511987100000 336
1511987100000 336
1511987100000 336
1511987100000 336
1511987100000 336
1511987100000 337
1511987100000 337
1511987100000 337
1511987100000 337
1511987100000 337
1511987100000 337
1511987100000 337
1511987100000 337
1511987100000 337
1511987100000 337
1511987100000 337
1511987100000 337
1511987100000 337
1511987100000 337
1511987100000 337
1511987100000 337
1511987100000 337
1511987100000 337
1511987100000 337
1511987100000 337
1511987100000 337
1511987100000 337
1511987100000 337
1511987100000 338
1511987100000 338
1511987100000 338
1511987100000 338
1511987100000 338
1511987100000 338
1511987100000 338
1511987100000 338
1511987100000 338
1511987100000 338
1511987100000 339
1511987100000 339
1511987100000 339
1511987100000 340
1511987100000 341
1511987110000 337
1511987110000 338
1511987110000 338
1511987110000 338
1511987110000 338
1511987110000 338
1511987110000 338
1511987110000 339
1511987110000 339
1511987110000 339
1511987110000 339
1511987110000 339
1511987110000 339
1511987110000 339
1511987110000 339
1511987110000 339
1511987110000 339
1511987110000 339
1511987110000 339
1511987110000 339
1511987110000 339
1511987110000 339
1511987110000 339
1511987110000 339
1511987110000 339
1511987110000 339
1511987110000 339
1511987110000 339
1511987110000 339
1511987110000 339
1511987110000 340
1511987110000 340
1511987110000 340
1511987110000 340
1511987110000 340
1511987110000 340
1511987110000 340
1511987110000 340
1511987110000 340
1511987110000 340
1511987110000 340
1511987110000 340
1511987110000 340
1511987110000 340
1511987110000 341
1511987110000 341
1511987110000 341
1511987110000 341
1511987110000 341
1511987110000 341
1511987110000 341
1511987110000 341
1511987110000 341
1511987110000 341
1511987110000 341
1511987110000 341
1511987110000 342
1511987110000 342
1511987110000 342
1511987110000 342
1511987110000 342
1511987110000 342
1511987110000 342
1511987110000 342
1511987110000 342
1511987110000 343
1511987110000 343
1511987110000 343
1511987110000 343
1511987110000 343
1511987110000 343
1511987110000 343
1511987110000 343
1511987110000 343
1511987110000 343
1511987110000 343
1511987110000 343
1511987110000 343
1511987110000 343
1511987110000 343
1511987110000 343
1511987110000 344
1511987110000 344
1511987110000 344
1511987110000 344
1511987110000 344
1511987110000 344
1511987110000 344
1511987110000 344
1511987110000 344
1511987110000 345
1511987110000 345
1511987110000 345
1511987110000 345
1511987110000 345
1511987110000 345
1511987110000 345
1511987110000 346
1511987110000 347
1511987110000 347
1511987120000 314
1511987120000 314
1511987120000 314
1511987120000 314
1511987120000 315
1511987120000 315
1511987120000 315
1511987120000 315
1511987120000 315
1511987120000 315
1511987120000 315
1511987120000 315
1511987120000 315
1511987120000 315
1511987120000 315
1511987120000 315
1511987120000 315
1511987120000 315
1511987120000 315
1511987120000 316
1511987120000 316
1511987120000 316
1511987120000 316
1511987120000 316
1511987120000 316
1511987120000 316
1511987120000 316
1511987120000 316
1511987120000 316
1511987120000 316
1511987120000 316
1511987120000 316
1511987120000 316
1511987120000 317
1511987120000 317
1511987120000 317
1511987120000 317
1511987120000 317
1511987120000 317
1511987120000 317
1511987120000 317
1511987120000 317
1511987120000 317
1511987120000 317
1511987120000 317
1511987120000 317
1511987120000 317
1511987120000 317
1511987120000 317
1511987120000 317
1511987120000 317
1511987120000 317
1511987120000 317
1511987120000 317
1511987120000 317
1511987120000 317
1511987120000 318
1511987120000 318
1511987120000 318
1511987120000 318
1511987120000 318
1511987120000 318
1511987120000 318
1511987120000 318
1511987120000 319
1511987120000 319
1511987120000 319
1511987120000 319
1511987120000 319
1511987120000 319
1511987120000 319
1511987120000 319
1511987120000 319
1511987120000 319
1511987120000 319
1511987120000 319
1511987120000 319
1511987120000 320
1511987120000 320
1511987120000 320
1511987120000 320
1511987120000 320
1511987120000 320
1511987120000 320
1511987120000 320
1511987120000 320
1511987120000 320
1511987120000 320
1511987120000 320
1511987120000 320
1511987120000 320
1511987120000 321
1511987120000 321
1511987120000 321
1511987120000 321
1511987120000 321
1511987120000 321
1511987120000 321
1511987120000 322
1511987120000 337
1511987130000 341
1511987130000 341
1511987130000 341
1511987130000 341
1511987130000 341
1511987130000 341
1511987130000 341
1511987130000 341
1511987130000 341
1511987130000 341
1511987130000 341
1511987130000 341
1511987130000 341
1511987130000 341
1511987130000 341
1511987130000 341
1511987130000 341
1511987130000 341
1511987130000 341
1511987130000 341
1511987130000 341
1511987130000 341
1511987130000 341
1511987130000 341
1511987130000 341
1511987130000 341
1511987130000 341
1511987130000 341
1511987130000 341
1511987130000 341
1511987130000 341
1511987130000 341
1511987130000 341
1511987130000 341
1511987130000 342
1511987130000 342
1511987130000 342
1511987130000 342
1511987130000 342
1511987130000 342
1511987130000 342
1511987130000 342
1511987130000 342
1511987130000 342
1511987130000 342
1511987130000 342
1511987130000 342
1511987130000 342
1511987130000 342
1511987130000 342
1511987130000 342
1511987130000 342
1511987130000 342
1511987130000 342
1511987130000 342
1511987130000 342
1511987130000 342
1511987130000 342
1511987130000 342
1511987130000 342
1511987130000 342
1511987130000 342
1511987130000 343
1511987130000 343
1511987130000 343
1511987130000 343
1511987130000 343
1511987130000 343
1511987130000 343
1511987130000 343
1511987130000 343
1511987130000 343
1511987130000 343
1511987130000 343
1511987130000 343
1511987130000 343
1511987130000 343
1511987130000 343
1511987130000 343
1511987130000 343
1511987130000 343
1511987130000 343
1511987130000 344
1511987130000 344
1511987130000 344
1511987130000 344
1511987130000 344
1511987130000 345
1511987130000 345
1511987130000 345
1511987130000 345
1511987130000 346
1511987130000 352
1511987130000 352
1511987130000 353
1511987130000 353
1511987130000 353
1511987130000 353
1511987130000 355
1511987130000 355
1511987140000 304
1511987140000 304
1511987140000 304
1511987140000 304
1511987140000 304
1511987140000 304
1511987140000 304
1511987140000 304
1511987140000 304
1511987140000 304
1511987140000 304
1511987140000 304
1511987140000 304
1511987140000 304
1511987140000 305
1511987140000 305
1511987140000 305
1511987140000 305
1511987140000 305
1511987140000 305
1511987140000 305
1511987140000 305
1511987140000 305
1511987140000 305
1511987140000 305
1511987140000 305
1511987140000 305
1511987140000 305
1511987140000 305
1511987140000 305
1511987140000 305
1511987140000 305
1511987140000 305
1511987140000 305
1511987140000 305
1511987140000 305
1511987140000 305
1511987140000 305
1511987140000 305
1511987140000 305
1511987140000 305
1511987140000 305
1511987140000 305
1511987140000 305
1511987140000 305
1511987140000 306
1511987140000 306
1511987140000 306
1511987140000 306
1511987140000 306
1511987140000 306
1511987140000 306
1511987140000 306
1511987140000 306
1511987140000 306
1511987140000 306
1511987140000 306
1511987140000 306
1511987140000 306
1511987140000 306
1511987140000 306
1511987140000 306
1511987140000 306
1511987140000 306
1511987140000 306
1511987140000 306
1511987140000 306
1511987140000 306
1511987140000 307
1511987140000 307
1511987140000 307
1511987140000 307
1511987140000 307
1511987140000 307
1511987140000 307
1511987140000 307
1511987140000 307
1511987140000 307
1511987140000 307
1511987140000 307
1511987140000 307
1511987140000 307
1511987140000 307
1511987140000 307
1511987140000 307
1511987140000 308
1511987140000 310
1511987140000 311
1511987140000 311
1511987140000 311
1511987140000 312
1511987140000 312
1511987140000 315
1511987140000 317
1511987140000 329
1511987140000 329
1511987140000 330
1511987140000 330
1511987140000 331
1511987140000 332
1511987150000 336
1511987150000 336
1511987150000 336
1511987150000 336
1511987150000 336
1511987150000 336
1511987150000 336
1511987150000 336
1511987150000 336
1511987150000 336
1511987150000 336
1511987150000 336
1511987150000 336
1511987150000 336
1511987150000 336
1511987150000 336
1511987150000 337
1511987150000 337
1511987150000 337
1511987150000 337
1511987150000 337
1511987150000 337
1511987150000 337
1511987150000 337
1511987150000 337
1511987150000 337
1511987150000 337
1511987150000 337
1511987150000 337
1511987150000 337
1511987150000 337
1511987150000 337
1511987150000 337
1511987150000 337
1511987150000 337
1511987150000 337
1511987150000 337
1511987150000 337
1511987150000 337
1511987150000 337
1511987150000 337
1511987150000 338
1511987150000 338
1511987150000 338
1511987150000 338
1511987150000 338
1511987150000 338
1511987150000 338
1511987150000 338
1511987150000 338
1511987150000 338
1511987150000 338
1511987150000 338
1511987150000 338
1511987150000 338
1511987150000 338
1511987150000 338
1511987150000 338
1511987150000 338
1511987150000 338
1511987150000 338
1511987150000 338
1511987150000 338
1511987150000 338
1511987150000 338
1511987150000 338
1511987150000 338
1511987150000 338
1511987150000 339
1511987150000 339
1511987150000 339
1511987150000 339
1511987150000 339
1511987150000 339
1511987150000 339
1511987150000 339
1511987150000 339
1511987150000 339
1511987150000 339
1511987150000 339
1511987150000 340
1511987150000 340
1511987150000 340
1511987150000 340
1511987150000 340
1511987150000 340
1511987150000 340
1511987150000 340
1511987150000 340
1511987150000 341
1511987150000 341
1511987150000 341
1511987150000 392
1511987150000 392
1511987150000 418
1511987150000 419
1511987150000 420
1511987150000 420
1511987150000 421
1511987150000 422
1511987160000 332
1511987160000 332
1511987160000 333
1511987160000 333
1511987160000 333
1511987160000 333
1511987160000 333
1511987160000 333
1511987160000 333
1511987160000 333
1511987160000 333
1511987160000 333
1511987160000 333
1511987160000 333
1511987160000 333
1511987160000 333
1511987160000 333
1511987160000 333
1511987160000 334
1511987160000 334
1511987160000 334
1511987160000 334
1511987160000 334
1511987160000 334
1511987160000 334
1511987160000 334
1511987160000 334
1511987160000 334
1511987160000 334
1511987160000 334
1511987160000 334
1511987160000 334
1511987160000 334
1511987160000 334
1511987160000 334
1511987160000 334
1511987160000 334
1511987160000 334
1511987160000 334
1511987160000 334
1511987160000 334
1511987160000 334
1511987160000 334
1511987160000 334
1511987160000 334
1511987160000 335
1511987160000 335
1511987160000 335
1511987160000 335
1511987160000 335
1511987160000 335
1511987160000 335
1511987160000 335
1511987160000 335
1511987160000 335
1511987160000 335
1511987160000 335
1511987160000 335
1511987160000 335
1511987160000 335
1511987160000 336
1511987160000 336
1511987160000 336
1511987160000 336
1511987160000 336
1511987160000 336
1511987160000 336
1511987160000 336
1511987160000 336
1511987160000 336
1511987160000 336
1511987160000 336
1511987160000 336
1511987160000 336
1511987160000 336
1511987160000 336
1511987160000 336
1511987160000 336
1511987160000 337
1511987160000 337
1511987160000 337
1511987160000 337
1511987160000 337
1511987160000 337
1511987160000 337
1511987160000 337
1511987160000 337
1511987160000 337
1511987160000 337
1511987160000 337
1511987160000 337
1511987160000 337
1511987160000 337
1511987160000 337
1511987160000 338
1511987160000 338
1511987160000 338
1511987160000 338
1511987160000 339
1511987160000 340
1511987170000 356
1511987170000 356
1511987170000 356
1511987170000 356
1511987170000 356
1511987170000 356
1511987170000 356
1511987170000 356
1511987170000 356
1511987170000 356
1511987170000 356
1511987170000 356
1511987170000 356
1511987170000 356
1511987170000 356
1511987170000 357
1511987170000 357
1511987170000 357
1511987170000 357
1511987170000 357
1511987170000 357
1511987170000 357
1511987170000 357
1511987170000 357
1511987170000 357
1511987170000 357
1511987170000 357
1511987170000 357
1511987170000 357
1511987170000 357
1511987170000 357
1511987170000 357
1511987170000 357
1511987170000 357
1511987170000 357
1511987170000 357
1511987170000 357
1511987170000 357
1511987170000 357
1511987170000 357
1511987170000 357
1511987170000 357
1511987170000 357
1511987170000 357
1511987170000 357
1511987170000 357
1511987170000 357
1511987170000 358
1511987170000 358
1511987170000 358
1511987170000 358
1511987170000 358
1511987170000 358
1511987170000 358
1511987170000 358
1511987170000 358
1511987170000 358
1511987170000 358
1511987170000 358
1511987170000 358
1511987170000 358
1511987170000 358
1511987170000 358
1511987170000 358
1511987170000 358
1511987170000 358
1511987170000 358
1511987170000 358
1511987170000 358
1511987170000 358
1511987170000 358
1511987170000 358
1511987170000 358
1511987170000 359
1511987170000 359
1511987170000 359
1511987170000 359
1511987170000 359
1511987170000 359
1511987170000 359
1511987170000 359
1511987170000 359
1511987170000 359
1511987170000 359
1511987170000 359
1511987170000 359
1511987170000 359
1511987170000 359
1511987170000 359
1511987170000 359
1511987170000 359
1511987170000 359
1511987170000 360
1511987170000 360
1511987170000 361
1511987170000 362
1511987170000 362
1511987170000 384
1511987170000 385
1511987170000 386
1511987180000 326
1511987180000 327
1511987180000 327
1511987180000 327
1511987180000 327
1511987180000 327
1511987180000 327
1511987180000 327
1511987180000 327
1511987180000 327
1511987180000 327
1511987180000 327
1511987180000 327
1511987180000 327
1511987180000 327
1511987180000 327
1511987180000 327
1511987180000 327
1511987180000 327
1511987180000 327
1511987180000 327
1511987180000 327
1511987180000 327
1511987180000 327
1511987180000 327
1511987180000 327
1511987180000 327
1511987180000 327
1511987180000 327
1511987180000 327
1511987180000 327
1511987180000 327
1511987180000 327
1511987180000 327
1511987180000 328
1511987180000 328
1511987180000 328
1511987180000 328
1511987180000 328
1511987180000 328
1511987180000 328
1511987180000 328
1511987180000 328
1511987180000 328
1511987180000 328
1511987180000 328
1511987180000 328
1511987180000 328
1511987180000 328
1511987180000 328
1511987180000 328
1511987180000 328
1511987180000 328
1511987180000 328
1511987180000 328
1511987180000 328
1511987180000 328
1511987180000 329
1511987180000 329
1511987180000 329
1511987180000 329
1511987180000 329
1511987180000 329
1511987180000 329
1511987180000 329
1511987180000 329
1511987180000 329
1511987180000 329
1511987180000 329
1511987180000 329
1511987180000 329
1511987180000 329
1511987180000 329
1511987180000 329
1511987180000 329
1511987180000 329
1511987180000 329
1511987180000 329
1511987180000 330
1511987180000 330
1511987180000 330
1511987180000 330
1511987180000 330
1511987180000 330
1511987180000 330
1511987180000 330
1511987180000 330
1511987180000 330
1511987180000 331
1511987180000 331
1511987180000 336
1511987180000 336
1511987180000 337
1511987180000 337
1511987180000 341
1511987180000 341
1511987180000 344
1511987180000 345
1511987180000 345
1511987180000 345
1511987190000 299
1511987190000 299
1511987190000 299
1511987190000 299
1511987190000 299
1511987190000 300
1511987190000 300
1511987190000 300
1511987190000 300
1511987190000 300
1511987190000 300
1511987190000 300
1511987190000 300
1511987190000 300
1511987190000 300
1511987190000 300
1511987190000 300
1511987190000 300
1511987190000 300
1511987190000 300
1511987190000 300
1511987190000 300
1511987190000 300
1511987190000 300
1511987190000 300
1511987190000 300
1511987190000 300
1511987190000 300
1511987190000 300
1511987190000 300
1511987190000 300
1511987190000 300
1511987190000 300
1511987190000 300
1511987190000 301
1511987190000 301
1511987190000 301
1511987190000 301
1511987190000 301
1511987190000 301
1511987190000 301
1511987190000 301
1511987190000 301
1511987190000 301
1511987190000 301
1511987190000 301
1511987190000 301
1511987190000 301
1511987190000 301
1511987190000 301
1511987190000 301
1511987190000 301
1511987190000 301
1511987190000 301
1511987190000 302
1511987190000 302
1511987190000 302
1511987190000 302
1511987190000 302
1511987190000 302
1511987190000 302
1511987190000 302
1511987190000 302
1511987190000 302
1511987190000 302
1511987190000 302
1511987190000 302
1511987190000 302
1511987190000 302
1511987190000 302
1511987190000 302
1511987190000 302
1511987190000 303
1511987190000 303
1511987190000 303
1511987190000 303
1511987190000 303
1511987190000 303
1511987190000 303
1511987190000 303
1511987190000 303
1511987190000 303
1511987190000 303
1511987190000 303
1511987190000 303
1511987190000 303
1511987190000 303
1511987190000 303
1511987190000 303
1511987190000 303
1511987190000 303
1511987190000 303
1511987190000 304
1511987190000 304
1511987190000 304
1511987190000 304
1511987190000 304
1511987190000 304
1511987190000 305
1511987190000 306
1511987200000 328
1511987200000 328
1511987200000 328
1511987200000 328
1511987200000 328
1511987200000 328
1511987200000 329
1511987200000 329
1511987200000 329
1511987200000 329
1511987200000 329
1511987200000 329
1511987200000 329
1511987200000 329
1511987200000 329
1511987200000 329
1511987200000 329
1511987200000 329
1511987200000 329
1511987200000 329
1511987200000 329
1511987200000 329
1511987200000 329
1511987200000 329
1511987200000 329
1511987200000 329
1511987200000 329
1511987200000 329
1511987200000 329
1511987200000 329
1511987200000 329
1511987200000 329
1511987200000 329
1511987200000 329
1511987200000 329
1511987200000 330
1511987200000 330
1511987200000 330
1511987200000 330
1511987200000 330
1511987200000 330
1511987200000 330
1511987200000 330
1511987200000 330
1511987200000 330
1511987200000 330
1511987200000 330
1511987200000 330
1511987200000 330
1511987200000 330
1511987200000 330
1511987200000 330
1511987200000 330
1511987200000 330
1511987200000 330
1511987200000 330
1511987200000 330
1511987200000 330
1511987200000 330
1511987200000 330
1511987200000 330
1511987200000 330
1511987200000 330
1511987200000 330
1511987200000 330
1511987200000 331
1511987200000 331
1511987200000 331
1511987200000 331
1511987200000 331
1511987200000 331
1511987200000 331
1511987200000 331
1511987200000 331
1511987200000 331
1511987200000 331
1511987200000 331
1511987200000 331
1511987200000 331
1511987200000 331
1511987200000 331
1511987200000 331
1511987200000 331
1511987200000 331
1511987200000 331
1511987200000 331
1511987200000 331
1511987200000 331
1511987200000 331
1511987200000 331
1511987200000 331
1511987200000 332
1511987200000 332
1511987200000 332
1511987200000 332
1511987200000 332
1511987200000 332
1511987200000 333
1511987200000 334
1511987200000 335
1511987210000 322
1511987210000 322
1511987210000 322
1511987210000 322
1511987210000 322
1511987210000 322
1511987210000 322
1511987210000 322
1511987210000 322
1511987210000 322
1511987210000 322
1511987210000 322
1511987210000 322
1511987210000 322
1511987210000 322
1511987210000 323
1511987210000 323
1511987210000 323
1511987210000 323
1511987210000 323
1511987210000 323
1511987210000 323
1511987210000 323
1511987210000 323
1511987210000 323
1511987210000 323
1511987210000 323
1511987210000 323
1511987210000 323
1511987210000 323
1511987210000 323
1511987210000 323
1511987210000 323
1511987210000 323
1511987210000 323
1511987210000 323
1511987210000 323
1511987210000 323
1511987210000 323
1511987210000 323
1511987210000 323
1511987210000 323
1511987210000 323
1511987210000 324
1511987210000 324
1511987210000 324
1511987210000 324
1511987210000 324
1511987210000 324
1511987210000 324
1511987210000 324
1511987210000 324
1511987210000 324
1511987210000 324
1511987210000 324
1511987210000 324
1511987210000 324
1511987210000 324
1511987210000 324
1511987210000 324
1511987210000 324
1511987210000 324
1511987210000 324
1511987210000 324
1511987210000 325
1511987210000 325
1511987210000 325
1511987210000 325
1511987210000 325
1511987210000 325
1511987210000 325
1511987210000 325
1511987210000 325
1511987210000 325
1511987210000 325
1511987210000 325
1511987210000 325
1511987210000 325
1511987210000 325
1511987210000 325
1511987210000 325
1511987210000 325
1511987210000 325
1511987210000 325
1511987210000 325
1511987210000 325
1511987210000 325
1511987210000 325
1511987210000 325
1511987210000 326
1511987210000 326
1511987210000 326
1511987210000 326
1511987210000 326
1511987210000 326
1511987210000 326
1511987210000 327
1511987210000 327
1511987210000 327
1511987210000 328
1511987220000 317
1511987220000 317
1511987220000 317
1511987220000 317
1511987220000 317
1511987220000 317
1511987220000 317
1511987220000 317
1511987220000 317
1511987220000 317
1511987220000 317
1511987220000 317
1511987220000 318
1511987220000 318
1511987220000 318
1511987220000 318
1511987220000 318
1511987220000 318
1511987220000 318
1511987220000 318
1511987220000 318
1511987220000 318
1511987220000 318
1511987220000 318
1511987220000 318
1511987220000 318
1511987220000 318
1511987220000 318
1511987220000 318
1511987220000 318
1511987220000 318
1511987220000 318
1511987220000 319
1511987220000 319
1511987220000 319
1511987220000 319
1511987220000 319
1511987220000 319
1511987220000 319
1511987220000 319
1511987220000 319
1511987220000 319
1511987220000 319
1511987220000 319
1511987220000 319
1511987220000 319
1511987220000 319
1511987220000 319
1511987220000 319
1511987220000 319
1511987220000 319
1511987220000 319
1511987220000 319
1511987220000 320
1511987220000 320
1511987220000 320
1511987220000 320
1511987220000 320
1511987220000 320
1511987220000 320
1511987220000 320
1511987220000 321
1511987220000 321
1511987220000 321
1511987220000 321
1511987220000 321
1511987220000 321
1511987220000 321
1511987220000 321
1511987220000 321
1511987220000 321
1511987220000 321
1511987220000 321
1511987220000 321
1511987220000 321
1511987220000 321
1511987220000 321
1511987220000 321
1511987220000 322
1511987220000 322
1511987220000 322
1511987220000 322
1511987220000 322
1511987220000 322
1511987220000 322
1511987220000 322
1511987220000 322
1511987220000 322
1511987220000 322
1511987220000 322
1511987220000 322
1511987220000 322
1511987220000 323
1511987220000 323
1511987220000 323
1511987220000 323
1511987220000 323
1511987220000 324
1511987220000 325
1511987220000 336
1511987230000 342
1511987230000 343
1511987230000 343
1511987230000 343
1511987230000 343
1511987230000 343
1511987230000 343
1511987230000 343
1511987230000 343
1511987230000 343
1511987230000 343
1511987230000 344
1511987230000 344
1511987230000 344
1511987230000 344
1511987230000 344
1511987230000 344
1511987230000 344
1511987230000 344
1511987230000 344
1511987230000 344
1511987230000 344
1511987230000 344
1511987230000 344
1511987230000 344
1511987230000 344
1511987230000 344
1511987230000 344
1511987230000 344
1511987230000 344
1511987230000 344
1511987230000 344
1511987230000 344
1511987230000 344
1511987230000 344
1511987230000 344
1511987230000 344
1511987230000 344
1511987230000 344
1511987230000 344
1511987230000 344
1511987230000 344
1511987230000 344
1511987230000 344
1511987230000 344
1511987230000 345
1511987230000 345
1511987230000 345
1511987230000 345
1511987230000 345
1511987230000 345
1511987230000 345
1511987230000 345
1511987230000 345
1511987230000 345
1511987230000 345
1511987230000 345
1511987230000 345
1511987230000 345
1511987230000 345
1511987230000 346
1511987230000 346
1511987230000 346
1511987230000 346
1511987230000 346
1511987230000 346
1511987230000 346
1511987230000 346
1511987230000 346
1511987230000 346
1511987230000 346
1511987230000 346
1511987230000 346
1511987230000 346
1511987230000 346
1511987230000 346
1511987230000 346
1511987230000 346
1511987230000 346
1511987230000 346
1511987230000 346
1511987230000 346
1511987230000 346
1511987230000 346
1511987230000 347
1511987230000 347
1511987230000 348
1511987230000 354
1511987230000 354
1511987230000 355
1511987230000 360
1511987230000 360
1511987230000 361
1511987230000 361
1511987230000 362
1511987230000 362
1511987230000 363
1511987230000 364
1511987230000 364
1511987230000 365
1511987240000 331
1511987240000 331
1511987240000 331
1511987240000 331
1511987240000 332
1511987240000 332
1511987240000 332
1511987240000 332
1511987240000 332
1511987240000 332
1511987240000 332
1511987240000 332
1511987240000 332
1511987240000 332
1511987240000 332
1511987240000 332
1511987240000 332
1511987240000 332
1511987240000 332
1511987240000 332
1511987240000 332
1511987240000 332
1511987240000 332
1511987240000 332
1511987240000 332
1511987240000 332
1511987240000 332
1511987240000 332
1511987240000 332
1511987240000 332
1511987240000 332
1511987240000 332
1511987240000 332
1511987240000 332
1511987240000 332
1511987240000 332
1511987240000 332
1511987240000 332
1511987240000 332
1511987240000 332
1511987240000 333
1511987240000 333
1511987240000 333
1511987240000 333
1511987240000 333
1511987240000 333
1511987240000 333
1511987240000 333
1511987240000 333
1511987240000 333
1511987240000 333
1511987240000 333
1511987240000 333
1511987240000 333
1511987240000 333
1511987240000 333
1511987240000 333
1511987240000 333
1511987240000 333
1511987240000 333
1511987240000 333
1511987240000 333
1511987240000 334
1511987240000 334
1511987240000 334
1511987240000 334
1511987240000 334
1511987240000 334
1511987240000 334
1511987240000 334
1511987240000 334
1511987240000 334
1511987240000 334
1511987240000 334
1511987240000 334
1511987240000 334
1511987240000 334
1511987240000 334
1511987240000 334
1511987240000 334
1511987240000 334
1511987240000 334
1511987240000 334
1511987240000 334
1511987240000 334
1511987240000 334
1511987240000 334
1511987240000 334
1511987240000 335
1511987240000 335
1511987240000 335
1511987240000 335
1511987240000 335
1511987240000 336
1511987240000 337
1511987240000 338
1511987240000 338
1511987240000 361
1511987240000 362
1511987240000 362
1511987250000 317
1511987250000 317
1511987250000 317
1511987250000 317
1511987250000 317
1511987250000 317
1511987250000 317
1511987250000 317
1511987250000 317
1511987250000 317
1511987250000 317
1511987250000 317
1511987250000 317
1511987250000 318
1511987250000 318
1511987250000 318
1511987250000 318
1511987250000 318
1511987250000 318
1511987250000 318
1511987250000 318
1511987250000 318
1511987250000 318
1511987250000 318
1511987250000 318
1511987250000 318
1511987250000 318
1511987250000 318
1511987250000 318
1511987250000 318
1511987250000 319
1511987250000 319
1511987250000 319
1511987250000 319
1511987250000 319
1511987250000 319
1511987250000 319
1511987250000 319
1511987250000 319
1511987250000 319
1511987250000 319
1511987250000 319
1511987250000 319
1511987250000 319
1511987250000 319
1511987250000 319
1511987250000 319
1511987250000 320
1511987250000 320
1511987250000 320
1511987250000 320
1511987250000 320
1511987250000 321
1511987250000 321
1511987250000 321
1511987250000 321
1511987250000 321
1511987250000 321
1511987250000 321
1511987250000 321
1511987250000 321
1511987250000 321
1511987250000 322
1511987250000 322
1511987250000 322
1511987250000 322
1511987250000 322
1511987250000 322
1511987250000 322
1511987250000 322
1511987250000 323
1511987250000 323
1511987250000 323
1511987250000 323
1511987250000 323
1511987250000 323
1511987250000 323
1511987250000 323
1511987250000 323
1511987250000 323
1511987250000 324
1511987250000 324
1511987250000 324
1511987250000 324
1511987250000 324
1511987250000 324
1511987250000 325
1511987250000 325
1511987250000 325
1511987250000 326
1511987250000 326
1511987250000 338
1511987250000 338
1511987250000 338
1511987250000 338
1511987250000 339
1511987250000 340
1511987250000 340
1511987250000 341
1511987250000 347
1511987260000 310
1511987260000 310
1511987260000 311
1511987260000 311
1511987260000 311
1511987260000 311
1511987260000 311
1511987260000 311
1511987260000 311
1511987260000 311
1511987260000 311
1511987260000 311
1511987260000 311
1511987260000 311
1511987260000 311
1511987260000 311
1511987260000 311
1511987260000 311
1511987260000 311
1511987260000 311
1511987260000 311
1511987260000 311
1511987260000 311
1511987260000 312
1511987260000 312
1511987260000 312
1511987260000 312
1511987260000 312
1511987260000 312
1511987260000 312
1511987260000 312
1511987260000 312
1511987260000 312
1511987260000 312
1511987260000 312
1511987260000 312
1511987260000 312
1511987260000 312
1511987260000 312
1511987260000 312
1511987260000 313
1511987260000 313
1511987260000 313
1511987260000 313
1511987260000 313
1511987260000 313
1511987260000 313
1511987260000 313
1511987260000 313
1511987260000 313
1511987260000 313
1511987260000 313
1511987260000 313
1511987260000 313
1511987260000 313
1511987260000 314
1511987260000 314
1511987260000 314
1511987260000 314
1511987260000 314
1511987260000 314
1511987260000 314
1511987260000 314
1511987260000 314
1511987260000 314
1511987260000 314
1511987260000 314
1511987260000 314
1511987260000 314
1511987260000 315
1511987260000 315
1511987260000 315
1511987260000 315
1511987260000 315
1511987260000 315
1511987260000 315
1511987260000 315
1511987260000 315
1511987260000 315
1511987260000 315
1511987260000 315
1511987260000 315
1511987260000 315
1511987260000 315
1511987260000 315
1511987260000 315
1511987260000 315
1511987260000 316
1511987260000 316
1511987260000 316
1511987260000 316
1511987260000 316
1511987260000 316
1511987260000 316
1511987260000 316
1511987260000 316
1511987260000 316
1511987260000 317
1511987260000 318
1511987260000 319
1511987270000 336
1511987270000 336
1511987270000 336
1511987270000 336
1511987270000 336
1511987270000 336
1511987270000 336
1511987270000 336
1511987270000 336
1511987270000 336
1511987270000 336
1511987270000 336
1511987270000 336
1511987270000 336
1511987270000 337
1511987270000 337
1511987270000 337
1511987270000 337
1511987270000 337
1511987270000 337
1511987270000 337
1511987270000 337
1511987270000 337
1511987270000 337
1511987270000 337
1511987270000 337
1511987270000 337
1511987270000 337
1511987270000 337
1511987270000 337
1511987270000 337
1511987270000 337
1511987270000 337
1511987270000 337
1511987270000 337
1511987270000 337
1511987270000 337
1511987270000 337
1511987270000 337
1511987270000 337
1511987270000 337
1511987270000 337
1511987270000 337
1511987270000 337
1511987270000 337
1511987270000 337
1511987270000 338
1511987270000 338
1511987270000 338
1511987270000 338
1511987270000 338
1511987270000 338
1511987270000 338
1511987270000 338
1511987270000 338
1511987270000 338
1511987270000 338
1511987270000 338
1511987270000 338
1511987270000 338
1511987270000 338
1511987270000 338
1511987270000 338
1511987270000 338
1511987270000 338
1511987270000 338
1511987270000 338
1511987270000 338
1511987270000 338
1511987270000 338
1511987270000 338
1511987270000 339
1511987270000 339
1511987270000 339
1511987270000 339
1511987270000 339
1511987270000 339
1511987270000 339
1511987270000 339
1511987270000 339
1511987270000 339
1511987270000 339
1511987270000 339
1511987270000 339
1511987270000 339
1511987270000 339
1511987270000 339
1511987270000 340
1511987270000 340
1511987270000 340
1511987270000 340
1511987270000 341
1511987270000 341
1511987270000 362
1511987270000 362
1511987270000 363
1511987270000 363
1511987270000 367
1511987270000 368
1511987270000 368
1511987280000 3516
1511987280000 3516
1511987280000 3516
1511987280000 3516
1511987280000 3517
1511987280000 3517
1511987280000 3517
1511987280000 3517
1511987280000 3517
1511987280000 3517
1511987280000 3518
1511987280000 3518
1511987280000 3546
1511987280000 3546
1511987280000 3546
1511987280000 3546
1511987280000 3546
1511987280000 3546
1511987280000 3546
1511987280000 3546
1511987280000 3546
1511987280000 3546
1511987280000 3546
1511987280000 3546
1511987280000 3546
1511987280000 3547
1511987280000 3547
1511987280000 3547
1511987280000 3547
1511987280000 3547
1511987280000 3547
1511987280000 3547
1511987280000 3547
1511987280000 3547
1511987280000 3547
1511987280000 3547
1511987280000 3547
1511987280000 3547
1511987280000 3547
1511987280000 3547
1511987280000 3547
1511987280000 3547
1511987280000 3548
1511987280000 3548
1511987280000 3548
1511987280000 3548
1511987280000 3548
1511987280000 3548
1511987280000 3548
1511987280000 3548
1511987280000 3548
1511987280000 3548
1511987280000 3548
1511987280000 3548
1511987280000 3548
1511987280000 3548
1511987280000 3548
1511987280000 3548
1511987280000 3548
1511987280000 3548
1511987280000 3548
1511987280000 3549
1511987280000 3549
1511987280000 3549
1511987280000 3549
1511987280000 3549
1511987280000 3549
1511987280000 3549
1511987280000 3549
1511987280000 3549
1511987280000 3549
1511987280000 3549
1511987280000 3549
1511987280000 3549
1511987280000 3550
1511987280000 3550
1511987280000 3554
1511987280000 3559
1511987280000 3559
1511987280000 3565
1511987280000 3570
1511987280000 3578
1511987280000 3578
1511987280000 3579
1511987280000 3587
1511987280000 3588
1511987280000 3588
1511987280000 3610
1511987280000 3610
1511987280000 3625
1511987280000 3626
1511987280000 3627
1511987280000 3695
1511987280000 3696
1511987280000 3734
1511987280000 3734
1511987280000 3735
1511987280000 3735
1511987280000 3735
1511987280000 3736
1511987290000 328
1511987290000 328
1511987290000 328
1511987290000 328
1511987290000 328
1511987290000 328
1511987290000 328
1511987290000 328
1511987290000 328
1511987290000 328
1511987290000 328
1511987290000 328
1511987290000 328
1511987290000 328
1511987290000 328
1511987290000 329
1511987290000 329
1511987290000 329
1511987290000 329
1511987290000 329
1511987290000 329
1511987290000 329
1511987290000 329
1511987290000 329
1511987290000 329
1511987290000 329
1511987290000 329
1511987290000 329
1511987290000 329
1511987290000 329
1511987290000 329
1511987290000 329
1511987290000 329
1511987290000 329
1511987290000 329
1511987290000 329
1511987290000 329
1511987290000 329
1511987290000 329
1511987290000 329
1511987290000 329
1511987290000 329
1511987290000 329
1511987290000 329
1511987290000 329
1511987290000 329
1511987290000 329
1511987290000 329
1511987290000 329
1511987290000 329
1511987290000 329
1511987290000 329
1511987290000 329
1511987290000 330
1511987290000 330
1511987290000 330
1511987290000 330
1511987290000 330
1511987290000 330
1511987290000 330
1511987290000 330
1511987290000 330
1511987290000 331
1511987290000 331
1511987290000 331
1511987290000 331
1511987290000 331
1511987290000 331
1511987290000 331
1511987290000 331
1511987290000 331
1511987290000 331
1511987290000 331
1511987290000 331
1511987290000 331
1511987290000 331
1511987290000 331
1511987290000 331
1511987290000 331
1511987290000 331
1511987290000 331
1511987290000 331
1511987290000 331
1511987290000 331
1511987290000 331
1511987290000 332
1511987290000 332
1511987290000 332
1511987290000 332
1511987290000 332
1511987290000 332
1511987290000 332
1511987290000 332
1511987290000 332
1511987290000 332
1511987290000 332
1511987290000 332
1511987290000 333
1511987290000 333
1511987290000 334
1511987300000 433
1511987300000 433
1511987300000 433
1511987300000 433
1511987300000 433
1511987300000 433
1511987300000 433
1511987300000 433
1511987300000 433
1511987300000 433
1511987300000 433
1511987300000 433
1511987300000 433
1511987300000 433
1511987300000 433
1511987300000 433
1511987300000 433
1511987300000 433
1511987300000 433
1511987300000 433
1511987300000 434
1511987300000 434
1511987300000 434
1511987300000 434
1511987300000 434
1511987300000 434
1511987300000 434
1511987300000 434
1511987300000 434
1511987300000 434
1511987300000 434
1511987300000 434
1511987300000 434
1511987300000 434
1511987300000 434
1511987300000 434
1511987300000 434
1511987300000 434
1511987300000 434
1511987300000 434
1511987300000 434
1511987300000 434
1511987300000 434
1511987300000 434
1511987300000 434
1511987300000 434
1511987300000 434
1511987300000 434
1511987300000 434
1511987300000 434
1511987300000 434
1511987300000 434
1511987300000 434
1511987300000 434
1511987300000 435
1511987300000 435
1511987300000 435
1511987300000 435
1511987300000 435
1511987300000 435
1511987300000 435
1511987300000 435
1511987300000 435
1511987300000 435
1511987300000 435
1511987300000 435
1511987300000 435
1511987300000 435
1511987300000 435
1511987300000 435
1511987300000 435
1511987300000 435
1511987300000 435
1511987300000 436
1511987300000 436
1511987300000 436
1511987300000 436
1511987300000 436
1511987300000 436
1511987300000 436
1511987300000 436
1511987300000 436
1511987300000 436
1511987300000 436
1511987300000 436
1511987300000 436
1511987300000 436
1511987300000 436
1511987300000 436
1511987300000 436
1511987300000 436
1511987300000 436
1511987300000 436
1511987300000 437
1511987300000 437
1511987300000 437
1511987300000 437
1511987300000 437
1511987300000 437
1511987300000 438
1511987310000 336
1511987310000 336
1511987310000 336
1511987310000 336
1511987310000 336
1511987310000 336
1511987310000 336
1511987310000 336
1511987310000 336
1511987310000 336
1511987310000 336
1511987310000 337
1511987310000 337
1511987310000 337
1511987310000 337
1511987310000 337
1511987310000 337
1511987310000 337
1511987310000 337
1511987310000 337
1511987310000 337
1511987310000 337
1511987310000 337
1511987310000 337
1511987310000 337
1511987310000 337
1511987310000 337
1511987310000 337
1511987310000 337
1511987310000 337
1511987310000 337
1511987310000 337
1511987310000 337
1511987310000 337
1511987310000 337
1511987310000 337
1511987310000 337
1511987310000 337
1511987310000 338
1511987310000 338
1511987310000 338
1511987310000 338
1511987310000 338
1511987310000 338
1511987310000 338
1511987310000 338
1511987310000 338
1511987310000 338
1511987310000 338
1511987310000 338
1511987310000 338
1511987310000 338
1511987310000 338
1511987310000 338
1511987310000 338
1511987310000 338
1511987310000 338
1511987310000 338
1511987310000 338
1511987310000 338
1511987310000 339
1511987310000 339
1511987310000 339
1511987310000 339
1511987310000 339
1511987310000 339
1511987310000 339
1511987310000 339
1511987310000 339
1511987310000 339
1511987310000 339
1511987310000 339
1511987310000 339
1511987310000 339
1511987310000 339
1511987310000 339
1511987310000 339
1511987310000 339
1511987310000 339
1511987310000 339
1511987310000 340
1511987310000 340
1511987310000 340
1511987310000 340
1511987310000 340
1511987310000 340
1511987310000 340
1511987310000 340
1511987310000 340
1511987310000 340
1511987310000 340
1511987310000 340
1511987310000 341
1511987310000 344
1511987310000 344
1511987310000 344
1511987310000 344
1511987310000 344
1511987310000 344
1511987310000 345
1511987320000 321
1511987320000 321
1511987320000 321
1511987320000 321
1511987320000 321
1511987320000 321
1511987320000 321
1511987320000 321
1511987320000 321
1511987320000 321
1511987320000 321
1511987320000 321
1511987320000 321
1511987320000 321
1511987320000 321
1511987320000 321
1511987320000 321
1511987320000 321
1511987320000 321
1511987320000 321
1511987320000 322
1511987320000 322
1511987320000 322
1511987320000 322
1511987320000 322
1511987320000 322
1511987320000 322
1511987320000 322
1511987320000 322
1511987320000 322
1511987320000 322
1511987320000 322
1511987320000 322
1511987320000 322
1511987320000 322
1511987320000 322
1511987320000 322
1511987320000 322
1511987320000 322
1511987320000 322
1511987320000 322
1511987320000 322
1511987320000 322
1511987320000 322
1511987320000 322
1511987320000 322
1511987320000 322
1511987320000 322
1511987320000 322
1511987320000 322
1511987320000 322
1511987320000 322
1511987320000 322
1511987320000 322
1511987320000 322
1511987320000 323
1511987320000 323
1511987320000 323
1511987320000 323
1511987320000 323
1511987320000 323
1511987320000 323
1511987320000 323
1511987320000 323
1511987320000 323
1511987320000 323
1511987320000 323
1511987320000 323
1511987320000 323
1511987320000 323
1511987320000 323
1511987320000 324
1511987320000 324
1511987320000 324
1511987320000 324
1511987320000 324
1511987320000 324
1511987320000 324
1511987320000 324
1511987320000 324
1511987320000 324
1511987320000 324
1511987320000 324
1511987320000 324
1511987320000 324
1511987320000 324
1511987320000 324
1511987320000 324
1511987320000 324
1511987320000 324
1511987320000 324
1511987320000 324
1511987320000 324
1511987320000 324
1511987320000 324
1511987320000 325
1511987320000 325
1511987320000 325
1511987320000 325
1511987320000 325
1511987330000 353
1511987330000 353
1511987330000 353
1511987330000 354
1511987330000 354
1511987330000 354
1511987330000 354
1511987330000 354
1511987330000 354
1511987330000 354
1511987330000 354
1511987330000 354
1511987330000 354
1511987330000 354
1511987330000 354
1511987330000 355
1511987330000 355
1511987330000 355
1511987330000 355
1511987330000 355
1511987330000 355
1511987330000 355
1511987330000 355
1511987330000 355
1511987330000 355
1511987330000 355
1511987330000 355
1511987330000 355
1511987330000 356
1511987330000 356
1511987330000 356
1511987330000 356
1511987330000 356
1511987330000 356
1511987330000 356
1511987330000 356
1511987330000 356
1511987330000 356
1511987330000 356
1511987330000 356
1511987330000 356
1511987330000 356
1511987330000 356
1511987330000 357
1511987330000 357
1511987330000 357
1511987330000 357
1511987330000 357
1511987330000 357
1511987330000 357
1511987330000 357
1511987330000 357
1511987330000 357
1511987330000 358
1511987330000 358
1511987330000 358
1511987330000 358
1511987330000 358
1511987330000 358
1511987330000 358
1511987330000 358
1511987330000 358
1511987330000 358
1511987330000 358
1511987330000 358
1511987330000 359
1511987330000 359
1511987330000 359
1511987330000 359
1511987330000 359
1511987330000 359
1511987330000 359
1511987330000 359
1511987330000 359
1511987330000 359
1511987330000 359
1511987330000 359
1511987330000 359
1511987330000 359
1511987330000 359
1511987330000 359
1511987330000 359
1511987330000 359
1511987330000 360
1511987330000 360
1511987330000 360
1511987330000 360
1511987330000 360
1511987330000 360
1511987330000 360
1511987330000 360
1511987330000 360
1511987330000 360
1511987330000 360
1511987330000 386
1511987330000 386
1511987330000 386
1511987330000 387
1511987330000 388
1511987330000 407
1511987340000 342
1511987340000 342
1511987340000 342
1511987340000 342
1511987340000 342
1511987340000 342
1511987340000 342
1511987340000 342
1511987340000 342
1511987340000 342
1511987340000 342
1511987340000 342
1511987340000 342
1511987340000 342
1511987340000 342
1511987340000 342
1511987340000 342
1511987340000 342
1511987340000 342
1511987340000 342
1511987340000 342
1511987340000 342
1511987340000 342
1511987340000 342
1511987340000 342
1511987340000 342
1511987340000 342
1511987340000 342
1511987340000 343
1511987340000 343
1511987340000 343
1511987340000 343
1511987340000 343
1511987340000 343
1511987340000 343
1511987340000 343
1511987340000 343
1511987340000 343
1511987340000 343
1511987340000 343
1511987340000 343
1511987340000 343
1511987340000 343
1511987340000 343
1511987340000 343
1511987340000 343
1511987340000 343
1511987340000 343
1511987340000 343
1511987340000 343
1511987340000 343
1511987340000 343
1511987340000 343
1511987340000 343
1511987340000 343
1511987340000 343
1511987340000 344
1511987340000 344
1511987340000 344
1511987340000 344
1511987340000 344
1511987340000 344
1511987340000 344
1511987340000 344
1511987340000 344
1511987340000 344
1511987340000 344
1511987340000 344
1511987340000 344
1511987340000 344
1511987340000 344
1511987340000 344
1511987340000 344
1511987340000 344
1511987340000 344
1511987340000 344
1511987340000 344
1511987340000 344
1511987340000 344
1511987340000 344
1511987340000 345
1511987340000 345
1511987340000 345
1511987340000 345
1511987340000 345
1511987340000 345
1511987340000 345
1511987340000 345
1511987340000 345
1511987340000 345
1511987340000 345
1511987340000 345
1511987340000 345
1511987340000 345
1511987340000 346
1511987340000 368
1511987340000 368
1511987340000 370
1511987340000 370
1511987340000 371
1511987350000 322
1511987350000 322
1511987350000 322
1511987350000 322
1511987350000 322
1511987350000 322
1511987350000 322
1511987350000 322
1511987350000 322
1511987350000 322
1511987350000 322
1511987350000 322
1511987350000 323
1511987350000 323
1511987350000 323
1511987350000 323
1511987350000 323
1511987350000 323
1511987350000 323
1511987350000 323
1511987350000 323
1511987350000 323
1511987350000 323
1511987350000 323
1511987350000 323
1511987350000 323
1511987350000 323
1511987350000 323
1511987350000 323
1511987350000 323
1511987350000 323
1511987350000 323
1511987350000 323
1511987350000 323
1511987350000 323
1511987350000 323
1511987350000 323
1511987350000 323
1511987350000 323
1511987350000 323
1511987350000 323
1511987350000 323
1511987350000 323
1511987350000 323
1511987350000 323
1511987350000 323
1511987350000 323
1511987350000 324
1511987350000 324
1511987350000 324
1511987350000 324
1511987350000 324
1511987350000 324
1511987350000 324
1511987350000 324
1511987350000 324
1511987350000 324
1511987350000 324
1511987350000 324
1511987350000 324
1511987350000 324
1511987350000 324
1511987350000 324
1511987350000 324
1511987350000 324
1511987350000 324
1511987350000 324
1511987350000 324
1511987350000 324
1511987350000 325
1511987350000 325
1511987350000 325
1511987350000 325
1511987350000 325
1511987350000 325
1511987350000 325
1511987350000 325
1511987350000 325
1511987350000 325
1511987350000 325
1511987350000 325
1511987350000 325
1511987350000 325
1511987350000 325
1511987350000 325
1511987350000 325
1511987350000 325
1511987350000 325
1511987350000 325
1511987350000 325
1511987350000 326
1511987350000 326
1511987350000 326
1511987350000 326
1511987350000 326
1511987350000 326
1511987350000 326
1511987350000 327
1511987350000 327
1511987350000 327
1511987360000 327
1511987360000 327
1511987360000 327
1511987360000 327
1511987360000 327
1511987360000 327
1511987360000 327
1511987360000 327
1511987360000 327
1511987360000 327
1511987360000 327
1511987360000 327
1511987360000 327
1511987360000 327
1511987360000 327
1511987360000 327
1511987360000 327
1511987360000 327
1511987360000 327
1511987360000 327
1511987360000 327
1511987360000 327
1511987360000 327
1511987360000 327
1511987360000 327
1511987360000 327
1511987360000 327
1511987360000 327
1511987360000 327
1511987360000 327
1511987360000 327
1511987360000 328
1511987360000 328
1511987360000 328
1511987360000 328
1511987360000 328
1511987360000 328
1511987360000 328
1511987360000 328
1511987360000 328
1511987360000 328
1511987360000 328
1511987360000 328
1511987360000 328
1511987360000 328
1511987360000 328
1511987360000 328
1511987360000 328
1511987360000 328
1511987360000 328
1511987360000 328
1511987360000 328
1511987360000 328
1511987360000 328
1511987360000 329
1511987360000 329
1511987360000 329
1511987360000 329
1511987360000 329
1511987360000 329
1511987360000 329
1511987360000 329
1511987360000 329
1511987360000 329
1511987360000 329
1511987360000 329
1511987360000 329
1511987360000 329
1511987360000 329
1511987360000 330
1511987360000 330
1511987360000 330
1511987360000 330
1511987360000 330
1511987360000 330
1511987360000 330
1511987360000 330
1511987360000 330
1511987360000 330
1511987360000 330
1511987360000 330
1511987360000 330
1511987360000 330
1511987360000 330
1511987360000 330
1511987360000 330
1511987360000 330
1511987360000 330
1511987360000 330
1511987360000 330
1511987360000 330
1511987360000 330
1511987360000 331
1511987360000 331
1511987360000 331
1511987360000 331
1511987360000 331
1511987360000 331
1511987360000 332
1511987360000 332
1511987370000 326
1511987370000 326
1511987370000 326
1511987370000 326
1511987370000 326
1511987370000 326
1511987370000 327
1511987370000 327
1511987370000 327
1511987370000 327
1511987370000 327
1511987370000 327
1511987370000 327
1511987370000 327
1511987370000 327
1511987370000 327
1511987370000 327
1511987370000 327
1511987370000 327
1511987370000 327
1511987370000 327
1511987370000 327
1511987370000 327
1511987370000 327
1511987370000 327
1511987370000 327
1511987370000 327
1511987370000 327
1511987370000 327
1511987370000 327
1511987370000 327
1511987370000 327
1511987370000 327
1511987370000 327
1511987370000 327
1511987370000 328
1511987370000 328
1511987370000 328
1511987370000 328
1511987370000 328
1511987370000 328
1511987370000 328
1511987370000 328
1511987370000 328
1511987370000 328
1511987370000 328
1511987370000 328
1511987370000 328
1511987370000 328
1511987370000 328
1511987370000 328
1511987370000 328
1511987370000 328
1511987370000 328
1511987370000 328
1511987370000 328
1511987370000 328
1511987370000 328
1511987370000 328
1511987370000 329
1511987370000 329
1511987370000 329
1511987370000 329
1511987370000 329
1511987370000 329
1511987370000 329
1511987370000 329
1511987370000 329
1511987370000 329
1511987370000 329
1511987370000 329
1511987370000 329
1511987370000 329
1511987370000 329
1511987370000 329
1511987370000 329
1511987370000 329
1511987370000 329
1511987370000 329
1511987370000 329
1511987370000 329
1511987370000 329
1511987370000 330
1511987370000 330
1511987370000 330
1511987370000 330
1511987370000 330
1511987370000 330
1511987370000 330
1511987370000 330
1511987370000 330
1511987370000 330
1511987370000 330
1511987370000 331
1511987370000 334
1511987370000 335
1511987370000 335
1511987370000 335
1511987370000 335
1511987370000 335
1511987380000 334
1511987380000 334
1511987380000 334
1511987380000 334
1511987380000 334
1511987380000 334
1511987380000 334
1511987380000 334
1511987380000 334
1511987380000 335
1511987380000 335
1511987380000 335
1511987380000 335
1511987380000 335
1511987380000 335
1511987380000 335
1511987380000 335
1511987380000 335
1511987380000 335
1511987380000 335
1511987380000 335
1511987380000 335
1511987380000 335
1511987380000 335
1511987380000 335
1511987380000 335
1511987380000 335
1511987380000 335
1511987380000 335
1511987380000 335
1511987380000 335
1511987380000 335
1511987380000 335
1511987380000 336
1511987380000 336
1511987380000 336
1511987380000 336
1511987380000 336
1511987380000 336
1511987380000 336
1511987380000 336
1511987380000 336
1511987380000 336
1511987380000 336
1511987380000 336
1511987380000 336
1511987380000 336
1511987380000 336
1511987380000 336
1511987380000 336
1511987380000 336
1511987380000 336
1511987380000 336
1511987380000 336
1511987380000 337
1511987380000 337
1511987380000 337
1511987380000 337
1511987380000 337
1511987380000 337
1511987380000 337
1511987380000 337
1511987380000 337
1511987380000 337
1511987380000 337
1511987380000 337
1511987380000 337
1511987380000 337
1511987380000 337
1511987380000 337
1511987380000 337
1511987380000 337
1511987380000 337
1511987380000 337
1511987380000 337
1511987380000 337
1511987380000 338
1511987380000 338
1511987380000 338
1511987380000 338
1511987380000 338
1511987380000 338
1511987380000 338
1511987380000 338
1511987380000 338
1511987380000 338
1511987380000 338
1511987380000 338
1511987380000 338
1511987380000 338
1511987380000 338
1511987380000 338
1511987380000 338
1511987380000 338
1511987380000 339
1511987380000 339
1511987380000 339
1511987380000 339
1511987380000 339
1511987380000 340
1511987390000 327
1511987390000 327
1511987390000 327
1511987390000 327
1511987390000 327
1511987390000 327
1511987390000 327
1511987390000 327
1511987390000 327
1511987390000 327
1511987390000 327
1511987390000 327
1511987390000 327
1511987390000 327
1511987390000 327
1511987390000 327
1511987390000 327
1511987390000 327
1511987390000 328
1511987390000 328
1511987390000 328
1511987390000 328
1511987390000 328
1511987390000 328
1511987390000 328
1511987390000 328
1511987390000 328
1511987390000 328
1511987390000 328
1511987390000 328
1511987390000 328
1511987390000 328
1511987390000 328
1511987390000 328
1511987390000 328
1511987390000 328
1511987390000 328
1511987390000 328
1511987390000 328
1511987390000 328
1511987390000 329
1511987390000 329
1511987390000 329
1511987390000 329
1511987390000 329
1511987390000 329
1511987390000 329
1511987390000 329
1511987390000 329
1511987390000 329
1511987390000 329
1511987390000 329
1511987390000 329
1511987390000 329
1511987390000 329
1511987390000 329
1511987390000 329
1511987390000 330
1511987390000 330
1511987390000 330
1511987390000 330
1511987390000 330
1511987390000 330
1511987390000 330
1511987390000 330
1511987390000 330
1511987390000 330
1511987390000 330
1511987390000 330
1511987390000 330
1511987390000 330
1511987390000 330
1511987390000 330
1511987390000 330
1511987390000 330
1511987390000 330
1511987390000 330
1511987390000 331
1511987390000 331
1511987390000 331
1511987390000 331
1511987390000 331
1511987390000 331
1511987390000 331
1511987390000 331
1511987390000 331
1511987390000 331
1511987390000 331
1511987390000 331
1511987390000 331
1511987390000 332
1511987390000 332
1511987390000 352
1511987390000 354
1511987390000 354
1511987390000 356
1511987390000 356
1511987390000 357
1511987390000 358
1511987390000 358
1511987400000 320
1511987400000 321
1511987400000 321
1511987400000 321
1511987400000 321
1511987400000 321
1511987400000 321
1511987400000 321
1511987400000 321
1511987400000 321
1511987400000 321
1511987400000 321
1511987400000 321
1511987400000 321
1511987400000 321
1511987400000 321
1511987400000 321
1511987400000 321
1511987400000 321
1511987400000 321
1511987400000 321
1511987400000 321
1511987400000 321
1511987400000 321
1511987400000 321
1511987400000 321
1511987400000 321
1511987400000 321
1511987400000 321
1511987400000 322
1511987400000 322
1511987400000 322
1511987400000 322
1511987400000 322
1511987400000 322
1511987400000 322
1511987400000 322
1511987400000 322
1511987400000 322
1511987400000 322
1511987400000 322
1511987400000 322
1511987400000 322
1511987400000 322
1511987400000 322
1511987400000 322
1511987400000 322
1511987400000 322
1511987400000 322
1511987400000 322
1511987400000 322
1511987400000 322
1511987400000 322
1511987400000 322
1511987400000 322
1511987400000 323
1511987400000 323
1511987400000 323
1511987400000 323
1511987400000 323
1511987400000 323
1511987400000 323
1511987400000 323
1511987400000 323
1511987400000 323
1511987400000 323
1511987400000 323
1511987400000 323
1511987400000 323
1511987400000 323
1511987400000 323
1511987400000 323
1511987400000 323
1511987400000 323
1511987400000 323
1511987400000 323
1511987400000 323
1511987400000 323
1511987400000 323
1511987400000 323
1511987400000 323
1511987400000 323
1511987400000 324
1511987400000 324
1511987400000 324
1511987400000 324
1511987400000 324
1511987400000 324
1511987400000 324
1511987400000 324
1511987400000 324
1511987400000 325
1511987400000 326
1511987400000 335
1511987400000 335
1511987400000 336
1511987400000 336
1511987400000 340
1511987400000 340
1511987400000 340
1511987410000 329
1511987410000 329
1511987410000 329
1511987410000 329
1511987410000 330
1511987410000 330
1511987410000 330
1511987410000 330
1511987410000 330
1511987410000 330
1511987410000 330
1511987410000 330
1511987410000 330
1511987410000 330
1511987410000 330
1511987410000 330
1511987410000 330
1511987410000 330
1511987410000 330
1511987410000 330
1511987410000 331
1511987410000 331
1511987410000 331
1511987410000 331
1511987410000 331
1511987410000 331
1511987410000 331
1511987410000 331
1511987410000 331
1511987410000 331
1511987410000 331
1511987410000 331
1511987410000 331
1511987410000 331
1511987410000 331
1511987410000 331
1511987410000 331
1511987410000 331
1511987410000 331
1511987410000 331
1511987410000 331
1511987410000 331
1511987410000 331
1511987410000 331
1511987410000 331
1511987410000 331
1511987410000 331
1511987410000 331
1511987410000 331
1511987410000 331
1511987410000 331
1511987410000 332
1511987410000 332
1511987410000 332
1511987410000 332
1511987410000 332
1511987410000 332
1511987410000 332
1511987410000 332
1511987410000 332
1511987410000 332
1511987410000 332
1511987410000 332
1511987410000 332
1511987410000 332
1511987410000 332
1511987410000 332
1511987410000 332
1511987410000 332
1511987410000 332
1511987410000 332
1511987410000 332
1511987410000 332
1511987410000 332
1511987410000 332
1511987410000 332
1511987410000 332
1511987410000 333
1511987410000 333
1511987410000 333
1511987410000 333
1511987410000 333
1511987410000 333
1511987410000 333
1511987410000 333
1511987410000 333
1511987410000 334
1511987410000 334
1511987410000 337
1511987410000 337
1511987410000 338
1511987410000 339
1511987410000 339
1511987410000 343
1511987410000 344
1511987410000 359
1511987410000 359
1511987410000 359
1511987410000 360
1511987410000 360
1511987420000 324
1511987420000 324
1511987420000 324
1511987420000 324
1511987420000 324
1511987420000 324
1511987420000 324
1511987420000 324
1511987420000 324
1511987420000 324
1511987420000 325
1511987420000 325
1511987420000 325
1511987420000 325
1511987420000 325
1511987420000 325
1511987420000 325
1511987420000 325
1511987420000 325
1511987420000 325
1511987420000 325
1511987420000 325
1511987420000 325
1511987420000 325
1511987420000 325
1511987420000 325
1511987420000 325
1511987420000 325
1511987420000 325
1511987420000 325
1511987420000 325
1511987420000 325
1511987420000 325
1511987420000 325
1511987420000 325
1511987420000 325
1511987420000 325
1511987420000 325
1511987420000 325
1511987420000 325
1511987420000 325
1511987420000 325
1511987420000 326
1511987420000 326
1511987420000 326
1511987420000 326
1511987420000 326
1511987420000 326
1511987420000 326
1511987420000 326
1511987420000 326
1511987420000 326
1511987420000 326
1511987420000 326
1511987420000 326
1511987420000 326
1511987420000 326
1511987420000 326
1511987420000 326
1511987420000 326
1511987420000 326
1511987420000 326
1511987420000 326
1511987420000 326
1511987420000 326
1511987420000 326
1511987420000 326
1511987420000 327
1511987420000 327
1511987420000 327
1511987420000 327
1511987420000 327
1511987420000 327
1511987420000 327
1511987420000 327
1511987420000 327
1511987420000 327
1511987420000 327
1511987420000 327
1511987420000 327
1511987420000 327
1511987420000 327
1511987420000 327
1511987420000 327
1511987420000 327
1511987420000 327
1511987420000 327
1511987420000 327
1511987420000 327
1511987420000 327
1511987420000 327
1511987420000 327
1511987420000 327
1511987420000 328
1511987420000 328
1511987420000 328
1511987420000 328
1511987420000 328
1511987420000 329
1511987420000 329
1511987430000 334
1511987430000 334
1511987430000 334
1511987430000 334
1511987430000 335
1511987430000 335
1511987430000 335
1511987430000 335
1511987430000 335
1511987430000 335
1511987430000 335
1511987430000 335
1511987430000 335
1511987430000 335
1511987430000 335
1511987430000 335
1511987430000 335
1511987430000 335
1511987430000 335
1511987430000 335
1511987430000 335
1511987430000 335
1511987430000 335
1511987430000 335
1511987430000 335
1511987430000 335
1511987430000 335
1511987430000 335
1511987430000 335
1511987430000 335
1511987430000 335
1511987430000 335
1511987430000 335
1511987430000 335
1511987430000 335
1511987430000 336
1511987430000 336
1511987430000 336
1511987430000 336
1511987430000 336
1511987430000 336
1511987430000 336
1511987430000 336
1511987430000 336
1511987430000 336
1511987430000 336
1511987430000 336
1511987430000 336
1511987430000 336
1511987430000 336
1511987430000 336
1511987430000 336
1511987430000 336
1511987430000 336
1511987430000 336
1511987430000 336
1511987430000 336
1511987430000 336
1511987430000 336
1511987430000 337
1511987430000 337
1511987430000 337
1511987430000 337
1511987430000 337
1511987430000 337
1511987430000 337
1511987430000 337
1511987430000 337
1511987430000 337
1511987430000 337
1511987430000 337
1511987430000 337
1511987430000 337
1511987430000 337
1511987430000 337
1511987430000 337
1511987430000 337
1511987430000 337
1511987430000 337
1511987430000 337
1511987430000 337
1511987430000 337
1511987430000 337
1511987430000 337
1511987430000 337
1511987430000 337
1511987430000 337
1511987430000 337
1511987430000 337
1511987430000 337
1511987430000 337
1511987430000 338
1511987430000 338
1511987430000 338
1511987430000 338
1511987430000 338
1511987430000 338
1511987430000 338
1511987430000 338
1511987430000 339
1511987440000 342
1511987440000 342
1511987440000 343
1511987440000 343
1511987440000 343
1511987440000 343
1511987440000 343
1511987440000 343
1511987440000 343
1511987440000 343
1511987440000 343
1511987440000 343
1511987440000 343
1511987440000 343
1511987440000 343
1511987440000 343
1511987440000 343
1511987440000 343
1511987440000 343
1511987440000 343
1511987440000 343
1511987440000 343
1511987440000 343
1511987440000 343
1511987440000 343
1511987440000 343
1511987440000 343
1511987440000 343
1511987440000 343
1511987440000 343
1511987440000 343
1511987440000 343
1511987440000 343
1511987440000 343
1511987440000 343
1511987440000 343
1511987440000 343
1511987440000 343
1511987440000 343
1511987440000 343
1511987440000 343
1511987440000 343
1511987440000 344
1511987440000 344
1511987440000 344
1511987440000 344
1511987440000 344
1511987440000 344
1511987440000 344
1511987440000 344
1511987440000 344
1511987440000 344
1511987440000 344
1511987440000 344
1511987440000 344
1511987440000 344
1511987440000 344
1511987440000 345
1511987440000 345
1511987440000 345
1511987440000 345
1511987440000 345
1511987440000 345
1511987440000 345
1511987440000 345
1511987440000 345
1511987440000 345
1511987440000 345
1511987440000 345
1511987440000 345
1511987440000 345
1511987440000 345
1511987440000 345
1511987440000 345
1511987440000 345
1511987440000 345
1511987440000 345
1511987440000 345
1511987440000 345
1511987440000 345
1511987440000 346
1511987440000 346
1511987440000 346
1511987440000 346
1511987440000 346
1511987440000 346
1511987440000 346
1511987440000 346
1511987440000 346
1511987440000 346
1511987440000 346
1511987440000 346
1511987440000 346
1511987440000 347
1511987440000 347
1511987440000 347
1511987440000 364
1511987440000 364
1511987440000 364
1511987440000 364
1511987450000 -4470
1511987450000 -4484
1511987450000 -4485
1511987450000 -4486
1511987450000 -4486
1511987450000 -4487
1511987450000 -4499
1511987450000 -4501
1511987450000 -4501
1511987450000 -4512
1511987450000 -4514
1511987450000 -4514
1511987450000 -4531
1511987450000 -4531
1511987450000 -4541
1511987450000 -4543
1511987450000 -4545
1511987450000 -4547
1511987450000 -4549
1511987450000 -4549
1511987450000 -4549
1511987450000 -4550
1511987450000 -4550
1511987450000 -4553
1511987450000 -4553
1511987450000 -4837
1511987450000 -4837
1511987450000 -4838
1511987450000 -4846
1511987450000 -4848
1511987450000 -4850
1511987450000 -4850
1511987450000 -4859
1511987450000 -4859
1511987450000 -4860
1511987450000 -4860
1511987450000 -4860
1511987450000 -4860
1511987450000 -4860
1511987450000 -4860
1511987450000 -4861
1511987450000 -4862
1511987450000 -4862
1511987450000 -4862
1511987450000 -4862
1511987450000 -4862
1511987450000 -4862
1511987450000 -4862
1511987450000 -4862
1511987450000 -4862
1511987450000 -4862
1511987450000 -4863
1511987450000 -4863
1511987450000 -4863
1511987450000 -4863
1511987450000 -4863
1511987450000 -4864
1511987450000 -4864
1511987450000 -4864
1511987450000 -4865
1511987450000 -4866
1511987450000 -4866
1511987450000 -4873
1511987450000 -4873
1511987450000 -4881
1511987450000 -5478
1511987450000 -5479
1511987450000 -5479
1511987450000 -5480
1511987450000 -5485
1511987450000 -5499
1511987450000 -5500
1511987450000 -5510
1511987450000 -5511
1511987450000 -5512
1511987450000 -5513
1511987450000 -5546
1511987450000 -5547
1511987450000 -5547
1511987450000 -5549
1511987450000 -5850
1511987450000 -5863
1511987450000 -5871
1511987450000 -5887
1511987450000 -5898
1511987450000 -5899
1511987450000 -5899
1511987450000 -5899
1511987450000 -5899
1511987450000 -5900
1511987450000 -5909
1511987450000 -5910
1511987450000 -5912
1511987450000 -5912
1511987450000 -5912
1511987450000 -5913
1511987450000 -5913
1511987450000 -5916
1511987450000 -5916
1511987450000 -6553
