1512144040000 10659
1512144040000 10659
1512144040000 10659
1512144040000 10660
1512144040000 10660
1512144040000 10660
1512144040000 10661
1512144040000 10661
1512144040000 10661
1512144040000 10662
1512144040000 10662
1512144040000 10662
1512144040000 10663
1512144040000 10663
1512144040000 10663
1512144040000 10664
1512144040000 10664
1512144040000 10664
1512144040000 10665
1512144040000 10665
1512144040000 10665
1512144040000 10666
1512144040000 10670
1512144040000 10670
1512144040000 10670
1512144040000 10671
1512144040000 10671
1512144040000 10671
1512144040000 10671
1512144040000 10671
1512144040000 10671
1512144040000 10672
1512144040000 10672
1512144040000 10672
1512144040000 10672
1512144040000 10672
1512144040000 10672
1512144040000 10673
1512144040000 10673
1512144040000 10673
1512144040000 10673
1512144040000 10674
1512144040000 10674
1512144040000 10674
1512144040000 10675
1512144040000 10759
1512144040000 10759
1512144040000 10760
1512144040000 10760
1512144040000 10761
1512144040000 10761
1512144040000 10762
1512144040000 10762
1512144040000 10763
1512144040000 10763
1512144040000 10763
1512144040000 10764
1512144040000 10764
1512144040000 10765
1512144040000 10765
1512144040000 10766
1512144040000 10766
1512144040000 10767
1512144040000 10767
1512144040000 10768
1512144040000 10768
1512144040000 10769
1512144040000 10769
1512144040000 10770
1512144040000 10770
1512144040000 10771
1512144040000 10771
1512144040000 10772
1512144040000 10772
1512144040000 10772
1512144040000 10773
1512144040000 10773
1512144040000 10774
1512144040000 10774
1512144040000 11973
1512144040000 11974
1512144040000 11974
1512144040000 11975
1512144040000 11975
1512144040000 11976
1512144040000 11976
1512144040000 11977
1512144040000 11977
1512144040000 11978
1512144040000 11978
1512144040000 11979
1512144040000 11979
1512144040000 11980
1512144040000 11980
1512144040000 11981
1512144040000 11981
1512144040000 11982
1512144040000 11982
1512144040000 11983
1512144040000 11983
1512144050000 10174
1512144050000 10175
1512144050000 10175
1512144050000 10176
1512144050000 10176
1512144050000 10177
1512144050000 10177
1512144050000 10178
1512144050000 10178
1512144050000 10178
1512144050000 10179
1512144050000 10179
1512144050000 10180
1512144050000 10180
1512144050000 10181
1512144050000 10181
1512144050000 10181
1512144050000 10182
1512144050000 10182
1512144050000 10183
1512144050000 10183
1512144050000 10184
1512144050000 10184
1512144050000 10185
1512144050000 10185
1512144050000 10248
1512144050000 10248
1512144050000 10249
1512144050000 10249
1512144050000 10249
1512144050000 10250
1512144050000 10250
1512144050000 10250
1512144050000 10250
1512144050000 10251
1512144050000 10251
1512144050000 10251
1512144050000 10251
1512144050000 10252
1512144050000 10252
1512144050000 10252
1512144050000 10252
1512144050000 10252
1512144050000 10252
1512144050000 10253
1512144050000 10253
1512144050000 10253
1512144050000 10253
1512144050000 10253
1512144050000 10253
1512144050000 10254
1512144050000 10254
1512144050000 10254
1512144050000 10254
1512144050000 10254
1512144050000 10255
1512144050000 10255
1512144050000 10255
1512144050000 10255
1512144050000 10255
1512144050000 10255
1512144050000 10255
1512144050000 10256
1512144050000 10256
1512144050000 10256
1512144050000 10256
1512144050000 10256
1512144050000 10256
1512144050000 10256
1512144050000 10257
1512144050000 10257
1512144050000 10257
1512144050000 10258
1512144050000 10260
1512144050000 10261
1512144050000 10261
1512144050000 10261
1512144050000 10262
1512144050000 10262
1512144050000 10262
1512144050000 10262
1512144050000 10263
1512144050000 10263
1512144050000 10264
1512144050000 10264
1512144050000 10264
1512144050000 10265
1512144050000 10265
1512144050000 10265
1512144050000 10266
1512144050000 10266
1512144050000 10267
1512144050000 10267
1512144050000 10267
1512144050000 10268
1512144050000 10268
1512144050000 10269
1512144050000 10269
1512144050000 10269
1512144050000 10270
1512144060000 10088
1512144060000 10089
1512144060000 10089
1512144060000 10089
1512144060000 10090
1512144060000 10090
1512144060000 10091
1512144060000 10091
1512144060000 10091
1512144060000 10092
1512144060000 10092
1512144060000 10092
1512144060000 10093
1512144060000 10093
1512144060000 10093
1512144060000 10094
1512144060000 10094
1512144060000 10094
1512144060000 10102
1512144060000 10102
1512144060000 10102
1512144060000 10103
1512144060000 10103
1512144060000 10103
1512144060000 10104
1512144060000 10104
1512144060000 10104
1512144060000 10105
1512144060000 10105
1512144060000 10105
1512144060000 10105
1512144060000 10105
1512144060000 10106
1512144060000 10106
1512144060000 10106
1512144060000 10106
1512144060000 10106
1512144060000 10106
1512144060000 10106
1512144060000 10106
1512144060000 10107
1512144060000 10107
1512144060000 10107
1512144060000 10107
1512144060000 10107
1512144060000 10107
1512144060000 10108
1512144060000 10108
1512144060000 10108
1512144060000 10109
1512144060000 10109
1512144060000 10109
1512144060000 10109
1512144060000 10110
1512144060000 10110
1512144060000 10110
1512144060000 10110
1512144060000 10111
1512144060000 10111
1512144060000 10111
1512144060000 10147
1512144060000 10147
1512144060000 10148
1512144060000 10148
1512144060000 10149
1512144060000 10149
1512144060000 10149
1512144060000 10150
1512144060000 10150
1512144060000 10151
1512144060000 10151
1512144060000 10152
1512144060000 10152
1512144060000 10152
1512144060000 10153
1512144060000 10153
1512144060000 10154
1512144060000 10154
1512144060000 10155
1512144060000 10155
1512144060000 10247
1512144060000 10248
1512144060000 10248
1512144060000 10248
1512144060000 10249
1512144060000 10249
1512144060000 10249
1512144060000 10249
1512144060000 10250
1512144060000 10250
1512144060000 10250
1512144060000 10250
1512144060000 10251
1512144060000 10251
1512144060000 10251
1512144060000 10252
1512144060000 10252
1512144060000 10252
1512144060000 10252
1512144060000 10253
1512144070000 10152
1512144070000 10152
1512144070000 10153
1512144070000 10153
1512144070000 10154
1512144070000 10154
1512144070000 10155
1512144070000 10155
1512144070000 10156
1512144070000 10156
1512144070000 10157
1512144070000 10157
1512144070000 10158
1512144070000 10158
1512144070000 10159
1512144070000 10159
1512144070000 10160
1512144070000 10160
1512144070000 10161
1512144070000 10161
1512144070000 10244
1512144070000 10244
1512144070000 10244
1512144070000 10244
1512144070000 10245
1512144070000 10245
1512144070000 10245
1512144070000 10245
1512144070000 10245
1512144070000 10245
1512144070000 10246
1512144070000 10246
1512144070000 10246
1512144070000 10246
1512144070000 10246
1512144070000 10247
1512144070000 10247
1512144070000 10247
1512144070000 10247
1512144070000 10247
1512144070000 10248
1512144070000 10248
1512144070000 10248
1512144070000 10248
1512144070000 10249
1512144070000 10249
1512144070000 10249
1512144070000 10249
1512144070000 10250
1512144070000 10250
1512144070000 10252
1512144070000 10253
1512144070000 10253
1512144070000 10253
1512144070000 10254
1512144070000 10254
1512144070000 10254
1512144070000 10254
1512144070000 10255
1512144070000 10255
1512144070000 10255
1512144070000 10255
1512144070000 10256
1512144070000 10256
1512144070000 10256
1512144070000 10256
1512144070000 10257
1512144070000 10257
1512144070000 10257
1512144070000 10257
1512144070000 10258
1512144070000 10258
1512144070000 10258
1512144070000 10258
1512144070000 10259
1512144070000 10259
1512144070000 10259
1512144070000 10260
1512144070000 10260
1512144070000 10260
1512144070000 10260
1512144070000 10261
1512144070000 10261
1512144070000 10261
1512144070000 10261
1512144070000 10262
1512144070000 10262
1512144070000 10263
1512144070000 10263
1512144070000 10263
1512144070000 10264
1512144070000 10264
1512144070000 10264
1512144070000 10265
1512144070000 10265
1512144070000 10265
1512144070000 10266
1512144070000 10266
1512144070000 10267
1512144070000 10267
1512144080000 10083
1512144080000 10083
1512144080000 10083
1512144080000 10084
1512144080000 10084
1512144080000 10085
1512144080000 10085
1512144080000 10085
1512144080000 10086
1512144080000 10086
1512144080000 10086
1512144080000 10087
1512144080000 10087
1512144080000 10087
1512144080000 10088
1512144080000 10088
1512144080000 10088
1512144080000 10089
1512144080000 10091
1512144080000 10091
1512144080000 10091
1512144080000 10092
1512144080000 10092
1512144080000 10092
1512144080000 10093
1512144080000 10093
1512144080000 10093
1512144080000 10094
1512144080000 10094
1512144080000 10094
1512144080000 10095
1512144080000 10095
1512144080000 10095
1512144080000 10095
1512144080000 10095
1512144080000 10095
1512144080000 10096
1512144080000 10096
1512144080000 10096
1512144080000 10096
1512144080000 10096
1512144080000 10097
1512144080000 10097
1512144080000 10097
1512144080000 10097
1512144080000 10097
1512144080000 10098
1512144080000 10098
1512144080000 10099
1512144080000 10099
1512144080000 10100
1512144080000 10100
1512144080000 10100
1512144080000 10101
1512144080000 10101
1512144080000 10102
1512144080000 10102
1512144080000 10103
1512144080000 10103
1512144080000 10103
1512144080000 10104
1512144080000 10104
1512144080000 10105
1512144080000 10105
1512144080000 10106
1512144080000 10142
1512144080000 10142
1512144080000 10143
1512144080000 10143
1512144080000 10143
1512144080000 10144
1512144080000 10144
1512144080000 10145
1512144080000 10145
1512144080000 10146
1512144080000 10146
1512144080000 10147
1512144080000 10147
1512144080000 10147
1512144080000 10148
1512144080000 10148
1512144080000 10149
1512144080000 10149
1512144080000 10149
1512144080000 10150
1512144080000 10240
1512144080000 10241
1512144080000 10241
1512144080000 10241
1512144080000 10242
1512144080000 10242
1512144080000 10242
1512144080000 10243
1512144080000 10243
1512144080000 10244
1512144080000 10244
1512144080000 10244
1512144080000 10245
1512144080000 10245
1512144080000 10246
1512144090000 10090
1512144090000 10091
1512144090000 10091
1512144090000 10092
1512144090000 10092
1512144090000 10093
1512144090000 10093
1512144090000 10093
1512144090000 10094
1512144090000 10094
1512144090000 10095
1512144090000 10095
1512144090000 10096
1512144090000 10096
1512144090000 10096
1512144090000 10097
1512144090000 10097
1512144090000 10098
1512144090000 10098
1512144090000 10098
1512144090000 10099
1512144090000 10099
1512144090000 10100
1512144090000 10100
1512144090000 10101
1512144090000 10101
1512144090000 10101
1512144090000 10146
1512144090000 10147
1512144090000 10147
1512144090000 10148
1512144090000 10148
1512144090000 10149
1512144090000 10149
1512144090000 10149
1512144090000 10150
1512144090000 10150
1512144090000 10151
1512144090000 10151
1512144090000 10152
1512144090000 10152
1512144090000 10152
1512144090000 10153
1512144090000 10153
1512144090000 10154
1512144090000 10154
1512144090000 10155
1512144090000 10155
1512144090000 10244
1512144090000 10244
1512144090000 10244
1512144090000 10245
1512144090000 10245
1512144090000 10245
1512144090000 10245
1512144090000 10246
1512144090000 10246
1512144090000 10246
1512144090000 10247
1512144090000 10247
1512144090000 10247
1512144090000 10247
1512144090000 10247
1512144090000 10248
1512144090000 10248
1512144090000 10248
1512144090000 10248
1512144090000 10248
1512144090000 10248
1512144090000 10249
1512144090000 10249
1512144090000 10249
1512144090000 10249
1512144090000 10250
1512144090000 10250
1512144090000 10250
1512144090000 10250
1512144090000 10251
1512144090000 10251
1512144090000 10255
1512144090000 10255
1512144090000 10256
1512144090000 10256
1512144090000 10256
1512144090000 10256
1512144090000 10257
1512144090000 10257
1512144090000 10257
1512144090000 10257
1512144090000 10258
1512144090000 10258
1512144090000 10258
1512144090000 10258
1512144090000 10259
1512144090000 10259
1512144090000 10259
1512144090000 10259
1512144090000 10260
1512144090000 10260
1512144090000 10260
1512144100000 10075
1512144100000 10075
1512144100000 10076
1512144100000 10076
1512144100000 10076
1512144100000 10076
1512144100000 10077
1512144100000 10077
1512144100000 10077
1512144100000 10077
1512144100000 10078
1512144100000 10078
1512144100000 10078
1512144100000 10078
1512144100000 10079
1512144100000 10079
1512144100000 10079
1512144100000 10079
1512144100000 10079
1512144100000 10079
1512144100000 10079
1512144100000 10080
1512144100000 10080
1512144100000 10080
1512144100000 10080
1512144100000 10081
1512144100000 10081
1512144100000 10081
1512144100000 10081
1512144100000 10082
1512144100000 10082
1512144100000 10082
1512144100000 10082
1512144100000 10083
1512144100000 10083
1512144100000 10083
1512144100000 10083
1512144100000 10083
1512144100000 10084
1512144100000 10084
1512144100000 10084
1512144100000 10085
1512144100000 10085
1512144100000 10085
1512144100000 10086
1512144100000 10086
1512144100000 10086
1512144100000 10086
1512144100000 10087
1512144100000 10087
1512144100000 10087
1512144100000 10088
1512144100000 10088
1512144100000 10088
1512144100000 10089
1512144100000 10089
1512144100000 10094
1512144100000 10095
1512144100000 10095
1512144100000 10095
1512144100000 10096
1512144100000 10096
1512144100000 10097
1512144100000 10097
1512144100000 10097
1512144100000 10097
1512144100000 10098
1512144100000 10098
1512144100000 10098
1512144100000 10099
1512144100000 10099
1512144100000 10100
1512144100000 10100
1512144100000 10100
1512144100000 10101
1512144100000 10101
1512144100000 10102
1512144100000 10102
1512144100000 10102
1512144100000 10103
1512144100000 10147
1512144100000 10147
1512144100000 10147
1512144100000 10148
1512144100000 10148
1512144100000 10149
1512144100000 10149
1512144100000 10150
1512144100000 10150
1512144100000 10150
1512144100000 10151
1512144100000 10151
1512144100000 10152
1512144100000 10152
1512144100000 10153
1512144100000 10153
1512144100000 10153
1512144100000 10154
1512144100000 10154
1512144100000 10155
1512144110000 10072
1512144110000 10072
1512144110000 10072
1512144110000 10073
1512144110000 10073
1512144110000 10073
1512144110000 10074
1512144110000 10074
1512144110000 10074
1512144110000 10075
1512144110000 10075
1512144110000 10075
1512144110000 10075
1512144110000 10075
1512144110000 10075
1512144110000 10075
1512144110000 10076
1512144110000 10076
1512144110000 10076
1512144110000 10076
1512144110000 10076
1512144110000 10076
1512144110000 10076
1512144110000 10077
1512144110000 10077
1512144110000 10077
1512144110000 10077
1512144110000 10077
1512144110000 10077
1512144110000 10078
1512144110000 10078
1512144110000 10078
1512144110000 10078
1512144110000 10087
1512144110000 10088
1512144110000 10088
1512144110000 10088
1512144110000 10088
1512144110000 10088
1512144110000 10088
1512144110000 10088
1512144110000 10089
1512144110000 10089
1512144110000 10089
1512144110000 10089
1512144110000 10089
1512144110000 10089
1512144110000 10089
1512144110000 10090
1512144110000 10090
1512144110000 10090
1512144110000 10090
1512144110000 10090
1512144110000 10090
1512144110000 10091
1512144110000 10091
1512144110000 10091
1512144110000 10091
1512144110000 10091
1512144110000 10092
1512144110000 10092
1512144110000 10092
1512144110000 10092
1512144110000 10092
1512144110000 10092
1512144110000 10093
1512144110000 10093
1512144110000 10093
1512144110000 10093
1512144110000 10093
1512144110000 10093
1512144110000 10094
1512144110000 10094
1512144110000 10095
1512144110000 10095
1512144110000 10095
1512144110000 10096
1512144110000 10096
1512144110000 10096
1512144110000 10285
1512144110000 10286
1512144110000 10286
1512144110000 10287
1512144110000 10287
1512144110000 10287
1512144110000 10288
1512144110000 10288
1512144110000 10289
1512144110000 10289
1512144110000 10290
1512144110000 10290
1512144110000 10291
1512144110000 10291
1512144110000 10291
1512144110000 10292
1512144110000 10292
1512144110000 10293
1512144110000 10293
1512144110000 10294
1512144110000 10294
1512144120000 10081
1512144120000 10082
1512144120000 10082
1512144120000 10082
1512144120000 10083
1512144120000 10083
1512144120000 10083
1512144120000 10083
1512144120000 10084
1512144120000 10084
1512144120000 10084
1512144120000 10084
1512144120000 10085
1512144120000 10085
1512144120000 10085
1512144120000 10085
1512144120000 10086
1512144120000 10086
1512144120000 10086
1512144120000 10094
1512144120000 10094
1512144120000 10095
1512144120000 10095
1512144120000 10095
1512144120000 10096
1512144120000 10096
1512144120000 10096
1512144120000 10097
1512144120000 10097
1512144120000 10097
1512144120000 10098
1512144120000 10098
1512144120000 10098
1512144120000 10098
1512144120000 10099
1512144120000 10099
1512144120000 10099
1512144120000 10100
1512144120000 10100
1512144120000 10100
1512144120000 10101
1512144120000 10104
1512144120000 10104
1512144120000 10104
1512144120000 10104
1512144120000 10104
1512144120000 10105
1512144120000 10105
1512144120000 10105
1512144120000 10105
1512144120000 10105
1512144120000 10105
1512144120000 10106
1512144120000 10106
1512144120000 10106
1512144120000 10106
1512144120000 10106
1512144120000 10106
1512144120000 10107
1512144120000 10107
1512144120000 10107
1512144120000 10107
1512144120000 10107
1512144120000 10107
1512144120000 10107
1512144120000 10107
1512144120000 10108
1512144120000 10108
1512144120000 10108
1512144120000 10108
1512144120000 10108
1512144120000 10108
1512144120000 10108
1512144120000 10109
1512144120000 10109
1512144120000 10109
1512144120000 10109
1512144120000 10145
1512144120000 10145
1512144120000 10146
1512144120000 10146
1512144120000 10146
1512144120000 10147
1512144120000 10147
1512144120000 10148
1512144120000 10148
1512144120000 10148
1512144120000 10149
1512144120000 10149
1512144120000 10149
1512144120000 10150
1512144120000 10150
1512144120000 10151
1512144120000 10151
1512144120000 10151
1512144120000 10152
1512144120000 10152
1512144120000 10152
1512144120000 10153
1512144120000 10153
1512144130000 10095
1512144130000 10096
1512144130000 10096
1512144130000 10096
1512144130000 10097
1512144130000 10097
1512144130000 10097
1512144130000 10098
1512144130000 10098
1512144130000 10098
1512144130000 10098
1512144130000 10099
1512144130000 10099
1512144130000 10099
1512144130000 10100
1512144130000 10100
1512144130000 10100
1512144130000 10101
1512144130000 10101
1512144130000 10101
1512144130000 10101
1512144130000 10102
1512144130000 10102
1512144130000 10102
1512144130000 10102
1512144130000 10103
1512144130000 10103
1512144130000 10103
1512144130000 10103
1512144130000 10152
1512144130000 10152
1512144130000 10153
1512144130000 10153
1512144130000 10154
1512144130000 10154
1512144130000 10154
1512144130000 10155
1512144130000 10155
1512144130000 10156
1512144130000 10156
1512144130000 10157
1512144130000 10157
1512144130000 10158
1512144130000 10158
1512144130000 10158
1512144130000 10159
1512144130000 10159
1512144130000 10160
1512144130000 10160
1512144130000 10241
1512144130000 10242
1512144130000 10242
1512144130000 10242
1512144130000 10243
1512144130000 10243
1512144130000 10243
1512144130000 10243
1512144130000 10244
1512144130000 10244
1512144130000 10244
1512144130000 10244
1512144130000 10245
1512144130000 10245
1512144130000 10245
1512144130000 10245
1512144130000 10246
1512144130000 10246
1512144130000 10246
1512144130000 10247
1512144130000 10247
1512144130000 10247
1512144130000 10247
1512144130000 10248
1512144130000 10248
1512144130000 10248
1512144130000 10248
1512144130000 10248
1512144130000 10248
1512144130000 10248
1512144130000 10248
1512144130000 10249
1512144130000 10249
1512144130000 10249
1512144130000 10249
1512144130000 10249
1512144130000 10249
1512144130000 10249
1512144130000 10250
1512144130000 10250
1512144130000 10250
1512144130000 10250
1512144130000 10251
1512144130000 10251
1512144130000 10251
1512144130000 10251
1512144130000 10252
1512144130000 10252
1512144130000 10252
1512144130000 10252
1512144130000 10253
1512144140000 10080
1512144140000 10081
1512144140000 10081
1512144140000 10081
1512144140000 10081
1512144140000 10082
1512144140000 10082
1512144140000 10082
1512144140000 10082
1512144140000 10082
1512144140000 10082
1512144140000 10083
1512144140000 10083
1512144140000 10083
1512144140000 10083
1512144140000 10083
1512144140000 10083
1512144140000 10083
1512144140000 10083
1512144140000 10084
1512144140000 10084
1512144140000 10084
1512144140000 10084
1512144140000 10084
1512144140000 10084
1512144140000 10084
1512144140000 10085
1512144140000 10085
1512144140000 10085
1512144140000 10085
1512144140000 10085
1512144140000 10086
1512144140000 10086
1512144140000 10086
1512144140000 10087
1512144140000 10087
1512144140000 10087
1512144140000 10088
1512144140000 10088
1512144140000 10095
1512144140000 10096
1512144140000 10096
1512144140000 10096
1512144140000 10097
1512144140000 10097
1512144140000 10098
1512144140000 10098
1512144140000 10098
1512144140000 10099
1512144140000 10099
1512144140000 10099
1512144140000 10099
1512144140000 10099
1512144140000 10100
1512144140000 10100
1512144140000 10100
1512144140000 10100
1512144140000 10100
1512144140000 10100
1512144140000 10101
1512144140000 10101
1512144140000 10101
1512144140000 10101
1512144140000 10101
1512144140000 10101
1512144140000 10101
1512144140000 10102
1512144140000 10102
1512144140000 10102
1512144140000 10102
1512144140000 10102
1512144140000 10102
1512144140000 10102
1512144140000 10103
1512144140000 10103
1512144140000 10103
1512144140000 10103
1512144140000 10103
1512144140000 10103
1512144140000 10103
1512144140000 10104
1512144140000 10104
1512144140000 10104
1512144140000 10104
1512144140000 10104
1512144140000 10104
1512144140000 10122
1512144140000 10123
1512144140000 10123
1512144140000 10124
1512144140000 10124
1512144140000 10124
1512144140000 10125
1512144140000 10125
1512144140000 10126
1512144140000 10126
1512144140000 10126
1512144140000 10127
1512144140000 10127
1512144140000 10128
1512144150000 10084
1512144150000 10085
1512144150000 10085
1512144150000 10086
1512144150000 10086
1512144150000 10086
1512144150000 10087
1512144150000 10087
1512144150000 10088
1512144150000 10088
1512144150000 10088
1512144150000 10089
1512144150000 10089
1512144150000 10089
1512144150000 10089
1512144150000 10089
1512144150000 10090
1512144150000 10090
1512144150000 10090
1512144150000 10090
1512144150000 10090
1512144150000 10090
1512144150000 10091
1512144150000 10091
1512144150000 10091
1512144150000 10091
1512144150000 10091
1512144150000 10091
1512144150000 10092
1512144150000 10092
1512144150000 10092
1512144150000 10092
1512144150000 10092
1512144150000 10092
1512144150000 10092
1512144150000 10092
1512144150000 10093
1512144150000 10093
1512144150000 10093
1512144150000 10093
1512144150000 10093
1512144150000 10093
1512144150000 10093
1512144150000 10094
1512144150000 10094
1512144150000 10094
1512144150000 10094
1512144150000 10094
1512144150000 10094
1512144150000 10094
1512144150000 10095
1512144150000 10095
1512144150000 10095
1512144150000 10095
1512144150000 10095
1512144150000 10095
1512144150000 10095
1512144150000 10095
1512144150000 10096
1512144150000 10096
1512144150000 10096
1512144150000 10096
1512144150000 10096
1512144150000 10097
1512144150000 10097
1512144150000 10097
1512144150000 10097
1512144150000 10098
1512144150000 10098
1512144150000 10135
1512144150000 10136
1512144150000 10137
1512144150000 10137
1512144150000 10138
1512144150000 10138
1512144150000 10139
1512144150000 10139
1512144150000 10140
1512144150000 10140
1512144150000 10140
1512144150000 10141
1512144150000 10141
1512144150000 10142
1512144150000 10142
1512144150000 10142
1512144150000 10143
1512144150000 10143
1512144150000 10245
1512144150000 10245
1512144150000 10245
1512144150000 10245
1512144150000 10246
1512144150000 10246
1512144150000 10246
1512144150000 10246
1512144150000 10247
1512144150000 10247
1512144150000 10247
1512144150000 10247
1512144150000 10248
1512144160000 10075
1512144160000 10075
1512144160000 10075
1512144160000 10076
1512144160000 10076
1512144160000 10076
1512144160000 10077
1512144160000 10077
1512144160000 10077
1512144160000 10078
1512144160000 10078
1512144160000 10078
1512144160000 10079
1512144160000 10079
1512144160000 10079
1512144160000 10080
1512144160000 10080
1512144160000 10080
1512144160000 10081
1512144160000 10084
1512144160000 10084
1512144160000 10085
1512144160000 10085
1512144160000 10085
1512144160000 10086
1512144160000 10086
1512144160000 10086
1512144160000 10087
1512144160000 10087
1512144160000 10087
1512144160000 10088
1512144160000 10088
1512144160000 10088
1512144160000 10088
1512144160000 10088
1512144160000 10089
1512144160000 10089
1512144160000 10089
1512144160000 10089
1512144160000 10089
1512144160000 10089
1512144160000 10089
1512144160000 10090
1512144160000 10090
1512144160000 10090
1512144160000 10090
1512144160000 10090
1512144160000 10090
1512144160000 10091
1512144160000 10091
1512144160000 10091
1512144160000 10091
1512144160000 10092
1512144160000 10092
1512144160000 10092
1512144160000 10093
1512144160000 10093
1512144160000 10093
1512144160000 10094
1512144160000 10094
1512144160000 10094
1512144160000 10111
1512144160000 10112
1512144160000 10112
1512144160000 10112
1512144160000 10113
1512144160000 10113
1512144160000 10113
1512144160000 10113
1512144160000 10114
1512144160000 10114
1512144160000 10114
1512144160000 10115
1512144160000 10115
1512144160000 10115
1512144160000 10116
1512144160000 10116
1512144160000 10116
1512144160000 10116
1512144160000 10117
1512144160000 10117
1512144160000 10117
1512144160000 10118
1512144160000 10118
1512144160000 10118
1512144160000 10126
1512144160000 10127
1512144160000 10127
1512144160000 10128
1512144160000 10128
1512144160000 10129
1512144160000 10129
1512144160000 10130
1512144160000 10130
1512144160000 10130
1512144160000 10132
1512144160000 10132
1512144160000 10132
1512144160000 10133
1512144160000 10133
1512144170000 10075
1512144170000 10076
1512144170000 10076
1512144170000 10076
1512144170000 10077
1512144170000 10077
1512144170000 10077
1512144170000 10078
1512144170000 10078
1512144170000 10078
1512144170000 10079
1512144170000 10079
1512144170000 10079
1512144170000 10080
1512144170000 10080
1512144170000 10080
1512144170000 10080
1512144170000 10081
1512144170000 10081
1512144170000 10081
1512144170000 10081
1512144170000 10081
1512144170000 10082
1512144170000 10082
1512144170000 10082
1512144170000 10082
1512144170000 10082
1512144170000 10082
1512144170000 10082
1512144170000 10083
1512144170000 10083
1512144170000 10083
1512144170000 10083
1512144170000 10083
1512144170000 10083
1512144170000 10084
1512144170000 10084
1512144170000 10084
1512144170000 10084
1512144170000 10084
1512144170000 10084
1512144170000 10085
1512144170000 10085
1512144170000 10085
1512144170000 10085
1512144170000 10085
1512144170000 10085
1512144170000 10085
1512144170000 10086
1512144170000 10086
1512144170000 10086
1512144170000 10086
1512144170000 10086
1512144170000 10086
1512144170000 10086
1512144170000 10087
1512144170000 10087
1512144170000 10131
1512144170000 10132
1512144170000 10132
1512144170000 10133
1512144170000 10133
1512144170000 10133
1512144170000 10134
1512144170000 10134
1512144170000 10135
1512144170000 10135
1512144170000 10136
1512144170000 10136
1512144170000 10136
1512144170000 10137
1512144170000 10137
1512144170000 10138
1512144170000 10138
1512144170000 10139
1512144170000 10139
1512144170000 10140
1512144170000 10248
1512144170000 10248
1512144170000 10249
1512144170000 10249
1512144170000 10249
1512144170000 10249
1512144170000 10250
1512144170000 10250
1512144170000 10250
1512144170000 10250
1512144170000 10251
1512144170000 10251
1512144170000 10251
1512144170000 10251
1512144170000 10252
1512144170000 10252
1512144170000 10252
1512144170000 10252
1512144170000 10253
1512144170000 10253
1512144170000 10253
1512144170000 10253
1512144170000 10254
1512144180000 10085
1512144180000 10085
1512144180000 10085
1512144180000 10085
1512144180000 10086
1512144180000 10086
1512144180000 10086
1512144180000 10086
1512144180000 10087
1512144180000 10087
1512144180000 10087
1512144180000 10087
1512144180000 10088
1512144180000 10088
1512144180000 10088
1512144180000 10088
1512144180000 10089
1512144180000 10089
1512144180000 10089
1512144180000 10089
1512144180000 10089
1512144180000 10090
1512144180000 10090
1512144180000 10090
1512144180000 10090
1512144180000 10092
1512144180000 10092
1512144180000 10093
1512144180000 10093
1512144180000 10093
1512144180000 10094
1512144180000 10094
1512144180000 10094
1512144180000 10095
1512144180000 10095
1512144180000 10095
1512144180000 10096
1512144180000 10096
1512144180000 10096
1512144180000 10097
1512144180000 10097
1512144180000 10097
1512144180000 10098
1512144180000 10098
1512144180000 10098
1512144180000 10099
1512144180000 10099
1512144180000 10099
1512144180000 10100
1512144180000 10100
1512144180000 10131
1512144180000 10131
1512144180000 10131
1512144180000 10132
1512144180000 10132
1512144180000 10133
1512144180000 10133
1512144180000 10133
1512144180000 10134
1512144180000 10134
1512144180000 10134
1512144180000 10135
1512144180000 10135
1512144180000 10136
1512144180000 10136
1512144180000 10136
1512144180000 10137
1512144180000 10137
1512144180000 10137
1512144180000 10242
1512144180000 10243
1512144180000 10243
1512144180000 10243
1512144180000 10244
1512144180000 10244
1512144180000 10244
1512144180000 10245
1512144180000 10245
1512144180000 10245
1512144180000 10246
1512144180000 10246
1512144180000 10256
1512144180000 10256
1512144180000 10257
1512144180000 10257
1512144180000 10258
1512144180000 10258
1512144180000 10258
1512144180000 10258
1512144180000 10259
1512144180000 10259
1512144180000 10259
1512144180000 10259
1512144180000 10260
1512144180000 10260
1512144180000 10260
1512144180000 10260
1512144180000 10261
1512144180000 10261
1512144180000 10261
1512144190000 10076
1512144190000 10077
1512144190000 10077
1512144190000 10077
1512144190000 10078
1512144190000 10078
1512144190000 10078
1512144190000 10079
1512144190000 10079
1512144190000 10080
1512144190000 10080
1512144190000 10080
1512144190000 10081
1512144190000 10081
1512144190000 10082
1512144190000 10082
1512144190000 10083
1512144190000 10083
1512144190000 10083
1512144190000 10084
1512144190000 10084
1512144190000 10156
1512144190000 10156
1512144190000 10157
1512144190000 10157
1512144190000 10157
1512144190000 10158
1512144190000 10158
1512144190000 10159
1512144190000 10159
1512144190000 10160
1512144190000 10160
1512144190000 10161
1512144190000 10161
1512144190000 10162
1512144190000 10162
1512144190000 10163
1512144190000 10163
1512144190000 10163
1512144190000 10164
1512144190000 10164
1512144190000 10165
1512144190000 10165
1512144190000 10166
1512144190000 10166
1512144190000 10167
1512144190000 10167
1512144190000 10167
1512144190000 10242
1512144190000 10243
1512144190000 10243
1512144190000 10243
1512144190000 10244
1512144190000 10244
1512144190000 10244
1512144190000 10244
1512144190000 10244
1512144190000 10245
1512144190000 10245
1512144190000 10245
1512144190000 10245
1512144190000 10245
1512144190000 10245
1512144190000 10245
1512144190000 10245
1512144190000 10246
1512144190000 10246
1512144190000 10246
1512144190000 10246
1512144190000 10246
1512144190000 10246
1512144190000 10246
1512144190000 10246
1512144190000 10247
1512144190000 10247
1512144190000 10247
1512144190000 10247
1512144190000 10247
1512144190000 10247
1512144190000 10247
1512144190000 10248
1512144190000 10251
1512144190000 10251
1512144190000 10251
1512144190000 10252
1512144190000 10252
1512144190000 10252
1512144190000 10252
1512144190000 10253
1512144190000 10253
1512144190000 10253
1512144190000 10253
1512144190000 10254
1512144190000 10254
1512144190000 10254
1512144190000 10254
1512144190000 10255
1512144190000 10255
1512144190000 10255
1512144190000 10255
1512144200000 10075
1512144200000 10075
1512144200000 10076
1512144200000 10076
1512144200000 10076
1512144200000 10076
1512144200000 10077
1512144200000 10077
1512144200000 10077
1512144200000 10077
1512144200000 10077
1512144200000 10077
1512144200000 10078
1512144200000 10078
1512144200000 10078
1512144200000 10078
1512144200000 10078
1512144200000 10078
1512144200000 10079
1512144200000 10079
1512144200000 10079
1512144200000 10079
1512144200000 10079
1512144200000 10079
1512144200000 10079
1512144200000 10080
1512144200000 10080
1512144200000 10080
1512144200000 10081
1512144200000 10081
1512144200000 10081
1512144200000 10082
1512144200000 10082
1512144200000 10083
1512144200000 10083
1512144200000 10083
1512144200000 10083
1512144200000 10084
1512144200000 10084
1512144200000 10084
1512144200000 10084
1512144200000 10084
1512144200000 10085
1512144200000 10085
1512144200000 10085
1512144200000 10086
1512144200000 10086
1512144200000 10086
1512144200000 10087
1512144200000 10087
1512144200000 10087
1512144200000 10087
1512144200000 10088
1512144200000 10088
1512144200000 10088
1512144200000 10088
1512144200000 10088
1512144200000 10088
1512144200000 10088
1512144200000 10089
1512144200000 10089
1512144200000 10089
1512144200000 10089
1512144200000 10090
1512144200000 10090
1512144200000 10090
1512144200000 10091
1512144200000 10091
1512144200000 10091
1512144200000 10092
1512144200000 10092
1512144200000 10092
1512144200000 10093
1512144200000 10093
1512144200000 10093
1512144200000 10094
1512144200000 10094
1512144200000 10094
1512144200000 10095
1512144200000 10095
1512144200000 10137
1512144200000 10137
1512144200000 10138
1512144200000 10138
1512144200000 10139
1512144200000 10139
1512144200000 10139
1512144200000 10140
1512144200000 10140
1512144200000 10141
1512144200000 10141
1512144200000 10142
1512144200000 10142
1512144200000 10142
1512144200000 10143
1512144200000 10143
1512144200000 10144
1512144200000 10144
1512144200000 10145
1512144200000 10145
1512144210000 10092
1512144210000 10092
1512144210000 10093
1512144210000 10093
1512144210000 10093
1512144210000 10093
1512144210000 10094
1512144210000 10094
1512144210000 10094
1512144210000 10094
1512144210000 10094
1512144210000 10095
1512144210000 10095
1512144210000 10095
1512144210000 10095
1512144210000 10095
1512144210000 10095
1512144210000 10095
1512144210000 10095
1512144210000 10096
1512144210000 10096
1512144210000 10096
1512144210000 10096
1512144210000 10096
1512144210000 10096
1512144210000 10096
1512144210000 10097
1512144210000 10097
1512144210000 10097
1512144210000 10097
1512144210000 10097
1512144210000 10097
1512144210000 10097
1512144210000 10097
1512144210000 10098
1512144210000 10098
1512144210000 10098
1512144210000 10098
1512144210000 10098
1512144210000 10098
1512144210000 10098
1512144210000 10098
1512144210000 10099
1512144210000 10099
1512144210000 10099
1512144210000 10099
1512144210000 10100
1512144210000 10100
1512144210000 10100
1512144210000 10100
1512144210000 10146
1512144210000 10146
1512144210000 10147
1512144210000 10147
1512144210000 10148
1512144210000 10148
1512144210000 10149
1512144210000 10149
1512144210000 10150
1512144210000 10150
1512144210000 10151
1512144210000 10151
1512144210000 10152
1512144210000 10152
1512144210000 10153
1512144210000 10153
1512144210000 10154
1512144210000 10154
1512144210000 10245
1512144210000 10245
1512144210000 10246
1512144210000 10246
1512144210000 10246
1512144210000 10247
1512144210000 10247
1512144210000 10247
1512144210000 10247
1512144210000 10247
1512144210000 10247
1512144210000 10247
1512144210000 10248
1512144210000 10248
1512144210000 10248
1512144210000 10248
1512144210000 10248
1512144210000 10248
1512144210000 10248
1512144210000 10248
1512144210000 10249
1512144210000 10249
1512144210000 10249
1512144210000 10249
1512144210000 10249
1512144210000 10249
1512144210000 10250
1512144210000 10250
1512144210000 10250
1512144210000 10250
1512144210000 10251
1512144210000 10251
1512144220000 10097
1512144220000 10098
1512144220000 10098
1512144220000 10098
1512144220000 10098
1512144220000 10099
1512144220000 10099
1512144220000 10099
1512144220000 10099
1512144220000 10099
1512144220000 10099
1512144220000 10100
1512144220000 10100
1512144220000 10100
1512144220000 10100
1512144220000 10101
1512144220000 10101
1512144220000 10101
1512144220000 10101
1512144220000 10101
1512144220000 10101
1512144220000 10102
1512144220000 10102
1512144220000 10102
1512144220000 10102
1512144220000 10103
1512144220000 10103
1512144220000 10103
1512144220000 10103
1512144220000 10103
1512144220000 10103
1512144220000 10104
1512144220000 10104
1512144220000 10104
1512144220000 10104
1512144220000 10105
1512144220000 10105
1512144220000 10105
1512144220000 10105
1512144220000 10106
1512144220000 10106
1512144220000 10106
1512144220000 10106
1512144220000 10107
1512144220000 10107
1512144220000 10107
1512144220000 10108
1512144220000 10108
1512144220000 10136
1512144220000 10136
1512144220000 10137
1512144220000 10137
1512144220000 10138
1512144220000 10138
1512144220000 10138
1512144220000 10139
1512144220000 10139
1512144220000 10140
1512144220000 10140
1512144220000 10141
1512144220000 10141
1512144220000 10142
1512144220000 10142
1512144220000 10142
1512144220000 10143
1512144220000 10143
1512144220000 10144
1512144220000 10144
1512144220000 10145
1512144220000 10243
1512144220000 10243
1512144220000 10244
1512144220000 10244
1512144220000 10244
1512144220000 10245
1512144220000 10245
1512144220000 10245
1512144220000 10245
1512144220000 10245
1512144220000 10246
1512144220000 10246
1512144220000 10246
1512144220000 10246
1512144220000 10246
1512144220000 10246
1512144220000 10246
1512144220000 10247
1512144220000 10247
1512144220000 10247
1512144220000 10247
1512144220000 10247
1512144220000 10247
1512144220000 10247
1512144220000 10248
1512144220000 10248
1512144220000 10248
1512144220000 10248
1512144220000 10249
1512144220000 10249
1512144220000 10249
1512144230000 10079
1512144230000 10079
1512144230000 10079
1512144230000 10080
1512144230000 10080
1512144230000 10081
1512144230000 10081
1512144230000 10081
1512144230000 10082
1512144230000 10082
1512144230000 10083
1512144230000 10083
1512144230000 10083
1512144230000 10084
1512144230000 10084
1512144230000 10085
1512144230000 10085
1512144230000 10085
1512144230000 10085
1512144230000 10085
1512144230000 10086
1512144230000 10086
1512144230000 10086
1512144230000 10086
1512144230000 10087
1512144230000 10087
1512144230000 10087
1512144230000 10088
1512144230000 10088
1512144230000 10088
1512144230000 10089
1512144230000 10089
1512144230000 10089
1512144230000 10089
1512144230000 10089
1512144230000 10090
1512144230000 10090
1512144230000 10090
1512144230000 10090
1512144230000 10090
1512144230000 10090
1512144230000 10091
1512144230000 10091
1512144230000 10091
1512144230000 10091
1512144230000 10091
1512144230000 10091
1512144230000 10091
1512144230000 10091
1512144230000 10091
1512144230000 10092
1512144230000 10092
1512144230000 10092
1512144230000 10092
1512144230000 10092
1512144230000 10092
1512144230000 10092
1512144230000 10093
1512144230000 10093
1512144230000 10093
1512144230000 10093
1512144230000 10093
1512144230000 10094
1512144230000 10094
1512144230000 10094
1512144230000 10094
1512144230000 10094
1512144230000 10095
1512144230000 10095
1512144230000 10095
1512144230000 10095
1512144230000 10095
1512144230000 10096
1512144230000 10096
1512144230000 10096
1512144230000 10096
1512144230000 10096
1512144230000 10096
1512144230000 10097
1512144230000 10097
1512144230000 10097
1512144230000 10097
1512144230000 10097
1512144230000 10098
1512144230000 10098
1512144230000 10098
1512144230000 10271
1512144230000 10271
1512144230000 10272
1512144230000 10272
1512144230000 10273
1512144230000 10273
1512144230000 10273
1512144230000 10274
1512144230000 10274
1512144230000 10275
1512144230000 10275
1512144230000 10276
1512144230000 10276
1512144230000 10276
1512144240000 10077
1512144240000 10077
1512144240000 10078
1512144240000 10078
1512144240000 10078
1512144240000 10078
1512144240000 10079
1512144240000 10079
1512144240000 10079
1512144240000 10079
1512144240000 10079
1512144240000 10079
1512144240000 10079
1512144240000 10080
1512144240000 10080
1512144240000 10080
1512144240000 10080
1512144240000 10080
1512144240000 10080
1512144240000 10080
1512144240000 10080
1512144240000 10081
1512144240000 10081
1512144240000 10081
1512144240000 10081
1512144240000 10081
1512144240000 10081
1512144240000 10081
1512144240000 10081
1512144240000 10082
1512144240000 10082
1512144240000 10082
1512144240000 10082
1512144240000 10083
1512144240000 10083
1512144240000 10083
1512144240000 10083
1512144240000 10083
1512144240000 10084
1512144240000 10093
1512144240000 10093
1512144240000 10093
1512144240000 10093
1512144240000 10094
1512144240000 10094
1512144240000 10094
1512144240000 10095
1512144240000 10095
1512144240000 10095
1512144240000 10096
1512144240000 10096
1512144240000 10096
1512144240000 10097
1512144240000 10097
1512144240000 10097
1512144240000 10098
1512144240000 10098
1512144240000 10098
1512144240000 10098
1512144240000 10099
1512144240000 10099
1512144240000 10099
1512144240000 10100
1512144240000 10100
1512144240000 10100
1512144240000 10245
1512144240000 10245
1512144240000 10245
1512144240000 10246
1512144240000 10246
1512144240000 10246
1512144240000 10247
1512144240000 10247
1512144240000 10248
1512144240000 10248
1512144240000 10248
1512144240000 10284
1512144240000 10284
1512144240000 10284
1512144240000 10285
1512144240000 10285
1512144240000 10285
1512144240000 10286
1512144240000 10286
1512144240000 10286
1512144240000 10287
1512144240000 10287
1512144240000 10288
1512144240000 10288
1512144240000 10288
1512144240000 10289
1512144240000 10289
1512144240000 10289
1512144240000 10290
1512144240000 10290
1512144240000 10291
1512144240000 10291
1512144240000 10291
1512144240000 10292
1512144240000 10292
1512144250000 10078
1512144250000 10079
1512144250000 10079
1512144250000 10079
1512144250000 10079
1512144250000 10080
1512144250000 10080
1512144250000 10080
1512144250000 10080
1512144250000 10080
1512144250000 10081
1512144250000 10081
1512144250000 10081
1512144250000 10081
1512144250000 10081
1512144250000 10082
1512144250000 10082
1512144250000 10082
1512144250000 10082
1512144250000 10082
1512144250000 10082
1512144250000 10083
1512144250000 10083
1512144250000 10083
1512144250000 10083
1512144250000 10083
1512144250000 10084
1512144250000 10084
1512144250000 10084
1512144250000 10084
1512144250000 10084
1512144250000 10084
1512144250000 10085
1512144250000 10085
1512144250000 10085
1512144250000 10086
1512144250000 10086
1512144250000 10086
1512144250000 10086
1512144250000 10086
1512144250000 10087
1512144250000 10087
1512144250000 10087
1512144250000 10087
1512144250000 10088
1512144250000 10088
1512144250000 10088
1512144250000 10089
1512144250000 10089
1512144250000 10089
1512144250000 10090
1512144250000 10090
1512144250000 10091
1512144250000 10091
1512144250000 10091
1512144250000 10092
1512144250000 10092
1512144250000 10093
1512144250000 10144
1512144250000 10144
1512144250000 10145
1512144250000 10145
1512144250000 10146
1512144250000 10146
1512144250000 10147
1512144250000 10147
1512144250000 10147
1512144250000 10148
1512144250000 10148
1512144250000 10149
1512144250000 10149
1512144250000 10149
1512144250000 10150
1512144250000 10150
1512144250000 10151
1512144250000 10151
1512144250000 10152
1512144250000 10152
1512144250000 10152
1512144250000 10153
1512144250000 10153
1512144250000 10247
1512144250000 10248
1512144250000 10248
1512144250000 10248
1512144250000 10248
1512144250000 10249
1512144250000 10249
1512144250000 10249
1512144250000 10249
1512144250000 10250
1512144250000 10250
1512144250000 10250
1512144250000 10250
1512144250000 10251
1512144250000 10251
1512144250000 10251
1512144250000 10251
1512144250000 10252
1512144250000 10252
1512144260000 10196
1512144260000 10196
1512144260000 10196
1512144260000 10197
1512144260000 10197
1512144260000 10197
1512144260000 10197
1512144260000 10197
1512144260000 10198
1512144260000 10198
1512144260000 10198
1512144260000 10198
1512144260000 10198
1512144260000 10199
1512144260000 10199
1512144260000 10199
1512144260000 10199
1512144260000 10200
1512144260000 10200
1512144260000 10200
1512144260000 10200
1512144260000 10200
1512144260000 10201
1512144260000 10201
1512144260000 10201
1512144260000 10201
1512144260000 10202
1512144260000 10202
1512144260000 10202
1512144260000 10202
1512144260000 10202
1512144260000 10202
1512144260000 10203
1512144260000 10203
1512144260000 10203
1512144260000 10204
1512144260000 10204
1512144260000 10204
1512144260000 10210
1512144260000 10210
1512144260000 10211
1512144260000 10211
1512144260000 10212
1512144260000 10212
1512144260000 10212
1512144260000 10213
1512144260000 10213
1512144260000 10214
1512144260000 10214
1512144260000 10214
1512144260000 10215
1512144260000 10215
1512144260000 10216
1512144260000 10216
1512144260000 10226
1512144260000 10226
1512144260000 10226
1512144260000 10227
1512144260000 10227
1512144260000 10227
1512144260000 10227
1512144260000 10228
1512144260000 10228
1512144260000 10228
1512144260000 10228
1512144260000 10229
1512144260000 10229
1512144260000 10229
1512144260000 10230
1512144260000 10230
1512144260000 10230
1512144260000 10230
1512144260000 10231
1512144260000 10231
1512144260000 10231
1512144260000 10231
1512144260000 10350
1512144260000 10350
1512144260000 10351
1512144260000 10351
1512144260000 10352
1512144260000 10352
1512144260000 10353
1512144260000 10353
1512144260000 10354
1512144260000 10354
1512144260000 10355
1512144260000 10355
1512144260000 10356
1512144260000 10356
1512144260000 10356
1512144260000 10357
1512144260000 10357
1512144260000 10357
1512144260000 10358
1512144260000 10358
1512144260000 10358
1512144260000 10359
1512144260000 10359
1512144260000 10359
1512144270000 10080
1512144270000 10081
1512144270000 10081
1512144270000 10081
1512144270000 10081
1512144270000 10082
1512144270000 10082
1512144270000 10082
1512144270000 10082
1512144270000 10083
1512144270000 10083
1512144270000 10083
1512144270000 10084
1512144270000 10084
1512144270000 10084
1512144270000 10085
1512144270000 10085
1512144270000 10085
1512144270000 10085
1512144270000 10085
1512144270000 10085
1512144270000 10085
1512144270000 10086
1512144270000 10086
1512144270000 10086
1512144270000 10086
1512144270000 10087
1512144270000 10087
1512144270000 10087
1512144270000 10088
1512144270000 10088
1512144270000 10088
1512144270000 10089
1512144270000 10089
1512144270000 10089
1512144270000 10090
1512144270000 10090
1512144270000 10090
1512144270000 10091
1512144270000 10092
1512144270000 10092
1512144270000 10093
1512144270000 10093
1512144270000 10093
1512144270000 10093
1512144270000 10094
1512144270000 10094
1512144270000 10094
1512144270000 10094
1512144270000 10095
1512144270000 10095
1512144270000 10095
1512144270000 10095
1512144270000 10095
1512144270000 10096
1512144270000 10096
1512144270000 10096
1512144270000 10096
1512144270000 10097
1512144270000 10097
1512144270000 10097
1512144270000 10097
1512144270000 10098
1512144270000 10098
1512144270000 10099
1512144270000 10099
1512144270000 10099
1512144270000 10100
1512144270000 10100
1512144270000 10100
1512144270000 10101
1512144270000 10101
1512144270000 10101
1512144270000 10101
1512144270000 10102
1512144270000 10102
1512144270000 10102
1512144270000 10103
1512144270000 10103
1512144270000 10103
1512144270000 10104
1512144270000 10104
1512144270000 10104
1512144270000 10105
1512144270000 10105
1512144270000 10105
1512144270000 10106
1512144270000 10117
1512144270000 10117
1512144270000 10118
1512144270000 10118
1512144270000 10118
1512144270000 10119
1512144270000 10120
1512144270000 10120
1512144270000 10121
1512144270000 10121
1512144270000 10121
1512144270000 10122
1512144270000 10122
1512144280000 10085
1512144280000 10085
1512144280000 10086
1512144280000 10086
1512144280000 10086
1512144280000 10087
1512144280000 10087
1512144280000 10087
1512144280000 10088
1512144280000 10088
1512144280000 10088
1512144280000 10088
1512144280000 10089
1512144280000 10089
1512144280000 10089
1512144280000 10090
1512144280000 10090
1512144280000 10091
1512144280000 10091
1512144280000 10091
1512144280000 10091
1512144280000 10091
1512144280000 10092
1512144280000 10092
1512144280000 10092
1512144280000 10093
1512144280000 10093
1512144280000 10093
1512144280000 10094
1512144280000 10094
1512144280000 10095
1512144280000 10095
1512144280000 10096
1512144280000 10096
1512144280000 10096
1512144280000 10096
1512144280000 10097
1512144280000 10097
1512144280000 10097
1512144280000 10097
1512144280000 10098
1512144280000 10098
1512144280000 10098
1512144280000 10150
1512144280000 10151
1512144280000 10151
1512144280000 10152
1512144280000 10152
1512144280000 10152
1512144280000 10153
1512144280000 10153
1512144280000 10154
1512144280000 10154
1512144280000 10155
1512144280000 10155
1512144280000 10156
1512144280000 10156
1512144280000 10157
1512144280000 10157
1512144280000 10157
1512144280000 10158
1512144280000 10158
1512144280000 10159
1512144280000 10159
1512144280000 10160
1512144280000 10160
1512144280000 10245
1512144280000 10245
1512144280000 10245
1512144280000 10246
1512144280000 10246
1512144280000 10246
1512144280000 10246
1512144280000 10247
1512144280000 10247
1512144280000 10247
1512144280000 10248
1512144280000 10248
1512144280000 10248
1512144280000 10248
1512144280000 10249
1512144280000 10249
1512144280000 10249
1512144280000 10249
1512144280000 10250
1512144280000 10250
1512144280000 10250
1512144280000 10250
1512144280000 10251
1512144280000 10251
1512144280000 10251
1512144280000 10251
1512144280000 10251
1512144280000 10252
1512144280000 10252
1512144280000 10252
1512144280000 10252
1512144280000 10253
1512144280000 10253
1512144280000 10253
1512144290000 10103
1512144290000 10104
1512144290000 10104
1512144290000 10104
1512144290000 10105
1512144290000 10105
1512144290000 10105
1512144290000 10106
1512144290000 10106
1512144290000 10106
1512144290000 10107
1512144290000 10107
1512144290000 10107
1512144290000 10108
1512144290000 10108
1512144290000 10109
1512144290000 10109
1512144290000 10109
1512144290000 10109
1512144290000 10110
1512144290000 10110
1512144290000 10110
1512144290000 10110
1512144290000 10111
1512144290000 10111
1512144290000 10111
1512144290000 10111
1512144290000 10111
1512144290000 10112
1512144290000 10112
1512144290000 10112
1512144290000 10112
1512144290000 10112
1512144290000 10112
1512144290000 10113
1512144290000 10113
1512144290000 10113
1512144290000 10113
1512144290000 10114
1512144290000 10114
1512144290000 10241
1512144290000 10241
1512144290000 10241
1512144290000 10242
1512144290000 10242
1512144290000 10242
1512144290000 10243
1512144290000 10243
1512144290000 10243
1512144290000 10244
1512144290000 10244
1512144290000 10244
1512144290000 10244
1512144290000 10245
1512144290000 10245
1512144290000 10245
1512144290000 10246
1512144290000 10247
1512144290000 10247
1512144290000 10247
1512144290000 10248
1512144290000 10248
1512144290000 10248
1512144290000 10248
1512144290000 10248
1512144290000 10248
1512144290000 10249
1512144290000 10249
1512144290000 10249
1512144290000 10249
1512144290000 10249
1512144290000 10249
1512144290000 10249
1512144290000 10250
1512144290000 10250
1512144290000 10250
1512144290000 10250
1512144290000 10250
1512144290000 10250
1512144290000 10250
1512144290000 10250
1512144290000 10251
1512144290000 10251
1512144290000 10251
1512144290000 10251
1512144290000 10251
1512144290000 10251
1512144290000 10251
1512144290000 10251
1512144290000 10252
1512144290000 10252
1512144290000 10252
1512144290000 10252
1512144290000 10252
1512144290000 10252
1512144290000 10252
1512144290000 10252
1512144290000 10253
1512144290000 10253
1512144290000 10253
1512144300000 10102
1512144300000 10102
1512144300000 10102
1512144300000 10102
1512144300000 10103
1512144300000 10103
1512144300000 10103
1512144300000 10103
1512144300000 10104
1512144300000 10104
1512144300000 10104
1512144300000 10104
1512144300000 10104
1512144300000 10105
1512144300000 10105
1512144300000 10105
1512144300000 10105
1512144300000 10106
1512144300000 10106
1512144300000 10106
1512144300000 10138
1512144300000 10138
1512144300000 10139
1512144300000 10139
1512144300000 10139
1512144300000 10140
1512144300000 10140
1512144300000 10141
1512144300000 10141
1512144300000 10141
1512144300000 10142
1512144300000 10142
1512144300000 10142
1512144300000 10143
1512144300000 10143
1512144300000 10144
1512144300000 10144
1512144300000 10144
1512144300000 10145
1512144300000 10145
1512144300000 10145
1512144300000 10243
1512144300000 10244
1512144300000 10244
1512144300000 10244
1512144300000 10245
1512144300000 10245
1512144300000 10245
1512144300000 10245
1512144300000 10245
1512144300000 10245
1512144300000 10245
1512144300000 10245
1512144300000 10246
1512144300000 10246
1512144300000 10246
1512144300000 10246
1512144300000 10246
1512144300000 10246
1512144300000 10246
1512144300000 10247
1512144300000 10247
1512144300000 10247
1512144300000 10247
1512144300000 10247
1512144300000 10247
1512144300000 10247
1512144300000 10247
1512144300000 10248
1512144300000 10248
1512144300000 10248
1512144300000 10248
1512144300000 10248
1512144300000 10248
1512144300000 10248
1512144300000 10248
1512144300000 10248
1512144300000 10248
1512144300000 10249
1512144300000 10249
1512144300000 10249
1512144300000 10249
1512144300000 10249
1512144300000 10249
1512144300000 10249
1512144300000 10249
1512144300000 10250
1512144300000 10250
1512144300000 10250
1512144300000 10250
1512144300000 10250
1512144300000 10250
1512144300000 10250
1512144300000 10251
1512144300000 10251
1512144300000 10251
1512144300000 10251
1512144300000 10252
1512144300000 10252
1512144300000 10252
1512144310000 10080
1512144310000 10081
1512144310000 10081
1512144310000 10081
1512144310000 10082
1512144310000 10082
1512144310000 10082
1512144310000 10082
1512144310000 10082
1512144310000 10083
1512144310000 10083
1512144310000 10083
1512144310000 10083
1512144310000 10084
1512144310000 10084
1512144310000 10084
1512144310000 10084
1512144310000 10085
1512144310000 10085
1512144310000 10085
1512144310000 10085
1512144310000 10085
1512144310000 10085
1512144310000 10086
1512144310000 10086
1512144310000 10086
1512144310000 10086
1512144310000 10087
1512144310000 10087
1512144310000 10087
1512144310000 10087
1512144310000 10087
1512144310000 10087
1512144310000 10088
1512144310000 10088
1512144310000 10088
1512144310000 10088
1512144310000 10089
1512144310000 10089
1512144310000 10089
1512144310000 10089
1512144310000 10089
1512144310000 10090
1512144310000 10090
1512144310000 10090
1512144310000 10096
1512144310000 10096
1512144310000 10096
1512144310000 10097
1512144310000 10097
1512144310000 10098
1512144310000 10098
1512144310000 10098
1512144310000 10099
1512144310000 10099
1512144310000 10099
1512144310000 10100
1512144310000 10100
1512144310000 10101
1512144310000 10101
1512144310000 10101
1512144310000 10102
1512144310000 10102
1512144310000 10103
1512144310000 10103
1512144310000 10103
1512144310000 10104
1512144310000 10104
1512144310000 10104
1512144310000 10105
1512144310000 10105
1512144310000 10106
1512144310000 10117
1512144310000 10117
1512144310000 10118
1512144310000 10118
1512144310000 10119
1512144310000 10119
1512144310000 10119
1512144310000 10120
1512144310000 10120
1512144310000 10121
1512144310000 10121
1512144310000 10121
1512144310000 10122
1512144310000 10122
1512144310000 10123
1512144310000 10123
1512144310000 10124
1512144310000 10241
1512144310000 10241
1512144310000 10241
1512144310000 10242
1512144310000 10242
1512144310000 10242
1512144310000 10242
1512144310000 10243
1512144310000 10243
1512144310000 10243
1512144310000 10243
1512144320000 10075
1512144320000 10076
1512144320000 10076
1512144320000 10076
1512144320000 10077
1512144320000 10077
1512144320000 10077
1512144320000 10078
1512144320000 10078
1512144320000 10078
1512144320000 10079
1512144320000 10079
1512144320000 10079
1512144320000 10079
1512144320000 10079
1512144320000 10079
1512144320000 10080
1512144320000 10080
1512144320000 10080
1512144320000 10080
1512144320000 10080
1512144320000 10080
1512144320000 10081
1512144320000 10081
1512144320000 10082
1512144320000 10082
1512144320000 10083
1512144320000 10083
1512144320000 10083
1512144320000 10084
1512144320000 10084
1512144320000 10085
1512144320000 10085
1512144320000 10085
1512144320000 10086
1512144320000 10086
1512144320000 10086
1512144320000 10088
1512144320000 10088
1512144320000 10088
1512144320000 10089
1512144320000 10089
1512144320000 10090
1512144320000 10090
1512144320000 10090
1512144320000 10091
1512144320000 10091
1512144320000 10092
1512144320000 10092
1512144320000 10092
1512144320000 10093
1512144320000 10093
1512144320000 10094
1512144320000 10094
1512144320000 10094
1512144320000 10095
1512144320000 10095
1512144320000 10096
1512144320000 10096
1512144320000 10096
1512144320000 10140
1512144320000 10140
1512144320000 10141
1512144320000 10141
1512144320000 10141
1512144320000 10142
1512144320000 10142
1512144320000 10142
1512144320000 10143
1512144320000 10143
1512144320000 10143
1512144320000 10144
1512144320000 10144
1512144320000 10145
1512144320000 10145
1512144320000 10145
1512144320000 10146
1512144320000 10146
1512144320000 10146
1512144320000 10147
1512144320000 10147
1512144320000 10245
1512144320000 10245
1512144320000 10246
1512144320000 10246
1512144320000 10246
1512144320000 10246
1512144320000 10247
1512144320000 10247
1512144320000 10247
1512144320000 10248
1512144320000 10248
1512144320000 10248
1512144320000 10248
1512144320000 10249
1512144320000 10249
1512144320000 10249
1512144320000 10249
1512144320000 10250
1512144320000 10250
1512144330000 10089
1512144330000 10090
1512144330000 10090
1512144330000 10090
1512144330000 10090
1512144330000 10091
1512144330000 10091
1512144330000 10091
1512144330000 10091
1512144330000 10092
1512144330000 10092
1512144330000 10092
1512144330000 10093
1512144330000 10093
1512144330000 10093
1512144330000 10094
1512144330000 10094
1512144330000 10094
1512144330000 10095
1512144330000 10095
1512144330000 10095
1512144330000 10096
1512144330000 10096
1512144330000 10126
1512144330000 10126
1512144330000 10127
1512144330000 10127
1512144330000 10127
1512144330000 10127
1512144330000 10128
1512144330000 10128
1512144330000 10128
1512144330000 10128
1512144330000 10129
1512144330000 10129
1512144330000 10129
1512144330000 10130
1512144330000 10130
1512144330000 10130
1512144330000 10248
1512144330000 10248
1512144330000 10248
1512144330000 10248
1512144330000 10249
1512144330000 10249
1512144330000 10249
1512144330000 10249
1512144330000 10249
1512144330000 10249
1512144330000 10250
1512144330000 10250
1512144330000 10250
1512144330000 10250
1512144330000 10250
1512144330000 10250
1512144330000 10250
1512144330000 10250
1512144330000 10250
1512144330000 10250
1512144330000 10250
1512144330000 10251
1512144330000 10251
1512144330000 10251
1512144330000 10251
1512144330000 10251
1512144330000 10251
1512144330000 10251
1512144330000 10251
1512144330000 10251
1512144330000 10251
1512144330000 10252
1512144330000 10252
1512144330000 10252
1512144330000 10252
1512144330000 10252
1512144330000 10252
1512144330000 10252
1512144330000 10252
1512144330000 10253
1512144330000 10253
1512144330000 10253
1512144330000 10253
1512144330000 10253
1512144330000 10253
1512144330000 10253
1512144330000 10253
1512144330000 10254
1512144330000 10254
1512144330000 10254
1512144330000 10254
1512144330000 10254
1512144330000 10254
1512144330000 10254
1512144330000 10254
1512144330000 10255
1512144330000 10255
1512144330000 10255
1512144330000 10255
1512144330000 10256
1512144330000 10256
1512144340000 10073
1512144340000 10073
1512144340000 10073
1512144340000 10074
1512144340000 10074
1512144340000 10075
1512144340000 10075
1512144340000 10075
1512144340000 10076
1512144340000 10076
1512144340000 10076
1512144340000 10077
1512144340000 10077
1512144340000 10077
1512144340000 10077
1512144340000 10077
1512144340000 10078
1512144340000 10078
1512144340000 10078
1512144340000 10078
1512144340000 10078
1512144340000 10079
1512144340000 10079
1512144340000 10079
1512144340000 10079
1512144340000 10079
1512144340000 10079
1512144340000 10080
1512144340000 10080
1512144340000 10080
1512144340000 10080
1512144340000 10081
1512144340000 10081
1512144340000 10081
1512144340000 10081
1512144340000 10082
1512144340000 10082
1512144340000 10082
1512144340000 10100
1512144340000 10100
1512144340000 10100
1512144340000 10101
1512144340000 10101
1512144340000 10101
1512144340000 10102
1512144340000 10102
1512144340000 10103
1512144340000 10103
1512144340000 10103
1512144340000 10104
1512144340000 10104
1512144340000 10104
1512144340000 10105
1512144340000 10105
1512144340000 10105
1512144340000 10106
1512144340000 10106
1512144340000 10106
1512144340000 10106
1512144340000 10107
1512144340000 10107
1512144340000 10107
1512144340000 10107
1512144340000 10125
1512144340000 10126
1512144340000 10126
1512144340000 10126
1512144340000 10127
1512144340000 10127
1512144340000 10127
1512144340000 10128
1512144340000 10128
1512144340000 10129
1512144340000 10129
1512144340000 10129
1512144340000 10130
1512144340000 10130
1512144340000 10130
1512144340000 10131
1512144340000 10131
1512144340000 10242
1512144340000 10242
1512144340000 10242
1512144340000 10243
1512144340000 10243
1512144340000 10243
1512144340000 10244
1512144340000 10244
1512144340000 10244
1512144340000 10244
1512144340000 10245
1512144340000 10245
1512144340000 10245
1512144340000 10245
1512144340000 10246
1512144340000 10246
1512144340000 10246
1512144340000 10246
1512144340000 10247
1512144340000 10247
1512144350000 10082
1512144350000 10083
1512144350000 10083
1512144350000 10083
1512144350000 10084
1512144350000 10084
1512144350000 10085
1512144350000 10085
1512144350000 10085
1512144350000 10086
1512144350000 10086
1512144350000 10087
1512144350000 10087
1512144350000 10087
1512144350000 10087
1512144350000 10087
1512144350000 10088
1512144350000 10088
1512144350000 10088
1512144350000 10088
1512144350000 10088
1512144350000 10088
1512144350000 10089
1512144350000 10089
1512144350000 10089
1512144350000 10089
1512144350000 10090
1512144350000 10090
1512144350000 10090
1512144350000 10091
1512144350000 10091
1512144350000 10091
1512144350000 10092
1512144350000 10092
1512144350000 10092
1512144350000 10092
1512144350000 10093
1512144350000 10093
1512144350000 10104
1512144350000 10105
1512144350000 10105
1512144350000 10106
1512144350000 10106
1512144350000 10106
1512144350000 10107
1512144350000 10107
1512144350000 10107
1512144350000 10108
1512144350000 10108
1512144350000 10108
1512144350000 10109
1512144350000 10109
1512144350000 10109
1512144350000 10110
1512144350000 10110
1512144350000 10110
1512144350000 10111
1512144350000 10111
1512144350000 10111
1512144350000 10112
1512144350000 10112
1512144350000 10112
1512144350000 10113
1512144350000 10113
1512144350000 10113
1512144350000 10114
1512144350000 10123
1512144350000 10123
1512144350000 10124
1512144350000 10124
1512144350000 10124
1512144350000 10125
1512144350000 10125
1512144350000 10125
1512144350000 10126
1512144350000 10126
1512144350000 10127
1512144350000 10127
1512144350000 10127
1512144350000 10128
1512144350000 10128
1512144350000 10128
1512144350000 10129
1512144350000 10248
1512144350000 10248
1512144350000 10249
1512144350000 10249
1512144350000 10249
1512144350000 10250
1512144350000 10250
1512144350000 10250
1512144350000 10251
1512144350000 10251
1512144350000 10251
1512144350000 10252
1512144350000 10252
1512144350000 10252
1512144350000 10253
1512144350000 10253
1512144350000 10253
1512144360000 10069
1512144360000 10069
1512144360000 10069
1512144360000 10070
1512144360000 10070
1512144360000 10070
1512144360000 10070
1512144360000 10070
1512144360000 10071
1512144360000 10071
1512144360000 10071
1512144360000 10071
1512144360000 10072
1512144360000 10072
1512144360000 10072
1512144360000 10072
1512144360000 10074
1512144360000 10074
1512144360000 10074
1512144360000 10075
1512144360000 10075
1512144360000 10075
1512144360000 10075
1512144360000 10075
1512144360000 10076
1512144360000 10076
1512144360000 10076
1512144360000 10076
1512144360000 10077
1512144360000 10077
1512144360000 10077
1512144360000 10077
1512144360000 10078
1512144360000 10078
1512144360000 10078
1512144360000 10079
1512144360000 10079
1512144360000 10079
1512144360000 10079
1512144360000 10080
1512144360000 10080
1512144360000 10080
1512144360000 10080
1512144360000 10081
1512144360000 10081
1512144360000 10081
1512144360000 10081
1512144360000 10082
1512144360000 10082
1512144360000 10082
1512144360000 10082
1512144360000 10083
1512144360000 10083
1512144360000 10083
1512144360000 10086
1512144360000 10086
1512144360000 10086
1512144360000 10086
1512144360000 10087
1512144360000 10087
1512144360000 10087
1512144360000 10087
1512144360000 10088
1512144360000 10088
1512144360000 10088
1512144360000 10088
1512144360000 10089
1512144360000 10089
1512144360000 10089
1512144360000 10089
1512144360000 10089
1512144360000 10090
1512144360000 10090
1512144360000 10090
1512144360000 10090
1512144360000 10091
1512144360000 10091
1512144360000 10286
1512144360000 10286
1512144360000 10286
1512144360000 10287
1512144360000 10287
1512144360000 10287
1512144360000 10287
1512144360000 10288
1512144360000 10288
1512144360000 10288
1512144360000 10289
1512144360000 10289
1512144360000 10289
1512144360000 10289
1512144360000 10290
1512144360000 10290
1512144360000 10290
1512144360000 10291
1512144360000 10291
1512144360000 10291
1512144360000 10291
1512144360000 10292
1512144360000 10292
1512144370000 10075
1512144370000 10075
1512144370000 10076
1512144370000 10076
1512144370000 10076
1512144370000 10077
1512144370000 10077
1512144370000 10077
1512144370000 10077
1512144370000 10077
1512144370000 10078
1512144370000 10078
1512144370000 10078
1512144370000 10078
1512144370000 10078
1512144370000 10079
1512144370000 10079
1512144370000 10079
1512144370000 10079
1512144370000 10080
1512144370000 10080
1512144370000 10080
1512144370000 10080
1512144370000 10081
1512144370000 10081
1512144370000 10081
1512144370000 10081
1512144370000 10082
1512144370000 10082
1512144370000 10090
1512144370000 10090
1512144370000 10090
1512144370000 10091
1512144370000 10091
1512144370000 10091
1512144370000 10091
1512144370000 10092
1512144370000 10092
1512144370000 10092
1512144370000 10092
1512144370000 10092
1512144370000 10093
1512144370000 10093
1512144370000 10093
1512144370000 10093
1512144370000 10094
1512144370000 10094
1512144370000 10094
1512144370000 10094
1512144370000 10095
1512144370000 10095
1512144370000 10095
1512144370000 10095
1512144370000 10096
1512144370000 10145
1512144370000 10145
1512144370000 10145
1512144370000 10146
1512144370000 10146
1512144370000 10146
1512144370000 10147
1512144370000 10147
1512144370000 10147
1512144370000 10148
1512144370000 10148
1512144370000 10149
1512144370000 10149
1512144370000 10150
1512144370000 10150
1512144370000 10150
1512144370000 10151
1512144370000 10151
1512144370000 10151
1512144370000 10152
1512144370000 10152
1512144370000 10152
1512144370000 10153
1512144370000 10153
1512144370000 10153
1512144370000 10249
1512144370000 10250
1512144370000 10250
1512144370000 10250
1512144370000 10251
1512144370000 10251
1512144370000 10251
1512144370000 10251
1512144370000 10252
1512144370000 10252
1512144370000 10252
1512144370000 10253
1512144370000 10253
1512144370000 10253
1512144370000 10253
1512144370000 10254
1512144370000 10254
1512144370000 10254
1512144370000 10255
1512144370000 10255
1512144370000 10255
1512144380000 10078
1512144380000 10078
1512144380000 10079
1512144380000 10079
1512144380000 10079
1512144380000 10080
1512144380000 10080
1512144380000 10080
1512144380000 10080
1512144380000 10081
1512144380000 10081
1512144380000 10081
1512144380000 10082
1512144380000 10082
1512144380000 10082
1512144380000 10082
1512144380000 10082
1512144380000 10082
1512144380000 10082
1512144380000 10083
1512144380000 10083
1512144380000 10083
1512144380000 10083
1512144380000 10083
1512144380000 10083
1512144380000 10083
1512144380000 10084
1512144380000 10084
1512144380000 10084
1512144380000 10084
1512144380000 10085
1512144380000 10085
1512144380000 10085
1512144380000 10085
1512144380000 10085
1512144380000 10086
1512144380000 10086
1512144380000 10086
1512144380000 10087
1512144380000 10087
1512144380000 10087
1512144380000 10101
1512144380000 10102
1512144380000 10102
1512144380000 10102
1512144380000 10103
1512144380000 10103
1512144380000 10104
1512144380000 10104
1512144380000 10104
1512144380000 10105
1512144380000 10105
1512144380000 10106
1512144380000 10106
1512144380000 10107
1512144380000 10107
1512144380000 10107
1512144380000 10108
1512144380000 10108
1512144380000 10109
1512144380000 10109
1512144380000 10109
1512144380000 10110
1512144380000 10110
1512144380000 10111
1512144380000 10111
1512144380000 10111
1512144380000 10112
1512144380000 10128
1512144380000 10128
1512144380000 10129
1512144380000 10129
1512144380000 10129
1512144380000 10130
1512144380000 10130
1512144380000 10131
1512144380000 10131
1512144380000 10132
1512144380000 10132
1512144380000 10133
1512144380000 10133
1512144380000 10133
1512144380000 10134
1512144380000 10134
1512144380000 10134
1512144380000 10135
1512144380000 10135
1512144380000 10135
1512144380000 10250
1512144380000 10251
1512144380000 10251
1512144380000 10251
1512144380000 10251
1512144380000 10252
1512144380000 10252
1512144380000 10252
1512144380000 10253
1512144380000 10253
1512144380000 10253
1512144380000 10253
1512144390000 10079
1512144390000 10079
1512144390000 10080
1512144390000 10080
1512144390000 10080
1512144390000 10081
1512144390000 10081
1512144390000 10081
1512144390000 10082
1512144390000 10082
1512144390000 10082
1512144390000 10082
1512144390000 10083
1512144390000 10083
1512144390000 10083
1512144390000 10084
1512144390000 10084
1512144390000 10084
1512144390000 10085
1512144390000 10085
1512144390000 10085
1512144390000 10086
1512144390000 10086
1512144390000 10086
1512144390000 10086
1512144390000 10086
1512144390000 10086
1512144390000 10087
1512144390000 10087
1512144390000 10087
1512144390000 10087
1512144390000 10087
1512144390000 10087
1512144390000 10088
1512144390000 10088
1512144390000 10088
1512144390000 10088
1512144390000 10088
1512144390000 10088
1512144390000 10089
1512144390000 10089
1512144390000 10089
1512144390000 10089
1512144390000 10089
1512144390000 10089
1512144390000 10089
1512144390000 10090
1512144390000 10090
1512144390000 10090
1512144390000 10090
1512144390000 10090
1512144390000 10090
1512144390000 10091
1512144390000 10091
1512144390000 10091
1512144390000 10091
1512144390000 10091
1512144390000 10092
1512144390000 10092
1512144390000 10092
1512144390000 10096
1512144390000 10097
1512144390000 10097
1512144390000 10098
1512144390000 10098
1512144390000 10098
1512144390000 10099
1512144390000 10099
1512144390000 10100
1512144390000 10100
1512144390000 10100
1512144390000 10101
1512144390000 10101
1512144390000 10102
1512144390000 10102
1512144390000 10102
1512144390000 10103
1512144390000 10103
1512144390000 10104
1512144390000 10104
1512144390000 10104
1512144390000 10105
1512144390000 10105
1512144390000 10105
1512144390000 10106
1512144390000 10106
1512144390000 10107
1512144390000 10107
1512144390000 10116
1512144390000 10116
1512144390000 10116
1512144390000 10117
1512144390000 10117
1512144390000 10117
1512144390000 10118
1512144390000 10118
1512144390000 10118
1512144390000 10119
1512144390000 10119
1512144390000 10119
1512144400000 10076
1512144400000 10077
1512144400000 10077
1512144400000 10077
1512144400000 10078
1512144400000 10078
1512144400000 10078
1512144400000 10079
1512144400000 10079
1512144400000 10079
1512144400000 10080
1512144400000 10080
1512144400000 10080
1512144400000 10080
1512144400000 10081
1512144400000 10081
1512144400000 10081
1512144400000 10081
1512144400000 10081
1512144400000 10081
1512144400000 10081
1512144400000 10082
1512144400000 10082
1512144400000 10082
1512144400000 10082
1512144400000 10082
1512144400000 10082
1512144400000 10083
1512144400000 10083
1512144400000 10083
1512144400000 10083
1512144400000 10084
1512144400000 10084
1512144400000 10084
1512144400000 10084
1512144400000 10084
1512144400000 10085
1512144400000 10086
1512144400000 10087
1512144400000 10087
1512144400000 10087
1512144400000 10088
1512144400000 10088
1512144400000 10088
1512144400000 10089
1512144400000 10089
1512144400000 10089
1512144400000 10089
1512144400000 10090
1512144400000 10090
1512144400000 10090
1512144400000 10090
1512144400000 10090
1512144400000 10090
1512144400000 10091
1512144400000 10091
1512144400000 10091
1512144400000 10091
1512144400000 10091
1512144400000 10091
1512144400000 10091
1512144400000 10092
1512144400000 10092
1512144400000 10092
1512144400000 10092
1512144400000 10092
1512144400000 10092
1512144400000 10093
1512144400000 10093
1512144400000 10093
1512144400000 10093
1512144400000 10093
1512144400000 10094
1512144400000 10094
1512144400000 10094
1512144400000 10095
1512144400000 10095
1512144400000 10095
1512144400000 10096
1512144400000 10096
1512144400000 10136
1512144400000 10136
1512144400000 10137
1512144400000 10137
1512144400000 10137
1512144400000 10138
1512144400000 10138
1512144400000 10139
1512144400000 10139
1512144400000 10139
1512144400000 10140
1512144400000 10140
1512144400000 10140
1512144400000 10141
1512144400000 10141
1512144400000 10142
1512144400000 10142
1512144400000 10142
1512144400000 10143
1512144400000 10143
1512144410000 10073
1512144410000 10074
1512144410000 10074
1512144410000 10074
1512144410000 10075
1512144410000 10075
1512144410000 10075
1512144410000 10076
1512144410000 10076
1512144410000 10076
1512144410000 10077
1512144410000 10077
1512144410000 10077
1512144410000 10077
1512144410000 10078
1512144410000 10078
1512144410000 10078
1512144410000 10079
1512144410000 10079
1512144410000 10079
1512144410000 10144
1512144410000 10145
1512144410000 10145
1512144410000 10145
1512144410000 10146
1512144410000 10146
1512144410000 10146
1512144410000 10147
1512144410000 10147
1512144410000 10148
1512144410000 10148
1512144410000 10148
1512144410000 10149
1512144410000 10149
1512144410000 10149
1512144410000 10150
1512144410000 10150
1512144410000 10150
1512144410000 10151
1512144410000 10151
1512144410000 10151
1512144410000 10152
1512144410000 10152
1512144410000 10152
1512144410000 10153
1512144410000 10153
1512144410000 10379
1512144410000 10379
1512144410000 10380
1512144410000 10380
1512144410000 10380
1512144410000 10380
1512144410000 10380
1512144410000 10381
1512144410000 10381
1512144410000 10381
1512144410000 10381
1512144410000 10382
1512144410000 10382
1512144410000 10382
1512144410000 10382
1512144410000 10382
1512144410000 10383
1512144410000 10383
1512144410000 10383
1512144410000 10383
1512144410000 10383
1512144410000 10384
1512144410000 10384
1512144410000 10384
1512144410000 10384
1512144410000 10384
1512144410000 10385
1512144410000 10385
1512144410000 10385
1512144410000 10385
1512144410000 10385
1512144410000 10386
1512144410000 10386
1512144410000 10386
1512144410000 10386
1512144410000 10387
1512144410000 10387
1512144410000 10388
1512144410000 10388
1512144410000 10389
1512144410000 10389
1512144410000 10389
1512144410000 10390
1512144410000 10390
1512144410000 10391
1512144410000 10391
1512144410000 10391
1512144410000 10392
1512144410000 10392
1512144410000 10393
1512144410000 10393
1512144410000 10393
1512144410000 10394
1512144410000 10394
1512144420000 10070
1512144420000 10070
1512144420000 10070
1512144420000 10071
1512144420000 10071
1512144420000 10071
1512144420000 10071
1512144420000 10072
1512144420000 10072
1512144420000 10072
1512144420000 10072
1512144420000 10072
1512144420000 10073
1512144420000 10073
1512144420000 10073
1512144420000 10090
1512144420000 10091
1512144420000 10091
1512144420000 10091
1512144420000 10092
1512144420000 10092
1512144420000 10092
1512144420000 10092
1512144420000 10093
1512144420000 10093
1512144420000 10093
1512144420000 10093
1512144420000 10094
1512144420000 10094
1512144420000 10094
1512144420000 10094
1512144420000 10095
1512144420000 10095
1512144420000 10095
1512144420000 10095
1512144420000 10096
1512144420000 10096
1512144420000 10096
1512144420000 10096
1512144420000 10096
1512144420000 10097
1512144420000 10097
1512144420000 10097
1512144420000 10097
1512144420000 10098
1512144420000 10098
1512144420000 10100
1512144420000 10100
1512144420000 10101
1512144420000 10101
1512144420000 10101
1512144420000 10101
1512144420000 10102
1512144420000 10102
1512144420000 10102
1512144420000 10102
1512144420000 10103
1512144420000 10103
1512144420000 10103
1512144420000 10103
1512144420000 10103
1512144420000 10104
1512144420000 10104
1512144420000 10104
1512144420000 10104
1512144420000 10105
1512144420000 10105
1512144420000 10118
1512144420000 10118
1512144420000 10119
1512144420000 10119
1512144420000 10119
1512144420000 10120
1512144420000 10120
1512144420000 10120
1512144420000 10120
1512144420000 10121
1512144420000 10121
1512144420000 10121
1512144420000 10122
1512144420000 10122
1512144420000 10122
1512144420000 10123
1512144420000 10246
1512144420000 10246
1512144420000 10246
1512144420000 10246
1512144420000 10247
1512144420000 10247
1512144420000 10247
1512144420000 10247
1512144420000 10248
1512144420000 10248
1512144420000 10248
1512144420000 10248
1512144420000 10249
1512144420000 10249
1512144420000 10249
1512144420000 10249
1512144420000 10250
1512144430000 10076
1512144430000 10077
1512144430000 10077
1512144430000 10077
1512144430000 10078
1512144430000 10078
1512144430000 10078
1512144430000 10079
1512144430000 10079
1512144430000 10079
1512144430000 10080
1512144430000 10080
1512144430000 10080
1512144430000 10081
1512144430000 10081
1512144430000 10081
1512144430000 10081
1512144430000 10082
1512144430000 10082
1512144430000 10082
1512144430000 10082
1512144430000 10082
1512144430000 10082
1512144430000 10083
1512144430000 10083
1512144430000 10083
1512144430000 10084
1512144430000 10084
1512144430000 10084
1512144430000 10084
1512144430000 10085
1512144430000 10085
1512144430000 10085
1512144430000 10086
1512144430000 10086
1512144430000 10086
1512144430000 10087
1512144430000 10087
1512144430000 10087
1512144430000 10087
1512144430000 10087
1512144430000 10087
1512144430000 10087
1512144430000 10088
1512144430000 10088
1512144430000 10088
1512144430000 10088
1512144430000 10088
1512144430000 10088
1512144430000 10089
1512144430000 10089
1512144430000 10089
1512144430000 10089
1512144430000 10089
1512144430000 10089
1512144430000 10089
1512144430000 10090
1512144430000 10090
1512144430000 10090
1512144430000 10090
1512144430000 10090
1512144430000 10090
1512144430000 10090
1512144430000 10091
1512144430000 10091
1512144430000 10091
1512144430000 10091
1512144430000 10091
1512144430000 10091
1512144430000 10091
1512144430000 10092
1512144430000 10092
1512144430000 10092
1512144430000 10092
1512144430000 10092
1512144430000 10092
1512144430000 10092
1512144430000 10092
1512144430000 10093
1512144430000 10133
1512144430000 10133
1512144430000 10133
1512144430000 10134
1512144430000 10134
1512144430000 10134
1512144430000 10134
1512144430000 10135
1512144430000 10135
1512144430000 10135
1512144430000 10136
1512144430000 10136
1512144430000 10136
1512144430000 10136
1512144430000 10137
1512144430000 10137
1512144430000 10137
1512144430000 10137
1512144430000 10138
1512144430000 10138
1512144430000 10138
1512144440000 9270
1512144440000 9270
1512144440000 9270
1512144440000 9271
1512144440000 9271
1512144440000 9271
1512144440000 9271
1512144440000 9271
1512144440000 9271
1512144440000 9272
1512144440000 9272
1512144440000 9272
1512144440000 9272
1512144440000 9272
1512144440000 9272
1512144440000 9272
1512144440000 9272
1512144440000 9272
1512144440000 9272
1512144440000 9273
1512144440000 9273
1512144440000 9273
1512144440000 9273
1512144440000 9273
1512144440000 9273
1512144440000 9273
1512144440000 9273
1512144440000 9273
1512144440000 9273
1512144440000 9273
1512144440000 9274
1512144440000 9274
1512144440000 9274
1512144440000 9274
1512144440000 9274
1512144440000 9274
1512144440000 9274
1512144440000 9274
1512144440000 9274
1512144440000 9275
1512144440000 9275
1512144440000 9275
1512144440000 9275
1512144440000 9275
1512144440000 9275
1512144440000 9275
1512144440000 9275
1512144440000 9276
1512144440000 9276
1512144440000 9276
1512144440000 9276
1512144440000 9276
1512144440000 9276
1512144440000 9276
1512144440000 9293
1512144440000 9293
1512144440000 9293
1512144440000 9294
1512144440000 9294
1512144440000 9294
1512144440000 9294
1512144440000 9295
1512144440000 9295
1512144440000 9295
1512144440000 9295
1512144440000 9296
1512144440000 9296
1512144440000 9296
1512144440000 9296
1512144440000 9297
1512144440000 9297
1512144440000 9297
1512144440000 9297
1512144440000 9298
1512144440000 9298
1512144440000 9298
1512144440000 9298
1512144440000 9298
1512144440000 9299
1512144440000 9299
1512144440000 9333
1512144440000 9333
1512144440000 9333
1512144440000 9334
1512144440000 9334
1512144440000 9334
1512144440000 9335
1512144440000 9335
1512144440000 9336
1512144440000 9336
1512144440000 9336
1512144440000 9337
1512144440000 9337
1512144440000 9337
1512144440000 9338
1512144440000 9338
1512144440000 9339
1512144440000 9339
1512144440000 9339
1512144440000 9340
