1512143590000 10537
1512143590000 10537
1512143590000 10537
1512143590000 10538
1512143590000 10538
1512143590000 10538
1512143590000 10539
1512143590000 10539
1512143590000 10540
1512143590000 10540
1512143590000 10541
1512143590000 10541
1512143590000 10542
1512143590000 10542
1512143590000 10543
1512143590000 10543
1512143590000 10544
1512143590000 10544
1512143590000 10544
1512143590000 10545
1512143590000 10545
1512143590000 10546
1512143590000 10644
1512143590000 10644
1512143590000 10645
1512143590000 10646
1512143590000 10646
1512143590000 10646
1512143590000 10647
1512143590000 10647
1512143590000 10648
1512143590000 10648
1512143590000 10649
1512143590000 10649
1512143590000 10650
1512143590000 10650
1512143590000 10650
1512143590000 10651
1512143590000 10651
1512143590000 10652
1512143590000 10652
1512143590000 10659
1512143590000 10659
1512143590000 10660
1512143590000 10660
1512143590000 10660
1512143590000 10661
1512143590000 10661
1512143590000 10661
1512143590000 10662
1512143590000 10662
1512143590000 10662
1512143590000 10663
1512143590000 10663
1512143590000 10663
1512143590000 10664
1512143590000 10664
1512143590000 10664
1512143590000 10665
1512143590000 10766
1512143590000 10766
1512143590000 10767
1512143590000 10767
1512143590000 10768
1512143590000 10768
1512143590000 10769
1512143590000 10769
1512143590000 10770
1512143590000 10770
1512143590000 10771
1512143590000 10771
1512143590000 10772
1512143590000 10772
1512143590000 10773
1512143590000 10773
1512143590000 10774
1512143590000 10774
1512143590000 10775
1512143590000 10775
1512143590000 10776
1512143590000 10776
1512143590000 10777
1512143590000 10777
1512143590000 10778
1512143590000 10778
1512143590000 10779
1512143590000 10780
1512143590000 10780
1512143590000 10781
1512143590000 11357
1512143590000 11358
1512143590000 11358
1512143590000 11359
1512143590000 11360
1512143590000 11360
1512143590000 11361
1512143590000 11362
1512143590000 11362
1512143590000 11363
1512143590000 11363
1512143600000 10171
1512143600000 10172
1512143600000 10172
1512143600000 10173
1512143600000 10173
1512143600000 10174
1512143600000 10174
1512143600000 10174
1512143600000 10175
1512143600000 10175
1512143600000 10176
1512143600000 10176
1512143600000 10177
1512143600000 10177
1512143600000 10177
1512143600000 10178
1512143600000 10178
1512143600000 10250
1512143600000 10250
1512143600000 10251
1512143600000 10251
1512143600000 10251
1512143600000 10251
1512143600000 10252
1512143600000 10252
1512143600000 10252
1512143600000 10253
1512143600000 10253
1512143600000 10253
1512143600000 10253
1512143600000 10254
1512143600000 10256
1512143600000 10256
1512143600000 10257
1512143600000 10257
1512143600000 10263
1512143600000 10263
1512143600000 10263
1512143600000 10264
1512143600000 10264
1512143600000 10264
1512143600000 10264
1512143600000 10264
1512143600000 10264
1512143600000 10265
1512143600000 10265
1512143600000 10265
1512143600000 10265
1512143600000 10265
1512143600000 10265
1512143600000 10265
1512143600000 10266
1512143600000 10266
1512143600000 10266
1512143600000 10266
1512143600000 10266
1512143600000 10266
1512143600000 10266
1512143600000 10266
1512143600000 10267
1512143600000 10267
1512143600000 10267
1512143600000 10267
1512143600000 10267
1512143600000 10267
1512143600000 10267
1512143600000 10268
1512143600000 10268
1512143600000 10268
1512143600000 10268
1512143600000 10268
1512143600000 10268
1512143600000 10268
1512143600000 10268
1512143600000 10269
1512143600000 10269
1512143600000 10269
1512143600000 10269
1512143600000 10269
1512143600000 10269
1512143600000 10269
1512143600000 10270
1512143600000 10270
1512143600000 10270
1512143600000 10270
1512143600000 10270
1512143600000 10270
1512143600000 10270
1512143600000 10271
1512143600000 10271
1512143600000 10271
1512143600000 10271
1512143600000 10271
1512143600000 10272
1512143600000 10272
1512143600000 10273
1512143600000 10273
1512143600000 10273
1512143600000 10274
1512143600000 10274
1512143610000 10093
1512143610000 10093
1512143610000 10093
1512143610000 10094
1512143610000 10094
1512143610000 10095
1512143610000 10095
1512143610000 10096
1512143610000 10096
1512143610000 10097
1512143610000 10097
1512143610000 10097
1512143610000 10097
1512143610000 10097
1512143610000 10098
1512143610000 10098
1512143610000 10098
1512143610000 10098
1512143610000 10099
1512143610000 10099
1512143610000 10099
1512143610000 10099
1512143610000 10100
1512143610000 10100
1512143610000 10100
1512143610000 10100
1512143610000 10100
1512143610000 10100
1512143610000 10101
1512143610000 10101
1512143610000 10101
1512143610000 10101
1512143610000 10102
1512143610000 10102
1512143610000 10102
1512143610000 10102
1512143610000 10103
1512143610000 10103
1512143610000 10104
1512143610000 10104
1512143610000 10104
1512143610000 10105
1512143610000 10105
1512143610000 10248
1512143610000 10248
1512143610000 10249
1512143610000 10249
1512143610000 10249
1512143610000 10250
1512143610000 10250
1512143610000 10250
1512143610000 10251
1512143610000 10251
1512143610000 10251
1512143610000 10251
1512143610000 10251
1512143610000 10251
1512143610000 10252
1512143610000 10252
1512143610000 10252
1512143610000 10252
1512143610000 10252
1512143610000 10252
1512143610000 10252
1512143610000 10253
1512143610000 10253
1512143610000 10253
1512143610000 10253
1512143610000 10254
1512143610000 10254
1512143610000 10254
1512143610000 10254
1512143610000 10255
1512143610000 10255
1512143610000 10255
1512143610000 10256
1512143610000 10256
1512143610000 10256
1512143610000 10256
1512143610000 10257
1512143610000 10257
1512143610000 10257
1512143610000 10292
1512143610000 10292
1512143610000 10293
1512143610000 10293
1512143610000 10294
1512143610000 10294
1512143610000 10295
1512143610000 10295
1512143610000 10295
1512143610000 10296
1512143610000 10296
1512143610000 10297
1512143610000 10297
1512143610000 10298
1512143610000 10298
1512143610000 10299
1512143610000 10299
1512143610000 10300
1512143620000 10152
1512143620000 10153
1512143620000 10153
1512143620000 10154
1512143620000 10154
1512143620000 10155
1512143620000 10155
1512143620000 10155
1512143620000 10156
1512143620000 10156
1512143620000 10157
1512143620000 10157
1512143620000 10158
1512143620000 10158
1512143620000 10159
1512143620000 10159
1512143620000 10160
1512143620000 10160
1512143620000 10160
1512143620000 10253
1512143620000 10253
1512143620000 10254
1512143620000 10254
1512143620000 10254
1512143620000 10254
1512143620000 10255
1512143620000 10255
1512143620000 10255
1512143620000 10255
1512143620000 10255
1512143620000 10255
1512143620000 10255
1512143620000 10255
1512143620000 10256
1512143620000 10256
1512143620000 10256
1512143620000 10256
1512143620000 10256
1512143620000 10256
1512143620000 10256
1512143620000 10256
1512143620000 10256
1512143620000 10256
1512143620000 10257
1512143620000 10257
1512143620000 10257
1512143620000 10257
1512143620000 10257
1512143620000 10257
1512143620000 10257
1512143620000 10257
1512143620000 10257
1512143620000 10257
1512143620000 10257
1512143620000 10258
1512143620000 10258
1512143620000 10258
1512143620000 10258
1512143620000 10258
1512143620000 10258
1512143620000 10258
1512143620000 10258
1512143620000 10258
1512143620000 10258
1512143620000 10258
1512143620000 10259
1512143620000 10259
1512143620000 10259
1512143620000 10259
1512143620000 10259
1512143620000 10259
1512143620000 10259
1512143620000 10259
1512143620000 10259
1512143620000 10259
1512143620000 10260
1512143620000 10260
1512143620000 10260
1512143620000 10260
1512143620000 10260
1512143620000 10260
1512143620000 10260
1512143620000 10261
1512143620000 10261
1512143620000 10261
1512143620000 10261
1512143620000 10262
1512143620000 10262
1512143620000 10263
1512143620000 10263
1512143620000 10263
1512143620000 10264
1512143620000 10264
1512143620000 10265
1512143620000 10265
1512143620000 10266
1512143620000 10266
1512143620000 10266
1512143620000 10267
1512143620000 10267
1512143630000 10092
1512143630000 10092
1512143630000 10093
1512143630000 10093
1512143630000 10093
1512143630000 10093
1512143630000 10094
1512143630000 10094
1512143630000 10094
1512143630000 10094
1512143630000 10095
1512143630000 10095
1512143630000 10095
1512143630000 10095
1512143630000 10095
1512143630000 10096
1512143630000 10096
1512143630000 10096
1512143630000 10249
1512143630000 10250
1512143630000 10250
1512143630000 10250
1512143630000 10250
1512143630000 10250
1512143630000 10250
1512143630000 10250
1512143630000 10251
1512143630000 10251
1512143630000 10251
1512143630000 10251
1512143630000 10251
1512143630000 10251
1512143630000 10251
1512143630000 10251
1512143630000 10251
1512143630000 10251
1512143630000 10252
1512143630000 10252
1512143630000 10252
1512143630000 10252
1512143630000 10252
1512143630000 10252
1512143630000 10252
1512143630000 10252
1512143630000 10253
1512143630000 10253
1512143630000 10253
1512143630000 10253
1512143630000 10253
1512143630000 10253
1512143630000 10253
1512143630000 10253
1512143630000 10254
1512143630000 10254
1512143630000 10254
1512143630000 10254
1512143630000 10254
1512143630000 10254
1512143630000 10254
1512143630000 10254
1512143630000 10254
1512143630000 10255
1512143630000 10255
1512143630000 10255
1512143630000 10255
1512143630000 10255
1512143630000 10256
1512143630000 10256
1512143630000 10256
1512143630000 10256
1512143630000 10257
1512143630000 10309
1512143630000 10309
1512143630000 10310
1512143630000 10310
1512143630000 10310
1512143630000 10311
1512143630000 10311
1512143630000 10312
1512143630000 10312
1512143630000 10313
1512143630000 10313
1512143630000 10313
1512143630000 10314
1512143630000 10314
1512143630000 10315
1512143630000 10315
1512143630000 10316
1512143630000 10316
1512143630000 10316
1512143630000 10317
1512143630000 10317
1512143630000 10318
1512143630000 10318
1512143630000 10319
1512143630000 10319
1512143630000 10319
1512143630000 10320
1512143630000 10320
1512143630000 10321
1512143640000 10089
1512143640000 10089
1512143640000 10089
1512143640000 10090
1512143640000 10090
1512143640000 10090
1512143640000 10090
1512143640000 10090
1512143640000 10090
1512143640000 10090
1512143640000 10091
1512143640000 10091
1512143640000 10091
1512143640000 10091
1512143640000 10091
1512143640000 10091
1512143640000 10091
1512143640000 10092
1512143640000 10092
1512143640000 10092
1512143640000 10092
1512143640000 10092
1512143640000 10092
1512143640000 10093
1512143640000 10093
1512143640000 10093
1512143640000 10093
1512143640000 10093
1512143640000 10093
1512143640000 10093
1512143640000 10094
1512143640000 10094
1512143640000 10094
1512143640000 10094
1512143640000 10094
1512143640000 10094
1512143640000 10095
1512143640000 10095
1512143640000 10101
1512143640000 10102
1512143640000 10102
1512143640000 10102
1512143640000 10102
1512143640000 10103
1512143640000 10103
1512143640000 10103
1512143640000 10103
1512143640000 10104
1512143640000 10104
1512143640000 10104
1512143640000 10104
1512143640000 10104
1512143640000 10105
1512143640000 10105
1512143640000 10105
1512143640000 10105
1512143640000 10106
1512143640000 10106
1512143640000 10106
1512143640000 10106
1512143640000 10107
1512143640000 10168
1512143640000 10168
1512143640000 10169
1512143640000 10169
1512143640000 10169
1512143640000 10170
1512143640000 10170
1512143640000 10170
1512143640000 10171
1512143640000 10171
1512143640000 10171
1512143640000 10172
1512143640000 10172
1512143640000 10172
1512143640000 10173
1512143640000 10173
1512143640000 10173
1512143640000 10174
1512143640000 10174
1512143640000 10255
1512143640000 10255
1512143640000 10255
1512143640000 10255
1512143640000 10256
1512143640000 10256
1512143640000 10256
1512143640000 10256
1512143640000 10257
1512143640000 10257
1512143640000 10257
1512143640000 10257
1512143640000 10258
1512143640000 10258
1512143640000 10258
1512143640000 10258
1512143640000 10259
1512143640000 10259
1512143640000 10259
1512143640000 10259
1512143650000 10137
1512143650000 10138
1512143650000 10138
1512143650000 10139
1512143650000 10139
1512143650000 10139
1512143650000 10140
1512143650000 10140
1512143650000 10140
1512143650000 10141
1512143650000 10141
1512143650000 10141
1512143650000 10248
1512143650000 10248
1512143650000 10249
1512143650000 10249
1512143650000 10249
1512143650000 10250
1512143650000 10250
1512143650000 10250
1512143650000 10251
1512143650000 10251
1512143650000 10251
1512143650000 10251
1512143650000 10252
1512143650000 10252
1512143650000 10252
1512143650000 10252
1512143650000 10252
1512143650000 10252
1512143650000 10252
1512143650000 10253
1512143650000 10253
1512143650000 10253
1512143650000 10253
1512143650000 10253
1512143650000 10253
1512143650000 10253
1512143650000 10254
1512143650000 10254
1512143650000 10254
1512143650000 10254
1512143650000 10254
1512143650000 10254
1512143650000 10254
1512143650000 10254
1512143650000 10255
1512143650000 10255
1512143650000 10255
1512143650000 10255
1512143650000 10255
1512143650000 10256
1512143650000 10256
1512143650000 10256
1512143650000 10256
1512143650000 10257
1512143650000 10257
1512143650000 10257
1512143650000 10257
1512143650000 10258
1512143650000 10258
1512143650000 10258
1512143650000 10258
1512143650000 10259
1512143650000 10259
1512143650000 10259
1512143650000 10259
1512143650000 10259
1512143650000 10259
1512143650000 10259
1512143650000 10260
1512143650000 10260
1512143650000 10260
1512143650000 10260
1512143650000 10260
1512143650000 10260
1512143650000 10260
1512143650000 10260
1512143650000 10260
1512143650000 10261
1512143650000 10261
1512143650000 10261
1512143650000 10261
1512143650000 10261
1512143650000 10261
1512143650000 10262
1512143650000 10262
1512143650000 10262
1512143650000 10262
1512143650000 10262
1512143650000 10262
1512143650000 10262
1512143650000 10263
1512143650000 10263
1512143650000 10263
1512143650000 10263
1512143650000 10263
1512143650000 10263
1512143650000 10264
1512143650000 10264
1512143660000 10156
1512143660000 10157
1512143660000 10157
1512143660000 10158
1512143660000 10158
1512143660000 10159
1512143660000 10159
1512143660000 10159
1512143660000 10160
1512143660000 10160
1512143660000 10161
1512143660000 10161
1512143660000 10161
1512143660000 10162
1512143660000 10162
1512143660000 10162
1512143660000 10163
1512143660000 10163
1512143660000 10248
1512143660000 10248
1512143660000 10249
1512143660000 10249
1512143660000 10249
1512143660000 10249
1512143660000 10250
1512143660000 10250
1512143660000 10250
1512143660000 10250
1512143660000 10251
1512143660000 10251
1512143660000 10251
1512143660000 10251
1512143660000 10251
1512143660000 10252
1512143660000 10252
1512143660000 10252
1512143660000 10252
1512143660000 10252
1512143660000 10252
1512143660000 10253
1512143660000 10253
1512143660000 10253
1512143660000 10254
1512143660000 10254
1512143660000 10254
1512143660000 10255
1512143660000 10255
1512143660000 10255
1512143660000 10255
1512143660000 10255
1512143660000 10256
1512143660000 10256
1512143660000 10256
1512143660000 10256
1512143660000 10256
1512143660000 10256
1512143660000 10256
1512143660000 10257
1512143660000 10257
1512143660000 10257
1512143660000 10257
1512143660000 10257
1512143660000 10257
1512143660000 10257
1512143660000 10257
1512143660000 10257
1512143660000 10258
1512143660000 10258
1512143660000 10258
1512143660000 10258
1512143660000 10258
1512143660000 10258
1512143660000 10258
1512143660000 10258
1512143660000 10258
1512143660000 10259
1512143660000 10259
1512143660000 10259
1512143660000 10259
1512143660000 10259
1512143660000 10259
1512143660000 10259
1512143660000 10259
1512143660000 10260
1512143660000 10260
1512143660000 10260
1512143660000 10260
1512143660000 10260
1512143660000 10260
1512143660000 10260
1512143660000 10261
1512143660000 10261
1512143660000 10261
1512143660000 10261
1512143660000 10262
1512143660000 10262
1512143660000 10262
1512143660000 10263
1512143660000 10263
1512143660000 10263
1512143670000 10245
1512143670000 10246
1512143670000 10246
1512143670000 10246
1512143670000 10247
1512143670000 10247
1512143670000 10247
1512143670000 10247
1512143670000 10248
1512143670000 10248
1512143670000 10248
1512143670000 10248
1512143670000 10249
1512143670000 10249
1512143670000 10249
1512143670000 10249
1512143670000 10250
1512143670000 10253
1512143670000 10253
1512143670000 10253
1512143670000 10253
1512143670000 10254
1512143670000 10254
1512143670000 10254
1512143670000 10254
1512143670000 10254
1512143670000 10254
1512143670000 10254
1512143670000 10255
1512143670000 10255
1512143670000 10255
1512143670000 10255
1512143670000 10255
1512143670000 10255
1512143670000 10255
1512143670000 10255
1512143670000 10255
1512143670000 10255
1512143670000 10255
1512143670000 10255
1512143670000 10256
1512143670000 10256
1512143670000 10256
1512143670000 10256
1512143670000 10256
1512143670000 10256
1512143670000 10256
1512143670000 10256
1512143670000 10256
1512143670000 10256
1512143670000 10256
1512143670000 10256
1512143670000 10256
1512143670000 10257
1512143670000 10257
1512143670000 10257
1512143670000 10257
1512143670000 10257
1512143670000 10257
1512143670000 10257
1512143670000 10257
1512143670000 10257
1512143670000 10257
1512143670000 10257
1512143670000 10257
1512143670000 10258
1512143670000 10258
1512143670000 10258
1512143670000 10258
1512143670000 10258
1512143670000 10258
1512143670000 10258
1512143670000 10258
1512143670000 10258
1512143670000 10258
1512143670000 10258
1512143670000 10259
1512143670000 10259
1512143670000 10259
1512143670000 10297
1512143670000 10297
1512143670000 10298
1512143670000 10298
1512143670000 10298
1512143670000 10299
1512143670000 10299
1512143670000 10299
1512143670000 10300
1512143670000 10300
1512143670000 10301
1512143670000 10301
1512143670000 10301
1512143670000 10302
1512143670000 10302
1512143670000 10303
1512143670000 10303
1512143670000 10303
1512143670000 10303
1512143670000 10304
1512143670000 10304
1512143680000 10086
1512143680000 10086
1512143680000 10087
1512143680000 10087
1512143680000 10087
1512143680000 10087
1512143680000 10088
1512143680000 10088
1512143680000 10088
1512143680000 10089
1512143680000 10089
1512143680000 10089
1512143680000 10089
1512143680000 10090
1512143680000 10090
1512143680000 10090
1512143680000 10090
1512143680000 10091
1512143680000 10143
1512143680000 10143
1512143680000 10144
1512143680000 10144
1512143680000 10144
1512143680000 10145
1512143680000 10145
1512143680000 10145
1512143680000 10146
1512143680000 10146
1512143680000 10147
1512143680000 10147
1512143680000 10147
1512143680000 10148
1512143680000 10148
1512143680000 10149
1512143680000 10149
1512143680000 10149
1512143680000 10243
1512143680000 10244
1512143680000 10244
1512143680000 10244
1512143680000 10244
1512143680000 10244
1512143680000 10245
1512143680000 10245
1512143680000 10245
1512143680000 10245
1512143680000 10245
1512143680000 10245
1512143680000 10246
1512143680000 10246
1512143680000 10246
1512143680000 10246
1512143680000 10246
1512143680000 10246
1512143680000 10246
1512143680000 10246
1512143680000 10247
1512143680000 10247
1512143680000 10247
1512143680000 10247
1512143680000 10247
1512143680000 10247
1512143680000 10247
1512143680000 10247
1512143680000 10248
1512143680000 10248
1512143680000 10248
1512143680000 10248
1512143680000 10248
1512143680000 10265
1512143680000 10266
1512143680000 10266
1512143680000 10266
1512143680000 10266
1512143680000 10267
1512143680000 10267
1512143680000 10267
1512143680000 10267
1512143680000 10268
1512143680000 10268
1512143680000 10268
1512143680000 10269
1512143680000 10269
1512143680000 10269
1512143680000 10270
1512143680000 10270
1512143680000 10270
1512143680000 10271
1512143680000 10271
1512143680000 10271
1512143680000 10272
1512143680000 10272
1512143680000 10272
1512143680000 10273
1512143680000 10273
1512143680000 10273
1512143680000 10274
1512143680000 10274
1512143680000 10274
1512143680000 10275
1512143690000 10088
1512143690000 10089
1512143690000 10089
1512143690000 10089
1512143690000 10090
1512143690000 10090
1512143690000 10090
1512143690000 10091
1512143690000 10091
1512143690000 10091
1512143690000 10092
1512143690000 10092
1512143690000 10092
1512143690000 10093
1512143690000 10093
1512143690000 10093
1512143690000 10093
1512143690000 10093
1512143690000 10168
1512143690000 10168
1512143690000 10168
1512143690000 10169
1512143690000 10169
1512143690000 10170
1512143690000 10170
1512143690000 10170
1512143690000 10171
1512143690000 10171
1512143690000 10172
1512143690000 10172
1512143690000 10172
1512143690000 10173
1512143690000 10173
1512143690000 10174
1512143690000 10174
1512143690000 10174
1512143690000 10175
1512143690000 10175
1512143690000 10176
1512143690000 10176
1512143690000 10176
1512143690000 10177
1512143690000 10177
1512143690000 10178
1512143690000 10178
1512143690000 10243
1512143690000 10244
1512143690000 10244
1512143690000 10244
1512143690000 10245
1512143690000 10245
1512143690000 10245
1512143690000 10246
1512143690000 10246
1512143690000 10246
1512143690000 10246
1512143690000 10247
1512143690000 10247
1512143690000 10247
1512143690000 10249
1512143690000 10250
1512143690000 10250
1512143690000 10250
1512143690000 10250
1512143690000 10250
1512143690000 10251
1512143690000 10251
1512143690000 10251
1512143690000 10251
1512143690000 10252
1512143690000 10252
1512143690000 10252
1512143690000 10252
1512143690000 10253
1512143690000 10253
1512143690000 10253
1512143690000 10253
1512143690000 10253
1512143690000 10253
1512143690000 10253
1512143690000 10254
1512143690000 10254
1512143690000 10254
1512143690000 10254
1512143690000 10254
1512143690000 10254
1512143690000 10254
1512143690000 10254
1512143690000 10255
1512143690000 10255
1512143690000 10255
1512143690000 10255
1512143690000 10255
1512143690000 10255
1512143690000 10256
1512143690000 10256
1512143690000 10256
1512143690000 10257
1512143690000 10257
1512143690000 10257
1512143700000 10087
1512143700000 10088
1512143700000 10088
1512143700000 10088
1512143700000 10089
1512143700000 10089
1512143700000 10089
1512143700000 10090
1512143700000 10090
1512143700000 10090
1512143700000 10090
1512143700000 10091
1512143700000 10091
1512143700000 10091
1512143700000 10091
1512143700000 10091
1512143700000 10091
1512143700000 10091
1512143700000 10092
1512143700000 10092
1512143700000 10092
1512143700000 10092
1512143700000 10092
1512143700000 10092
1512143700000 10093
1512143700000 10093
1512143700000 10093
1512143700000 10093
1512143700000 10094
1512143700000 10094
1512143700000 10094
1512143700000 10095
1512143700000 10095
1512143700000 10095
1512143700000 10096
1512143700000 10099
1512143700000 10099
1512143700000 10099
1512143700000 10099
1512143700000 10100
1512143700000 10100
1512143700000 10100
1512143700000 10101
1512143700000 10101
1512143700000 10101
1512143700000 10101
1512143700000 10102
1512143700000 10102
1512143700000 10102
1512143700000 10103
1512143700000 10103
1512143700000 10103
1512143700000 10104
1512143700000 10104
1512143700000 10104
1512143700000 10105
1512143700000 10105
1512143700000 10105
1512143700000 10106
1512143700000 10106
1512143700000 10106
1512143700000 10107
1512143700000 10107
1512143700000 10107
1512143700000 10108
1512143700000 10108
1512143700000 10108
1512143700000 10246
1512143700000 10246
1512143700000 10246
1512143700000 10247
1512143700000 10247
1512143700000 10247
1512143700000 10247
1512143700000 10248
1512143700000 10248
1512143700000 10248
1512143700000 10248
1512143700000 10303
1512143700000 10304
1512143700000 10304
1512143700000 10304
1512143700000 10305
1512143700000 10305
1512143700000 10305
1512143700000 10306
1512143700000 10306
1512143700000 10306
1512143700000 10307
1512143700000 10307
1512143700000 10307
1512143700000 10308
1512143700000 10308
1512143700000 10308
1512143700000 10309
1512143700000 10309
1512143700000 10309
1512143700000 10310
1512143700000 10310
1512143700000 10310
1512143710000 10162
1512143710000 10162
1512143710000 10163
1512143710000 10163
1512143710000 10163
1512143710000 10164
1512143710000 10164
1512143710000 10165
1512143710000 10165
1512143710000 10165
1512143710000 10166
1512143710000 10166
1512143710000 10167
1512143710000 10167
1512143710000 10167
1512143710000 10168
1512143710000 10168
1512143710000 10169
1512143710000 10169
1512143710000 10169
1512143710000 10170
1512143710000 10170
1512143710000 10245
1512143710000 10245
1512143710000 10246
1512143710000 10246
1512143710000 10246
1512143710000 10246
1512143710000 10247
1512143710000 10247
1512143710000 10247
1512143710000 10247
1512143710000 10248
1512143710000 10248
1512143710000 10248
1512143710000 10249
1512143710000 10249
1512143710000 10249
1512143710000 10249
1512143710000 10250
1512143710000 10250
1512143710000 10250
1512143710000 10251
1512143710000 10251
1512143710000 10251
1512143710000 10251
1512143710000 10252
1512143710000 10252
1512143710000 10252
1512143710000 10252
1512143710000 10252
1512143710000 10252
1512143710000 10252
1512143710000 10252
1512143710000 10252
1512143710000 10253
1512143710000 10253
1512143710000 10253
1512143710000 10253
1512143710000 10253
1512143710000 10253
1512143710000 10253
1512143710000 10253
1512143710000 10253
1512143710000 10254
1512143710000 10254
1512143710000 10254
1512143710000 10254
1512143710000 10254
1512143710000 10254
1512143710000 10254
1512143710000 10255
1512143710000 10255
1512143710000 10255
1512143710000 10255
1512143710000 10255
1512143710000 10255
1512143710000 10255
1512143710000 10255
1512143710000 10255
1512143710000 10256
1512143710000 10256
1512143710000 10256
1512143710000 10256
1512143710000 10256
1512143710000 10256
1512143710000 10256
1512143710000 10256
1512143710000 10256
1512143710000 10257
1512143710000 10257
1512143710000 10257
1512143710000 10257
1512143710000 10257
1512143710000 10258
1512143710000 10258
1512143710000 10258
1512143710000 10258
1512143710000 10259
1512143710000 10259
1512143720000 10149
1512143720000 10149
1512143720000 10150
1512143720000 10150
1512143720000 10150
1512143720000 10151
1512143720000 10151
1512143720000 10152
1512143720000 10152
1512143720000 10152
1512143720000 10153
1512143720000 10153
1512143720000 10154
1512143720000 10154
1512143720000 10154
1512143720000 10155
1512143720000 10155
1512143720000 10156
1512143720000 10156
1512143720000 10156
1512143720000 10157
1512143720000 10237
1512143720000 10238
1512143720000 10238
1512143720000 10238
1512143720000 10238
1512143720000 10239
1512143720000 10239
1512143720000 10239
1512143720000 10239
1512143720000 10240
1512143720000 10253
1512143720000 10254
1512143720000 10254
1512143720000 10254
1512143720000 10255
1512143720000 10255
1512143720000 10255
1512143720000 10255
1512143720000 10256
1512143720000 10256
1512143720000 10256
1512143720000 10257
1512143720000 10257
1512143720000 10257
1512143720000 10257
1512143720000 10258
1512143720000 10258
1512143720000 10258
1512143720000 10258
1512143720000 10258
1512143720000 10258
1512143720000 10259
1512143720000 10259
1512143720000 10259
1512143720000 10259
1512143720000 10259
1512143720000 10259
1512143720000 10260
1512143720000 10260
1512143720000 10260
1512143720000 10260
1512143720000 10260
1512143720000 10261
1512143720000 10261
1512143720000 10261
1512143720000 10261
1512143720000 10261
1512143720000 10261
1512143720000 10262
1512143720000 10262
1512143720000 10262
1512143720000 10262
1512143720000 10262
1512143720000 10262
1512143720000 10262
1512143720000 10263
1512143720000 10263
1512143720000 10263
1512143720000 10263
1512143720000 10263
1512143720000 10263
1512143720000 10263
1512143720000 10263
1512143720000 10264
1512143720000 10264
1512143720000 10264
1512143720000 10264
1512143720000 10264
1512143720000 10264
1512143720000 10265
1512143720000 10265
1512143720000 10265
1512143720000 10265
1512143720000 10265
1512143720000 10265
1512143720000 10266
1512143720000 10266
1512143720000 10266
1512143720000 10266
1512143730000 10250
1512143730000 10251
1512143730000 10251
1512143730000 10251
1512143730000 10251
1512143730000 10251
1512143730000 10251
1512143730000 10252
1512143730000 10252
1512143730000 10252
1512143730000 10252
1512143730000 10252
1512143730000 10252
1512143730000 10252
1512143730000 10252
1512143730000 10253
1512143730000 10253
1512143730000 10253
1512143730000 10253
1512143730000 10253
1512143730000 10253
1512143730000 10253
1512143730000 10253
1512143730000 10253
1512143730000 10254
1512143730000 10254
1512143730000 10254
1512143730000 10254
1512143730000 10254
1512143730000 10254
1512143730000 10254
1512143730000 10254
1512143730000 10255
1512143730000 10255
1512143730000 10255
1512143730000 10255
1512143730000 10255
1512143730000 10255
1512143730000 10255
1512143730000 10255
1512143730000 10255
1512143730000 10256
1512143730000 10256
1512143730000 10256
1512143730000 10256
1512143730000 10256
1512143730000 10256
1512143730000 10256
1512143730000 10256
1512143730000 10257
1512143730000 10257
1512143730000 10257
1512143730000 10257
1512143730000 10257
1512143730000 10257
1512143730000 10257
1512143730000 10257
1512143730000 10257
1512143730000 10257
1512143730000 10257
1512143730000 10258
1512143730000 10258
1512143730000 10258
1512143730000 10258
1512143730000 10258
1512143730000 10258
1512143730000 10258
1512143730000 10258
1512143730000 10258
1512143730000 10258
1512143730000 10259
1512143730000 10259
1512143730000 10259
1512143730000 10259
1512143730000 10259
1512143730000 10259
1512143730000 10260
1512143730000 10260
1512143730000 10260
1512143730000 10306
1512143730000 10307
1512143730000 10307
1512143730000 10308
1512143730000 10308
1512143730000 10308
1512143730000 10309
1512143730000 10309
1512143730000 10309
1512143730000 10310
1512143730000 10310
1512143730000 10311
1512143730000 10311
1512143730000 10311
1512143730000 10312
1512143730000 10312
1512143730000 10313
1512143730000 10313
1512143730000 10313
1512143730000 10314
1512143730000 10314
1512143740000 10166
1512143740000 10166
1512143740000 10167
1512143740000 10167
1512143740000 10167
1512143740000 10168
1512143740000 10168
1512143740000 10168
1512143740000 10169
1512143740000 10169
1512143740000 10169
1512143740000 10170
1512143740000 10170
1512143740000 10170
1512143740000 10171
1512143740000 10171
1512143740000 10171
1512143740000 10172
1512143740000 10172
1512143740000 10172
1512143740000 10173
1512143740000 10173
1512143740000 10241
1512143740000 10241
1512143740000 10241
1512143740000 10241
1512143740000 10242
1512143740000 10242
1512143740000 10242
1512143740000 10242
1512143740000 10243
1512143740000 10243
1512143740000 10243
1512143740000 10243
1512143740000 10248
1512143740000 10248
1512143740000 10248
1512143740000 10248
1512143740000 10249
1512143740000 10249
1512143740000 10249
1512143740000 10249
1512143740000 10250
1512143740000 10250
1512143740000 10250
1512143740000 10250
1512143740000 10251
1512143740000 10251
1512143740000 10251
1512143740000 10262
1512143740000 10262
1512143740000 10263
1512143740000 10263
1512143740000 10263
1512143740000 10264
1512143740000 10264
1512143740000 10264
1512143740000 10265
1512143740000 10265
1512143740000 10266
1512143740000 10266
1512143740000 10267
1512143740000 10267
1512143740000 10267
1512143740000 10268
1512143740000 10268
1512143740000 10268
1512143740000 10269
1512143740000 10269
1512143740000 10269
1512143740000 10269
1512143740000 10269
1512143740000 10269
1512143740000 10270
1512143740000 10270
1512143740000 10270
1512143740000 10270
1512143740000 10270
1512143740000 10271
1512143740000 10271
1512143740000 10271
1512143740000 10271
1512143740000 10272
1512143740000 10272
1512143740000 10272
1512143740000 10273
1512143740000 10273
1512143740000 10273
1512143740000 10274
1512143740000 10274
1512143740000 10274
1512143740000 10275
1512143740000 10275
1512143740000 10275
1512143740000 10275
1512143740000 10276
1512143740000 10276
1512143740000 10276
1512143740000 10277
1512143740000 10277
1512143750000 10111
1512143750000 10111
1512143750000 10111
1512143750000 10112
1512143750000 10112
1512143750000 10112
1512143750000 10113
1512143750000 10113
1512143750000 10113
1512143750000 10114
1512143750000 10114
1512143750000 10114
1512143750000 10114
1512143750000 10115
1512143750000 10115
1512143750000 10115
1512143750000 10116
1512143750000 10116
1512143750000 10116
1512143750000 10116
1512143750000 10146
1512143750000 10146
1512143750000 10147
1512143750000 10147
1512143750000 10147
1512143750000 10148
1512143750000 10148
1512143750000 10149
1512143750000 10149
1512143750000 10149
1512143750000 10150
1512143750000 10150
1512143750000 10151
1512143750000 10151
1512143750000 10151
1512143750000 10152
1512143750000 10152
1512143750000 10153
1512143750000 10242
1512143750000 10242
1512143750000 10242
1512143750000 10243
1512143750000 10243
1512143750000 10243
1512143750000 10243
1512143750000 10244
1512143750000 10244
1512143750000 10244
1512143750000 10244
1512143750000 10245
1512143750000 10245
1512143750000 10245
1512143750000 10246
1512143750000 10246
1512143750000 10246
1512143750000 10247
1512143750000 10247
1512143750000 10247
1512143750000 10247
1512143750000 10248
1512143750000 10248
1512143750000 10248
1512143750000 10248
1512143750000 10249
1512143750000 10249
1512143750000 10249
1512143750000 10249
1512143750000 10250
1512143750000 10250
1512143750000 10250
1512143750000 10250
1512143750000 10251
1512143750000 10251
1512143750000 10251
1512143750000 10251
1512143750000 10252
1512143750000 10252
1512143750000 10252
1512143750000 10253
1512143750000 10253
1512143750000 10255
1512143750000 10255
1512143750000 10255
1512143750000 10255
1512143750000 10256
1512143750000 10256
1512143750000 10256
1512143750000 10256
1512143750000 10257
1512143750000 10257
1512143750000 10257
1512143750000 10257
1512143750000 10258
1512143750000 10258
1512143750000 10258
1512143750000 10258
1512143750000 10259
1512143750000 10259
1512143750000 10259
1512143750000 10259
1512143760000 10142
1512143760000 10143
1512143760000 10143
1512143760000 10143
1512143760000 10144
1512143760000 10144
1512143760000 10144
1512143760000 10145
1512143760000 10145
1512143760000 10145
1512143760000 10146
1512143760000 10146
1512143760000 10146
1512143760000 10147
1512143760000 10147
1512143760000 10147
1512143760000 10148
1512143760000 10148
1512143760000 10245
1512143760000 10246
1512143760000 10246
1512143760000 10246
1512143760000 10247
1512143760000 10247
1512143760000 10247
1512143760000 10248
1512143760000 10248
1512143760000 10248
1512143760000 10249
1512143760000 10249
1512143760000 10249
1512143760000 10249
1512143760000 10250
1512143760000 10250
1512143760000 10250
1512143760000 10250
1512143760000 10250
1512143760000 10250
1512143760000 10250
1512143760000 10251
1512143760000 10251
1512143760000 10251
1512143760000 10251
1512143760000 10251
1512143760000 10252
1512143760000 10252
1512143760000 10252
1512143760000 10252
1512143760000 10252
1512143760000 10253
1512143760000 10253
1512143760000 10253
1512143760000 10253
1512143760000 10254
1512143760000 10254
1512143760000 10254
1512143760000 10254
1512143760000 10255
1512143760000 10255
1512143760000 10255
1512143760000 10255
1512143760000 10256
1512143760000 10256
1512143760000 10256
1512143760000 10256
1512143760000 10257
1512143760000 10257
1512143760000 10257
1512143760000 10257
1512143760000 10258
1512143760000 10258
1512143760000 10258
1512143760000 10258
1512143760000 10259
1512143760000 10259
1512143760000 10259
1512143760000 10259
1512143760000 10259
1512143760000 10259
1512143760000 10259
1512143760000 10259
1512143760000 10260
1512143760000 10260
1512143760000 10260
1512143760000 10260
1512143760000 10260
1512143760000 10260
1512143760000 10260
1512143760000 10260
1512143760000 10261
1512143760000 10261
1512143760000 10261
1512143760000 10261
1512143760000 10262
1512143760000 10262
1512143760000 10262
1512143760000 10262
1512143760000 10262
1512143760000 10263
1512143760000 10263
1512143770000 10082
1512143770000 10082
1512143770000 10082
1512143770000 10082
1512143770000 10083
1512143770000 10083
1512143770000 10083
1512143770000 10083
1512143770000 10084
1512143770000 10084
1512143770000 10084
1512143770000 10084
1512143770000 10085
1512143770000 10085
1512143770000 10085
1512143770000 10085
1512143770000 10086
1512143770000 10086
1512143770000 10086
1512143770000 10088
1512143770000 10089
1512143770000 10089
1512143770000 10089
1512143770000 10090
1512143770000 10090
1512143770000 10090
1512143770000 10091
1512143770000 10091
1512143770000 10091
1512143770000 10092
1512143770000 10092
1512143770000 10092
1512143770000 10093
1512143770000 10093
1512143770000 10094
1512143770000 10094
1512143770000 10094
1512143770000 10250
1512143770000 10250
1512143770000 10251
1512143770000 10251
1512143770000 10251
1512143770000 10252
1512143770000 10252
1512143770000 10252
1512143770000 10252
1512143770000 10252
1512143770000 10253
1512143770000 10253
1512143770000 10253
1512143770000 10253
1512143770000 10253
1512143770000 10253
1512143770000 10253
1512143770000 10254
1512143770000 10254
1512143770000 10254
1512143770000 10254
1512143770000 10254
1512143770000 10254
1512143770000 10254
1512143770000 10254
1512143770000 10255
1512143770000 10255
1512143770000 10255
1512143770000 10255
1512143770000 10255
1512143770000 10255
1512143770000 10256
1512143770000 10256
1512143770000 10256
1512143770000 10257
1512143770000 10257
1512143770000 10257
1512143770000 10258
1512143770000 10258
1512143770000 10258
1512143770000 10259
1512143770000 10259
1512143770000 10259
1512143770000 10260
1512143770000 10293
1512143770000 10293
1512143770000 10294
1512143770000 10294
1512143770000 10295
1512143770000 10295
1512143770000 10295
1512143770000 10296
1512143770000 10296
1512143770000 10297
1512143770000 10297
1512143770000 10297
1512143770000 10298
1512143770000 10298
1512143770000 10299
1512143770000 10299
1512143770000 10299
1512143770000 10300
1512143770000 10300
1512143780000 10088
1512143780000 10088
1512143780000 10089
1512143780000 10089
1512143780000 10089
1512143780000 10089
1512143780000 10090
1512143780000 10090
1512143780000 10090
1512143780000 10091
1512143780000 10091
1512143780000 10091
1512143780000 10092
1512143780000 10092
1512143780000 10092
1512143780000 10092
1512143780000 10092
1512143780000 10092
1512143780000 10092
1512143780000 10093
1512143780000 10093
1512143780000 10093
1512143780000 10093
1512143780000 10093
1512143780000 10093
1512143780000 10094
1512143780000 10094
1512143780000 10094
1512143780000 10094
1512143780000 10094
1512143780000 10094
1512143780000 10094
1512143780000 10095
1512143780000 10095
1512143780000 10095
1512143780000 10096
1512143780000 10096
1512143780000 10096
1512143780000 10097
1512143780000 10097
1512143780000 10097
1512143780000 10098
1512143780000 10098
1512143780000 10122
1512143780000 10123
1512143780000 10123
1512143780000 10123
1512143780000 10124
1512143780000 10124
1512143780000 10124
1512143780000 10125
1512143780000 10125
1512143780000 10126
1512143780000 10126
1512143780000 10127
1512143780000 10127
1512143780000 10242
1512143780000 10243
1512143780000 10243
1512143780000 10243
1512143780000 10243
1512143780000 10244
1512143780000 10244
1512143780000 10244
1512143780000 10244
1512143780000 10245
1512143780000 10245
1512143780000 10246
1512143780000 10246
1512143780000 10246
1512143780000 10246
1512143780000 10247
1512143780000 10247
1512143780000 10247
1512143780000 10251
1512143780000 10251
1512143780000 10251
1512143780000 10252
1512143780000 10252
1512143780000 10252
1512143780000 10253
1512143780000 10253
1512143780000 10253
1512143780000 10254
1512143780000 10254
1512143780000 10254
1512143780000 10254
1512143780000 10255
1512143780000 10255
1512143780000 10255
1512143780000 10256
1512143780000 10256
1512143780000 10256
1512143780000 10256
1512143780000 10256
1512143780000 10257
1512143780000 10257
1512143780000 10257
1512143780000 10257
1512143780000 10258
1512143790000 10134
1512143790000 10135
1512143790000 10135
1512143790000 10136
1512143790000 10136
1512143790000 10137
1512143790000 10137
1512143790000 10137
1512143790000 10138
1512143790000 10138
1512143790000 10139
1512143790000 10139
1512143790000 10139
1512143790000 10140
1512143790000 10140
1512143790000 10141
1512143790000 10249
1512143790000 10250
1512143790000 10250
1512143790000 10250
1512143790000 10250
1512143790000 10251
1512143790000 10251
1512143790000 10251
1512143790000 10251
1512143790000 10251
1512143790000 10251
1512143790000 10251
1512143790000 10252
1512143790000 10252
1512143790000 10252
1512143790000 10252
1512143790000 10252
1512143790000 10253
1512143790000 10253
1512143790000 10253
1512143790000 10253
1512143790000 10253
1512143790000 10253
1512143790000 10253
1512143790000 10254
1512143790000 10254
1512143790000 10254
1512143790000 10254
1512143790000 10254
1512143790000 10254
1512143790000 10254
1512143790000 10255
1512143790000 10255
1512143790000 10255
1512143790000 10255
1512143790000 10256
1512143790000 10256
1512143790000 10256
1512143790000 10256
1512143790000 10256
1512143790000 10256
1512143790000 10256
1512143790000 10257
1512143790000 10257
1512143790000 10257
1512143790000 10258
1512143790000 10258
1512143790000 10258
1512143790000 10258
1512143790000 10259
1512143790000 10259
1512143790000 10259
1512143790000 10259
1512143790000 10259
1512143790000 10259
1512143790000 10259
1512143790000 10260
1512143790000 10260
1512143790000 10260
1512143790000 10260
1512143790000 10260
1512143790000 10260
1512143790000 10260
1512143790000 10261
1512143790000 10261
1512143790000 10261
1512143790000 10261
1512143790000 10261
1512143790000 10261
1512143790000 10261
1512143790000 10261
1512143790000 10262
1512143790000 10262
1512143790000 10262
1512143790000 10262
1512143790000 10262
1512143790000 10263
1512143790000 10263
1512143790000 10263
1512143790000 10263
1512143790000 10264
1512143790000 10264
1512143790000 10264
1512143790000 10265
1512143800000 10185
1512143800000 10185
1512143800000 10186
1512143800000 10186
1512143800000 10187
1512143800000 10187
1512143800000 10187
1512143800000 10188
1512143800000 10188
1512143800000 10189
1512143800000 10189
1512143800000 10189
1512143800000 10190
1512143800000 10190
1512143800000 10191
1512143800000 10191
1512143800000 10191
1512143800000 10192
1512143800000 10192
1512143800000 10193
1512143800000 10193
1512143800000 10193
1512143800000 10194
1512143800000 10194
1512143800000 10194
1512143800000 10195
1512143800000 10246
1512143800000 10247
1512143800000 10247
1512143800000 10247
1512143800000 10248
1512143800000 10248
1512143800000 10248
1512143800000 10248
1512143800000 10249
1512143800000 10249
1512143800000 10250
1512143800000 10250
1512143800000 10250
1512143800000 10251
1512143800000 10251
1512143800000 10251
1512143800000 10251
1512143800000 10252
1512143800000 10252
1512143800000 10252
1512143800000 10252
1512143800000 10252
1512143800000 10253
1512143800000 10253
1512143800000 10253
1512143800000 10254
1512143800000 10254
1512143800000 10254
1512143800000 10254
1512143800000 10255
1512143800000 10255
1512143800000 10255
1512143800000 10255
1512143800000 10256
1512143800000 10256
1512143800000 10256
1512143800000 10257
1512143800000 10257
1512143800000 10258
1512143800000 10259
1512143800000 10259
1512143800000 10259
1512143800000 10259
1512143800000 10259
1512143800000 10259
1512143800000 10260
1512143800000 10260
1512143800000 10260
1512143800000 10260
1512143800000 10260
1512143800000 10260
1512143800000 10260
1512143800000 10261
1512143800000 10261
1512143800000 10261
1512143800000 10261
1512143800000 10261
1512143800000 10261
1512143800000 10262
1512143800000 10262
1512143800000 10262
1512143800000 10263
1512143800000 10263
1512143800000 10263
1512143800000 10263
1512143800000 10264
1512143800000 10264
1512143800000 10264
1512143800000 10265
1512143800000 10265
1512143800000 10265
1512143800000 10265
1512143800000 10266
1512143800000 10266
1512143810000 10154
1512143810000 10154
1512143810000 10154
1512143810000 10155
1512143810000 10155
1512143810000 10155
1512143810000 10156
1512143810000 10156
1512143810000 10157
1512143810000 10157
1512143810000 10158
1512143810000 10158
1512143810000 10158
1512143810000 10159
1512143810000 10159
1512143810000 10160
1512143810000 10160
1512143810000 10160
1512143810000 10161
1512143810000 10161
1512143810000 10162
1512143810000 10244
1512143810000 10245
1512143810000 10245
1512143810000 10245
1512143810000 10246
1512143810000 10246
1512143810000 10246
1512143810000 10246
1512143810000 10247
1512143810000 10247
1512143810000 10247
1512143810000 10248
1512143810000 10248
1512143810000 10248
1512143810000 10248
1512143810000 10248
1512143810000 10248
1512143810000 10248
1512143810000 10249
1512143810000 10249
1512143810000 10249
1512143810000 10249
1512143810000 10249
1512143810000 10249
1512143810000 10249
1512143810000 10249
1512143810000 10250
1512143810000 10250
1512143810000 10250
1512143810000 10250
1512143810000 10250
1512143810000 10251
1512143810000 10251
1512143810000 10251
1512143810000 10251
1512143810000 10251
1512143810000 10251
1512143810000 10252
1512143810000 10252
1512143810000 10252
1512143810000 10252
1512143810000 10252
1512143810000 10253
1512143810000 10253
1512143810000 10253
1512143810000 10253
1512143810000 10254
1512143810000 10254
1512143810000 10254
1512143810000 10254
1512143810000 10255
1512143810000 10255
1512143810000 10255
1512143810000 10255
1512143810000 10256
1512143810000 10256
1512143810000 10256
1512143810000 10256
1512143810000 10257
1512143810000 10257
1512143810000 10260
1512143810000 10260
1512143810000 10261
1512143810000 10261
1512143810000 10261
1512143810000 10262
1512143810000 10262
1512143810000 10262
1512143810000 10263
1512143810000 10263
1512143810000 10263
1512143810000 10264
1512143810000 10264
1512143810000 10264
1512143810000 10265
1512143810000 10265
1512143810000 10265
1512143810000 10266
1512143810000 10266
1512143820000 10100
1512143820000 10100
1512143820000 10101
1512143820000 10101
1512143820000 10101
1512143820000 10101
1512143820000 10102
1512143820000 10102
1512143820000 10102
1512143820000 10103
1512143820000 10103
1512143820000 10103
1512143820000 10104
1512143820000 10104
1512143820000 10104
1512143820000 10104
1512143820000 10105
1512143820000 10105
1512143820000 10105
1512143820000 10106
1512143820000 10106
1512143820000 10106
1512143820000 10133
1512143820000 10134
1512143820000 10134
1512143820000 10134
1512143820000 10135
1512143820000 10135
1512143820000 10135
1512143820000 10136
1512143820000 10136
1512143820000 10136
1512143820000 10137
1512143820000 10137
1512143820000 10137
1512143820000 10137
1512143820000 10138
1512143820000 10138
1512143820000 10250
1512143820000 10250
1512143820000 10250
1512143820000 10251
1512143820000 10251
1512143820000 10251
1512143820000 10251
1512143820000 10252
1512143820000 10252
1512143820000 10252
1512143820000 10253
1512143820000 10253
1512143820000 10253
1512143820000 10253
1512143820000 10253
1512143820000 10253
1512143820000 10253
1512143820000 10253
1512143820000 10253
1512143820000 10253
1512143820000 10254
1512143820000 10254
1512143820000 10254
1512143820000 10254
1512143820000 10254
1512143820000 10254
1512143820000 10254
1512143820000 10254
1512143820000 10254
1512143820000 10254
1512143820000 10254
1512143820000 10255
1512143820000 10255
1512143820000 10255
1512143820000 10255
1512143820000 10255
1512143820000 10255
1512143820000 10255
1512143820000 10255
1512143820000 10255
1512143820000 10255
1512143820000 10255
1512143820000 10256
1512143820000 10256
1512143820000 10256
1512143820000 10256
1512143820000 10256
1512143820000 10256
1512143820000 10256
1512143820000 10256
1512143820000 10256
1512143820000 10256
1512143820000 10256
1512143820000 10257
1512143820000 10257
1512143820000 10257
1512143820000 10257
1512143820000 10257
1512143820000 10257
1512143820000 10257
1512143820000 10258
1512143820000 10258
1512143830000 10133
1512143830000 10133
1512143830000 10134
1512143830000 10134
1512143830000 10135
1512143830000 10135
1512143830000 10135
1512143830000 10136
1512143830000 10136
1512143830000 10137
1512143830000 10137
1512143830000 10137
1512143830000 10138
1512143830000 10253
1512143830000 10253
1512143830000 10253
1512143830000 10253
1512143830000 10253
1512143830000 10253
1512143830000 10253
1512143830000 10254
1512143830000 10254
1512143830000 10254
1512143830000 10254
1512143830000 10254
1512143830000 10254
1512143830000 10254
1512143830000 10254
1512143830000 10254
1512143830000 10254
1512143830000 10254
1512143830000 10255
1512143830000 10255
1512143830000 10255
1512143830000 10255
1512143830000 10255
1512143830000 10255
1512143830000 10255
1512143830000 10255
1512143830000 10255
1512143830000 10255
1512143830000 10255
1512143830000 10256
1512143830000 10256
1512143830000 10256
1512143830000 10256
1512143830000 10256
1512143830000 10256
1512143830000 10256
1512143830000 10256
1512143830000 10256
1512143830000 10256
1512143830000 10257
1512143830000 10257
1512143830000 10257
1512143830000 10257
1512143830000 10257
1512143830000 10257
1512143830000 10257
1512143830000 10257
1512143830000 10257
1512143830000 10257
1512143830000 10258
1512143830000 10258
1512143830000 10258
1512143830000 10258
1512143830000 10258
1512143830000 10258
1512143830000 10258
1512143830000 10258
1512143830000 10259
1512143830000 10259
1512143830000 10259
1512143830000 10259
1512143830000 10267
1512143830000 10268
1512143830000 10268
1512143830000 10268
1512143830000 10268
1512143830000 10269
1512143830000 10269
1512143830000 10269
1512143830000 10269
1512143830000 10270
1512143830000 10270
1512143830000 10270
1512143830000 10270
1512143830000 10271
1512143830000 10271
1512143830000 10271
1512143830000 10271
1512143830000 10272
1512143830000 10272
1512143830000 10272
1512143830000 10272
1512143830000 10273
1512143830000 10273
1512143830000 10273
1512143830000 10273
1512143830000 10274
1512143840000 10149
1512143840000 10150
1512143840000 10150
1512143840000 10150
1512143840000 10151
1512143840000 10151
1512143840000 10152
1512143840000 10152
1512143840000 10153
1512143840000 10153
1512143840000 10153
1512143840000 10154
1512143840000 10154
1512143840000 10154
1512143840000 10155
1512143840000 10155
1512143840000 10156
1512143840000 10156
1512143840000 10156
1512143840000 10157
1512143840000 10157
1512143840000 10158
1512143840000 10244
1512143840000 10245
1512143840000 10245
1512143840000 10245
1512143840000 10245
1512143840000 10246
1512143840000 10246
1512143840000 10246
1512143840000 10246
1512143840000 10246
1512143840000 10246
1512143840000 10246
1512143840000 10247
1512143840000 10247
1512143840000 10247
1512143840000 10247
1512143840000 10247
1512143840000 10247
1512143840000 10247
1512143840000 10247
1512143840000 10248
1512143840000 10248
1512143840000 10248
1512143840000 10248
1512143840000 10248
1512143840000 10248
1512143840000 10248
1512143840000 10248
1512143840000 10249
1512143840000 10249
1512143840000 10249
1512143840000 10249
1512143840000 10250
1512143840000 10250
1512143840000 10250
1512143840000 10250
1512143840000 10251
1512143840000 10251
1512143840000 10254
1512143840000 10255
1512143840000 10255
1512143840000 10255
1512143840000 10255
1512143840000 10256
1512143840000 10256
1512143840000 10256
1512143840000 10256
1512143840000 10257
1512143840000 10257
1512143840000 10257
1512143840000 10257
1512143840000 10258
1512143840000 10258
1512143840000 10258
1512143840000 10258
1512143840000 10258
1512143840000 10258
1512143840000 10258
1512143840000 10259
1512143840000 10259
1512143840000 10259
1512143840000 10259
1512143840000 10259
1512143840000 10259
1512143840000 10259
1512143840000 10260
1512143840000 10260
1512143840000 10260
1512143840000 10260
1512143840000 10261
1512143840000 10261
1512143840000 10261
1512143840000 10261
1512143840000 10261
1512143840000 10262
1512143840000 10262
1512143840000 10262
1512143840000 10262
1512143850000 10169
1512143850000 10170
1512143850000 10170
1512143850000 10170
1512143850000 10171
1512143850000 10171
1512143850000 10171
1512143850000 10172
1512143850000 10172
1512143850000 10172
1512143850000 10173
1512143850000 10173
1512143850000 10173
1512143850000 10174
1512143850000 10174
1512143850000 10175
1512143850000 10175
1512143850000 10175
1512143850000 10176
1512143850000 10176
1512143850000 10177
1512143850000 10177
1512143850000 10177
1512143850000 10178
1512143850000 10178
1512143850000 10248
1512143850000 10248
1512143850000 10249
1512143850000 10249
1512143850000 10249
1512143850000 10249
1512143850000 10250
1512143850000 10250
1512143850000 10250
1512143850000 10250
1512143850000 10250
1512143850000 10250
1512143850000 10250
1512143850000 10251
1512143850000 10251
1512143850000 10251
1512143850000 10251
1512143850000 10251
1512143850000 10251
1512143850000 10251
1512143850000 10252
1512143850000 10252
1512143850000 10252
1512143850000 10252
1512143850000 10252
1512143850000 10253
1512143850000 10253
1512143850000 10253
1512143850000 10253
1512143850000 10253
1512143850000 10253
1512143850000 10253
1512143850000 10253
1512143850000 10254
1512143850000 10254
1512143850000 10254
1512143850000 10254
1512143850000 10254
1512143850000 10254
1512143850000 10254
1512143850000 10254
1512143850000 10254
1512143850000 10254
1512143850000 10254
1512143850000 10254
1512143850000 10255
1512143850000 10255
1512143850000 10255
1512143850000 10255
1512143850000 10255
1512143850000 10255
1512143850000 10255
1512143850000 10255
1512143850000 10255
1512143850000 10256
1512143850000 10256
1512143850000 10256
1512143850000 10256
1512143850000 10256
1512143850000 10257
1512143850000 10257
1512143850000 10257
1512143850000 10257
1512143850000 10258
1512143850000 10258
1512143850000 10258
1512143850000 10258
1512143850000 10259
1512143850000 10259
1512143850000 10259
1512143850000 10259
1512143850000 10260
1512143850000 10260
1512143850000 10260
1512143850000 10260
1512143860000 10090
1512143860000 10091
1512143860000 10091
1512143860000 10091
1512143860000 10092
1512143860000 10092
1512143860000 10092
1512143860000 10093
1512143860000 10093
1512143860000 10093
1512143860000 10094
1512143860000 10094
1512143860000 10094
1512143860000 10094
1512143860000 10095
1512143860000 10095
1512143860000 10095
1512143860000 10096
1512143860000 10096
1512143860000 10096
1512143860000 10097
1512143860000 10097
1512143860000 10097
1512143860000 10098
1512143860000 10098
1512143860000 10248
1512143860000 10248
1512143860000 10248
1512143860000 10248
1512143860000 10249
1512143860000 10249
1512143860000 10249
1512143860000 10250
1512143860000 10250
1512143860000 10250
1512143860000 10250
1512143860000 10251
1512143860000 10251
1512143860000 10251
1512143860000 10251
1512143860000 10253
1512143860000 10254
1512143860000 10254
1512143860000 10254
1512143860000 10254
1512143860000 10254
1512143860000 10255
1512143860000 10255
1512143860000 10255
1512143860000 10255
1512143860000 10255
1512143860000 10255
1512143860000 10255
1512143860000 10256
1512143860000 10256
1512143860000 10256
1512143860000 10256
1512143860000 10256
1512143860000 10256
1512143860000 10256
1512143860000 10256
1512143860000 10256
1512143860000 10257
1512143860000 10257
1512143860000 10257
1512143860000 10257
1512143860000 10257
1512143860000 10257
1512143860000 10257
1512143860000 10257
1512143860000 10258
1512143860000 10258
1512143860000 10258
1512143860000 10258
1512143860000 10258
1512143860000 10259
1512143860000 10259
1512143860000 10259
1512143860000 10259
1512143860000 10260
1512143860000 10260
1512143860000 10260
1512143860000 10260
1512143860000 10261
1512143860000 10261
1512143860000 10283
1512143860000 10283
1512143860000 10284
1512143860000 10284
1512143860000 10284
1512143860000 10284
1512143860000 10285
1512143860000 10285
1512143860000 10285
1512143860000 10286
1512143860000 10286
1512143860000 10286
1512143860000 10287
1512143860000 10287
1512143860000 10287
1512143870000 10111
1512143870000 10111
1512143870000 10112
1512143870000 10112
1512143870000 10112
1512143870000 10113
1512143870000 10113
1512143870000 10113
1512143870000 10114
1512143870000 10114
1512143870000 10114
1512143870000 10114
1512143870000 10115
1512143870000 10115
1512143870000 10115
1512143870000 10116
1512143870000 10116
1512143870000 10116
1512143870000 10117
1512143870000 10117
1512143870000 10117
1512143870000 10164
1512143870000 10165
1512143870000 10165
1512143870000 10166
1512143870000 10166
1512143870000 10166
1512143870000 10167
1512143870000 10167
1512143870000 10167
1512143870000 10168
1512143870000 10168
1512143870000 10168
1512143870000 10169
1512143870000 10169
1512143870000 10169
1512143870000 10170
1512143870000 10170
1512143870000 10170
1512143870000 10171
1512143870000 10171
1512143870000 10171
1512143870000 10172
1512143870000 10172
1512143870000 10172
1512143870000 10173
1512143870000 10240
1512143870000 10240
1512143870000 10241
1512143870000 10241
1512143870000 10241
1512143870000 10242
1512143870000 10242
1512143870000 10242
1512143870000 10243
1512143870000 10243
1512143870000 10244
1512143870000 10244
1512143870000 10244
1512143870000 10244
1512143870000 10245
1512143870000 10245
1512143870000 10245
1512143870000 10245
1512143870000 10245
1512143870000 10246
1512143870000 10246
1512143870000 10246
1512143870000 10246
1512143870000 10246
1512143870000 10247
1512143870000 10247
1512143870000 10247
1512143870000 10247
1512143870000 10247
1512143870000 10247
1512143870000 10248
1512143870000 10248
1512143870000 10248
1512143870000 10249
1512143870000 10249
1512143870000 10249
1512143870000 10249
1512143870000 10250
1512143870000 10250
1512143870000 10250
1512143870000 10252
1512143870000 10253
1512143870000 10253
1512143870000 10253
1512143870000 10253
1512143870000 10254
1512143870000 10254
1512143870000 10254
1512143870000 10254
1512143870000 10255
1512143870000 10255
1512143870000 10255
1512143870000 10255
1512143870000 10256
1512143880000 10084
1512143880000 10084
1512143880000 10084
1512143880000 10085
1512143880000 10085
1512143880000 10085
1512143880000 10085
1512143880000 10086
1512143880000 10086
1512143880000 10086
1512143880000 10086
1512143880000 10087
1512143880000 10087
1512143880000 10146
1512143880000 10146
1512143880000 10147
1512143880000 10147
1512143880000 10147
1512143880000 10148
1512143880000 10148
1512143880000 10148
1512143880000 10149
1512143880000 10149
1512143880000 10149
1512143880000 10149
1512143880000 10150
1512143880000 10150
1512143880000 10150
1512143880000 10150
1512143880000 10151
1512143880000 10151
1512143880000 10151
1512143880000 10151
1512143880000 10247
1512143880000 10247
1512143880000 10247
1512143880000 10247
1512143880000 10248
1512143880000 10248
1512143880000 10248
1512143880000 10248
1512143880000 10249
1512143880000 10249
1512143880000 10249
1512143880000 10250
1512143880000 10250
1512143880000 10250
1512143880000 10250
1512143880000 10251
1512143880000 10251
1512143880000 10251
1512143880000 10251
1512143880000 10253
1512143880000 10253
1512143880000 10253
1512143880000 10254
1512143880000 10254
1512143880000 10254
1512143880000 10254
1512143880000 10254
1512143880000 10255
1512143880000 10255
1512143880000 10255
1512143880000 10255
1512143880000 10255
1512143880000 10255
1512143880000 10255
1512143880000 10256
1512143880000 10256
1512143880000 10256
1512143880000 10256
1512143880000 10256
1512143880000 10256
1512143880000 10256
1512143880000 10257
1512143880000 10257
1512143880000 10257
1512143880000 10257
1512143880000 10257
1512143880000 10257
1512143880000 10257
1512143880000 10257
1512143880000 10258
1512143880000 10258
1512143880000 10258
1512143880000 10258
1512143880000 10258
1512143880000 10258
1512143880000 10258
1512143880000 10258
1512143880000 10259
1512143880000 10259
1512143880000 10259
1512143880000 10259
1512143880000 10259
1512143880000 10260
1512143880000 10260
1512143880000 10260
1512143880000 10261
1512143880000 10261
1512143890000 10145
1512143890000 10145
1512143890000 10146
1512143890000 10146
1512143890000 10146
1512143890000 10147
1512143890000 10147
1512143890000 10147
1512143890000 10148
1512143890000 10148
1512143890000 10148
1512143890000 10149
1512143890000 10149
1512143890000 10149
1512143890000 10149
1512143890000 10150
1512143890000 10150
1512143890000 10150
1512143890000 10151
1512143890000 10151
1512143890000 10151
1512143890000 10250
1512143890000 10250
1512143890000 10250
1512143890000 10251
1512143890000 10251
1512143890000 10251
1512143890000 10251
1512143890000 10252
1512143890000 10252
1512143890000 10252
1512143890000 10252
1512143890000 10253
1512143890000 10253
1512143890000 10253
1512143890000 10253
1512143890000 10253
1512143890000 10253
1512143890000 10254
1512143890000 10254
1512143890000 10254
1512143890000 10254
1512143890000 10254
1512143890000 10254
1512143890000 10255
1512143890000 10255
1512143890000 10255
1512143890000 10255
1512143890000 10255
1512143890000 10255
1512143890000 10255
1512143890000 10255
1512143890000 10256
1512143890000 10256
1512143890000 10256
1512143890000 10256
1512143890000 10256
1512143890000 10256
1512143890000 10256
1512143890000 10256
1512143890000 10256
1512143890000 10256
1512143890000 10256
1512143890000 10257
1512143890000 10257
1512143890000 10257
1512143890000 10257
1512143890000 10257
1512143890000 10257
1512143890000 10257
1512143890000 10257
1512143890000 10257
1512143890000 10257
1512143890000 10258
1512143890000 10258
1512143890000 10258
1512143890000 10258
1512143890000 10258
1512143890000 10258
1512143890000 10258
1512143890000 10258
1512143890000 10258
1512143890000 10259
1512143890000 10259
1512143890000 10259
1512143890000 10259
1512143890000 10259
1512143890000 10265
1512143890000 10265
1512143890000 10266
1512143890000 10266
1512143890000 10266
1512143890000 10267
1512143890000 10267
1512143890000 10267
1512143890000 10268
1512143890000 10268
1512143890000 10268
1512143890000 10269
1512143890000 10269
1512143900000 10139
1512143900000 10140
1512143900000 10140
1512143900000 10140
1512143900000 10141
1512143900000 10141
1512143900000 10141
1512143900000 10142
1512143900000 10142
1512143900000 10142
1512143900000 10143
1512143900000 10143
1512143900000 10143
1512143900000 10144
1512143900000 10144
1512143900000 10144
1512143900000 10145
1512143900000 10145
1512143900000 10239
1512143900000 10240
1512143900000 10240
1512143900000 10240
1512143900000 10241
1512143900000 10241
1512143900000 10241
1512143900000 10242
1512143900000 10242
1512143900000 10242
1512143900000 10243
1512143900000 10243
1512143900000 10243
1512143900000 10243
1512143900000 10244
1512143900000 10244
1512143900000 10244
1512143900000 10245
1512143900000 10245
1512143900000 10247
1512143900000 10247
1512143900000 10248
1512143900000 10248
1512143900000 10248
1512143900000 10248
1512143900000 10249
1512143900000 10249
1512143900000 10249
1512143900000 10250
1512143900000 10250
1512143900000 10250
1512143900000 10251
1512143900000 10251
1512143900000 10251
1512143900000 10252
1512143900000 10252
1512143900000 10252
1512143900000 10253
1512143900000 10253
1512143900000 10253
1512143900000 10254
1512143900000 10254
1512143900000 10255
1512143900000 10255
1512143900000 10255
1512143900000 10255
1512143900000 10256
1512143900000 10256
1512143900000 10256
1512143900000 10256
1512143900000 10256
1512143900000 10256
1512143900000 10257
1512143900000 10257
1512143900000 10257
1512143900000 10257
1512143900000 10257
1512143900000 10257
1512143900000 10257
1512143900000 10257
1512143900000 10258
1512143900000 10258
1512143900000 10258
1512143900000 10258
1512143900000 10258
1512143900000 10258
1512143900000 10258
1512143900000 10259
1512143900000 10259
1512143900000 10259
1512143900000 10259
1512143900000 10259
1512143900000 10259
1512143900000 10259
1512143900000 10259
1512143900000 10260
1512143900000 10260
1512143900000 10260
1512143900000 10260
1512143900000 10260
1512143900000 10261
1512143900000 10261
1512143910000 10078
1512143910000 10079
1512143910000 10079
1512143910000 10079
1512143910000 10080
1512143910000 10080
1512143910000 10080
1512143910000 10081
1512143910000 10081
1512143910000 10082
1512143910000 10082
1512143910000 10082
1512143910000 10083
1512143910000 10083
1512143910000 10083
1512143910000 10084
1512143910000 10084
1512143910000 10084
1512143910000 10091
1512143910000 10091
1512143910000 10091
1512143910000 10091
1512143910000 10092
1512143910000 10092
1512143910000 10092
1512143910000 10092
1512143910000 10092
1512143910000 10092
1512143910000 10093
1512143910000 10093
1512143910000 10093
1512143910000 10093
1512143910000 10093
1512143910000 10093
1512143910000 10094
1512143910000 10094
1512143910000 10094
1512143910000 10094
1512143910000 10094
1512143910000 10094
1512143910000 10095
1512143910000 10095
1512143910000 10095
1512143910000 10095
1512143910000 10095
1512143910000 10095
1512143910000 10096
1512143910000 10096
1512143910000 10096
1512143910000 10096
1512143910000 10096
1512143910000 10096
1512143910000 10097
1512143910000 10097
1512143910000 10097
1512143910000 10097
1512143910000 10097
1512143910000 10097
1512143910000 10098
1512143910000 10098
1512143910000 10098
1512143910000 10098
1512143910000 10099
1512143910000 10099
1512143910000 10099
1512143910000 10100
1512143910000 10100
1512143910000 10248
1512143910000 10249
1512143910000 10249
1512143910000 10249
1512143910000 10249
1512143910000 10250
1512143910000 10250
1512143910000 10250
1512143910000 10251
1512143910000 10251
1512143910000 10251
1512143910000 10252
1512143910000 10252
1512143910000 10252
1512143910000 10252
1512143910000 10296
1512143910000 10296
1512143910000 10296
1512143910000 10297
1512143910000 10297
1512143910000 10297
1512143910000 10297
1512143910000 10298
1512143910000 10298
1512143910000 10299
1512143910000 10299
1512143910000 10299
1512143910000 10300
1512143910000 10300
1512143910000 10300
1512143910000 10301
1512143910000 10301
1512143910000 10301
1512143920000 10135
1512143920000 10135
1512143920000 10136
1512143920000 10136
1512143920000 10136
1512143920000 10137
1512143920000 10137
1512143920000 10137
1512143920000 10138
1512143920000 10138
1512143920000 10138
1512143920000 10139
1512143920000 10139
1512143920000 10139
1512143920000 10140
1512143920000 10140
1512143920000 10140
1512143920000 10244
1512143920000 10244
1512143920000 10244
1512143920000 10245
1512143920000 10245
1512143920000 10246
1512143920000 10246
1512143920000 10246
1512143920000 10247
1512143920000 10247
1512143920000 10247
1512143920000 10248
1512143920000 10248
1512143920000 10248
1512143920000 10248
1512143920000 10249
1512143920000 10249
1512143920000 10249
1512143920000 10249
1512143920000 10249
1512143920000 10250
1512143920000 10250
1512143920000 10250
1512143920000 10250
1512143920000 10250
1512143920000 10250
1512143920000 10250
1512143920000 10250
1512143920000 10250
1512143920000 10251
1512143920000 10251
1512143920000 10251
1512143920000 10251
1512143920000 10251
1512143920000 10251
1512143920000 10251
1512143920000 10252
1512143920000 10252
1512143920000 10252
1512143920000 10252
1512143920000 10252
1512143920000 10252
1512143920000 10252
1512143920000 10253
1512143920000 10253
1512143920000 10253
1512143920000 10253
1512143920000 10253
1512143920000 10253
1512143920000 10253
1512143920000 10254
1512143920000 10254
1512143920000 10254
1512143920000 10254
1512143920000 10254
1512143920000 10254
1512143920000 10254
1512143920000 10255
1512143920000 10255
1512143920000 10255
1512143920000 10255
1512143920000 10256
1512143920000 10261
1512143920000 10261
1512143920000 10261
1512143920000 10262
1512143920000 10262
1512143920000 10262
1512143920000 10263
1512143920000 10263
1512143920000 10263
1512143920000 10264
1512143920000 10264
1512143920000 10264
1512143920000 10265
1512143920000 10265
1512143920000 10265
1512143920000 10266
1512143920000 10266
1512143920000 10266
1512143920000 10267
1512143920000 10267
1512143920000 10267
1512143930000 10198
1512143930000 10198
1512143930000 10199
1512143930000 10199
1512143930000 10199
1512143930000 10200
1512143930000 10200
1512143930000 10201
1512143930000 10201
1512143930000 10202
1512143930000 10202
1512143930000 10202
1512143930000 10203
1512143930000 10203
1512143930000 10203
1512143930000 10204
1512143930000 10204
1512143930000 10205
1512143930000 10205
1512143930000 10206
1512143930000 10206
1512143930000 10207
1512143930000 10207
1512143930000 10208
1512143930000 10208
1512143930000 10209
1512143930000 10209
1512143930000 10210
1512143930000 10210
1512143930000 10210
1512143930000 10211
1512143930000 10239
1512143930000 10240
1512143930000 10240
1512143930000 10240
1512143930000 10240
1512143930000 10241
1512143930000 10241
1512143930000 10241
1512143930000 10242
1512143930000 10242
1512143930000 10242
1512143930000 10243
1512143930000 10243
1512143930000 10243
1512143930000 10243
1512143930000 10244
1512143930000 10248
1512143930000 10248
1512143930000 10249
1512143930000 10249
1512143930000 10249
1512143930000 10250
1512143930000 10250
1512143930000 10250
1512143930000 10250
1512143930000 10251
1512143930000 10251
1512143930000 10251
1512143930000 10252
1512143930000 10252
1512143930000 10252
1512143930000 10252
1512143930000 10253
1512143930000 10253
1512143930000 10253
1512143930000 10253
1512143930000 10253
1512143930000 10253
1512143930000 10254
1512143930000 10254
1512143930000 10254
1512143930000 10254
1512143930000 10255
1512143930000 10255
1512143930000 10255
1512143930000 10256
1512143930000 10256
1512143930000 10256
1512143930000 10257
1512143930000 10257
1512143930000 10257
1512143930000 10258
1512143930000 10258
1512143930000 10258
1512143930000 10258
1512143930000 10259
1512143930000 10284
1512143930000 10285
1512143930000 10285
1512143930000 10285
1512143930000 10285
1512143930000 10286
1512143930000 10286
1512143930000 10286
1512143930000 10287
1512143930000 10287
1512143930000 10287
1512143930000 10287
1512143930000 10288
1512143940000 10087
1512143940000 10087
1512143940000 10088
1512143940000 10088
1512143940000 10088
1512143940000 10089
1512143940000 10089
1512143940000 10089
1512143940000 10089
1512143940000 10090
1512143940000 10090
1512143940000 10090
1512143940000 10090
1512143940000 10091
1512143940000 10091
1512143940000 10091
1512143940000 10091
1512143940000 10091
1512143940000 10165
1512143940000 10165
1512143940000 10165
1512143940000 10166
1512143940000 10166
1512143940000 10166
1512143940000 10167
1512143940000 10167
1512143940000 10167
1512143940000 10168
1512143940000 10168
1512143940000 10168
1512143940000 10168
1512143940000 10169
1512143940000 10169
1512143940000 10169
1512143940000 10169
1512143940000 10170
1512143940000 10170
1512143940000 10170
1512143940000 10170
1512143940000 10171
1512143940000 10171
1512143940000 10171
1512143940000 10171
1512143940000 10172
1512143940000 10172
1512143940000 10243
1512143940000 10243
1512143940000 10243
1512143940000 10243
1512143940000 10244
1512143940000 10244
1512143940000 10244
1512143940000 10244
1512143940000 10245
1512143940000 10245
1512143940000 10245
1512143940000 10245
1512143940000 10246
1512143940000 10246
1512143940000 10246
1512143940000 10246
1512143940000 10246
1512143940000 10247
1512143940000 10247
1512143940000 10247
1512143940000 10247
1512143940000 10247
1512143940000 10247
1512143940000 10247
1512143940000 10247
1512143940000 10248
1512143940000 10248
1512143940000 10248
1512143940000 10248
1512143940000 10248
1512143940000 10248
1512143940000 10248
1512143940000 10249
1512143940000 10249
1512143940000 10249
1512143940000 10249
1512143940000 10249
1512143940000 10249
1512143940000 10249
1512143940000 10250
1512143940000 10250
1512143940000 10250
1512143940000 10250
1512143940000 10250
1512143940000 10250
1512143940000 10250
1512143940000 10251
1512143940000 10251
1512143940000 10251
1512143940000 10251
1512143940000 10251
1512143940000 10251
1512143940000 10251
1512143940000 10251
1512143940000 10252
1512143950000 10244
1512143950000 10244
1512143950000 10244
1512143950000 10245
1512143950000 10245
1512143950000 10245
1512143950000 10245
1512143950000 10246
1512143950000 10246
1512143950000 10246
1512143950000 10246
1512143950000 10247
1512143950000 10247
1512143950000 10247
1512143950000 10247
1512143950000 10248
1512143950000 10248
1512143950000 10248
1512143950000 10248
1512143950000 10248
1512143950000 10249
1512143950000 10249
1512143950000 10249
1512143950000 10249
1512143950000 10250
1512143950000 10250
1512143950000 10250
1512143950000 10250
1512143950000 10250
1512143950000 10250
1512143950000 10251
1512143950000 10251
1512143950000 10251
1512143950000 10251
1512143950000 10251
1512143950000 10251
1512143950000 10251
1512143950000 10251
1512143950000 10251
1512143950000 10251
1512143950000 10252
1512143950000 10252
1512143950000 10252
1512143950000 10252
1512143950000 10252
1512143950000 10252
1512143950000 10252
1512143950000 10252
1512143950000 10252
1512143950000 10253
1512143950000 10253
1512143950000 10253
1512143950000 10253
1512143950000 10253
1512143950000 10253
1512143950000 10254
1512143950000 10254
1512143950000 10254
1512143950000 10254
1512143950000 10254
1512143950000 10254
1512143950000 10255
1512143950000 10255
1512143950000 10255
1512143950000 10255
1512143950000 10255
1512143950000 10255
1512143950000 10255
1512143950000 10256
1512143950000 10256
1512143950000 10256
1512143950000 10256
1512143950000 10256
1512143950000 10256
1512143950000 10257
1512143950000 10309
1512143950000 10310
1512143950000 10310
1512143950000 10310
1512143950000 10311
1512143950000 10311
1512143950000 10311
1512143950000 10312
1512143950000 10312
1512143950000 10312
1512143950000 10313
1512143950000 10313
1512143950000 10313
1512143950000 10314
1512143950000 10314
1512143950000 10314
1512143950000 10315
1512143950000 10315
1512143950000 10315
1512143950000 10316
1512143950000 10316
1512143950000 10316
1512143950000 10316
1512143950000 10317
1512143950000 10317
1512143960000 10094
1512143960000 10094
1512143960000 10094
1512143960000 10095
1512143960000 10095
1512143960000 10095
1512143960000 10096
1512143960000 10096
1512143960000 10096
1512143960000 10096
1512143960000 10097
1512143960000 10097
1512143960000 10097
1512143960000 10098
1512143960000 10098
1512143960000 10098
1512143960000 10099
1512143960000 10099
1512143960000 10099
1512143960000 10100
1512143960000 10100
1512143960000 10100
1512143960000 10101
1512143960000 10101
1512143960000 10102
1512143960000 10102
1512143960000 10134
1512143960000 10134
1512143960000 10135
1512143960000 10135
1512143960000 10135
1512143960000 10136
1512143960000 10136
1512143960000 10136
1512143960000 10137
1512143960000 10137
1512143960000 10137
1512143960000 10138
1512143960000 10138
1512143960000 10248
1512143960000 10248
1512143960000 10248
1512143960000 10249
1512143960000 10249
1512143960000 10249
1512143960000 10250
1512143960000 10250
1512143960000 10250
1512143960000 10250
1512143960000 10250
1512143960000 10250
1512143960000 10251
1512143960000 10251
1512143960000 10251
1512143960000 10251
1512143960000 10251
1512143960000 10251
1512143960000 10251
1512143960000 10252
1512143960000 10252
1512143960000 10252
1512143960000 10252
1512143960000 10252
1512143960000 10252
1512143960000 10252
1512143960000 10252
1512143960000 10252
1512143960000 10253
1512143960000 10253
1512143960000 10253
1512143960000 10253
1512143960000 10253
1512143960000 10253
1512143960000 10253
1512143960000 10253
1512143960000 10254
1512143960000 10254
1512143960000 10254
1512143960000 10254
1512143960000 10254
1512143960000 10254
1512143960000 10254
1512143960000 10255
1512143960000 10255
1512143960000 10255
1512143960000 10255
1512143960000 10255
1512143960000 10255
1512143960000 10255
1512143960000 10255
1512143960000 10256
1512143960000 10256
1512143960000 10256
1512143960000 10257
1512143960000 10257
1512143960000 10257
1512143960000 10258
1512143960000 10258
1512143960000 10258
1512143960000 10259
1512143970000 10094
1512143970000 10094
1512143970000 10094
1512143970000 10094
1512143970000 10095
1512143970000 10095
1512143970000 10095
1512143970000 10095
1512143970000 10096
1512143970000 10096
1512143970000 10096
1512143970000 10096
1512143970000 10097
1512143970000 10097
1512143970000 10123
1512143970000 10124
1512143970000 10124
1512143970000 10124
1512143970000 10125
1512143970000 10125
1512143970000 10126
1512143970000 10126
1512143970000 10126
1512143970000 10127
1512143970000 10127
1512143970000 10128
1512143970000 10128
1512143970000 10128
1512143970000 10129
1512143970000 10129
1512143970000 10129
1512143970000 10130
1512143970000 10130
1512143970000 10131
1512143970000 10131
1512143970000 10132
1512143970000 10132
1512143970000 10133
1512143970000 10133
1512143970000 10134
1512143970000 10134
1512143970000 10134
1512143970000 10135
1512143970000 10135
1512143970000 10135
1512143970000 10136
1512143970000 10136
1512143970000 10136
1512143970000 10137
1512143970000 10137
1512143970000 10137
1512143970000 10138
1512143970000 10138
1512143970000 10138
1512143970000 10139
1512143970000 10139
1512143970000 10254
1512143970000 10254
1512143970000 10255
1512143970000 10255
1512143970000 10255
1512143970000 10255
1512143970000 10256
1512143970000 10256
1512143970000 10256
1512143970000 10257
1512143970000 10257
1512143970000 10257
1512143970000 10258
1512143970000 10258
1512143970000 10258
1512143970000 10259
1512143970000 10259
1512143970000 10259
1512143970000 10259
1512143970000 10260
1512143970000 10260
1512143970000 10260
1512143970000 10260
1512143970000 10260
1512143970000 10260
1512143970000 10260
1512143970000 10261
1512143970000 10261
1512143970000 10261
1512143970000 10261
1512143970000 10261
1512143970000 10261
1512143970000 10262
1512143970000 10262
1512143970000 10263
1512143970000 10263
1512143970000 10263
1512143970000 10264
1512143970000 10264
1512143970000 10264
1512143970000 10265
1512143970000 10265
1512143970000 10265
1512143970000 10266
1512143980000 10096
1512143980000 10096
1512143980000 10097
1512143980000 10097
1512143980000 10098
1512143980000 10098
1512143980000 10098
1512143980000 10099
1512143980000 10099
1512143980000 10100
1512143980000 10100
1512143980000 10100
1512143980000 10101
1512143980000 10101
1512143980000 10102
1512143980000 10102
1512143980000 10103
1512143980000 10103
1512143980000 10103
1512143980000 10104
1512143980000 10104
1512143980000 10162
1512143980000 10163
1512143980000 10163
1512143980000 10163
1512143980000 10163
1512143980000 10164
1512143980000 10164
1512143980000 10164
1512143980000 10165
1512143980000 10165
1512143980000 10165
1512143980000 10166
1512143980000 10166
1512143980000 10166
1512143980000 10167
1512143980000 10167
1512143980000 10167
1512143980000 10168
1512143980000 10168
1512143980000 10168
1512143980000 10240
1512143980000 10240
1512143980000 10240
1512143980000 10241
1512143980000 10241
1512143980000 10241
1512143980000 10241
1512143980000 10242
1512143980000 10242
1512143980000 10242
1512143980000 10242
1512143980000 10243
1512143980000 10243
1512143980000 10243
1512143980000 10248
1512143980000 10248
1512143980000 10248
1512143980000 10249
1512143980000 10249
1512143980000 10249
1512143980000 10250
1512143980000 10250
1512143980000 10250
1512143980000 10251
1512143980000 10251
1512143980000 10251
1512143980000 10251
1512143980000 10251
1512143980000 10251
1512143980000 10251
1512143980000 10252
1512143980000 10252
1512143980000 10252
1512143980000 10252
1512143980000 10252
1512143980000 10252
1512143980000 10253
1512143980000 10253
1512143980000 10253
1512143980000 10253
1512143980000 10253
1512143980000 10253
1512143980000 10253
1512143980000 10254
1512143980000 10254
1512143980000 10254
1512143980000 10254
1512143980000 10254
1512143980000 10254
1512143980000 10254
1512143980000 10255
1512143980000 10255
1512143980000 10255
1512143980000 10255
1512143980000 10256
1512143980000 10256
1512143980000 10256
1512143980000 10256
1512143980000 10257
1512143990000 9285
1512143990000 9285
1512143990000 9286
1512143990000 9286
1512143990000 9286
1512143990000 9287
1512143990000 9287
1512143990000 9287
1512143990000 9288
1512143990000 9288
1512143990000 9288
1512143990000 9288
1512143990000 9288
1512143990000 9289
1512143990000 9289
1512143990000 9289
1512143990000 9289
1512143990000 9289
1512143990000 9290
1512143990000 9290
1512143990000 9290
1512143990000 9290
1512143990000 9290
1512143990000 9291
1512143990000 9291
1512143990000 9291
1512143990000 9292
1512143990000 9292
1512143990000 9292
1512143990000 9292
1512143990000 9292
1512143990000 9293
1512143990000 9293
1512143990000 9293
1512143990000 9293
1512143990000 9293
1512143990000 9293
1512143990000 9294
1512143990000 9294
1512143990000 9294
1512143990000 9294
1512143990000 9295
1512143990000 9295
1512143990000 9295
1512143990000 9295
1512143990000 9295
1512143990000 9296
1512143990000 9296
1512143990000 9296
1512143990000 9296
1512143990000 9297
1512143990000 9297
1512143990000 9298
1512143990000 9301
1512143990000 9301
1512143990000 9302
1512143990000 9302
1512143990000 9303
1512143990000 9303
1512143990000 9303
1512143990000 9304
1512143990000 9304
1512143990000 9305
1512143990000 9305
1512143990000 9305
1512143990000 9306
1512143990000 9306
1512143990000 9306
1512143990000 9307
1512143990000 9307
1512143990000 9308
1512143990000 9308
1512143990000 9308
1512143990000 9309
1512143990000 9309
1512143990000 9310
1512143990000 9310
1512143990000 9310
1512143990000 9311
1512143990000 9311
1512143990000 9352
1512143990000 9352
1512143990000 9352
1512143990000 9353
1512143990000 9353
1512143990000 9353
1512143990000 9354
1512143990000 9354
1512143990000 9354
1512143990000 9355
1512143990000 9355
1512143990000 9355
1512143990000 9356
1512143990000 9356
1512143990000 9356
1512143990000 9357
1512143990000 9357
1512143990000 9357
1512143990000 9358
1512143990000 9358
