1511992800000 331
1511992800000 331
1511992800000 331
1511992800000 331
1511992800000 331
1511992800000 331
1511992800000 331
1511992800000 331
1511992800000 331
1511992800000 331
1511992800000 332
1511992800000 332
1511992800000 332
1511992800000 332
1511992800000 332
1511992800000 332
1511992800000 332
1511992800000 332
1511992800000 332
1511992800000 332
1511992800000 332
1511992800000 332
1511992800000 332
1511992800000 332
1511992800000 332
1511992800000 332
1511992800000 332
1511992800000 332
1511992800000 332
1511992800000 332
1511992800000 332
1511992800000 332
1511992800000 332
1511992800000 332
1511992800000 332
1511992800000 332
1511992800000 332
1511992800000 332
1511992800000 332
1511992800000 332
1511992800000 332
1511992800000 333
1511992800000 333
1511992800000 333
1511992800000 333
1511992800000 333
1511992800000 333
1511992800000 333
1511992800000 333
1511992800000 333
1511992800000 333
1511992800000 333
1511992800000 333
1511992800000 333
1511992800000 333
1511992800000 333
1511992800000 333
1511992800000 333
1511992800000 334
1511992800000 334
1511992800000 334
1511992800000 334
1511992800000 334
1511992800000 334
1511992800000 334
1511992800000 334
1511992800000 334
1511992800000 334
1511992800000 334
1511992800000 334
1511992800000 334
1511992800000 334
1511992800000 334
1511992800000 334
1511992800000 334
1511992800000 334
1511992800000 334
1511992800000 334
1511992800000 334
1511992800000 334
1511992800000 334
1511992800000 335
1511992800000 335
1511992800000 335
1511992800000 335
1511992800000 335
1511992800000 336
1511992800000 337
1511992800000 349
1511992800000 349
1511992800000 351
1511992800000 351
1511992800000 351
1511992800000 352
1511992800000 352
1511992800000 352
1511992800000 352
1511992800000 352
1511992800000 353
1511992800000 353
1511992810000 346
1511992810000 346
1511992810000 346
1511992810000 346
1511992810000 346
1511992810000 346
1511992810000 346
1511992810000 346
1511992810000 346
1511992810000 346
1511992810000 346
1511992810000 346
1511992810000 346
1511992810000 346
1511992810000 347
1511992810000 347
1511992810000 347
1511992810000 347
1511992810000 347
1511992810000 347
1511992810000 347
1511992810000 347
1511992810000 347
1511992810000 347
1511992810000 347
1511992810000 347
1511992810000 347
1511992810000 347
1511992810000 347
1511992810000 347
1511992810000 348
1511992810000 348
1511992810000 348
1511992810000 348
1511992810000 348
1511992810000 348
1511992810000 348
1511992810000 348
1511992810000 348
1511992810000 348
1511992810000 348
1511992810000 348
1511992810000 348
1511992810000 348
1511992810000 348
1511992810000 348
1511992810000 349
1511992810000 349
1511992810000 349
1511992810000 349
1511992810000 349
1511992810000 349
1511992810000 349
1511992810000 349
1511992810000 349
1511992810000 350
1511992810000 350
1511992810000 350
1511992810000 350
1511992810000 350
1511992810000 350
1511992810000 350
1511992810000 350
1511992810000 350
1511992810000 350
1511992810000 350
1511992810000 350
1511992810000 350
1511992810000 350
1511992810000 350
1511992810000 350
1511992810000 350
1511992810000 350
1511992810000 350
1511992810000 350
1511992810000 350
1511992810000 350
1511992810000 351
1511992810000 351
1511992810000 351
1511992810000 351
1511992810000 351
1511992810000 351
1511992810000 351
1511992810000 351
1511992810000 362
1511992810000 363
1511992810000 368
1511992810000 369
1511992810000 382
1511992810000 383
1511992810000 384
1511992810000 384
1511992810000 385
1511992810000 386
1511992810000 387
1511992810000 417
1511992810000 417
1511992810000 418
1511992810000 418
1511992820000 325
1511992820000 325
1511992820000 325
1511992820000 325
1511992820000 325
1511992820000 325
1511992820000 325
1511992820000 325
1511992820000 325
1511992820000 325
1511992820000 325
1511992820000 326
1511992820000 326
1511992820000 326
1511992820000 326
1511992820000 326
1511992820000 326
1511992820000 326
1511992820000 326
1511992820000 326
1511992820000 326
1511992820000 326
1511992820000 326
1511992820000 326
1511992820000 326
1511992820000 326
1511992820000 326
1511992820000 326
1511992820000 326
1511992820000 326
1511992820000 326
1511992820000 326
1511992820000 327
1511992820000 327
1511992820000 327
1511992820000 327
1511992820000 327
1511992820000 327
1511992820000 327
1511992820000 327
1511992820000 327
1511992820000 327
1511992820000 327
1511992820000 327
1511992820000 327
1511992820000 327
1511992820000 327
1511992820000 327
1511992820000 327
1511992820000 327
1511992820000 327
1511992820000 327
1511992820000 327
1511992820000 327
1511992820000 327
1511992820000 327
1511992820000 327
1511992820000 327
1511992820000 327
1511992820000 327
1511992820000 327
1511992820000 328
1511992820000 328
1511992820000 328
1511992820000 328
1511992820000 328
1511992820000 328
1511992820000 328
1511992820000 328
1511992820000 328
1511992820000 328
1511992820000 328
1511992820000 328
1511992820000 328
1511992820000 328
1511992820000 328
1511992820000 328
1511992820000 328
1511992820000 328
1511992820000 328
1511992820000 328
1511992820000 328
1511992820000 328
1511992820000 328
1511992820000 328
1511992820000 328
1511992820000 329
1511992820000 329
1511992820000 329
1511992820000 329
1511992820000 329
1511992820000 330
1511992820000 335
1511992820000 337
1511992820000 337
1511992820000 356
1511992820000 359
1511992820000 360
1511992820000 360
1511992820000 361
1511992830000 353
1511992830000 353
1511992830000 353
1511992830000 353
1511992830000 353
1511992830000 353
1511992830000 353
1511992830000 353
1511992830000 353
1511992830000 353
1511992830000 353
1511992830000 353
1511992830000 353
1511992830000 353
1511992830000 353
1511992830000 353
1511992830000 354
1511992830000 354
1511992830000 354
1511992830000 354
1511992830000 354
1511992830000 354
1511992830000 354
1511992830000 354
1511992830000 354
1511992830000 354
1511992830000 354
1511992830000 354
1511992830000 354
1511992830000 354
1511992830000 354
1511992830000 354
1511992830000 354
1511992830000 354
1511992830000 354
1511992830000 354
1511992830000 354
1511992830000 354
1511992830000 354
1511992830000 355
1511992830000 355
1511992830000 355
1511992830000 355
1511992830000 355
1511992830000 355
1511992830000 355
1511992830000 355
1511992830000 355
1511992830000 355
1511992830000 355
1511992830000 355
1511992830000 355
1511992830000 355
1511992830000 355
1511992830000 355
1511992830000 355
1511992830000 355
1511992830000 356
1511992830000 356
1511992830000 356
1511992830000 356
1511992830000 356
1511992830000 356
1511992830000 356
1511992830000 356
1511992830000 356
1511992830000 356
1511992830000 356
1511992830000 356
1511992830000 356
1511992830000 356
1511992830000 356
1511992830000 356
1511992830000 357
1511992830000 357
1511992830000 357
1511992830000 357
1511992830000 357
1511992830000 358
1511992830000 361
1511992830000 362
1511992830000 364
1511992830000 365
1511992830000 365
1511992830000 378
1511992830000 379
1511992830000 380
1511992830000 381
1511992830000 381
1511992830000 382
1511992830000 393
1511992830000 419
1511992830000 420
1511992830000 428
1511992830000 429
1511992830000 429
1511992830000 430
1511992830000 448
1511992830000 449
1511992830000 734
1511992840000 386
1511992840000 387
1511992840000 387
1511992840000 387
1511992840000 387
1511992840000 387
1511992840000 387
1511992840000 387
1511992840000 387
1511992840000 387
1511992840000 387
1511992840000 387
1511992840000 387
1511992840000 387
1511992840000 387
1511992840000 387
1511992840000 387
1511992840000 387
1511992840000 387
1511992840000 387
1511992840000 387
1511992840000 387
1511992840000 388
1511992840000 388
1511992840000 388
1511992840000 388
1511992840000 388
1511992840000 388
1511992840000 388
1511992840000 388
1511992840000 388
1511992840000 388
1511992840000 388
1511992840000 388
1511992840000 388
1511992840000 388
1511992840000 388
1511992840000 388
1511992840000 388
1511992840000 388
1511992840000 388
1511992840000 388
1511992840000 388
1511992840000 388
1511992840000 388
1511992840000 388
1511992840000 388
1511992840000 388
1511992840000 388
1511992840000 388
1511992840000 389
1511992840000 389
1511992840000 389
1511992840000 389
1511992840000 389
1511992840000 389
1511992840000 389
1511992840000 389
1511992840000 389
1511992840000 389
1511992840000 389
1511992840000 389
1511992840000 389
1511992840000 389
1511992840000 389
1511992840000 389
1511992840000 389
1511992840000 389
1511992840000 389
1511992840000 389
1511992840000 389
1511992840000 389
1511992840000 389
1511992840000 389
1511992840000 390
1511992840000 390
1511992840000 390
1511992840000 390
1511992840000 390
1511992840000 390
1511992840000 390
1511992840000 390
1511992840000 390
1511992840000 390
1511992840000 390
1511992840000 390
1511992840000 390
1511992840000 390
1511992840000 391
1511992840000 391
1511992840000 391
1511992840000 391
1511992840000 391
1511992840000 391
1511992840000 391
1511992840000 392
1511992840000 411
1511992840000 411
1511992840000 412
1511992840000 412
1511992850000 353
1511992850000 353
1511992850000 353
1511992850000 353
1511992850000 353
1511992850000 353
1511992850000 353
1511992850000 353
1511992850000 353
1511992850000 353
1511992850000 353
1511992850000 353
1511992850000 354
1511992850000 354
1511992850000 354
1511992850000 354
1511992850000 354
1511992850000 354
1511992850000 354
1511992850000 354
1511992850000 354
1511992850000 354
1511992850000 354
1511992850000 354
1511992850000 354
1511992850000 354
1511992850000 354
1511992850000 354
1511992850000 354
1511992850000 354
1511992850000 354
1511992850000 354
1511992850000 354
1511992850000 354
1511992850000 354
1511992850000 354
1511992850000 355
1511992850000 355
1511992850000 355
1511992850000 355
1511992850000 355
1511992850000 355
1511992850000 355
1511992850000 355
1511992850000 355
1511992850000 355
1511992850000 355
1511992850000 355
1511992850000 355
1511992850000 355
1511992850000 355
1511992850000 355
1511992850000 355
1511992850000 355
1511992850000 355
1511992850000 355
1511992850000 355
1511992850000 355
1511992850000 356
1511992850000 356
1511992850000 356
1511992850000 356
1511992850000 356
1511992850000 356
1511992850000 356
1511992850000 356
1511992850000 356
1511992850000 356
1511992850000 356
1511992850000 356
1511992850000 356
1511992850000 356
1511992850000 357
1511992850000 357
1511992850000 357
1511992850000 357
1511992850000 357
1511992850000 357
1511992850000 357
1511992850000 357
1511992850000 357
1511992850000 357
1511992850000 357
1511992850000 357
1511992850000 357
1511992850000 357
1511992850000 357
1511992850000 357
1511992850000 357
1511992850000 357
1511992850000 358
1511992850000 358
1511992850000 358
1511992850000 358
1511992850000 358
1511992850000 358
1511992850000 367
1511992850000 369
1511992850000 369
1511992850000 386
1511992860000 330
1511992860000 330
1511992860000 330
1511992860000 330
1511992860000 330
1511992860000 330
1511992860000 330
1511992860000 330
1511992860000 330
1511992860000 330
1511992860000 330
1511992860000 330
1511992860000 330
1511992860000 330
1511992860000 330
1511992860000 330
1511992860000 330
1511992860000 330
1511992860000 330
1511992860000 330
1511992860000 330
1511992860000 330
1511992860000 330
1511992860000 330
1511992860000 330
1511992860000 330
1511992860000 330
1511992860000 330
1511992860000 331
1511992860000 331
1511992860000 331
1511992860000 331
1511992860000 331
1511992860000 331
1511992860000 331
1511992860000 331
1511992860000 331
1511992860000 331
1511992860000 331
1511992860000 331
1511992860000 331
1511992860000 331
1511992860000 331
1511992860000 331
1511992860000 331
1511992860000 331
1511992860000 331
1511992860000 331
1511992860000 331
1511992860000 331
1511992860000 331
1511992860000 331
1511992860000 331
1511992860000 332
1511992860000 332
1511992860000 332
1511992860000 332
1511992860000 332
1511992860000 332
1511992860000 332
1511992860000 332
1511992860000 332
1511992860000 332
1511992860000 332
1511992860000 332
1511992860000 332
1511992860000 332
1511992860000 332
1511992860000 332
1511992860000 332
1511992860000 332
1511992860000 332
1511992860000 332
1511992860000 332
1511992860000 332
1511992860000 332
1511992860000 332
1511992860000 332
1511992860000 332
1511992860000 332
1511992860000 332
1511992860000 333
1511992860000 333
1511992860000 333
1511992860000 333
1511992860000 333
1511992860000 333
1511992860000 333
1511992860000 333
1511992860000 333
1511992860000 333
1511992860000 333
1511992860000 334
1511992860000 334
1511992860000 334
1511992860000 361
1511992860000 361
1511992860000 361
1511992860000 362
1511992860000 362
1511992870000 351
1511992870000 351
1511992870000 351
1511992870000 351
1511992870000 351
1511992870000 351
1511992870000 351
1511992870000 351
1511992870000 351
1511992870000 351
1511992870000 351
1511992870000 351
1511992870000 351
1511992870000 352
1511992870000 352
1511992870000 352
1511992870000 352
1511992870000 352
1511992870000 352
1511992870000 352
1511992870000 352
1511992870000 352
1511992870000 352
1511992870000 352
1511992870000 352
1511992870000 352
1511992870000 352
1511992870000 352
1511992870000 352
1511992870000 352
1511992870000 352
1511992870000 352
1511992870000 352
1511992870000 352
1511992870000 352
1511992870000 352
1511992870000 352
1511992870000 352
1511992870000 352
1511992870000 352
1511992870000 352
1511992870000 352
1511992870000 352
1511992870000 352
1511992870000 353
1511992870000 353
1511992870000 353
1511992870000 353
1511992870000 353
1511992870000 353
1511992870000 353
1511992870000 353
1511992870000 353
1511992870000 353
1511992870000 353
1511992870000 353
1511992870000 353
1511992870000 353
1511992870000 353
1511992870000 353
1511992870000 353
1511992870000 353
1511992870000 353
1511992870000 353
1511992870000 353
1511992870000 353
1511992870000 353
1511992870000 353
1511992870000 353
1511992870000 353
1511992870000 353
1511992870000 354
1511992870000 354
1511992870000 354
1511992870000 354
1511992870000 354
1511992870000 354
1511992870000 354
1511992870000 354
1511992870000 354
1511992870000 354
1511992870000 354
1511992870000 354
1511992870000 354
1511992870000 354
1511992870000 354
1511992870000 355
1511992870000 355
1511992870000 355
1511992870000 355
1511992870000 355
1511992870000 355
1511992870000 356
1511992870000 362
1511992870000 362
1511992870000 364
1511992870000 364
1511992870000 364
1511992870000 365
1511992870000 385
1511992880000 311
1511992880000 311
1511992880000 311
1511992880000 311
1511992880000 311
1511992880000 312
1511992880000 312
1511992880000 312
1511992880000 312
1511992880000 312
1511992880000 312
1511992880000 312
1511992880000 312
1511992880000 312
1511992880000 312
1511992880000 312
1511992880000 312
1511992880000 312
1511992880000 312
1511992880000 312
1511992880000 312
1511992880000 312
1511992880000 312
1511992880000 312
1511992880000 313
1511992880000 313
1511992880000 313
1511992880000 313
1511992880000 313
1511992880000 358
1511992880000 358
1511992880000 358
1511992880000 358
1511992880000 358
1511992880000 358
1511992880000 358
1511992880000 358
1511992880000 358
1511992880000 358
1511992880000 359
1511992880000 359
1511992880000 359
1511992880000 359
1511992880000 359
1511992880000 359
1511992880000 359
1511992880000 359
1511992880000 359
1511992880000 359
1511992880000 359
1511992880000 359
1511992880000 359
1511992880000 359
1511992880000 359
1511992880000 359
1511992880000 359
1511992880000 359
1511992880000 359
1511992880000 359
1511992880000 359
1511992880000 359
1511992880000 359
1511992880000 359
1511992880000 359
1511992880000 359
1511992880000 359
1511992880000 359
1511992880000 359
1511992880000 359
1511992880000 359
1511992880000 359
1511992880000 360
1511992880000 360
1511992880000 360
1511992880000 360
1511992880000 360
1511992880000 360
1511992880000 360
1511992880000 360
1511992880000 360
1511992880000 360
1511992880000 360
1511992880000 360
1511992880000 360
1511992880000 360
1511992880000 360
1511992880000 360
1511992880000 360
1511992880000 360
1511992880000 360
1511992880000 360
1511992880000 361
1511992880000 361
1511992880000 361
1511992880000 361
1511992880000 361
1511992880000 362
1511992880000 377
1511992880000 377
1511992880000 378
1511992890000 427
1511992890000 427
1511992890000 427
1511992890000 427
1511992890000 428
1511992890000 428
1511992890000 428
1511992890000 428
1511992890000 428
1511992890000 428
1511992890000 428
1511992890000 428
1511992890000 428
1511992890000 428
1511992890000 428
1511992890000 428
1511992890000 428
1511992890000 428
1511992890000 428
1511992890000 428
1511992890000 428
1511992890000 428
1511992890000 428
1511992890000 429
1511992890000 429
1511992890000 429
1511992890000 429
1511992890000 429
1511992890000 429
1511992890000 429
1511992890000 429
1511992890000 429
1511992890000 429
1511992890000 429
1511992890000 429
1511992890000 429
1511992890000 429
1511992890000 430
1511992890000 430
1511992890000 430
1511992890000 430
1511992890000 430
1511992890000 430
1511992890000 430
1511992890000 430
1511992890000 430
1511992890000 430
1511992890000 430
1511992890000 430
1511992890000 430
1511992890000 430
1511992890000 431
1511992890000 431
1511992890000 431
1511992890000 431
1511992890000 431
1511992890000 431
1511992890000 431
1511992890000 431
1511992890000 431
1511992890000 431
1511992890000 431
1511992890000 431
1511992890000 431
1511992890000 432
1511992890000 432
1511992890000 432
1511992890000 432
1511992890000 432
1511992890000 432
1511992890000 432
1511992890000 432
1511992890000 433
1511992890000 433
1511992890000 433
1511992890000 433
1511992890000 433
1511992890000 433
1511992890000 433
1511992890000 433
1511992890000 433
1511992890000 433
1511992890000 433
1511992890000 433
1511992890000 433
1511992890000 433
1511992890000 433
1511992890000 433
1511992890000 433
1511992890000 433
1511992890000 433
1511992890000 434
1511992890000 434
1511992890000 434
1511992890000 434
1511992890000 434
1511992890000 434
1511992890000 434
1511992890000 434
1511992890000 435
1511992900000 326
1511992900000 326
1511992900000 326
1511992900000 326
1511992900000 326
1511992900000 326
1511992900000 326
1511992900000 326
1511992900000 326
1511992900000 326
1511992900000 326
1511992900000 326
1511992900000 326
1511992900000 326
1511992900000 326
1511992900000 326
1511992900000 326
1511992900000 326
1511992900000 326
1511992900000 326
1511992900000 326
1511992900000 326
1511992900000 326
1511992900000 326
1511992900000 327
1511992900000 327
1511992900000 327
1511992900000 327
1511992900000 327
1511992900000 327
1511992900000 327
1511992900000 327
1511992900000 327
1511992900000 327
1511992900000 327
1511992900000 327
1511992900000 327
1511992900000 327
1511992900000 327
1511992900000 327
1511992900000 327
1511992900000 327
1511992900000 327
1511992900000 327
1511992900000 327
1511992900000 327
1511992900000 327
1511992900000 327
1511992900000 327
1511992900000 327
1511992900000 327
1511992900000 327
1511992900000 327
1511992900000 327
1511992900000 327
1511992900000 328
1511992900000 328
1511992900000 328
1511992900000 328
1511992900000 328
1511992900000 328
1511992900000 328
1511992900000 328
1511992900000 328
1511992900000 328
1511992900000 328
1511992900000 328
1511992900000 328
1511992900000 328
1511992900000 328
1511992900000 328
1511992900000 328
1511992900000 328
1511992900000 328
1511992900000 328
1511992900000 328
1511992900000 329
1511992900000 329
1511992900000 329
1511992900000 329
1511992900000 329
1511992900000 329
1511992900000 329
1511992900000 329
1511992900000 329
1511992900000 329
1511992900000 330
1511992900000 330
1511992900000 330
1511992900000 330
1511992900000 330
1511992900000 331
1511992900000 331
1511992900000 369
1511992900000 369
1511992900000 393
1511992900000 394
1511992900000 394
1511992900000 395
1511992900000 395
1511992910000 329
1511992910000 329
1511992910000 329
1511992910000 331
1511992910000 331
1511992910000 331
1511992910000 331
1511992910000 332
1511992910000 332
1511992910000 332
1511992910000 332
1511992910000 332
1511992910000 332
1511992910000 332
1511992910000 332
1511992910000 332
1511992910000 332
1511992910000 332
1511992910000 332
1511992910000 332
1511992910000 332
1511992910000 332
1511992910000 332
1511992910000 332
1511992910000 332
1511992910000 332
1511992910000 332
1511992910000 332
1511992910000 332
1511992910000 332
1511992910000 332
1511992910000 333
1511992910000 333
1511992910000 333
1511992910000 333
1511992910000 333
1511992910000 333
1511992910000 333
1511992910000 333
1511992910000 333
1511992910000 333
1511992910000 333
1511992910000 333
1511992910000 333
1511992910000 334
1511992910000 334
1511992910000 334
1511992910000 334
1511992910000 334
1511992910000 334
1511992910000 334
1511992910000 335
1511992910000 335
1511992910000 335
1511992910000 335
1511992910000 335
1511992910000 335
1511992910000 335
1511992910000 335
1511992910000 335
1511992910000 335
1511992910000 336
1511992910000 336
1511992910000 336
1511992910000 336
1511992910000 336
1511992910000 336
1511992910000 336
1511992910000 336
1511992910000 336
1511992910000 336
1511992910000 336
1511992910000 337
1511992910000 337
1511992910000 337
1511992910000 337
1511992910000 337
1511992910000 337
1511992910000 337
1511992910000 337
1511992910000 338
1511992910000 338
1511992910000 339
1511992910000 351
1511992910000 352
1511992910000 354
1511992910000 362
1511992910000 363
1511992910000 363
1511992910000 363
1511992910000 371
1511992910000 371
1511992910000 372
1511992910000 422
1511992910000 423
1511992910000 457
1511992910000 458
1511992910000 458
1511992910000 475
1511992910000 476
1511992920000 343
1511992920000 343
1511992920000 343
1511992920000 343
1511992920000 343
1511992920000 343
1511992920000 343
1511992920000 343
1511992920000 343
1511992920000 343
1511992920000 343
1511992920000 343
1511992920000 343
1511992920000 343
1511992920000 344
1511992920000 344
1511992920000 344
1511992920000 344
1511992920000 344
1511992920000 344
1511992920000 344
1511992920000 344
1511992920000 344
1511992920000 344
1511992920000 344
1511992920000 344
1511992920000 344
1511992920000 344
1511992920000 344
1511992920000 344
1511992920000 344
1511992920000 344
1511992920000 344
1511992920000 344
1511992920000 344
1511992920000 344
1511992920000 344
1511992920000 344
1511992920000 344
1511992920000 345
1511992920000 345
1511992920000 345
1511992920000 345
1511992920000 345
1511992920000 345
1511992920000 345
1511992920000 345
1511992920000 345
1511992920000 345
1511992920000 345
1511992920000 345
1511992920000 345
1511992920000 345
1511992920000 345
1511992920000 345
1511992920000 345
1511992920000 346
1511992920000 346
1511992920000 346
1511992920000 346
1511992920000 346
1511992920000 346
1511992920000 346
1511992920000 346
1511992920000 346
1511992920000 346
1511992920000 346
1511992920000 346
1511992920000 346
1511992920000 346
1511992920000 346
1511992920000 346
1511992920000 346
1511992920000 346
1511992920000 346
1511992920000 346
1511992920000 346
1511992920000 347
1511992920000 347
1511992920000 347
1511992920000 347
1511992920000 347
1511992920000 347
1511992920000 347
1511992920000 347
1511992920000 347
1511992920000 347
1511992920000 347
1511992920000 347
1511992920000 347
1511992920000 347
1511992920000 348
1511992920000 348
1511992920000 348
1511992920000 348
1511992920000 367
1511992920000 368
1511992920000 370
1511992920000 371
1511992920000 371
1511992930000 341
1511992930000 341
1511992930000 341
1511992930000 341
1511992930000 341
1511992930000 341
1511992930000 341
1511992930000 341
1511992930000 341
1511992930000 341
1511992930000 341
1511992930000 341
1511992930000 341
1511992930000 341
1511992930000 341
1511992930000 341
1511992930000 341
1511992930000 341
1511992930000 341
1511992930000 342
1511992930000 342
1511992930000 342
1511992930000 342
1511992930000 342
1511992930000 342
1511992930000 342
1511992930000 342
1511992930000 342
1511992930000 342
1511992930000 342
1511992930000 342
1511992930000 342
1511992930000 342
1511992930000 342
1511992930000 342
1511992930000 342
1511992930000 342
1511992930000 342
1511992930000 342
1511992930000 342
1511992930000 342
1511992930000 342
1511992930000 343
1511992930000 343
1511992930000 343
1511992930000 343
1511992930000 343
1511992930000 343
1511992930000 343
1511992930000 343
1511992930000 343
1511992930000 343
1511992930000 343
1511992930000 343
1511992930000 343
1511992930000 343
1511992930000 343
1511992930000 343
1511992930000 343
1511992930000 343
1511992930000 343
1511992930000 343
1511992930000 343
1511992930000 343
1511992930000 344
1511992930000 344
1511992930000 344
1511992930000 344
1511992930000 344
1511992930000 344
1511992930000 344
1511992930000 344
1511992930000 344
1511992930000 344
1511992930000 344
1511992930000 344
1511992930000 344
1511992930000 344
1511992930000 344
1511992930000 344
1511992930000 345
1511992930000 345
1511992930000 345
1511992930000 345
1511992930000 345
1511992930000 345
1511992930000 345
1511992930000 345
1511992930000 345
1511992930000 345
1511992930000 345
1511992930000 345
1511992930000 345
1511992930000 345
1511992930000 345
1511992930000 345
1511992930000 346
1511992930000 346
1511992930000 346
1511992930000 347
1511992940000 338
1511992940000 338
1511992940000 338
1511992940000 338
1511992940000 338
1511992940000 338
1511992940000 338
1511992940000 338
1511992940000 338
1511992940000 338
1511992940000 338
1511992940000 338
1511992940000 338
1511992940000 338
1511992940000 338
1511992940000 338
1511992940000 338
1511992940000 338
1511992940000 338
1511992940000 338
1511992940000 338
1511992940000 338
1511992940000 339
1511992940000 339
1511992940000 339
1511992940000 339
1511992940000 339
1511992940000 339
1511992940000 339
1511992940000 339
1511992940000 339
1511992940000 339
1511992940000 339
1511992940000 339
1511992940000 339
1511992940000 339
1511992940000 339
1511992940000 339
1511992940000 339
1511992940000 339
1511992940000 339
1511992940000 339
1511992940000 339
1511992940000 339
1511992940000 339
1511992940000 339
1511992940000 339
1511992940000 339
1511992940000 339
1511992940000 340
1511992940000 340
1511992940000 340
1511992940000 340
1511992940000 340
1511992940000 340
1511992940000 340
1511992940000 340
1511992940000 340
1511992940000 340
1511992940000 340
1511992940000 340
1511992940000 340
1511992940000 340
1511992940000 340
1511992940000 340
1511992940000 340
1511992940000 340
1511992940000 341
1511992940000 341
1511992940000 341
1511992940000 341
1511992940000 341
1511992940000 341
1511992940000 341
1511992940000 341
1511992940000 341
1511992940000 341
1511992940000 341
1511992940000 341
1511992940000 341
1511992940000 341
1511992940000 341
1511992940000 341
1511992940000 341
1511992940000 341
1511992940000 341
1511992940000 342
1511992940000 342
1511992940000 342
1511992940000 342
1511992940000 342
1511992940000 343
1511992940000 343
1511992940000 344
1511992940000 362
1511992940000 362
1511992940000 371
1511992940000 371
1511992940000 372
1511992940000 372
1511992950000 338
1511992950000 338
1511992950000 338
1511992950000 338
1511992950000 338
1511992950000 338
1511992950000 338
1511992950000 338
1511992950000 338
1511992950000 338
1511992950000 338
1511992950000 339
1511992950000 339
1511992950000 339
1511992950000 339
1511992950000 339
1511992950000 339
1511992950000 339
1511992950000 339
1511992950000 339
1511992950000 339
1511992950000 339
1511992950000 339
1511992950000 339
1511992950000 339
1511992950000 339
1511992950000 339
1511992950000 339
1511992950000 339
1511992950000 340
1511992950000 340
1511992950000 340
1511992950000 340
1511992950000 340
1511992950000 340
1511992950000 340
1511992950000 340
1511992950000 340
1511992950000 340
1511992950000 340
1511992950000 340
1511992950000 340
1511992950000 340
1511992950000 340
1511992950000 340
1511992950000 340
1511992950000 340
1511992950000 340
1511992950000 340
1511992950000 340
1511992950000 340
1511992950000 340
1511992950000 340
1511992950000 341
1511992950000 341
1511992950000 341
1511992950000 341
1511992950000 341
1511992950000 341
1511992950000 341
1511992950000 341
1511992950000 341
1511992950000 341
1511992950000 341
1511992950000 341
1511992950000 341
1511992950000 341
1511992950000 341
1511992950000 341
1511992950000 341
1511992950000 341
1511992950000 341
1511992950000 342
1511992950000 342
1511992950000 342
1511992950000 342
1511992950000 342
1511992950000 342
1511992950000 342
1511992950000 342
1511992950000 342
1511992950000 342
1511992950000 342
1511992950000 342
1511992950000 342
1511992950000 342
1511992950000 342
1511992950000 343
1511992950000 343
1511992950000 343
1511992950000 350
1511992950000 351
1511992950000 357
1511992950000 358
1511992950000 358
1511992950000 359
1511992950000 366
1511992950000 367
1511992950000 373
1511992950000 374
1511992960000 328
1511992960000 328
1511992960000 328
1511992960000 328
1511992960000 328
1511992960000 328
1511992960000 328
1511992960000 328
1511992960000 328
1511992960000 328
1511992960000 328
1511992960000 328
1511992960000 328
1511992960000 328
1511992960000 328
1511992960000 328
1511992960000 328
1511992960000 328
1511992960000 328
1511992960000 328
1511992960000 328
1511992960000 328
1511992960000 328
1511992960000 328
1511992960000 328
1511992960000 329
1511992960000 329
1511992960000 329
1511992960000 329
1511992960000 329
1511992960000 329
1511992960000 329
1511992960000 329
1511992960000 329
1511992960000 329
1511992960000 329
1511992960000 329
1511992960000 329
1511992960000 329
1511992960000 329
1511992960000 329
1511992960000 329
1511992960000 329
1511992960000 329
1511992960000 329
1511992960000 329
1511992960000 329
1511992960000 329
1511992960000 329
1511992960000 329
1511992960000 329
1511992960000 329
1511992960000 329
1511992960000 329
1511992960000 329
1511992960000 330
1511992960000 330
1511992960000 330
1511992960000 330
1511992960000 330
1511992960000 330
1511992960000 330
1511992960000 330
1511992960000 330
1511992960000 330
1511992960000 330
1511992960000 330
1511992960000 330
1511992960000 330
1511992960000 330
1511992960000 330
1511992960000 330
1511992960000 330
1511992960000 330
1511992960000 330
1511992960000 331
1511992960000 331
1511992960000 331
1511992960000 331
1511992960000 331
1511992960000 331
1511992960000 331
1511992960000 331
1511992960000 331
1511992960000 331
1511992960000 331
1511992960000 331
1511992960000 332
1511992960000 332
1511992960000 332
1511992960000 332
1511992960000 332
1511992960000 333
1511992960000 333
1511992960000 352
1511992960000 352
1511992960000 360
1511992960000 360
1511992960000 365
1511992960000 366
1511992970000 309
1511992970000 309
1511992970000 309
1511992970000 309
1511992970000 309
1511992970000 309
1511992970000 309
1511992970000 309
1511992970000 309
1511992970000 309
1511992970000 310
1511992970000 310
1511992970000 310
1511992970000 310
1511992970000 310
1511992970000 310
1511992970000 310
1511992970000 310
1511992970000 310
1511992970000 310
1511992970000 310
1511992970000 310
1511992970000 310
1511992970000 310
1511992970000 310
1511992970000 310
1511992970000 310
1511992970000 310
1511992970000 310
1511992970000 310
1511992970000 310
1511992970000 310
1511992970000 311
1511992970000 311
1511992970000 311
1511992970000 311
1511992970000 311
1511992970000 311
1511992970000 311
1511992970000 311
1511992970000 311
1511992970000 311
1511992970000 311
1511992970000 311
1511992970000 311
1511992970000 311
1511992970000 312
1511992970000 312
1511992970000 312
1511992970000 312
1511992970000 312
1511992970000 312
1511992970000 312
1511992970000 312
1511992970000 312
1511992970000 312
1511992970000 312
1511992970000 312
1511992970000 312
1511992970000 312
1511992970000 312
1511992970000 312
1511992970000 312
1511992970000 312
1511992970000 312
1511992970000 312
1511992970000 312
1511992970000 312
1511992970000 312
1511992970000 313
1511992970000 313
1511992970000 313
1511992970000 313
1511992970000 313
1511992970000 313
1511992970000 313
1511992970000 313
1511992970000 313
1511992970000 313
1511992970000 314
1511992970000 314
1511992970000 314
1511992970000 317
1511992970000 318
1511992970000 326
1511992970000 326
1511992970000 327
1511992970000 328
1511992970000 328
1511992970000 329
1511992970000 335
1511992970000 336
1511992970000 346
1511992970000 358
1511992970000 359
1511992970000 359
1511992970000 359
1511992970000 360
1511992970000 384
1511992970000 384
1511992980000 344
1511992980000 345
1511992980000 345
1511992980000 345
1511992980000 345
1511992980000 345
1511992980000 345
1511992980000 345
1511992980000 345
1511992980000 345
1511992980000 345
1511992980000 345
1511992980000 345
1511992980000 345
1511992980000 345
1511992980000 345
1511992980000 345
1511992980000 345
1511992980000 345
1511992980000 345
1511992980000 345
1511992980000 346
1511992980000 346
1511992980000 346
1511992980000 346
1511992980000 346
1511992980000 346
1511992980000 346
1511992980000 346
1511992980000 346
1511992980000 346
1511992980000 346
1511992980000 346
1511992980000 346
1511992980000 346
1511992980000 346
1511992980000 346
1511992980000 346
1511992980000 346
1511992980000 346
1511992980000 346
1511992980000 346
1511992980000 346
1511992980000 346
1511992980000 346
1511992980000 346
1511992980000 346
1511992980000 346
1511992980000 346
1511992980000 346
1511992980000 347
1511992980000 347
1511992980000 347
1511992980000 347
1511992980000 347
1511992980000 348
1511992980000 348
1511992980000 348
1511992980000 348
1511992980000 348
1511992980000 348
1511992980000 348
1511992980000 348
1511992980000 348
1511992980000 348
1511992980000 348
1511992980000 348
1511992980000 348
1511992980000 348
1511992980000 348
1511992980000 349
1511992980000 349
1511992980000 349
1511992980000 349
1511992980000 349
1511992980000 349
1511992980000 349
1511992980000 349
1511992980000 349
1511992980000 349
1511992980000 349
1511992980000 349
1511992980000 349
1511992980000 350
1511992980000 350
1511992980000 350
1511992980000 350
1511992980000 350
1511992980000 350
1511992980000 350
1511992980000 351
1511992980000 351
1511992980000 351
1511992980000 352
1511992980000 352
1511992980000 360
1511992980000 360
1511992980000 360
1511992980000 360
1511992980000 361
1511992990000 349
1511992990000 349
1511992990000 350
1511992990000 350
1511992990000 350
1511992990000 350
1511992990000 350
1511992990000 350
1511992990000 350
1511992990000 350
1511992990000 350
1511992990000 350
1511992990000 350
1511992990000 350
1511992990000 350
1511992990000 350
1511992990000 350
1511992990000 350
1511992990000 350
1511992990000 350
1511992990000 350
1511992990000 350
1511992990000 350
1511992990000 350
1511992990000 350
1511992990000 350
1511992990000 350
1511992990000 350
1511992990000 351
1511992990000 351
1511992990000 351
1511992990000 351
1511992990000 351
1511992990000 351
1511992990000 351
1511992990000 351
1511992990000 351
1511992990000 351
1511992990000 351
1511992990000 351
1511992990000 351
1511992990000 351
1511992990000 351
1511992990000 351
1511992990000 351
1511992990000 351
1511992990000 351
1511992990000 351
1511992990000 351
1511992990000 351
1511992990000 351
1511992990000 351
1511992990000 351
1511992990000 351
1511992990000 351
1511992990000 351
1511992990000 351
1511992990000 352
1511992990000 352
1511992990000 352
1511992990000 352
1511992990000 352
1511992990000 352
1511992990000 352
1511992990000 352
1511992990000 352
1511992990000 352
1511992990000 352
1511992990000 352
1511992990000 352
1511992990000 352
1511992990000 353
1511992990000 353
1511992990000 353
1511992990000 353
1511992990000 353
1511992990000 353
1511992990000 353
1511992990000 353
1511992990000 353
1511992990000 353
1511992990000 353
1511992990000 353
1511992990000 353
1511992990000 354
1511992990000 354
1511992990000 354
1511992990000 354
1511992990000 354
1511992990000 354
1511992990000 354
1511992990000 354
1511992990000 355
1511992990000 361
1511992990000 361
1511992990000 363
1511992990000 363
1511992990000 364
1511992990000 420
1511992990000 421
1511993000000 328
1511993000000 328
1511993000000 328
1511993000000 328
1511993000000 328
1511993000000 328
1511993000000 328
1511993000000 328
1511993000000 329
1511993000000 329
1511993000000 329
1511993000000 329
1511993000000 329
1511993000000 329
1511993000000 329
1511993000000 329
1511993000000 329
1511993000000 329
1511993000000 329
1511993000000 329
1511993000000 329
1511993000000 329
1511993000000 329
1511993000000 329
1511993000000 329
1511993000000 329
1511993000000 329
1511993000000 329
1511993000000 329
1511993000000 329
1511993000000 329
1511993000000 329
1511993000000 329
1511993000000 329
1511993000000 329
1511993000000 329
1511993000000 329
1511993000000 329
1511993000000 329
1511993000000 329
1511993000000 329
1511993000000 329
1511993000000 329
1511993000000 330
1511993000000 330
1511993000000 330
1511993000000 330
1511993000000 330
1511993000000 330
1511993000000 330
1511993000000 330
1511993000000 330
1511993000000 330
1511993000000 331
1511993000000 331
1511993000000 331
1511993000000 331
1511993000000 331
1511993000000 331
1511993000000 331
1511993000000 331
1511993000000 331
1511993000000 331
1511993000000 331
1511993000000 331
1511993000000 331
1511993000000 331
1511993000000 332
1511993000000 332
1511993000000 332
1511993000000 332
1511993000000 332
1511993000000 332
1511993000000 332
1511993000000 332
1511993000000 332
1511993000000 333
1511993000000 333
1511993000000 333
1511993000000 333
1511993000000 333
1511993000000 333
1511993000000 333
1511993000000 333
1511993000000 333
1511993000000 333
1511993000000 333
1511993000000 333
1511993000000 333
1511993000000 333
1511993000000 333
1511993000000 333
1511993000000 333
1511993000000 334
1511993000000 334
1511993000000 334
1511993000000 334
1511993000000 334
1511993000000 334
1511993000000 344
1511993010000 437
1511993010000 437
1511993010000 437
1511993010000 437
1511993010000 437
1511993010000 437
1511993010000 437
1511993010000 437
1511993010000 437
1511993010000 437
1511993010000 437
1511993010000 437
1511993010000 437
1511993010000 437
1511993010000 437
1511993010000 437
1511993010000 437
1511993010000 437
1511993010000 438
1511993010000 438
1511993010000 438
1511993010000 438
1511993010000 438
1511993010000 438
1511993010000 438
1511993010000 438
1511993010000 438
1511993010000 438
1511993010000 438
1511993010000 438
1511993010000 438
1511993010000 438
1511993010000 438
1511993010000 438
1511993010000 438
1511993010000 438
1511993010000 438
1511993010000 438
1511993010000 438
1511993010000 438
1511993010000 438
1511993010000 438
1511993010000 438
1511993010000 438
1511993010000 438
1511993010000 438
1511993010000 438
1511993010000 438
1511993010000 438
1511993010000 438
1511993010000 438
1511993010000 438
1511993010000 438
1511993010000 438
1511993010000 439
1511993010000 439
1511993010000 439
1511993010000 439
1511993010000 439
1511993010000 439
1511993010000 439
1511993010000 439
1511993010000 439
1511993010000 439
1511993010000 439
1511993010000 439
1511993010000 439
1511993010000 439
1511993010000 439
1511993010000 439
1511993010000 439
1511993010000 439
1511993010000 439
1511993010000 439
1511993010000 439
1511993010000 439
1511993010000 439
1511993010000 439
1511993010000 440
1511993010000 440
1511993010000 440
1511993010000 440
1511993010000 440
1511993010000 440
1511993010000 440
1511993010000 440
1511993010000 440
1511993010000 440
1511993010000 440
1511993010000 440
1511993010000 440
1511993010000 440
1511993010000 440
1511993010000 440
1511993010000 441
1511993010000 441
1511993010000 441
1511993010000 441
1511993010000 441
1511993010000 442
1511993020000 323
1511993020000 323
1511993020000 323
1511993020000 323
1511993020000 323
1511993020000 323
1511993020000 324
1511993020000 324
1511993020000 324
1511993020000 324
1511993020000 324
1511993020000 324
1511993020000 324
1511993020000 324
1511993020000 324
1511993020000 324
1511993020000 324
1511993020000 324
1511993020000 324
1511993020000 324
1511993020000 324
1511993020000 324
1511993020000 324
1511993020000 324
1511993020000 324
1511993020000 324
1511993020000 324
1511993020000 325
1511993020000 325
1511993020000 325
1511993020000 325
1511993020000 325
1511993020000 325
1511993020000 325
1511993020000 325
1511993020000 325
1511993020000 325
1511993020000 325
1511993020000 325
1511993020000 325
1511993020000 325
1511993020000 325
1511993020000 325
1511993020000 325
1511993020000 325
1511993020000 325
1511993020000 326
1511993020000 326
1511993020000 326
1511993020000 326
1511993020000 326
1511993020000 326
1511993020000 326
1511993020000 326
1511993020000 326
1511993020000 326
1511993020000 326
1511993020000 326
1511993020000 326
1511993020000 326
1511993020000 326
1511993020000 326
1511993020000 326
1511993020000 326
1511993020000 326
1511993020000 326
1511993020000 326
1511993020000 326
1511993020000 326
1511993020000 327
1511993020000 327
1511993020000 327
1511993020000 327
1511993020000 327
1511993020000 327
1511993020000 327
1511993020000 327
1511993020000 327
1511993020000 327
1511993020000 327
1511993020000 328
1511993020000 328
1511993020000 328
1511993020000 328
1511993020000 328
1511993020000 328
1511993020000 328
1511993020000 328
1511993020000 328
1511993020000 329
1511993020000 329
1511993020000 329
1511993020000 329
1511993020000 331
1511993020000 332
1511993020000 332
1511993020000 332
1511993020000 341
1511993020000 342
1511993020000 342
1511993030000 335
1511993030000 335
1511993030000 335
1511993030000 335
1511993030000 335
1511993030000 335
1511993030000 335
1511993030000 335
1511993030000 335
1511993030000 336
1511993030000 336
1511993030000 336
1511993030000 336
1511993030000 336
1511993030000 336
1511993030000 336
1511993030000 336
1511993030000 336
1511993030000 336
1511993030000 336
1511993030000 336
1511993030000 336
1511993030000 336
1511993030000 336
1511993030000 336
1511993030000 336
1511993030000 336
1511993030000 336
1511993030000 336
1511993030000 336
1511993030000 336
1511993030000 336
1511993030000 336
1511993030000 336
1511993030000 336
1511993030000 336
1511993030000 336
1511993030000 337
1511993030000 337
1511993030000 337
1511993030000 337
1511993030000 337
1511993030000 337
1511993030000 337
1511993030000 337
1511993030000 337
1511993030000 337
1511993030000 337
1511993030000 337
1511993030000 337
1511993030000 338
1511993030000 338
1511993030000 338
1511993030000 338
1511993030000 338
1511993030000 338
1511993030000 338
1511993030000 338
1511993030000 338
1511993030000 338
1511993030000 338
1511993030000 338
1511993030000 338
1511993030000 338
1511993030000 338
1511993030000 338
1511993030000 338
1511993030000 338
1511993030000 338
1511993030000 338
1511993030000 338
1511993030000 338
1511993030000 338
1511993030000 338
1511993030000 338
1511993030000 338
1511993030000 338
1511993030000 338
1511993030000 338
1511993030000 338
1511993030000 338
1511993030000 338
1511993030000 339
1511993030000 339
1511993030000 339
1511993030000 339
1511993030000 339
1511993030000 339
1511993030000 339
1511993030000 339
1511993030000 339
1511993030000 339
1511993030000 339
1511993030000 339
1511993030000 339
1511993030000 339
1511993030000 340
1511993030000 340
1511993030000 340
1511993030000 340
1511993040000 375
1511993040000 375
1511993040000 375
1511993040000 375
1511993040000 375
1511993040000 375
1511993040000 375
1511993040000 375
1511993040000 375
1511993040000 375
1511993040000 375
1511993040000 376
1511993040000 376
1511993040000 376
1511993040000 376
1511993040000 376
1511993040000 376
1511993040000 376
1511993040000 376
1511993040000 376
1511993040000 376
1511993040000 376
1511993040000 376
1511993040000 376
1511993040000 376
1511993040000 376
1511993040000 376
1511993040000 376
1511993040000 376
1511993040000 376
1511993040000 376
1511993040000 376
1511993040000 376
1511993040000 377
1511993040000 377
1511993040000 377
1511993040000 377
1511993040000 377
1511993040000 377
1511993040000 377
1511993040000 377
1511993040000 377
1511993040000 377
1511993040000 378
1511993040000 378
1511993040000 378
1511993040000 378
1511993040000 378
1511993040000 378
1511993040000 378
1511993040000 378
1511993040000 378
1511993040000 378
1511993040000 378
1511993040000 378
1511993040000 378
1511993040000 378
1511993040000 378
1511993040000 378
1511993040000 378
1511993040000 378
1511993040000 378
1511993040000 378
1511993040000 378
1511993040000 379
1511993040000 379
1511993040000 379
1511993040000 379
1511993040000 379
1511993040000 379
1511993040000 379
1511993040000 379
1511993040000 379
1511993040000 379
1511993040000 379
1511993040000 379
1511993040000 379
1511993040000 379
1511993040000 379
1511993040000 380
1511993040000 380
1511993040000 380
1511993040000 380
1511993040000 380
1511993040000 380
1511993040000 380
1511993040000 380
1511993040000 380
1511993040000 380
1511993040000 380
1511993040000 380
1511993040000 380
1511993040000 380
1511993040000 380
1511993040000 380
1511993040000 380
1511993040000 380
1511993040000 380
1511993040000 381
1511993040000 382
1511993050000 366
1511993050000 366
1511993050000 367
1511993050000 367
1511993050000 367
1511993050000 367
1511993050000 367
1511993050000 367
1511993050000 367
1511993050000 367
1511993050000 367
1511993050000 367
1511993050000 367
1511993050000 368
1511993050000 368
1511993050000 368
1511993050000 368
1511993050000 368
1511993050000 368
1511993050000 368
1511993050000 368
1511993050000 368
1511993050000 368
1511993050000 368
1511993050000 368
1511993050000 368
1511993050000 368
1511993050000 368
1511993050000 368
1511993050000 368
1511993050000 368
1511993050000 368
1511993050000 368
1511993050000 368
1511993050000 368
1511993050000 368
1511993050000 368
1511993050000 368
1511993050000 368
1511993050000 368
1511993050000 369
1511993050000 369
1511993050000 369
1511993050000 369
1511993050000 369
1511993050000 369
1511993050000 369
1511993050000 369
1511993050000 369
1511993050000 369
1511993050000 369
1511993050000 369
1511993050000 369
1511993050000 369
1511993050000 369
1511993050000 369
1511993050000 369
1511993050000 369
1511993050000 370
1511993050000 370
1511993050000 370
1511993050000 370
1511993050000 370
1511993050000 370
1511993050000 370
1511993050000 370
1511993050000 370
1511993050000 370
1511993050000 370
1511993050000 370
1511993050000 370
1511993050000 370
1511993050000 370
1511993050000 370
1511993050000 370
1511993050000 370
1511993050000 371
1511993050000 371
1511993050000 371
1511993050000 371
1511993050000 371
1511993050000 372
1511993050000 382
1511993050000 382
1511993050000 383
1511993050000 383
1511993050000 385
1511993050000 385
1511993050000 385
1511993050000 386
1511993050000 386
1511993050000 386
1511993050000 388
1511993050000 389
1511993050000 391
1511993050000 392
1511993050000 397
1511993050000 397
1511993050000 398
1511993050000 398
1511993060000 299
1511993060000 299
1511993060000 299
1511993060000 299
1511993060000 299
1511993060000 300
1511993060000 300
1511993060000 300
1511993060000 300
1511993060000 300
1511993060000 300
1511993060000 300
1511993060000 300
1511993060000 300
1511993060000 300
1511993060000 300
1511993060000 300
1511993060000 300
1511993060000 300
1511993060000 300
1511993060000 300
1511993060000 300
1511993060000 300
1511993060000 300
1511993060000 300
1511993060000 300
1511993060000 300
1511993060000 300
1511993060000 300
1511993060000 300
1511993060000 300
1511993060000 300
1511993060000 300
1511993060000 301
1511993060000 301
1511993060000 301
1511993060000 301
1511993060000 301
1511993060000 301
1511993060000 301
1511993060000 301
1511993060000 301
1511993060000 301
1511993060000 301
1511993060000 301
1511993060000 301
1511993060000 301
1511993060000 301
1511993060000 301
1511993060000 301
1511993060000 301
1511993060000 301
1511993060000 301
1511993060000 301
1511993060000 301
1511993060000 301
1511993060000 301
1511993060000 301
1511993060000 301
1511993060000 302
1511993060000 302
1511993060000 302
1511993060000 302
1511993060000 302
1511993060000 302
1511993060000 302
1511993060000 302
1511993060000 302
1511993060000 302
1511993060000 302
1511993060000 302
1511993060000 302
1511993060000 302
1511993060000 302
1511993060000 302
1511993060000 302
1511993060000 302
1511993060000 302
1511993060000 302
1511993060000 302
1511993060000 302
1511993060000 303
1511993060000 303
1511993060000 303
1511993060000 303
1511993060000 303
1511993060000 303
1511993060000 303
1511993060000 303
1511993060000 303
1511993060000 303
1511993060000 303
1511993060000 303
1511993060000 304
1511993060000 313
1511993060000 313
1511993060000 313
1511993060000 314
1511993060000 314
1511993060000 314
1511993070000 298
1511993070000 298
1511993070000 298
1511993070000 298
1511993070000 298
1511993070000 298
1511993070000 298
1511993070000 298
1511993070000 298
1511993070000 298
1511993070000 298
1511993070000 298
1511993070000 298
1511993070000 298
1511993070000 298
1511993070000 299
1511993070000 299
1511993070000 299
1511993070000 299
1511993070000 299
1511993070000 299
1511993070000 299
1511993070000 299
1511993070000 299
1511993070000 299
1511993070000 299
1511993070000 299
1511993070000 299
1511993070000 299
1511993070000 299
1511993070000 299
1511993070000 299
1511993070000 299
1511993070000 299
1511993070000 299
1511993070000 299
1511993070000 299
1511993070000 299
1511993070000 299
1511993070000 299
1511993070000 299
1511993070000 299
1511993070000 299
1511993070000 299
1511993070000 299
1511993070000 299
1511993070000 299
1511993070000 299
1511993070000 299
1511993070000 300
1511993070000 300
1511993070000 300
1511993070000 300
1511993070000 300
1511993070000 300
1511993070000 300
1511993070000 300
1511993070000 300
1511993070000 300
1511993070000 300
1511993070000 300
1511993070000 300
1511993070000 300
1511993070000 300
1511993070000 300
1511993070000 300
1511993070000 300
1511993070000 300
1511993070000 300
1511993070000 300
1511993070000 300
1511993070000 300
1511993070000 300
1511993070000 300
1511993070000 300
1511993070000 301
1511993070000 301
1511993070000 301
1511993070000 301
1511993070000 301
1511993070000 301
1511993070000 301
1511993070000 301
1511993070000 301
1511993070000 301
1511993070000 301
1511993070000 301
1511993070000 301
1511993070000 301
1511993070000 301
1511993070000 301
1511993070000 301
1511993070000 301
1511993070000 301
1511993070000 301
1511993070000 301
1511993070000 302
1511993070000 302
1511993070000 302
1511993070000 303
1511993080000 310
1511993080000 310
1511993080000 310
1511993080000 310
1511993080000 310
1511993080000 310
1511993080000 310
1511993080000 310
1511993080000 310
1511993080000 310
1511993080000 310
1511993080000 311
1511993080000 311
1511993080000 311
1511993080000 311
1511993080000 311
1511993080000 311
1511993080000 311
1511993080000 311
1511993080000 311
1511993080000 311
1511993080000 311
1511993080000 311
1511993080000 311
1511993080000 312
1511993080000 312
1511993080000 312
1511993080000 312
1511993080000 312
1511993080000 312
1511993080000 312
1511993080000 312
1511993080000 312
1511993080000 312
1511993080000 312
1511993080000 312
1511993080000 312
1511993080000 312
1511993080000 312
1511993080000 312
1511993080000 312
1511993080000 312
1511993080000 312
1511993080000 312
1511993080000 312
1511993080000 312
1511993080000 312
1511993080000 312
1511993080000 312
1511993080000 312
1511993080000 312
1511993080000 312
1511993080000 313
1511993080000 313
1511993080000 313
1511993080000 313
1511993080000 313
1511993080000 313
1511993080000 313
1511993080000 313
1511993080000 313
1511993080000 313
1511993080000 313
1511993080000 313
1511993080000 314
1511993080000 314
1511993080000 314
1511993080000 314
1511993080000 314
1511993080000 314
1511993080000 314
1511993080000 314
1511993080000 314
1511993080000 314
1511993080000 314
1511993080000 314
1511993080000 314
1511993080000 315
1511993080000 315
1511993080000 315
1511993080000 315
1511993080000 315
1511993080000 315
1511993080000 315
1511993080000 315
1511993080000 315
1511993080000 315
1511993080000 315
1511993080000 315
1511993080000 315
1511993080000 316
1511993080000 316
1511993080000 316
1511993080000 318
1511993080000 318
1511993080000 319
1511993080000 320
1511993080000 331
1511993080000 331
1511993080000 332
1511993090000 310
1511993090000 310
1511993090000 310
1511993090000 310
1511993090000 310
1511993090000 310
1511993090000 310
1511993090000 310
1511993090000 310
1511993090000 310
1511993090000 310
1511993090000 310
1511993090000 311
1511993090000 311
1511993090000 311
1511993090000 311
1511993090000 311
1511993090000 311
1511993090000 311
1511993090000 311
1511993090000 311
1511993090000 311
1511993090000 311
1511993090000 311
1511993090000 311
1511993090000 311
1511993090000 311
1511993090000 311
1511993090000 311
1511993090000 311
1511993090000 311
1511993090000 311
1511993090000 311
1511993090000 311
1511993090000 311
1511993090000 311
1511993090000 311
1511993090000 311
1511993090000 311
1511993090000 311
1511993090000 311
1511993090000 311
1511993090000 311
1511993090000 311
1511993090000 311
1511993090000 311
1511993090000 311
1511993090000 312
1511993090000 312
1511993090000 312
1511993090000 312
1511993090000 312
1511993090000 312
1511993090000 312
1511993090000 312
1511993090000 312
1511993090000 312
1511993090000 312
1511993090000 312
1511993090000 312
1511993090000 312
1511993090000 312
1511993090000 312
1511993090000 312
1511993090000 312
1511993090000 312
1511993090000 312
1511993090000 312
1511993090000 312
1511993090000 312
1511993090000 313
1511993090000 313
1511993090000 313
1511993090000 313
1511993090000 313
1511993090000 313
1511993090000 313
1511993090000 313
1511993090000 313
1511993090000 313
1511993090000 313
1511993090000 313
1511993090000 313
1511993090000 313
1511993090000 313
1511993090000 313
1511993090000 313
1511993090000 314
1511993090000 314
1511993090000 314
1511993090000 314
1511993090000 316
1511993090000 317
1511993090000 317
1511993090000 318
1511993090000 321
1511993090000 322
1511993090000 328
1511993090000 419
1511993090000 420
1511993100000 356
1511993100000 357
1511993100000 357
1511993100000 357
1511993100000 357
1511993100000 357
1511993100000 357
1511993100000 357
1511993100000 357
1511993100000 357
1511993100000 357
1511993100000 357
1511993100000 357
1511993100000 357
1511993100000 358
1511993100000 358
1511993100000 358
1511993100000 358
1511993100000 358
1511993100000 358
1511993100000 358
1511993100000 358
1511993100000 358
1511993100000 358
1511993100000 358
1511993100000 358
1511993100000 359
1511993100000 359
1511993100000 359
1511993100000 359
1511993100000 359
1511993100000 359
1511993100000 359
1511993100000 359
1511993100000 359
1511993100000 359
1511993100000 359
1511993100000 359
1511993100000 359
1511993100000 359
1511993100000 359
1511993100000 359
1511993100000 359
1511993100000 359
1511993100000 359
1511993100000 359
1511993100000 359
1511993100000 359
1511993100000 359
1511993100000 359
1511993100000 359
1511993100000 359
1511993100000 359
1511993100000 359
1511993100000 359
1511993100000 359
1511993100000 359
1511993100000 360
1511993100000 360
1511993100000 360
1511993100000 360
1511993100000 360
1511993100000 360
1511993100000 360
1511993100000 360
1511993100000 360
1511993100000 360
1511993100000 360
1511993100000 361
1511993100000 361
1511993100000 361
1511993100000 361
1511993100000 361
1511993100000 361
1511993100000 361
1511993100000 361
1511993100000 361
1511993100000 361
1511993100000 361
1511993100000 361
1511993100000 361
1511993100000 361
1511993100000 361
1511993100000 361
1511993100000 361
1511993100000 361
1511993100000 361
1511993100000 361
1511993100000 361
1511993100000 362
1511993100000 362
1511993100000 362
1511993100000 362
1511993100000 362
1511993100000 362
1511993100000 362
1511993100000 362
1511993100000 363
1511993100000 363
1511993100000 363
1511993110000 343
1511993110000 343
1511993110000 343
1511993110000 343
1511993110000 343
1511993110000 343
1511993110000 343
1511993110000 344
1511993110000 344
1511993110000 344
1511993110000 344
1511993110000 344
1511993110000 344
1511993110000 344
1511993110000 344
1511993110000 344
1511993110000 344
1511993110000 344
1511993110000 344
1511993110000 344
1511993110000 344
1511993110000 344
1511993110000 344
1511993110000 345
1511993110000 345
1511993110000 345
1511993110000 345
1511993110000 345
1511993110000 345
1511993110000 345
1511993110000 345
1511993110000 345
1511993110000 345
1511993110000 345
1511993110000 345
1511993110000 345
1511993110000 345
1511993110000 345
1511993110000 345
1511993110000 345
1511993110000 345
1511993110000 345
1511993110000 345
1511993110000 345
1511993110000 345
1511993110000 345
1511993110000 346
1511993110000 346
1511993110000 346
1511993110000 346
1511993110000 346
1511993110000 346
1511993110000 346
1511993110000 346
1511993110000 346
1511993110000 346
1511993110000 346
1511993110000 346
1511993110000 346
1511993110000 346
1511993110000 346
1511993110000 346
1511993110000 346
1511993110000 346
1511993110000 346
1511993110000 346
1511993110000 347
1511993110000 347
1511993110000 347
1511993110000 347
1511993110000 347
1511993110000 347
1511993110000 347
1511993110000 347
1511993110000 347
1511993110000 347
1511993110000 347
1511993110000 347
1511993110000 348
1511993110000 348
1511993110000 348
1511993110000 348
1511993110000 348
1511993110000 348
1511993110000 348
1511993110000 348
1511993110000 348
1511993110000 348
1511993110000 348
1511993110000 348
1511993110000 348
1511993110000 348
1511993110000 348
1511993110000 349
1511993110000 349
1511993110000 349
1511993110000 349
1511993110000 349
1511993110000 349
1511993110000 350
1511993120000 330
1511993120000 330
1511993120000 330
1511993120000 330
1511993120000 330
1511993120000 331
1511993120000 331
1511993120000 331
1511993120000 331
1511993120000 331
1511993120000 331
1511993120000 331
1511993120000 331
1511993120000 331
1511993120000 331
1511993120000 331
1511993120000 331
1511993120000 331
1511993120000 331
1511993120000 331
1511993120000 331
1511993120000 332
1511993120000 332
1511993120000 332
1511993120000 332
1511993120000 332
1511993120000 332
1511993120000 332
1511993120000 332
1511993120000 332
1511993120000 332
1511993120000 332
1511993120000 332
1511993120000 332
1511993120000 332
1511993120000 333
1511993120000 333
1511993120000 333
1511993120000 333
1511993120000 333
1511993120000 333
1511993120000 333
1511993120000 333
1511993120000 333
1511993120000 333
1511993120000 333
1511993120000 333
1511993120000 333
1511993120000 333
1511993120000 333
1511993120000 333
1511993120000 333
1511993120000 334
1511993120000 334
1511993120000 334
1511993120000 334
1511993120000 334
1511993120000 334
1511993120000 334
1511993120000 334
1511993120000 334
1511993120000 334
1511993120000 334
1511993120000 334
1511993120000 334
1511993120000 334
1511993120000 334
1511993120000 334
1511993120000 334
1511993120000 334
1511993120000 335
1511993120000 335
1511993120000 335
1511993120000 335
1511993120000 335
1511993120000 335
1511993120000 337
1511993120000 338
1511993120000 338
1511993120000 339
1511993120000 340
1511993120000 340
1511993120000 341
1511993120000 341
1511993120000 343
1511993120000 348
1511993120000 349
1511993120000 349
1511993120000 350
1511993120000 350
1511993120000 350
1511993120000 353
1511993120000 354
1511993120000 361
1511993120000 362
1511993120000 362
1511993120000 363
1511993120000 363
1511993120000 363
1511993120000 363
1511993130000 320
1511993130000 320
1511993130000 320
1511993130000 320
1511993130000 320
1511993130000 320
1511993130000 320
1511993130000 321
1511993130000 321
1511993130000 321
1511993130000 321
1511993130000 321
1511993130000 321
1511993130000 321
1511993130000 321
1511993130000 321
1511993130000 321
1511993130000 321
1511993130000 321
1511993130000 321
1511993130000 321
1511993130000 321
1511993130000 321
1511993130000 322
1511993130000 322
1511993130000 322
1511993130000 322
1511993130000 322
1511993130000 322
1511993130000 322
1511993130000 322
1511993130000 322
1511993130000 322
1511993130000 322
1511993130000 322
1511993130000 322
1511993130000 322
1511993130000 322
1511993130000 322
1511993130000 322
1511993130000 322
1511993130000 322
1511993130000 322
1511993130000 322
1511993130000 322
1511993130000 322
1511993130000 322
1511993130000 322
1511993130000 322
1511993130000 322
1511993130000 322
1511993130000 322
1511993130000 323
1511993130000 323
1511993130000 323
1511993130000 323
1511993130000 323
1511993130000 323
1511993130000 323
1511993130000 323
1511993130000 323
1511993130000 324
1511993130000 324
1511993130000 324
1511993130000 324
1511993130000 324
1511993130000 324
1511993130000 324
1511993130000 324
1511993130000 324
1511993130000 324
1511993130000 324
1511993130000 324
1511993130000 324
1511993130000 324
1511993130000 324
1511993130000 324
1511993130000 324
1511993130000 324
1511993130000 325
1511993130000 325
1511993130000 325
1511993130000 325
1511993130000 325
1511993130000 325
1511993130000 325
1511993130000 325
1511993130000 325
1511993130000 326
1511993130000 326
1511993130000 326
1511993130000 326
1511993130000 326
1511993130000 327
1511993130000 331
1511993130000 331
1511993130000 332
1511993130000 332
1511993130000 361
1511993130000 361
1511993140000 326
1511993140000 326
1511993140000 326
1511993140000 326
1511993140000 326
1511993140000 326
1511993140000 326
1511993140000 326
1511993140000 326
1511993140000 326
1511993140000 326
1511993140000 326
1511993140000 326
1511993140000 326
1511993140000 326
1511993140000 326
1511993140000 326
1511993140000 326
1511993140000 326
1511993140000 326
1511993140000 326
1511993140000 326
1511993140000 327
1511993140000 327
1511993140000 327
1511993140000 327
1511993140000 327
1511993140000 327
1511993140000 327
1511993140000 327
1511993140000 327
1511993140000 327
1511993140000 327
1511993140000 327
1511993140000 327
1511993140000 327
1511993140000 327
1511993140000 327
1511993140000 327
1511993140000 327
1511993140000 327
1511993140000 327
1511993140000 327
1511993140000 327
1511993140000 327
1511993140000 327
1511993140000 327
1511993140000 327
1511993140000 327
1511993140000 327
1511993140000 327
1511993140000 327
1511993140000 327
1511993140000 327
1511993140000 327
1511993140000 327
1511993140000 327
1511993140000 327
1511993140000 327
1511993140000 328
1511993140000 328
1511993140000 328
1511993140000 328
1511993140000 328
1511993140000 328
1511993140000 328
1511993140000 328
1511993140000 328
1511993140000 328
1511993140000 328
1511993140000 328
1511993140000 328
1511993140000 328
1511993140000 328
1511993140000 328
1511993140000 328
1511993140000 328
1511993140000 328
1511993140000 328
1511993140000 329
1511993140000 329
1511993140000 329
1511993140000 330
1511993140000 330
1511993140000 331
1511993140000 331
1511993140000 338
1511993140000 339
1511993140000 349
1511993140000 350
1511993140000 350
1511993140000 350
1511993140000 351
1511993140000 351
1511993140000 351
1511993140000 352
1511993140000 352
1511993140000 356
1511993140000 356
1511993140000 407
1511993150000 324
1511993150000 324
1511993150000 324
1511993150000 324
1511993150000 324
1511993150000 325
1511993150000 325
1511993150000 325
1511993150000 325
1511993150000 325
1511993150000 325
1511993150000 325
1511993150000 325
1511993150000 325
1511993150000 325
1511993150000 325
1511993150000 325
1511993150000 325
1511993150000 325
1511993150000 325
1511993150000 325
1511993150000 325
1511993150000 326
1511993150000 326
1511993150000 326
1511993150000 326
1511993150000 326
1511993150000 326
1511993150000 326
1511993150000 326
1511993150000 326
1511993150000 326
1511993150000 326
1511993150000 326
1511993150000 326
1511993150000 326
1511993150000 326
1511993150000 326
1511993150000 326
1511993150000 326
1511993150000 326
1511993150000 327
1511993150000 327
1511993150000 327
1511993150000 327
1511993150000 327
1511993150000 327
1511993150000 327
1511993150000 327
1511993150000 327
1511993150000 327
1511993150000 327
1511993150000 327
1511993150000 327
1511993150000 327
1511993150000 328
1511993150000 328
1511993150000 328
1511993150000 328
1511993150000 328
1511993150000 328
1511993150000 328
1511993150000 328
1511993150000 328
1511993150000 328
1511993150000 328
1511993150000 328
1511993150000 328
1511993150000 328
1511993150000 328
1511993150000 328
1511993150000 328
1511993150000 328
1511993150000 328
1511993150000 328
1511993150000 329
1511993150000 329
1511993150000 329
1511993150000 329
1511993150000 329
1511993150000 329
1511993150000 330
1511993150000 330
1511993150000 338
1511993150000 339
1511993150000 339
1511993150000 339
1511993150000 339
1511993150000 340
1511993150000 341
1511993150000 355
1511993150000 359
1511993150000 359
1511993150000 360
1511993150000 364
1511993150000 364
1511993150000 415
1511993150000 416
1511993150000 769
1511993150000 769
1511993160000 364
1511993160000 364
1511993160000 364
1511993160000 364
1511993160000 364
1511993160000 364
1511993160000 365
1511993160000 365
1511993160000 365
1511993160000 365
1511993160000 365
1511993160000 365
1511993160000 365
1511993160000 365
1511993160000 365
1511993160000 365
1511993160000 365
1511993160000 365
1511993160000 366
1511993160000 366
1511993160000 366
1511993160000 366
1511993160000 366
1511993160000 366
1511993160000 366
1511993160000 366
1511993160000 366
1511993160000 366
1511993160000 366
1511993160000 366
1511993160000 366
1511993160000 366
1511993160000 366
1511993160000 366
1511993160000 366
1511993160000 366
1511993160000 366
1511993160000 366
1511993160000 366
1511993160000 366
1511993160000 366
1511993160000 366
1511993160000 366
1511993160000 367
1511993160000 367
1511993160000 367
1511993160000 367
1511993160000 367
1511993160000 367
1511993160000 367
1511993160000 367
1511993160000 367
1511993160000 367
1511993160000 367
1511993160000 367
1511993160000 367
1511993160000 367
1511993160000 367
1511993160000 367
1511993160000 367
1511993160000 367
1511993160000 368
1511993160000 368
1511993160000 368
1511993160000 368
1511993160000 368
1511993160000 368
1511993160000 368
1511993160000 368
1511993160000 368
1511993160000 368
1511993160000 368
1511993160000 368
1511993160000 368
1511993160000 368
1511993160000 368
1511993160000 368
1511993160000 368
1511993160000 368
1511993160000 368
1511993160000 368
1511993160000 368
1511993160000 368
1511993160000 368
1511993160000 369
1511993160000 369
1511993160000 369
1511993160000 369
1511993160000 369
1511993160000 369
1511993160000 369
1511993160000 369
1511993160000 369
1511993160000 370
1511993160000 384
1511993160000 386
1511993160000 387
1511993160000 387
1511993160000 390
1511993160000 391
1511993170000 340
1511993170000 340
1511993170000 340
1511993170000 340
1511993170000 340
1511993170000 340
1511993170000 340
1511993170000 340
1511993170000 340
1511993170000 341
1511993170000 341
1511993170000 341
1511993170000 341
1511993170000 341
1511993170000 341
1511993170000 341
1511993170000 341
1511993170000 341
1511993170000 341
1511993170000 341
1511993170000 341
1511993170000 341
1511993170000 341
1511993170000 341
1511993170000 341
1511993170000 341
1511993170000 341
1511993170000 341
1511993170000 341
1511993170000 341
1511993170000 341
1511993170000 341
1511993170000 341
1511993170000 341
1511993170000 341
1511993170000 341
1511993170000 341
1511993170000 341
1511993170000 341
1511993170000 341
1511993170000 341
1511993170000 341
1511993170000 341
1511993170000 341
1511993170000 341
1511993170000 341
1511993170000 341
1511993170000 341
1511993170000 341
1511993170000 342
1511993170000 342
1511993170000 342
1511993170000 342
1511993170000 342
1511993170000 342
1511993170000 342
1511993170000 342
1511993170000 342
1511993170000 342
1511993170000 342
1511993170000 342
1511993170000 342
1511993170000 342
1511993170000 342
1511993170000 342
1511993170000 342
1511993170000 342
1511993170000 342
1511993170000 342
1511993170000 342
1511993170000 342
1511993170000 342
1511993170000 342
1511993170000 342
1511993170000 342
1511993170000 343
1511993170000 343
1511993170000 343
1511993170000 343
1511993170000 343
1511993170000 343
1511993170000 343
1511993170000 343
1511993170000 343
1511993170000 343
1511993170000 343
1511993170000 343
1511993170000 343
1511993170000 343
1511993170000 343
1511993170000 343
1511993170000 343
1511993170000 343
1511993170000 343
1511993170000 343
1511993170000 344
1511993170000 344
1511993170000 344
1511993170000 344
1511993170000 344
1511993180000 338
1511993180000 338
1511993180000 338
1511993180000 338
1511993180000 338
1511993180000 339
1511993180000 339
1511993180000 339
1511993180000 339
1511993180000 339
1511993180000 339
1511993180000 339
1511993180000 339
1511993180000 339
1511993180000 339
1511993180000 340
1511993180000 340
1511993180000 340
1511993180000 340
1511993180000 340
1511993180000 340
1511993180000 340
1511993180000 340
1511993180000 340
1511993180000 340
1511993180000 340
1511993180000 340
1511993180000 340
1511993180000 340
1511993180000 340
1511993180000 340
1511993180000 340
1511993180000 340
1511993180000 340
1511993180000 340
1511993180000 340
1511993180000 340
1511993180000 340
1511993180000 340
1511993180000 340
1511993180000 340
1511993180000 340
1511993180000 340
1511993180000 340
1511993180000 340
1511993180000 340
1511993180000 340
1511993180000 340
1511993180000 340
1511993180000 340
1511993180000 340
1511993180000 341
1511993180000 341
1511993180000 341
1511993180000 341
1511993180000 341
1511993180000 341
1511993180000 341
1511993180000 341
1511993180000 341
1511993180000 341
1511993180000 341
1511993180000 341
1511993180000 341
1511993180000 341
1511993180000 341
1511993180000 341
1511993180000 342
1511993180000 342
1511993180000 342
1511993180000 342
1511993180000 342
1511993180000 342
1511993180000 342
1511993180000 342
1511993180000 342
1511993180000 342
1511993180000 342
1511993180000 342
1511993180000 342
1511993180000 342
1511993180000 342
1511993180000 342
1511993180000 342
1511993180000 342
1511993180000 342
1511993180000 342
1511993180000 342
1511993180000 343
1511993180000 343
1511993180000 343
1511993180000 343
1511993180000 343
1511993180000 343
1511993180000 343
1511993180000 344
1511993180000 359
1511993180000 359
1511993180000 360
1511993180000 360
1511993190000 350
1511993190000 350
1511993190000 350
1511993190000 350
1511993190000 350
1511993190000 350
1511993190000 350
1511993190000 350
1511993190000 350
1511993190000 350
1511993190000 350
1511993190000 351
1511993190000 351
1511993190000 351
1511993190000 351
1511993190000 351
1511993190000 351
1511993190000 351
1511993190000 351
1511993190000 351
1511993190000 351
1511993190000 351
1511993190000 351
1511993190000 351
1511993190000 351
1511993190000 351
1511993190000 351
1511993190000 351
1511993190000 351
1511993190000 351
1511993190000 351
1511993190000 351
1511993190000 351
1511993190000 351
1511993190000 351
1511993190000 351
1511993190000 351
1511993190000 351
1511993190000 351
1511993190000 351
1511993190000 352
1511993190000 352
1511993190000 352
1511993190000 352
1511993190000 352
1511993190000 352
1511993190000 352
1511993190000 352
1511993190000 352
1511993190000 352
1511993190000 352
1511993190000 352
1511993190000 352
1511993190000 352
1511993190000 352
1511993190000 353
1511993190000 353
1511993190000 353
1511993190000 353
1511993190000 353
1511993190000 353
1511993190000 353
1511993190000 353
1511993190000 353
1511993190000 353
1511993190000 353
1511993190000 353
1511993190000 353
1511993190000 353
1511993190000 353
1511993190000 354
1511993190000 354
1511993190000 354
1511993190000 354
1511993190000 354
1511993190000 354
1511993190000 354
1511993190000 354
1511993190000 354
1511993190000 354
1511993190000 354
1511993190000 354
1511993190000 354
1511993190000 354
1511993190000 354
1511993190000 355
1511993190000 355
1511993190000 356
1511993190000 359
1511993190000 359
1511993190000 360
1511993190000 362
1511993190000 363
1511993190000 366
1511993190000 366
1511993190000 377
1511993190000 377
1511993190000 378
1511993190000 379
1511993190000 379
1511993200000 -4727
1511993200000 -4935
1511993200000 -4949
1511993200000 -4957
1511993200000 -4959
1511993200000 -4960
1511993200000 -4961
1511993200000 -4977
1511993200000 -4979
1511993200000 -4979
1511993200000 -4980
1511993200000 -4980
1511993200000 -4980
1511993200000 -4980
1511993200000 -4980
1511993200000 -4980
1511993200000 -4981
1511993200000 -4981
1511993200000 -4983
1511993200000 -4983
1511993200000 -4983
1511993200000 -4984
1511993200000 -4984
1511993200000 -4984
1511993200000 -4984
1511993200000 -4984
1511993200000 -4984
1511993200000 -5685
1511993200000 -5699
1511993200000 -5700
1511993200000 -5710
1511993200000 -5711
1511993200000 -5714
1511993200000 -5715
1511993200000 -5717
1511993200000 -5718
1511993200000 -5718
1511993200000 -5724
1511993200000 -5725
1511993200000 -5729
1511993200000 -5926
1511993200000 -5936
1511993200000 -5936
1511993200000 -5950
1511993200000 -5950
1511993200000 -5952
1511993200000 -5959
1511993200000 -5959
1511993200000 -5960
1511993200000 -5960
1511993200000 -5963
1511993200000 -5963
1511993200000 -5977
1511993200000 -5979
1511993200000 -5980
1511993200000 -5980
1511993200000 -5980
1511993200000 -5980
1511993200000 -5980
1511993200000 -5980
1511993200000 -5980
1511993200000 -5980
1511993200000 -5981
1511993200000 -5981
1511993200000 -5984
1511993200000 -5984
1511993200000 -5984
1511993200000 -5984
1511993200000 -5984
1511993200000 -5984
1511993200000 -5984
1511993200000 -5984
1511993200000 -5984
1511993200000 -5984
1511993200000 -5984
1511993200000 -5984
1511993200000 -5984
1511993200000 -5984
1511993200000 -5984
1511993200000 -5985
1511993200000 -5985
1511993200000 -5985
1511993200000 -5985
1511993200000 -5985
1511993200000 -5985
1511993200000 -5985
1511993200000 -5985
1511993200000 -6718
1511993200000 -6734
1511993200000 -6927
1511993200000 -6956
1511993200000 -6961
1511993200000 -6980
1511993200000 -6980
1511993200000 -6982
1511993200000 -6982
1511993200000 -6982
1511993200000 -6982
1511993200000 -6982
1511993200000 -6982
