1512142580000 10323
1512142580000 10324
1512142580000 10324
1512142580000 10324
1512142580000 10325
1512142580000 10325
1512142580000 10325
1512142580000 10326
1512142580000 10326
1512142580000 10326
1512142580000 10327
1512142580000 10327
1512142580000 10327
1512142580000 10328
1512142580000 10328
1512142580000 10328
1512142580000 10328
1512142580000 10329
1512142580000 10540
1512142580000 10541
1512142580000 10541
1512142580000 10542
1512142580000 10542
1512142580000 10543
1512142580000 10544
1512142580000 10544
1512142580000 10545
1512142580000 10545
1512142580000 10546
1512142580000 10546
1512142580000 10547
1512142580000 10547
1512142580000 10548
1512142580000 10549
1512142580000 10549
1512142580000 10550
1512142580000 10550
1512142580000 10551
1512142580000 10551
1512142580000 10552
1512142580000 10552
1512142580000 10553
1512142580000 10591
1512142580000 10591
1512142580000 10591
1512142580000 10592
1512142580000 10593
1512142580000 10593
1512142580000 10594
1512142580000 10594
1512142580000 10595
1512142580000 10595
1512142580000 10595
1512142580000 10595
1512142580000 10595
1512142580000 10595
1512142580000 10595
1512142580000 10595
1512142580000 10596
1512142580000 10596
1512142580000 10596
1512142580000 10596
1512142580000 10596
1512142580000 10596
1512142580000 10597
1512142580000 10597
1512142580000 10597
1512142580000 10597
1512142580000 10597
1512142580000 10597
1512142580000 10597
1512142580000 10598
1512142580000 10598
1512142580000 10598
1512142580000 10598
1512142580000 10598
1512142580000 10598
1512142580000 10599
1512142580000 10599
1512142580000 10599
1512142580000 10599
1512142580000 10600
1512142580000 10600
1512142580000 10600
1512142580000 10607
1512142580000 11240
1512142580000 11245
1512142580000 11245
1512142580000 11248
1512142580000 11255
1512142580000 11260
1512142580000 11269
1512142580000 11270
1512142580000 11270
1512142580000 11271
1512142580000 11272
1512142580000 11272
1512142580000 11273
1512142580000 11273
1512142580000 11278
1512142590000 10107
1512142590000 10108
1512142590000 10108
1512142590000 10109
1512142590000 10109
1512142590000 10109
1512142590000 10109
1512142590000 10110
1512142590000 10110
1512142590000 10110
1512142590000 10110
1512142590000 10111
1512142590000 10111
1512142590000 10111
1512142590000 10111
1512142590000 10112
1512142590000 10112
1512142590000 10112
1512142590000 10112
1512142590000 10113
1512142590000 10113
1512142590000 10113
1512142590000 10113
1512142590000 10114
1512142590000 10114
1512142590000 10114
1512142590000 10114
1512142590000 10114
1512142590000 10115
1512142590000 10115
1512142590000 10116
1512142590000 10116
1512142590000 10117
1512142590000 10117
1512142590000 10118
1512142590000 10118
1512142590000 10119
1512142590000 10119
1512142590000 10120
1512142590000 10120
1512142590000 10255
1512142590000 10255
1512142590000 10255
1512142590000 10256
1512142590000 10256
1512142590000 10256
1512142590000 10256
1512142590000 10256
1512142590000 10256
1512142590000 10257
1512142590000 10257
1512142590000 10257
1512142590000 10257
1512142590000 10257
1512142590000 10257
1512142590000 10258
1512142590000 10258
1512142590000 10258
1512142590000 10258
1512142590000 10259
1512142590000 10259
1512142590000 10259
1512142590000 10259
1512142590000 10259
1512142590000 10260
1512142590000 10260
1512142590000 10260
1512142590000 10260
1512142590000 10261
1512142590000 10261
1512142590000 10261
1512142590000 10261
1512142590000 10262
1512142590000 10262
1512142590000 10263
1512142590000 10263
1512142590000 10263
1512142590000 10263
1512142590000 10263
1512142590000 10264
1512142590000 10264
1512142590000 10265
1512142590000 10266
1512142590000 10266
1512142590000 10266
1512142590000 10267
1512142590000 10267
1512142590000 10268
1512142590000 10268
1512142590000 10269
1512142590000 10269
1512142590000 10269
1512142590000 10270
1512142590000 10270
1512142590000 10271
1512142590000 10271
1512142590000 10271
1512142590000 10272
1512142590000 10272
1512142590000 10273
1512142600000 10087
1512142600000 10087
1512142600000 10088
1512142600000 10088
1512142600000 10088
1512142600000 10088
1512142600000 10089
1512142600000 10089
1512142600000 10089
1512142600000 10089
1512142600000 10089
1512142600000 10090
1512142600000 10090
1512142600000 10090
1512142600000 10090
1512142600000 10090
1512142600000 10090
1512142600000 10090
1512142600000 10090
1512142600000 10091
1512142600000 10091
1512142600000 10091
1512142600000 10091
1512142600000 10091
1512142600000 10091
1512142600000 10091
1512142600000 10091
1512142600000 10091
1512142600000 10091
1512142600000 10092
1512142600000 10092
1512142600000 10092
1512142600000 10092
1512142600000 10092
1512142600000 10092
1512142600000 10092
1512142600000 10092
1512142600000 10093
1512142600000 10093
1512142600000 10095
1512142600000 10095
1512142600000 10096
1512142600000 10096
1512142600000 10096
1512142600000 10096
1512142600000 10096
1512142600000 10097
1512142600000 10097
1512142600000 10097
1512142600000 10097
1512142600000 10097
1512142600000 10098
1512142600000 10098
1512142600000 10098
1512142600000 10098
1512142600000 10098
1512142600000 10099
1512142600000 10099
1512142600000 10099
1512142600000 10099
1512142600000 10099
1512142600000 10100
1512142600000 10100
1512142600000 10100
1512142600000 10100
1512142600000 10101
1512142600000 10101
1512142600000 10101
1512142600000 10101
1512142600000 10101
1512142600000 10101
1512142600000 10102
1512142600000 10102
1512142600000 10102
1512142600000 10102
1512142600000 10102
1512142600000 10103
1512142600000 10103
1512142600000 10104
1512142600000 10104
1512142600000 10109
1512142600000 10109
1512142600000 10110
1512142600000 10110
1512142600000 10111
1512142600000 10111
1512142600000 10112
1512142600000 10112
1512142600000 10113
1512142600000 10113
1512142600000 10114
1512142600000 10114
1512142600000 10115
1512142600000 10115
1512142600000 10116
1512142600000 10116
1512142600000 10117
1512142600000 10117
1512142600000 10118
1512142600000 10118
1512142610000 10077
1512142610000 10077
1512142610000 10077
1512142610000 10077
1512142610000 10077
1512142610000 10078
1512142610000 10078
1512142610000 10078
1512142610000 10078
1512142610000 10078
1512142610000 10078
1512142610000 10079
1512142610000 10079
1512142610000 10079
1512142610000 10079
1512142610000 10079
1512142610000 10080
1512142610000 10080
1512142610000 10080
1512142610000 10080
1512142610000 10085
1512142610000 10085
1512142610000 10085
1512142610000 10086
1512142610000 10086
1512142610000 10086
1512142610000 10086
1512142610000 10087
1512142610000 10087
1512142610000 10087
1512142610000 10088
1512142610000 10088
1512142610000 10088
1512142610000 10089
1512142610000 10089
1512142610000 10089
1512142610000 10090
1512142610000 10098
1512142610000 10099
1512142610000 10099
1512142610000 10100
1512142610000 10100
1512142610000 10101
1512142610000 10101
1512142610000 10101
1512142610000 10102
1512142610000 10102
1512142610000 10103
1512142610000 10103
1512142610000 10104
1512142610000 10104
1512142610000 10104
1512142610000 10105
1512142610000 10105
1512142610000 10106
1512142610000 10106
1512142610000 10106
1512142610000 10107
1512142610000 10107
1512142610000 10108
1512142610000 10108
1512142610000 10108
1512142610000 10109
1512142610000 10260
1512142610000 10261
1512142610000 10261
1512142610000 10262
1512142610000 10262
1512142610000 10262
1512142610000 10263
1512142610000 10263
1512142610000 10263
1512142610000 10264
1512142610000 10264
1512142610000 10264
1512142610000 10265
1512142610000 10265
1512142610000 10266
1512142610000 10266
1512142610000 10266
1512142610000 10267
1512142610000 10267
1512142610000 10300
1512142610000 10301
1512142610000 10301
1512142610000 10302
1512142610000 10302
1512142610000 10303
1512142610000 10303
1512142610000 10304
1512142610000 10304
1512142610000 10305
1512142610000 10305
1512142610000 10306
1512142610000 10306
1512142610000 10307
1512142610000 10307
1512142610000 10308
1512142610000 10308
1512142610000 10309
1512142620000 10081
1512142620000 10081
1512142620000 10082
1512142620000 10082
1512142620000 10082
1512142620000 10082
1512142620000 10082
1512142620000 10083
1512142620000 10083
1512142620000 10083
1512142620000 10083
1512142620000 10083
1512142620000 10083
1512142620000 10084
1512142620000 10084
1512142620000 10084
1512142620000 10084
1512142620000 10084
1512142620000 10085
1512142620000 10085
1512142620000 10085
1512142620000 10085
1512142620000 10085
1512142620000 10085
1512142620000 10086
1512142620000 10086
1512142620000 10086
1512142620000 10086
1512142620000 10086
1512142620000 10086
1512142620000 10087
1512142620000 10087
1512142620000 10087
1512142620000 10087
1512142620000 10088
1512142620000 10089
1512142620000 10089
1512142620000 10089
1512142620000 10089
1512142620000 10089
1512142620000 10089
1512142620000 10090
1512142620000 10090
1512142620000 10090
1512142620000 10090
1512142620000 10090
1512142620000 10090
1512142620000 10091
1512142620000 10091
1512142620000 10091
1512142620000 10091
1512142620000 10091
1512142620000 10091
1512142620000 10091
1512142620000 10092
1512142620000 10092
1512142620000 10092
1512142620000 10105
1512142620000 10105
1512142620000 10105
1512142620000 10105
1512142620000 10106
1512142620000 10106
1512142620000 10106
1512142620000 10106
1512142620000 10107
1512142620000 10107
1512142620000 10107
1512142620000 10107
1512142620000 10108
1512142620000 10108
1512142620000 10108
1512142620000 10108
1512142620000 10109
1512142620000 10109
1512142620000 10109
1512142620000 10109
1512142620000 10110
1512142620000 10110
1512142620000 10110
1512142620000 10110
1512142620000 10111
1512142620000 10111
1512142620000 10111
1512142620000 10111
1512142620000 10129
1512142620000 10129
1512142620000 10130
1512142620000 10130
1512142620000 10131
1512142620000 10131
1512142620000 10131
1512142620000 10132
1512142620000 10132
1512142620000 10132
1512142620000 10133
1512142620000 10133
1512142620000 10134
1512142620000 10134
1512142620000 10134
1512142630000 10091
1512142630000 10091
1512142630000 10092
1512142630000 10092
1512142630000 10093
1512142630000 10093
1512142630000 10093
1512142630000 10094
1512142630000 10094
1512142630000 10095
1512142630000 10095
1512142630000 10095
1512142630000 10096
1512142630000 10096
1512142630000 10097
1512142630000 10097
1512142630000 10097
1512142630000 10098
1512142630000 10098
1512142630000 10099
1512142630000 10099
1512142630000 10099
1512142630000 10100
1512142630000 10100
1512142630000 10101
1512142630000 10245
1512142630000 10245
1512142630000 10246
1512142630000 10246
1512142630000 10246
1512142630000 10247
1512142630000 10247
1512142630000 10247
1512142630000 10247
1512142630000 10248
1512142630000 10249
1512142630000 10249
1512142630000 10249
1512142630000 10249
1512142630000 10249
1512142630000 10249
1512142630000 10249
1512142630000 10250
1512142630000 10250
1512142630000 10250
1512142630000 10250
1512142630000 10250
1512142630000 10250
1512142630000 10250
1512142630000 10250
1512142630000 10250
1512142630000 10250
1512142630000 10251
1512142630000 10251
1512142630000 10251
1512142630000 10251
1512142630000 10251
1512142630000 10251
1512142630000 10251
1512142630000 10251
1512142630000 10251
1512142630000 10252
1512142630000 10252
1512142630000 10252
1512142630000 10252
1512142630000 10252
1512142630000 10252
1512142630000 10252
1512142630000 10252
1512142630000 10252
1512142630000 10253
1512142630000 10253
1512142630000 10253
1512142630000 10253
1512142630000 10254
1512142630000 10254
1512142630000 10286
1512142630000 10287
1512142630000 10287
1512142630000 10288
1512142630000 10288
1512142630000 10288
1512142630000 10289
1512142630000 10289
1512142630000 10289
1512142630000 10290
1512142630000 10290
1512142630000 10291
1512142630000 10291
1512142630000 10292
1512142630000 10292
1512142630000 10293
1512142630000 10293
1512142630000 10294
1512142630000 10294
1512142630000 10294
1512142630000 10295
1512142630000 10295
1512142630000 10296
1512142630000 10296
1512142640000 10102
1512142640000 10103
1512142640000 10103
1512142640000 10104
1512142640000 10104
1512142640000 10104
1512142640000 10105
1512142640000 10105
1512142640000 10106
1512142640000 10106
1512142640000 10107
1512142640000 10107
1512142640000 10108
1512142640000 10108
1512142640000 10109
1512142640000 10109
1512142640000 10110
1512142640000 10110
1512142640000 10110
1512142640000 10111
1512142640000 10111
1512142640000 10147
1512142640000 10148
1512142640000 10148
1512142640000 10149
1512142640000 10149
1512142640000 10150
1512142640000 10150
1512142640000 10150
1512142640000 10151
1512142640000 10151
1512142640000 10152
1512142640000 10152
1512142640000 10153
1512142640000 10153
1512142640000 10153
1512142640000 10154
1512142640000 10154
1512142640000 10155
1512142640000 10155
1512142640000 10155
1512142640000 10156
1512142640000 10156
1512142640000 10157
1512142640000 10157
1512142640000 10246
1512142640000 10247
1512142640000 10247
1512142640000 10247
1512142640000 10247
1512142640000 10247
1512142640000 10248
1512142640000 10248
1512142640000 10248
1512142640000 10248
1512142640000 10248
1512142640000 10248
1512142640000 10248
1512142640000 10249
1512142640000 10249
1512142640000 10249
1512142640000 10249
1512142640000 10250
1512142640000 10251
1512142640000 10251
1512142640000 10251
1512142640000 10252
1512142640000 10252
1512142640000 10252
1512142640000 10252
1512142640000 10253
1512142640000 10253
1512142640000 10253
1512142640000 10254
1512142640000 10256
1512142640000 10257
1512142640000 10257
1512142640000 10258
1512142640000 10258
1512142640000 10258
1512142640000 10258
1512142640000 10259
1512142640000 10259
1512142640000 10259
1512142640000 10260
1512142640000 10260
1512142640000 10260
1512142640000 10261
1512142640000 10261
1512142640000 10261
1512142640000 10262
1512142640000 10262
1512142640000 10262
1512142640000 10263
1512142640000 10263
1512142640000 10263
1512142640000 10263
1512142640000 10264
1512142640000 10264
1512142640000 10264
1512142650000 10241
1512142650000 10241
1512142650000 10241
1512142650000 10242
1512142650000 10242
1512142650000 10242
1512142650000 10242
1512142650000 10243
1512142650000 10243
1512142650000 10243
1512142650000 10243
1512142650000 10244
1512142650000 10244
1512142650000 10244
1512142650000 10249
1512142650000 10249
1512142650000 10249
1512142650000 10250
1512142650000 10250
1512142650000 10250
1512142650000 10250
1512142650000 10250
1512142650000 10250
1512142650000 10250
1512142650000 10250
1512142650000 10250
1512142650000 10250
1512142650000 10251
1512142650000 10251
1512142650000 10251
1512142650000 10251
1512142650000 10251
1512142650000 10251
1512142650000 10251
1512142650000 10251
1512142650000 10251
1512142650000 10252
1512142650000 10252
1512142650000 10252
1512142650000 10252
1512142650000 10252
1512142650000 10252
1512142650000 10252
1512142650000 10252
1512142650000 10252
1512142650000 10252
1512142650000 10252
1512142650000 10252
1512142650000 10253
1512142650000 10253
1512142650000 10253
1512142650000 10253
1512142650000 10253
1512142650000 10253
1512142650000 10253
1512142650000 10253
1512142650000 10253
1512142650000 10254
1512142650000 10254
1512142650000 10254
1512142650000 10254
1512142650000 10254
1512142650000 10254
1512142650000 10254
1512142650000 10255
1512142650000 10255
1512142650000 10255
1512142650000 10255
1512142650000 10256
1512142650000 10256
1512142650000 10256
1512142650000 10257
1512142650000 10257
1512142650000 10257
1512142650000 10297
1512142650000 10297
1512142650000 10298
1512142650000 10298
1512142650000 10299
1512142650000 10299
1512142650000 10299
1512142650000 10300
1512142650000 10300
1512142650000 10301
1512142650000 10301
1512142650000 10302
1512142650000 10302
1512142650000 10302
1512142650000 10303
1512142650000 10303
1512142650000 10304
1512142650000 10304
1512142650000 10304
1512142650000 10305
1512142650000 10305
1512142650000 10306
1512142650000 10306
1512142650000 10306
1512142650000 10307
1512142650000 10307
1512142660000 10076
1512142660000 10077
1512142660000 10077
1512142660000 10077
1512142660000 10078
1512142660000 10078
1512142660000 10078
1512142660000 10079
1512142660000 10079
1512142660000 10079
1512142660000 10080
1512142660000 10080
1512142660000 10080
1512142660000 10080
1512142660000 10080
1512142660000 10080
1512142660000 10080
1512142660000 10081
1512142660000 10081
1512142660000 10081
1512142660000 10081
1512142660000 10081
1512142660000 10081
1512142660000 10082
1512142660000 10082
1512142660000 10082
1512142660000 10082
1512142660000 10082
1512142660000 10082
1512142660000 10083
1512142660000 10083
1512142660000 10083
1512142660000 10084
1512142660000 10084
1512142660000 10084
1512142660000 10084
1512142660000 10085
1512142660000 10085
1512142660000 10085
1512142660000 10086
1512142660000 10086
1512142660000 10091
1512142660000 10091
1512142660000 10091
1512142660000 10092
1512142660000 10092
1512142660000 10093
1512142660000 10093
1512142660000 10093
1512142660000 10094
1512142660000 10094
1512142660000 10095
1512142660000 10095
1512142660000 10095
1512142660000 10099
1512142660000 10099
1512142660000 10100
1512142660000 10100
1512142660000 10101
1512142660000 10101
1512142660000 10101
1512142660000 10102
1512142660000 10102
1512142660000 10103
1512142660000 10103
1512142660000 10103
1512142660000 10104
1512142660000 10104
1512142660000 10105
1512142660000 10105
1512142660000 10105
1512142660000 10106
1512142660000 10106
1512142660000 10107
1512142660000 10107
1512142660000 10107
1512142660000 10108
1512142660000 10108
1512142660000 10109
1512142660000 10109
1512142660000 10109
1512142660000 10110
1512142660000 10110
1512142660000 10249
1512142660000 10249
1512142660000 10249
1512142660000 10249
1512142660000 10249
1512142660000 10249
1512142660000 10249
1512142660000 10250
1512142660000 10250
1512142660000 10250
1512142660000 10250
1512142660000 10250
1512142660000 10250
1512142660000 10250
1512142660000 10251
1512142660000 10251
1512142660000 10251
1512142670000 10081
1512142670000 10081
1512142670000 10081
1512142670000 10081
1512142670000 10081
1512142670000 10081
1512142670000 10082
1512142670000 10082
1512142670000 10082
1512142670000 10082
1512142670000 10082
1512142670000 10082
1512142670000 10082
1512142670000 10082
1512142670000 10083
1512142670000 10083
1512142670000 10083
1512142670000 10083
1512142670000 10083
1512142670000 10083
1512142670000 10083
1512142670000 10084
1512142670000 10084
1512142670000 10084
1512142670000 10154
1512142670000 10154
1512142670000 10155
1512142670000 10155
1512142670000 10155
1512142670000 10156
1512142670000 10156
1512142670000 10157
1512142670000 10157
1512142670000 10157
1512142670000 10158
1512142670000 10158
1512142670000 10159
1512142670000 10159
1512142670000 10160
1512142670000 10160
1512142670000 10160
1512142670000 10161
1512142670000 10161
1512142670000 10162
1512142670000 10162
1512142670000 10244
1512142670000 10244
1512142670000 10245
1512142670000 10245
1512142670000 10245
1512142670000 10246
1512142670000 10246
1512142670000 10246
1512142670000 10246
1512142670000 10247
1512142670000 10247
1512142670000 10247
1512142670000 10247
1512142670000 10248
1512142670000 10248
1512142670000 10248
1512142670000 10251
1512142670000 10251
1512142670000 10251
1512142670000 10252
1512142670000 10252
1512142670000 10252
1512142670000 10252
1512142670000 10252
1512142670000 10252
1512142670000 10252
1512142670000 10253
1512142670000 10253
1512142670000 10253
1512142670000 10253
1512142670000 10253
1512142670000 10253
1512142670000 10253
1512142670000 10253
1512142670000 10254
1512142670000 10254
1512142670000 10254
1512142670000 10254
1512142670000 10254
1512142670000 10254
1512142670000 10254
1512142670000 10254
1512142670000 10255
1512142670000 10255
1512142670000 10255
1512142670000 10255
1512142670000 10255
1512142670000 10255
1512142670000 10256
1512142670000 10256
1512142670000 10256
1512142670000 10256
1512142670000 10257
1512142670000 10257
1512142670000 10257
1512142680000 10078
1512142680000 10078
1512142680000 10078
1512142680000 10078
1512142680000 10078
1512142680000 10078
1512142680000 10078
1512142680000 10079
1512142680000 10079
1512142680000 10079
1512142680000 10079
1512142680000 10079
1512142680000 10079
1512142680000 10079
1512142680000 10079
1512142680000 10080
1512142680000 10080
1512142680000 10080
1512142680000 10080
1512142680000 10080
1512142680000 10080
1512142680000 10080
1512142680000 10080
1512142680000 10081
1512142680000 10081
1512142680000 10081
1512142680000 10081
1512142680000 10081
1512142680000 10081
1512142680000 10081
1512142680000 10082
1512142680000 10082
1512142680000 10082
1512142680000 10082
1512142680000 10082
1512142680000 10083
1512142680000 10093
1512142680000 10093
1512142680000 10093
1512142680000 10094
1512142680000 10094
1512142680000 10094
1512142680000 10095
1512142680000 10095
1512142680000 10095
1512142680000 10096
1512142680000 10096
1512142680000 10096
1512142680000 10097
1512142680000 10097
1512142680000 10097
1512142680000 10098
1512142680000 10098
1512142680000 10098
1512142680000 10099
1512142680000 10099
1512142680000 10105
1512142680000 10105
1512142680000 10105
1512142680000 10106
1512142680000 10106
1512142680000 10106
1512142680000 10107
1512142680000 10107
1512142680000 10107
1512142680000 10108
1512142680000 10108
1512142680000 10108
1512142680000 10109
1512142680000 10109
1512142680000 10109
1512142680000 10110
1512142680000 10110
1512142680000 10110
1512142680000 10111
1512142680000 10111
1512142680000 10111
1512142680000 10111
1512142680000 10112
1512142680000 10112
1512142680000 10112
1512142680000 10113
1512142680000 10113
1512142680000 10113
1512142680000 10113
1512142680000 10114
1512142680000 10114
1512142680000 10114
1512142680000 10115
1512142680000 10115
1512142680000 10115
1512142680000 10234
1512142680000 10235
1512142680000 10235
1512142680000 10235
1512142680000 10235
1512142680000 10235
1512142680000 10235
1512142680000 10235
1512142680000 10236
1512142690000 10074
1512142690000 10074
1512142690000 10074
1512142690000 10075
1512142690000 10075
1512142690000 10075
1512142690000 10076
1512142690000 10076
1512142690000 10076
1512142690000 10076
1512142690000 10077
1512142690000 10077
1512142690000 10077
1512142690000 10077
1512142690000 10078
1512142690000 10078
1512142690000 10078
1512142690000 10078
1512142690000 10084
1512142690000 10084
1512142690000 10084
1512142690000 10085
1512142690000 10085
1512142690000 10085
1512142690000 10085
1512142690000 10085
1512142690000 10085
1512142690000 10086
1512142690000 10086
1512142690000 10086
1512142690000 10086
1512142690000 10086
1512142690000 10086
1512142690000 10087
1512142690000 10087
1512142690000 10087
1512142690000 10087
1512142690000 10087
1512142690000 10087
1512142690000 10088
1512142690000 10088
1512142690000 10088
1512142690000 10088
1512142690000 10088
1512142690000 10089
1512142690000 10089
1512142690000 10089
1512142690000 10089
1512142690000 10090
1512142690000 10090
1512142690000 10090
1512142690000 10091
1512142690000 10091
1512142690000 10094
1512142690000 10094
1512142690000 10094
1512142690000 10095
1512142690000 10095
1512142690000 10095
1512142690000 10095
1512142690000 10095
1512142690000 10095
1512142690000 10095
1512142690000 10096
1512142690000 10096
1512142690000 10096
1512142690000 10096
1512142690000 10096
1512142690000 10096
1512142690000 10096
1512142690000 10097
1512142690000 10097
1512142690000 10097
1512142690000 10097
1512142690000 10097
1512142690000 10097
1512142690000 10151
1512142690000 10152
1512142690000 10152
1512142690000 10152
1512142690000 10153
1512142690000 10153
1512142690000 10154
1512142690000 10154
1512142690000 10155
1512142690000 10155
1512142690000 10155
1512142690000 10156
1512142690000 10156
1512142690000 10157
1512142690000 10157
1512142690000 10157
1512142690000 10158
1512142690000 10158
1512142690000 10159
1512142690000 10159
1512142690000 10159
1512142690000 10160
1512142690000 10160
1512142690000 10161
1512142700000 10081
1512142700000 10081
1512142700000 10081
1512142700000 10081
1512142700000 10081
1512142700000 10081
1512142700000 10082
1512142700000 10082
1512142700000 10082
1512142700000 10082
1512142700000 10082
1512142700000 10083
1512142700000 10083
1512142700000 10083
1512142700000 10083
1512142700000 10083
1512142700000 10083
1512142700000 10084
1512142700000 10084
1512142700000 10084
1512142700000 10086
1512142700000 10086
1512142700000 10086
1512142700000 10087
1512142700000 10087
1512142700000 10087
1512142700000 10088
1512142700000 10088
1512142700000 10088
1512142700000 10089
1512142700000 10089
1512142700000 10089
1512142700000 10090
1512142700000 10090
1512142700000 10090
1512142700000 10091
1512142700000 10091
1512142700000 10091
1512142700000 10092
1512142700000 10092
1512142700000 10143
1512142700000 10144
1512142700000 10144
1512142700000 10145
1512142700000 10145
1512142700000 10145
1512142700000 10146
1512142700000 10146
1512142700000 10147
1512142700000 10147
1512142700000 10147
1512142700000 10148
1512142700000 10148
1512142700000 10149
1512142700000 10149
1512142700000 10149
1512142700000 10150
1512142700000 10150
1512142700000 10151
1512142700000 10151
1512142700000 10151
1512142700000 10152
1512142700000 10252
1512142700000 10252
1512142700000 10252
1512142700000 10253
1512142700000 10253
1512142700000 10253
1512142700000 10253
1512142700000 10253
1512142700000 10253
1512142700000 10254
1512142700000 10254
1512142700000 10254
1512142700000 10254
1512142700000 10254
1512142700000 10254
1512142700000 10254
1512142700000 10254
1512142700000 10255
1512142700000 10255
1512142700000 10255
1512142700000 10255
1512142700000 10255
1512142700000 10255
1512142700000 10255
1512142700000 10255
1512142700000 10256
1512142700000 10256
1512142700000 10256
1512142700000 10256
1512142700000 10256
1512142700000 10256
1512142700000 10257
1512142700000 10257
1512142700000 10257
1512142700000 10257
1512142700000 10258
1512142700000 10258
1512142700000 10258
1512142710000 10080
1512142710000 10080
1512142710000 10081
1512142710000 10081
1512142710000 10081
1512142710000 10082
1512142710000 10082
1512142710000 10082
1512142710000 10082
1512142710000 10083
1512142710000 10083
1512142710000 10083
1512142710000 10084
1512142710000 10084
1512142710000 10084
1512142710000 10085
1512142710000 10096
1512142710000 10096
1512142710000 10096
1512142710000 10096
1512142710000 10096
1512142710000 10096
1512142710000 10097
1512142710000 10097
1512142710000 10097
1512142710000 10097
1512142710000 10097
1512142710000 10097
1512142710000 10097
1512142710000 10098
1512142710000 10098
1512142710000 10098
1512142710000 10098
1512142710000 10098
1512142710000 10098
1512142710000 10098
1512142710000 10098
1512142710000 10099
1512142710000 10099
1512142710000 10099
1512142710000 10099
1512142710000 10099
1512142710000 10099
1512142710000 10100
1512142710000 10100
1512142710000 10101
1512142710000 10101
1512142710000 10101
1512142710000 10102
1512142710000 10102
1512142710000 10103
1512142710000 10103
1512142710000 10103
1512142710000 10104
1512142710000 10104
1512142710000 10104
1512142710000 10105
1512142710000 10105
1512142710000 10105
1512142710000 10106
1512142710000 10106
1512142710000 10107
1512142710000 10107
1512142710000 10107
1512142710000 10250
1512142710000 10250
1512142710000 10250
1512142710000 10251
1512142710000 10251
1512142710000 10251
1512142710000 10251
1512142710000 10252
1512142710000 10252
1512142710000 10252
1512142710000 10253
1512142710000 10253
1512142710000 10253
1512142710000 10253
1512142710000 10254
1512142710000 10254
1512142710000 10284
1512142710000 10285
1512142710000 10285
1512142710000 10286
1512142710000 10286
1512142710000 10287
1512142710000 10287
1512142710000 10287
1512142710000 10288
1512142710000 10288
1512142710000 10289
1512142710000 10289
1512142710000 10289
1512142710000 10290
1512142710000 10290
1512142710000 10291
1512142710000 10291
1512142710000 10291
1512142710000 10292
1512142710000 10292
1512142720000 10077
1512142720000 10077
1512142720000 10077
1512142720000 10078
1512142720000 10078
1512142720000 10078
1512142720000 10079
1512142720000 10079
1512142720000 10079
1512142720000 10080
1512142720000 10080
1512142720000 10080
1512142720000 10081
1512142720000 10081
1512142720000 10081
1512142720000 10081
1512142720000 10082
1512142720000 10082
1512142720000 10156
1512142720000 10157
1512142720000 10157
1512142720000 10157
1512142720000 10158
1512142720000 10158
1512142720000 10159
1512142720000 10159
1512142720000 10159
1512142720000 10160
1512142720000 10160
1512142720000 10161
1512142720000 10161
1512142720000 10161
1512142720000 10162
1512142720000 10162
1512142720000 10163
1512142720000 10163
1512142720000 10163
1512142720000 10164
1512142720000 10164
1512142720000 10165
1512142720000 10249
1512142720000 10249
1512142720000 10249
1512142720000 10249
1512142720000 10249
1512142720000 10250
1512142720000 10250
1512142720000 10250
1512142720000 10250
1512142720000 10250
1512142720000 10250
1512142720000 10250
1512142720000 10251
1512142720000 10251
1512142720000 10251
1512142720000 10251
1512142720000 10251
1512142720000 10251
1512142720000 10251
1512142720000 10252
1512142720000 10252
1512142720000 10256
1512142720000 10257
1512142720000 10257
1512142720000 10257
1512142720000 10258
1512142720000 10258
1512142720000 10258
1512142720000 10258
1512142720000 10258
1512142720000 10259
1512142720000 10259
1512142720000 10259
1512142720000 10259
1512142720000 10259
1512142720000 10260
1512142720000 10260
1512142720000 10260
1512142720000 10260
1512142720000 10260
1512142720000 10261
1512142720000 10261
1512142720000 10261
1512142720000 10261
1512142720000 10262
1512142720000 10262
1512142720000 10262
1512142720000 10262
1512142720000 10262
1512142720000 10262
1512142720000 10263
1512142720000 10263
1512142720000 10263
1512142720000 10263
1512142720000 10264
1512142720000 10264
1512142720000 10264
1512142720000 10265
1512142720000 10265
1512142720000 10265
1512142730000 10089
1512142730000 10089
1512142730000 10090
1512142730000 10090
1512142730000 10090
1512142730000 10091
1512142730000 10091
1512142730000 10091
1512142730000 10092
1512142730000 10092
1512142730000 10092
1512142730000 10093
1512142730000 10093
1512142730000 10093
1512142730000 10094
1512142730000 10094
1512142730000 10095
1512142730000 10095
1512142730000 10095
1512142730000 10095
1512142730000 10096
1512142730000 10096
1512142730000 10096
1512142730000 10243
1512142730000 10243
1512142730000 10243
1512142730000 10244
1512142730000 10244
1512142730000 10244
1512142730000 10244
1512142730000 10244
1512142730000 10244
1512142730000 10244
1512142730000 10244
1512142730000 10245
1512142730000 10245
1512142730000 10245
1512142730000 10245
1512142730000 10245
1512142730000 10245
1512142730000 10245
1512142730000 10246
1512142730000 10246
1512142730000 10246
1512142730000 10246
1512142730000 10246
1512142730000 10246
1512142730000 10246
1512142730000 10246
1512142730000 10247
1512142730000 10247
1512142730000 10247
1512142730000 10247
1512142730000 10247
1512142730000 10247
1512142730000 10247
1512142730000 10248
1512142730000 10248
1512142730000 10248
1512142730000 10248
1512142730000 10248
1512142730000 10248
1512142730000 10252
1512142730000 10253
1512142730000 10253
1512142730000 10253
1512142730000 10253
1512142730000 10253
1512142730000 10254
1512142730000 10254
1512142730000 10254
1512142730000 10254
1512142730000 10254
1512142730000 10254
1512142730000 10254
1512142730000 10255
1512142730000 10255
1512142730000 10255
1512142730000 10255
1512142730000 10255
1512142730000 10255
1512142730000 10285
1512142730000 10285
1512142730000 10286
1512142730000 10286
1512142730000 10286
1512142730000 10287
1512142730000 10287
1512142730000 10288
1512142730000 10288
1512142730000 10289
1512142730000 10289
1512142730000 10289
1512142730000 10290
1512142730000 10290
1512142730000 10290
1512142730000 10291
1512142730000 10291
1512142730000 10291
1512142730000 10292
1512142740000 10152
1512142740000 10152
1512142740000 10152
1512142740000 10153
1512142740000 10153
1512142740000 10153
1512142740000 10153
1512142740000 10154
1512142740000 10154
1512142740000 10154
1512142740000 10154
1512142740000 10155
1512142740000 10155
1512142740000 10155
1512142740000 10155
1512142740000 10156
1512142740000 10156
1512142740000 10156
1512142740000 10157
1512142740000 10157
1512142740000 10157
1512142740000 10157
1512142740000 10159
1512142740000 10159
1512142740000 10160
1512142740000 10160
1512142740000 10160
1512142740000 10160
1512142740000 10161
1512142740000 10161
1512142740000 10161
1512142740000 10162
1512142740000 10162
1512142740000 10162
1512142740000 10162
1512142740000 10163
1512142740000 10163
1512142740000 10163
1512142740000 10163
1512142740000 10164
1512142740000 10276
1512142740000 10276
1512142740000 10276
1512142740000 10277
1512142740000 10277
1512142740000 10277
1512142740000 10277
1512142740000 10278
1512142740000 10278
1512142740000 10278
1512142740000 10278
1512142740000 10279
1512142740000 10279
1512142740000 10279
1512142740000 10279
1512142740000 10280
1512142740000 10280
1512142740000 10280
1512142740000 10281
1512142740000 10281
1512142740000 10281
1512142740000 10282
1512142740000 10282
1512142740000 10282
1512142740000 10282
1512142740000 10283
1512142740000 10283
1512142740000 10283
1512142740000 10284
1512142740000 10284
1512142740000 10284
1512142740000 10285
1512142740000 10285
1512142740000 10285
1512142740000 10286
1512142740000 10286
1512142740000 10286
1512142740000 10337
1512142740000 10337
1512142740000 10337
1512142740000 10338
1512142740000 10338
1512142740000 10338
1512142740000 10338
1512142740000 10338
1512142740000 10338
1512142740000 10338
1512142740000 10339
1512142740000 10339
1512142740000 10339
1512142740000 10339
1512142740000 10339
1512142740000 10339
1512142740000 10339
1512142740000 10340
1512142740000 10340
1512142740000 10340
1512142740000 10340
1512142740000 10340
1512142740000 10341
1512142750000 10075
1512142750000 10076
1512142750000 10076
1512142750000 10076
1512142750000 10077
1512142750000 10077
1512142750000 10077
1512142750000 10078
1512142750000 10078
1512142750000 10078
1512142750000 10078
1512142750000 10078
1512142750000 10078
1512142750000 10079
1512142750000 10079
1512142750000 10079
1512142750000 10079
1512142750000 10079
1512142750000 10079
1512142750000 10079
1512142750000 10079
1512142750000 10079
1512142750000 10079
1512142750000 10080
1512142750000 10080
1512142750000 10080
1512142750000 10080
1512142750000 10080
1512142750000 10080
1512142750000 10080
1512142750000 10080
1512142750000 10080
1512142750000 10080
1512142750000 10080
1512142750000 10081
1512142750000 10081
1512142750000 10081
1512142750000 10081
1512142750000 10081
1512142750000 10081
1512142750000 10082
1512142750000 10082
1512142750000 10082
1512142750000 10082
1512142750000 10082
1512142750000 10083
1512142750000 10083
1512142750000 10084
1512142750000 10084
1512142750000 10084
1512142750000 10085
1512142750000 10085
1512142750000 10085
1512142750000 10086
1512142750000 10086
1512142750000 10087
1512142750000 10087
1512142750000 10087
1512142750000 10088
1512142750000 10133
1512142750000 10133
1512142750000 10134
1512142750000 10134
1512142750000 10134
1512142750000 10135
1512142750000 10135
1512142750000 10135
1512142750000 10136
1512142750000 10136
1512142750000 10137
1512142750000 10137
1512142750000 10137
1512142750000 10138
1512142750000 10138
1512142750000 10138
1512142750000 10139
1512142750000 10139
1512142750000 10140
1512142750000 10140
1512142750000 10246
1512142750000 10246
1512142750000 10247
1512142750000 10247
1512142750000 10247
1512142750000 10248
1512142750000 10248
1512142750000 10248
1512142750000 10249
1512142750000 10249
1512142750000 10249
1512142750000 10250
1512142750000 10250
1512142750000 10250
1512142750000 10251
1512142750000 10251
1512142750000 10251
1512142750000 10251
1512142750000 10252
1512142750000 10252
1512142750000 10252
1512142760000 10086
1512142760000 10087
1512142760000 10087
1512142760000 10087
1512142760000 10088
1512142760000 10088
1512142760000 10088
1512142760000 10088
1512142760000 10089
1512142760000 10089
1512142760000 10089
1512142760000 10089
1512142760000 10090
1512142760000 10090
1512142760000 10090
1512142760000 10090
1512142760000 10090
1512142760000 10090
1512142760000 10091
1512142760000 10091
1512142760000 10091
1512142760000 10091
1512142760000 10091
1512142760000 10091
1512142760000 10092
1512142760000 10092
1512142760000 10092
1512142760000 10092
1512142760000 10092
1512142760000 10092
1512142760000 10093
1512142760000 10093
1512142760000 10093
1512142760000 10093
1512142760000 10093
1512142760000 10093
1512142760000 10094
1512142760000 10094
1512142760000 10094
1512142760000 10094
1512142760000 10095
1512142760000 10095
1512142760000 10095
1512142760000 10100
1512142760000 10100
1512142760000 10100
1512142760000 10101
1512142760000 10101
1512142760000 10101
1512142760000 10102
1512142760000 10102
1512142760000 10102
1512142760000 10103
1512142760000 10103
1512142760000 10103
1512142760000 10103
1512142760000 10104
1512142760000 10104
1512142760000 10104
1512142760000 10105
1512142760000 10105
1512142760000 10105
1512142760000 10131
1512142760000 10131
1512142760000 10132
1512142760000 10132
1512142760000 10132
1512142760000 10133
1512142760000 10133
1512142760000 10134
1512142760000 10134
1512142760000 10134
1512142760000 10135
1512142760000 10135
1512142760000 10135
1512142760000 10136
1512142760000 10136
1512142760000 10137
1512142760000 10137
1512142760000 10137
1512142760000 10138
1512142760000 10138
1512142760000 10243
1512142760000 10243
1512142760000 10243
1512142760000 10244
1512142760000 10244
1512142760000 10244
1512142760000 10244
1512142760000 10244
1512142760000 10244
1512142760000 10244
1512142760000 10245
1512142760000 10245
1512142760000 10245
1512142760000 10245
1512142760000 10245
1512142760000 10245
1512142760000 10245
1512142760000 10246
1512142770000 10065
1512142770000 10065
1512142770000 10066
1512142770000 10066
1512142770000 10066
1512142770000 10067
1512142770000 10067
1512142770000 10067
1512142770000 10068
1512142770000 10068
1512142770000 10068
1512142770000 10068
1512142770000 10069
1512142770000 10069
1512142770000 10084
1512142770000 10084
1512142770000 10084
1512142770000 10085
1512142770000 10085
1512142770000 10085
1512142770000 10086
1512142770000 10086
1512142770000 10087
1512142770000 10087
1512142770000 10087
1512142770000 10088
1512142770000 10088
1512142770000 10089
1512142770000 10089
1512142770000 10089
1512142770000 10092
1512142770000 10092
1512142770000 10092
1512142770000 10092
1512142770000 10092
1512142770000 10092
1512142770000 10093
1512142770000 10093
1512142770000 10093
1512142770000 10093
1512142770000 10093
1512142770000 10093
1512142770000 10093
1512142770000 10094
1512142770000 10094
1512142770000 10094
1512142770000 10094
1512142770000 10094
1512142770000 10094
1512142770000 10094
1512142770000 10094
1512142770000 10094
1512142770000 10095
1512142770000 10095
1512142770000 10095
1512142770000 10095
1512142770000 10095
1512142770000 10095
1512142770000 10095
1512142770000 10095
1512142770000 10096
1512142770000 10096
1512142770000 10096
1512142770000 10096
1512142770000 10096
1512142770000 10096
1512142770000 10096
1512142770000 10097
1512142770000 10097
1512142770000 10097
1512142770000 10098
1512142770000 10098
1512142770000 10098
1512142770000 10099
1512142770000 10099
1512142770000 10099
1512142770000 10100
1512142770000 10100
1512142770000 10100
1512142770000 10144
1512142770000 10144
1512142770000 10145
1512142770000 10145
1512142770000 10145
1512142770000 10146
1512142770000 10146
1512142770000 10146
1512142770000 10147
1512142770000 10147
1512142770000 10147
1512142770000 10148
1512142770000 10148
1512142770000 10148
1512142770000 10149
1512142770000 10149
1512142770000 10149
1512142770000 10150
1512142770000 10150
1512142770000 10150
1512142770000 10151
1512142780000 10166
1512142780000 10166
1512142780000 10167
1512142780000 10167
1512142780000 10167
1512142780000 10168
1512142780000 10168
1512142780000 10168
1512142780000 10169
1512142780000 10169
1512142780000 10169
1512142780000 10170
1512142780000 10170
1512142780000 10170
1512142780000 10171
1512142780000 10171
1512142780000 10171
1512142780000 10172
1512142780000 10172
1512142780000 10172
1512142780000 10173
1512142780000 10173
1512142780000 10173
1512142780000 10174
1512142780000 10174
1512142780000 10243
1512142780000 10244
1512142780000 10244
1512142780000 10244
1512142780000 10244
1512142780000 10244
1512142780000 10244
1512142780000 10245
1512142780000 10245
1512142780000 10245
1512142780000 10245
1512142780000 10245
1512142780000 10245
1512142780000 10246
1512142780000 10246
1512142780000 10246
1512142780000 10246
1512142780000 10246
1512142780000 10246
1512142780000 10247
1512142780000 10247
1512142780000 10247
1512142780000 10247
1512142780000 10248
1512142780000 10248
1512142780000 10248
1512142780000 10248
1512142780000 10249
1512142780000 10249
1512142780000 10249
1512142780000 10250
1512142780000 10250
1512142780000 10250
1512142780000 10251
1512142780000 10251
1512142780000 10252
1512142780000 10252
1512142780000 10252
1512142780000 10252
1512142780000 10252
1512142780000 10253
1512142780000 10253
1512142780000 10253
1512142780000 10253
1512142780000 10253
1512142780000 10253
1512142780000 10253
1512142780000 10253
1512142780000 10253
1512142780000 10254
1512142780000 10254
1512142780000 10254
1512142780000 10254
1512142780000 10254
1512142780000 10254
1512142780000 10255
1512142780000 10255
1512142780000 10255
1512142780000 10255
1512142780000 10255
1512142780000 10255
1512142780000 10255
1512142780000 10255
1512142780000 10256
1512142780000 10256
1512142780000 10256
1512142780000 10256
1512142780000 10256
1512142780000 10256
1512142780000 10256
1512142780000 10257
1512142780000 10257
1512142780000 10257
1512142780000 10257
1512142780000 10257
1512142790000 10244
1512142790000 10245
1512142790000 10245
1512142790000 10245
1512142790000 10245
1512142790000 10245
1512142790000 10245
1512142790000 10245
1512142790000 10245
1512142790000 10245
1512142790000 10245
1512142790000 10246
1512142790000 10246
1512142790000 10246
1512142790000 10246
1512142790000 10246
1512142790000 10246
1512142790000 10246
1512142790000 10246
1512142790000 10246
1512142790000 10246
1512142790000 10247
1512142790000 10247
1512142790000 10247
1512142790000 10247
1512142790000 10247
1512142790000 10247
1512142790000 10247
1512142790000 10247
1512142790000 10247
1512142790000 10247
1512142790000 10247
1512142790000 10248
1512142790000 10248
1512142790000 10248
1512142790000 10248
1512142790000 10249
1512142790000 10249
1512142790000 10249
1512142790000 10249
1512142790000 10249
1512142790000 10249
1512142790000 10249
1512142790000 10249
1512142790000 10249
1512142790000 10250
1512142790000 10250
1512142790000 10250
1512142790000 10250
1512142790000 10250
1512142790000 10250
1512142790000 10250
1512142790000 10250
1512142790000 10251
1512142790000 10251
1512142790000 10251
1512142790000 10251
1512142790000 10251
1512142790000 10251
1512142790000 10252
1512142790000 10252
1512142790000 10252
1512142790000 10252
1512142790000 10252
1512142790000 10252
1512142790000 10253
1512142790000 10253
1512142790000 10253
1512142790000 10253
1512142790000 10253
1512142790000 10253
1512142790000 10254
1512142790000 10254
1512142790000 10254
1512142790000 10254
1512142790000 10254
1512142790000 10254
1512142790000 10254
1512142790000 10255
1512142790000 10255
1512142790000 10255
1512142790000 10255
1512142790000 10255
1512142790000 10255
1512142790000 10255
1512142790000 10278
1512142790000 10279
1512142790000 10279
1512142790000 10279
1512142790000 10280
1512142790000 10280
1512142790000 10280
1512142790000 10280
1512142790000 10281
1512142790000 10281
1512142790000 10281
1512142790000 10281
1512142790000 10282
1512142790000 10282
1512142790000 10282
1512142800000 10444
1512142800000 10444
1512142800000 10444
1512142800000 10444
1512142800000 10445
1512142800000 10445
1512142800000 10445
1512142800000 10445
1512142800000 10446
1512142800000 10446
1512142800000 10446
1512142800000 10446
1512142800000 10447
1512142800000 10447
1512142800000 10447
1512142800000 10447
1512142800000 10448
1512142800000 10448
1512142800000 10477
1512142800000 10477
1512142800000 10477
1512142800000 10478
1512142800000 10478
1512142800000 10478
1512142800000 10479
1512142800000 10479
1512142800000 10479
1512142800000 10479
1512142800000 10480
1512142800000 10480
1512142800000 10480
1512142800000 10480
1512142800000 10481
1512142800000 10481
1512142800000 10481
1512142800000 10481
1512142800000 10482
1512142800000 10482
1512142800000 10482
1512142800000 10483
1512142800000 10485
1512142800000 10485
1512142800000 10485
1512142800000 10486
1512142800000 10486
1512142800000 10486
1512142800000 10486
1512142800000 10486
1512142800000 10486
1512142800000 10487
1512142800000 10487
1512142800000 10487
1512142800000 10487
1512142800000 10487
1512142800000 10487
1512142800000 10487
1512142800000 10487
1512142800000 10487
1512142800000 10487
1512142800000 10487
1512142800000 10487
1512142800000 10487
1512142800000 10487
1512142800000 10487
1512142800000 10488
1512142800000 10488
1512142800000 10488
1512142800000 10488
1512142800000 10488
1512142800000 10488
1512142800000 10488
1512142800000 10488
1512142800000 10488
1512142800000 10488
1512142800000 10488
1512142800000 10488
1512142800000 10488
1512142800000 10489
1512142800000 10489
1512142800000 10489
1512142800000 10489
1512142800000 10489
1512142800000 10489
1512142800000 10489
1512142800000 10489
1512142800000 10489
1512142800000 10489
1512142800000 10490
1512142800000 10490
1512142800000 10490
1512142800000 10490
1512142800000 10490
1512142800000 10490
1512142800000 10490
1512142800000 10490
1512142800000 10491
1512142800000 10491
1512142800000 10491
1512142800000 10491
1512142800000 10491
1512142810000 10072
1512142810000 10072
1512142810000 10073
1512142810000 10073
1512142810000 10073
1512142810000 10073
1512142810000 10073
1512142810000 10073
1512142810000 10073
1512142810000 10074
1512142810000 10074
1512142810000 10074
1512142810000 10074
1512142810000 10074
1512142810000 10074
1512142810000 10074
1512142810000 10075
1512142810000 10075
1512142810000 10075
1512142810000 10075
1512142810000 10075
1512142810000 10075
1512142810000 10076
1512142810000 10076
1512142810000 10076
1512142810000 10076
1512142810000 10077
1512142810000 10077
1512142810000 10077
1512142810000 10078
1512142810000 10078
1512142810000 10078
1512142810000 10079
1512142810000 10079
1512142810000 10079
1512142810000 10080
1512142810000 10083
1512142810000 10084
1512142810000 10084
1512142810000 10084
1512142810000 10085
1512142810000 10085
1512142810000 10085
1512142810000 10085
1512142810000 10086
1512142810000 10086
1512142810000 10086
1512142810000 10086
1512142810000 10086
1512142810000 10087
1512142810000 10087
1512142810000 10087
1512142810000 10087
1512142810000 10087
1512142810000 10087
1512142810000 10088
1512142810000 10088
1512142810000 10088
1512142810000 10088
1512142810000 10088
1512142810000 10088
1512142810000 10089
1512142810000 10089
1512142810000 10089
1512142810000 10089
1512142810000 10089
1512142810000 10090
1512142810000 10090
1512142810000 10090
1512142810000 10090
1512142810000 10090
1512142810000 10091
1512142810000 10091
1512142810000 10091
1512142810000 10091
1512142810000 10091
1512142810000 10091
1512142810000 10092
1512142810000 10092
1512142810000 10092
1512142810000 10144
1512142810000 10144
1512142810000 10145
1512142810000 10145
1512142810000 10145
1512142810000 10146
1512142810000 10146
1512142810000 10146
1512142810000 10146
1512142810000 10147
1512142810000 10147
1512142810000 10147
1512142810000 10148
1512142810000 10148
1512142810000 10148
1512142810000 10149
1512142810000 10149
1512142810000 10149
1512142810000 10150
1512142810000 10150
1512142820000 10077
1512142820000 10077
1512142820000 10077
1512142820000 10077
1512142820000 10077
1512142820000 10078
1512142820000 10078
1512142820000 10078
1512142820000 10078
1512142820000 10078
1512142820000 10078
1512142820000 10078
1512142820000 10079
1512142820000 10079
1512142820000 10079
1512142820000 10079
1512142820000 10079
1512142820000 10079
1512142820000 10080
1512142820000 10080
1512142820000 10080
1512142820000 10080
1512142820000 10080
1512142820000 10080
1512142820000 10080
1512142820000 10080
1512142820000 10081
1512142820000 10081
1512142820000 10081
1512142820000 10081
1512142820000 10081
1512142820000 10082
1512142820000 10082
1512142820000 10082
1512142820000 10083
1512142820000 10085
1512142820000 10085
1512142820000 10085
1512142820000 10085
1512142820000 10086
1512142820000 10086
1512142820000 10086
1512142820000 10086
1512142820000 10087
1512142820000 10087
1512142820000 10087
1512142820000 10087
1512142820000 10087
1512142820000 10088
1512142820000 10088
1512142820000 10088
1512142820000 10088
1512142820000 10089
1512142820000 10089
1512142820000 10089
1512142820000 10089
1512142820000 10090
1512142820000 10090
1512142820000 10091
1512142820000 10091
1512142820000 10092
1512142820000 10092
1512142820000 10092
1512142820000 10092
1512142820000 10092
1512142820000 10092
1512142820000 10092
1512142820000 10092
1512142820000 10092
1512142820000 10093
1512142820000 10093
1512142820000 10093
1512142820000 10093
1512142820000 10093
1512142820000 10093
1512142820000 10093
1512142820000 10093
1512142820000 10093
1512142820000 10093
1512142820000 10093
1512142820000 10094
1512142820000 10094
1512142820000 10094
1512142820000 10094
1512142820000 10094
1512142820000 10094
1512142820000 10094
1512142820000 10095
1512142820000 10095
1512142820000 10095
1512142820000 10096
1512142820000 10096
1512142820000 10096
1512142820000 10096
1512142820000 10097
1512142820000 10097
1512142820000 10097
1512142820000 10097
1512142820000 10098
1512142820000 10098
1512142830000 10100
1512142830000 10101
1512142830000 10101
1512142830000 10101
1512142830000 10101
1512142830000 10102
1512142830000 10102
1512142830000 10102
1512142830000 10103
1512142830000 10103
1512142830000 10103
1512142830000 10104
1512142830000 10104
1512142830000 10104
1512142830000 10104
1512142830000 10105
1512142830000 10105
1512142830000 10105
1512142830000 10106
1512142830000 10106
1512142830000 10106
1512142830000 10107
1512142830000 10107
1512142830000 10108
1512142830000 10108
1512142830000 10108
1512142830000 10109
1512142830000 10109
1512142830000 10109
1512142830000 10110
1512142830000 10110
1512142830000 10240
1512142830000 10240
1512142830000 10240
1512142830000 10240
1512142830000 10241
1512142830000 10241
1512142830000 10241
1512142830000 10241
1512142830000 10242
1512142830000 10242
1512142830000 10242
1512142830000 10242
1512142830000 10242
1512142830000 10242
1512142830000 10242
1512142830000 10242
1512142830000 10242
1512142830000 10242
1512142830000 10242
1512142830000 10243
1512142830000 10243
1512142830000 10243
1512142830000 10243
1512142830000 10243
1512142830000 10243
1512142830000 10243
1512142830000 10243
1512142830000 10243
1512142830000 10244
1512142830000 10244
1512142830000 10252
1512142830000 10253
1512142830000 10253
1512142830000 10253
1512142830000 10254
1512142830000 10254
1512142830000 10254
1512142830000 10255
1512142830000 10255
1512142830000 10255
1512142830000 10255
1512142830000 10256
1512142830000 10256
1512142830000 10256
1512142830000 10256
1512142830000 10257
1512142830000 10257
1512142830000 10257
1512142830000 10257
1512142830000 10258
1512142830000 10285
1512142830000 10285
1512142830000 10285
1512142830000 10286
1512142830000 10286
1512142830000 10286
1512142830000 10287
1512142830000 10287
1512142830000 10288
1512142830000 10288
1512142830000 10288
1512142830000 10289
1512142830000 10289
1512142830000 10289
1512142830000 10290
1512142830000 10290
1512142830000 10290
1512142830000 10291
1512142830000 10291
1512142840000 10082
1512142840000 10082
1512142840000 10082
1512142840000 10082
1512142840000 10082
1512142840000 10082
1512142840000 10082
1512142840000 10083
1512142840000 10083
1512142840000 10083
1512142840000 10083
1512142840000 10083
1512142840000 10083
1512142840000 10083
1512142840000 10083
1512142840000 10083
1512142840000 10083
1512142840000 10083
1512142840000 10083
1512142840000 10083
1512142840000 10084
1512142840000 10084
1512142840000 10084
1512142840000 10084
1512142840000 10084
1512142840000 10084
1512142840000 10084
1512142840000 10085
1512142840000 10085
1512142840000 10085
1512142840000 10085
1512142840000 10086
1512142840000 10086
1512142840000 10086
1512142840000 10086
1512142840000 10087
1512142840000 10087
1512142840000 10087
1512142840000 10087
1512142840000 10088
1512142840000 10088
1512142840000 10088
1512142840000 10088
1512142840000 10088
1512142840000 10088
1512142840000 10089
1512142840000 10089
1512142840000 10089
1512142840000 10089
1512142840000 10089
1512142840000 10089
1512142840000 10090
1512142840000 10090
1512142840000 10090
1512142840000 10090
1512142840000 10091
1512142840000 10091
1512142840000 10091
1512142840000 10091
1512142840000 10092
1512142840000 10092
1512142840000 10092
1512142840000 10092
1512142840000 10093
1512142840000 10093
1512142840000 10093
1512142840000 10251
1512142840000 10252
1512142840000 10252
1512142840000 10252
1512142840000 10252
1512142840000 10253
1512142840000 10253
1512142840000 10253
1512142840000 10253
1512142840000 10254
1512142840000 10254
1512142840000 10254
1512142840000 10254
1512142840000 10254
1512142840000 10255
1512142840000 10255
1512142840000 10255
1512142840000 10299
1512142840000 10299
1512142840000 10300
1512142840000 10300
1512142840000 10300
1512142840000 10301
1512142840000 10301
1512142840000 10301
1512142840000 10302
1512142840000 10302
1512142840000 10302
1512142840000 10303
1512142840000 10303
1512142840000 10303
1512142840000 10304
1512142840000 10304
1512142840000 10304
1512142850000 10077
1512142850000 10078
1512142850000 10078
1512142850000 10078
1512142850000 10079
1512142850000 10079
1512142850000 10079
1512142850000 10079
1512142850000 10080
1512142850000 10080
1512142850000 10080
1512142850000 10080
1512142850000 10080
1512142850000 10080
1512142850000 10080
1512142850000 10080
1512142850000 10081
1512142850000 10081
1512142850000 10081
1512142850000 10081
1512142850000 10081
1512142850000 10081
1512142850000 10081
1512142850000 10081
1512142850000 10081
1512142850000 10082
1512142850000 10082
1512142850000 10082
1512142850000 10082
1512142850000 10082
1512142850000 10082
1512142850000 10082
1512142850000 10083
1512142850000 10083
1512142850000 10083
1512142850000 10083
1512142850000 10083
1512142850000 10083
1512142850000 10084
1512142850000 10084
1512142850000 10084
1512142850000 10084
1512142850000 10084
1512142850000 10084
1512142850000 10085
1512142850000 10085
1512142850000 10086
1512142850000 10086
1512142850000 10086
1512142850000 10086
1512142850000 10086
1512142850000 10087
1512142850000 10087
1512142850000 10087
1512142850000 10087
1512142850000 10087
1512142850000 10087
1512142850000 10087
1512142850000 10087
1512142850000 10087
1512142850000 10087
1512142850000 10088
1512142850000 10088
1512142850000 10088
1512142850000 10088
1512142850000 10088
1512142850000 10088
1512142850000 10088
1512142850000 10088
1512142850000 10088
1512142850000 10088
1512142850000 10088
1512142850000 10088
1512142850000 10089
1512142850000 10089
1512142850000 10089
1512142850000 10089
1512142850000 10089
1512142850000 10089
1512142850000 10089
1512142850000 10089
1512142850000 10090
1512142850000 10090
1512142850000 10090
1512142850000 10091
1512142850000 10091
1512142850000 10276
1512142850000 10276
1512142850000 10276
1512142850000 10277
1512142850000 10277
1512142850000 10277
1512142850000 10278
1512142850000 10278
1512142850000 10278
1512142850000 10279
1512142850000 10279
1512142850000 10279
1512142850000 10280
1512142850000 10280
1512142860000 10083
1512142860000 10083
1512142860000 10084
1512142860000 10084
1512142860000 10084
1512142860000 10084
1512142860000 10084
1512142860000 10084
1512142860000 10085
1512142860000 10085
1512142860000 10085
1512142860000 10085
1512142860000 10085
1512142860000 10085
1512142860000 10085
1512142860000 10086
1512142860000 10086
1512142860000 10086
1512142860000 10086
1512142860000 10086
1512142860000 10086
1512142860000 10086
1512142860000 10087
1512142860000 10087
1512142860000 10087
1512142860000 10087
1512142860000 10087
1512142860000 10087
1512142860000 10087
1512142860000 10087
1512142860000 10088
1512142860000 10088
1512142860000 10088
1512142860000 10088
1512142860000 10088
1512142860000 10088
1512142860000 10089
1512142860000 10089
1512142860000 10089
1512142860000 10089
1512142860000 10089
1512142860000 10089
1512142860000 10089
1512142860000 10090
1512142860000 10090
1512142860000 10090
1512142860000 10090
1512142860000 10090
1512142860000 10090
1512142860000 10090
1512142860000 10090
1512142860000 10091
1512142860000 10091
1512142860000 10091
1512142860000 10091
1512142860000 10091
1512142860000 10091
1512142860000 10091
1512142860000 10091
1512142860000 10091
1512142860000 10091
1512142860000 10091
1512142860000 10091
1512142860000 10091
1512142860000 10091
1512142860000 10091
1512142860000 10092
1512142860000 10092
1512142860000 10092
1512142860000 10092
1512142860000 10092
1512142860000 10092
1512142860000 10092
1512142860000 10092
1512142860000 10092
1512142860000 10092
1512142860000 10092
1512142860000 10092
1512142860000 10093
1512142860000 10093
1512142860000 10093
1512142860000 10093
1512142860000 10093
1512142860000 10093
1512142860000 10093
1512142860000 10093
1512142860000 10094
1512142860000 10094
1512142860000 10094
1512142860000 10094
1512142860000 10094
1512142860000 10094
1512142860000 10094
1512142860000 10094
1512142860000 10095
1512142860000 10095
1512142860000 10095
1512142860000 10095
1512142860000 10096
1512142860000 10096
1512142870000 10090
1512142870000 10090
1512142870000 10090
1512142870000 10091
1512142870000 10091
1512142870000 10091
1512142870000 10092
1512142870000 10092
1512142870000 10093
1512142870000 10093
1512142870000 10093
1512142870000 10094
1512142870000 10094
1512142870000 10094
1512142870000 10095
1512142870000 10095
1512142870000 10095
1512142870000 10096
1512142870000 10096
1512142870000 10096
1512142870000 10250
1512142870000 10250
1512142870000 10250
1512142870000 10250
1512142870000 10251
1512142870000 10251
1512142870000 10251
1512142870000 10251
1512142870000 10251
1512142870000 10252
1512142870000 10252
1512142870000 10252
1512142870000 10252
1512142870000 10252
1512142870000 10252
1512142870000 10252
1512142870000 10252
1512142870000 10252
1512142870000 10252
1512142870000 10252
1512142870000 10253
1512142870000 10253
1512142870000 10253
1512142870000 10253
1512142870000 10253
1512142870000 10253
1512142870000 10253
1512142870000 10253
1512142870000 10253
1512142870000 10253
1512142870000 10253
1512142870000 10253
1512142870000 10253
1512142870000 10253
1512142870000 10254
1512142870000 10254
1512142870000 10254
1512142870000 10254
1512142870000 10254
1512142870000 10254
1512142870000 10254
1512142870000 10254
1512142870000 10254
1512142870000 10255
1512142870000 10255
1512142870000 10255
1512142870000 10255
1512142870000 10255
1512142870000 10255
1512142870000 10255
1512142870000 10256
1512142870000 10256
1512142870000 10256
1512142870000 10257
1512142870000 10257
1512142870000 10258
1512142870000 10258
1512142870000 10258
1512142870000 10258
1512142870000 10259
1512142870000 10259
1512142870000 10259
1512142870000 10259
1512142870000 10282
1512142870000 10282
1512142870000 10283
1512142870000 10283
1512142870000 10283
1512142870000 10284
1512142870000 10284
1512142870000 10284
1512142870000 10285
1512142870000 10285
1512142870000 10285
1512142870000 10286
1512142870000 10286
1512142870000 10286
1512142870000 10287
1512142870000 10287
1512142870000 10287
1512142880000 10245
1512142880000 10246
1512142880000 10246
1512142880000 10246
1512142880000 10246
1512142880000 10246
1512142880000 10246
1512142880000 10246
1512142880000 10247
1512142880000 10247
1512142880000 10247
1512142880000 10247
1512142880000 10247
1512142880000 10247
1512142880000 10247
1512142880000 10247
1512142880000 10247
1512142880000 10247
1512142880000 10247
1512142880000 10248
1512142880000 10248
1512142880000 10248
1512142880000 10248
1512142880000 10248
1512142880000 10248
1512142880000 10248
1512142880000 10248
1512142880000 10249
1512142880000 10249
1512142880000 10249
1512142880000 10249
1512142880000 10249
1512142880000 10249
1512142880000 10249
1512142880000 10249
1512142880000 10249
1512142880000 10250
1512142880000 10250
1512142880000 10250
1512142880000 10250
1512142880000 10250
1512142880000 10250
1512142880000 10250
1512142880000 10250
1512142880000 10250
1512142880000 10250
1512142880000 10250
1512142880000 10251
1512142880000 10251
1512142880000 10251
1512142880000 10251
1512142880000 10251
1512142880000 10251
1512142880000 10251
1512142880000 10251
1512142880000 10251
1512142880000 10251
1512142880000 10252
1512142880000 10252
1512142880000 10252
1512142880000 10252
1512142880000 10252
1512142880000 10252
1512142880000 10252
1512142880000 10252
1512142880000 10253
1512142880000 10254
1512142880000 10254
1512142880000 10254
1512142880000 10254
1512142880000 10254
1512142880000 10254
1512142880000 10254
1512142880000 10254
1512142880000 10255
1512142880000 10255
1512142880000 10255
1512142880000 10255
1512142880000 10255
1512142880000 10255
1512142880000 10255
1512142880000 10255
1512142880000 10281
1512142880000 10282
1512142880000 10282
1512142880000 10282
1512142880000 10283
1512142880000 10283
1512142880000 10283
1512142880000 10284
1512142880000 10284
1512142880000 10284
1512142880000 10285
1512142880000 10285
1512142880000 10285
1512142880000 10285
1512142880000 10286
1512142880000 10286
1512142880000 10286
1512142880000 10287
1512142890000 10087
1512142890000 10087
1512142890000 10088
1512142890000 10088
1512142890000 10088
1512142890000 10089
1512142890000 10089
1512142890000 10089
1512142890000 10089
1512142890000 10089
1512142890000 10090
1512142890000 10090
1512142890000 10090
1512142890000 10090
1512142890000 10091
1512142890000 10091
1512142890000 10091
1512142890000 10091
1512142890000 10091
1512142890000 10092
1512142890000 10092
1512142890000 10092
1512142890000 10092
1512142890000 10092
1512142890000 10093
1512142890000 10093
1512142890000 10093
1512142890000 10093
1512142890000 10093
1512142890000 10094
1512142890000 10094
1512142890000 10094
1512142890000 10094
1512142890000 10094
1512142890000 10095
1512142890000 10095
1512142890000 10095
1512142890000 10096
1512142890000 10096
1512142890000 10096
1512142890000 10097
1512142890000 10097
1512142890000 10098
1512142890000 10099
1512142890000 10099
1512142890000 10099
1512142890000 10100
1512142890000 10100
1512142890000 10100
1512142890000 10101
1512142890000 10101
1512142890000 10101
1512142890000 10101
1512142890000 10102
1512142890000 10102
1512142890000 10102
1512142890000 10103
1512142890000 10103
1512142890000 10103
1512142890000 10104
1512142890000 10104
1512142890000 10104
1512142890000 10104
1512142890000 10105
1512142890000 10105
1512142890000 10105
1512142890000 10241
1512142890000 10241
1512142890000 10241
1512142890000 10241
1512142890000 10241
1512142890000 10242
1512142890000 10242
1512142890000 10242
1512142890000 10242
1512142890000 10242
1512142890000 10242
1512142890000 10243
1512142890000 10243
1512142890000 10249
1512142890000 10249
1512142890000 10288
1512142890000 10288
1512142890000 10288
1512142890000 10288
1512142890000 10289
1512142890000 10289
1512142890000 10289
1512142890000 10289
1512142890000 10290
1512142890000 10290
1512142890000 10290
1512142890000 10291
1512142890000 10291
1512142890000 10291
1512142890000 10291
1512142890000 10292
1512142890000 10292
1512142890000 10292
1512142890000 10292
1512142900000 10096
1512142900000 10096
1512142900000 10097
1512142900000 10097
1512142900000 10097
1512142900000 10098
1512142900000 10098
1512142900000 10098
1512142900000 10099
1512142900000 10099
1512142900000 10099
1512142900000 10100
1512142900000 10100
1512142900000 10100
1512142900000 10101
1512142900000 10101
1512142900000 10101
1512142900000 10102
1512142900000 10102
1512142900000 10103
1512142900000 10103
1512142900000 10103
1512142900000 10103
1512142900000 10104
1512142900000 10104
1512142900000 10105
1512142900000 10105
1512142900000 10105
1512142900000 10106
1512142900000 10106
1512142900000 10129
1512142900000 10130
1512142900000 10130
1512142900000 10130
1512142900000 10131
1512142900000 10131
1512142900000 10131
1512142900000 10132
1512142900000 10132
1512142900000 10132
1512142900000 10133
1512142900000 10133
1512142900000 10133
1512142900000 10134
1512142900000 10134
1512142900000 10134
1512142900000 10135
1512142900000 10135
1512142900000 10135
1512142900000 10136
1512142900000 10247
1512142900000 10247
1512142900000 10247
1512142900000 10248
1512142900000 10248
1512142900000 10248
1512142900000 10248
1512142900000 10248
1512142900000 10248
1512142900000 10248
1512142900000 10249
1512142900000 10249
1512142900000 10249
1512142900000 10249
1512142900000 10249
1512142900000 10249
1512142900000 10249
1512142900000 10251
1512142900000 10251
1512142900000 10252
1512142900000 10252
1512142900000 10252
1512142900000 10252
1512142900000 10253
1512142900000 10253
1512142900000 10253
1512142900000 10253
1512142900000 10253
1512142900000 10253
1512142900000 10254
1512142900000 10254
1512142900000 10254
1512142900000 10254
1512142900000 10254
1512142900000 10255
1512142900000 10255
1512142900000 10255
1512142900000 10255
1512142900000 10255
1512142900000 10255
1512142900000 10256
1512142900000 10256
1512142900000 10256
1512142900000 10256
1512142900000 10256
1512142900000 10256
1512142900000 10257
1512142900000 10257
1512142900000 10257
1512142900000 10257
1512142910000 10076
1512142910000 10076
1512142910000 10076
1512142910000 10077
1512142910000 10077
1512142910000 10077
1512142910000 10078
1512142910000 10078
1512142910000 10078
1512142910000 10079
1512142910000 10079
1512142910000 10079
1512142910000 10080
1512142910000 10080
1512142910000 10080
1512142910000 10081
1512142910000 10081
1512142910000 10088
1512142910000 10089
1512142910000 10089
1512142910000 10089
1512142910000 10090
1512142910000 10090
1512142910000 10090
1512142910000 10091
1512142910000 10091
1512142910000 10091
1512142910000 10092
1512142910000 10092
1512142910000 10092
1512142910000 10093
1512142910000 10093
1512142910000 10093
1512142910000 10094
1512142910000 10094
1512142910000 10095
1512142910000 10105
1512142910000 10105
1512142910000 10105
1512142910000 10106
1512142910000 10106
1512142910000 10106
1512142910000 10107
1512142910000 10107
1512142910000 10107
1512142910000 10108
1512142910000 10108
1512142910000 10108
1512142910000 10109
1512142910000 10109
1512142910000 10110
1512142910000 10110
1512142910000 10110
1512142910000 10111
1512142910000 10111
1512142910000 10112
1512142910000 10112
1512142910000 10112
1512142910000 10113
1512142910000 10113
1512142910000 10113
1512142910000 10114
1512142910000 10114
1512142910000 10114
1512142910000 10115
1512142910000 10115
1512142910000 10116
1512142910000 10116
1512142910000 10129
1512142910000 10129
1512142910000 10130
1512142910000 10130
1512142910000 10130
1512142910000 10131
1512142910000 10131
1512142910000 10131
1512142910000 10132
1512142910000 10132
1512142910000 10132
1512142910000 10133
1512142910000 10133
1512142910000 10133
1512142910000 10134
1512142910000 10134
1512142910000 10134
1512142910000 10252
1512142910000 10252
1512142910000 10253
1512142910000 10253
1512142910000 10253
1512142910000 10253
1512142910000 10253
1512142910000 10253
1512142910000 10253
1512142910000 10253
1512142910000 10254
1512142910000 10254
1512142910000 10254
1512142910000 10254
1512142910000 10254
1512142920000 10075
1512142920000 10075
1512142920000 10076
1512142920000 10076
1512142920000 10076
1512142920000 10076
1512142920000 10076
1512142920000 10077
1512142920000 10077
1512142920000 10077
1512142920000 10077
1512142920000 10078
1512142920000 10078
1512142920000 10078
1512142920000 10078
1512142920000 10078
1512142920000 10078
1512142920000 10079
1512142920000 10079
1512142920000 10079
1512142920000 10079
1512142920000 10079
1512142920000 10079
1512142920000 10080
1512142920000 10080
1512142920000 10080
1512142920000 10080
1512142920000 10081
1512142920000 10081
1512142920000 10081
1512142920000 10081
1512142920000 10081
1512142920000 10082
1512142920000 10082
1512142920000 10082
1512142920000 10082
1512142920000 10082
1512142920000 10082
1512142920000 10083
1512142920000 10083
1512142920000 10083
1512142920000 10083
1512142920000 10083
1512142920000 10083
1512142920000 10083
1512142920000 10083
1512142920000 10084
1512142920000 10084
1512142920000 10084
1512142920000 10084
1512142920000 10085
1512142920000 10085
1512142920000 10085
1512142920000 10085
1512142920000 10086
1512142920000 10086
1512142920000 10088
1512142920000 10088
1512142920000 10088
1512142920000 10088
1512142920000 10088
1512142920000 10088
1512142920000 10088
1512142920000 10088
1512142920000 10088
1512142920000 10089
1512142920000 10089
1512142920000 10089
1512142920000 10089
1512142920000 10089
1512142920000 10089
1512142920000 10089
1512142920000 10089
1512142920000 10089
1512142920000 10090
1512142920000 10090
1512142920000 10090
1512142920000 10090
1512142920000 10090
1512142920000 10090
1512142920000 10090
1512142920000 10090
1512142920000 10090
1512142920000 10137
1512142920000 10137
1512142920000 10137
1512142920000 10138
1512142920000 10138
1512142920000 10138
1512142920000 10139
1512142920000 10139
1512142920000 10139
1512142920000 10139
1512142920000 10140
1512142920000 10140
1512142920000 10140
1512142920000 10141
1512142920000 10141
1512142920000 10141
1512142920000 10141
1512142930000 10080
1512142930000 10081
1512142930000 10081
1512142930000 10081
1512142930000 10082
1512142930000 10082
1512142930000 10082
1512142930000 10083
1512142930000 10083
1512142930000 10083
1512142930000 10084
1512142930000 10084
1512142930000 10084
1512142930000 10085
1512142930000 10085
1512142930000 10085
1512142930000 10086
1512142930000 10086
1512142930000 10086
1512142930000 10087
1512142930000 10087
1512142930000 10130
1512142930000 10131
1512142930000 10131
1512142930000 10131
1512142930000 10132
1512142930000 10132
1512142930000 10133
1512142930000 10133
1512142930000 10133
1512142930000 10134
1512142930000 10134
1512142930000 10134
1512142930000 10135
1512142930000 10135
1512142930000 10135
1512142930000 10136
1512142930000 10136
1512142930000 10136
1512142930000 10137
1512142930000 10137
1512142930000 10249
1512142930000 10249
1512142930000 10250
1512142930000 10250
1512142930000 10250
1512142930000 10250
1512142930000 10250
1512142930000 10251
1512142930000 10251
1512142930000 10251
1512142930000 10251
1512142930000 10251
1512142930000 10251
1512142930000 10251
1512142930000 10251
1512142930000 10251
1512142930000 10252
1512142930000 10252
1512142930000 10252
1512142930000 10252
1512142930000 10252
1512142930000 10252
1512142930000 10252
1512142930000 10252
1512142930000 10252
1512142930000 10252
1512142930000 10253
1512142930000 10253
1512142930000 10253
1512142930000 10253
1512142930000 10253
1512142930000 10253
1512142930000 10253
1512142930000 10253
1512142930000 10253
1512142930000 10254
1512142930000 10254
1512142930000 10254
1512142930000 10254
1512142930000 10254
1512142930000 10254
1512142930000 10254
1512142930000 10254
1512142930000 10255
1512142930000 10255
1512142930000 10255
1512142930000 10255
1512142930000 10255
1512142930000 10255
1512142930000 10255
1512142930000 10255
1512142930000 10255
1512142930000 10256
1512142930000 10256
1512142930000 10256
1512142930000 10256
1512142930000 10256
1512142930000 10256
1512142930000 10256
1512142940000 10241
1512142940000 10241
1512142940000 10241
1512142940000 10242
1512142940000 10242
1512142940000 10242
1512142940000 10243
1512142940000 10243
1512142940000 10243
1512142940000 10244
1512142940000 10244
1512142940000 10244
1512142940000 10244
1512142940000 10245
1512142940000 10245
1512142940000 10245
1512142940000 10245
1512142940000 10246
1512142940000 10246
1512142940000 10247
1512142940000 10247
1512142940000 10247
1512142940000 10248
1512142940000 10248
1512142940000 10248
1512142940000 10248
1512142940000 10248
1512142940000 10249
1512142940000 10249
1512142940000 10249
1512142940000 10250
1512142940000 10250
1512142940000 10250
1512142940000 10250
1512142940000 10251
1512142940000 10251
1512142940000 10251
1512142940000 10251
1512142940000 10251
1512142940000 10252
1512142940000 10375
1512142940000 10375
1512142940000 10375
1512142940000 10375
1512142940000 10376
1512142940000 10376
1512142940000 10376
1512142940000 10376
1512142940000 10376
1512142940000 10376
1512142940000 10376
1512142940000 10377
1512142940000 10377
1512142940000 10377
1512142940000 10377
1512142940000 10377
1512142940000 10377
1512142940000 10377
1512142940000 10377
1512142940000 10377
1512142940000 10377
1512142940000 10377
1512142940000 10378
1512142940000 10378
1512142940000 10378
1512142940000 10378
1512142940000 10378
1512142940000 10378
1512142940000 10378
1512142940000 10378
1512142940000 10378
1512142940000 10378
1512142940000 10378
1512142940000 10379
1512142940000 10379
1512142940000 10379
1512142940000 10379
1512142940000 10379
1512142940000 10379
1512142940000 10379
1512142940000 10379
1512142940000 10379
1512142940000 10379
1512142940000 10379
1512142940000 10379
1512142940000 10380
1512142940000 10380
1512142940000 10380
1512142940000 10380
1512142940000 10380
1512142940000 10380
1512142940000 10380
1512142940000 10380
1512142940000 10381
1512142940000 10381
1512142940000 10381
1512142940000 10382
1512142940000 10382
1512142940000 10382
1512142940000 10383
1512142950000 10099
1512142950000 10099
1512142950000 10100
1512142950000 10100
1512142950000 10101
1512142950000 10101
1512142950000 10101
1512142950000 10102
1512142950000 10102
1512142950000 10103
1512142950000 10103
1512142950000 10104
1512142950000 10104
1512142950000 10104
1512142950000 10105
1512142950000 10105
1512142950000 10106
1512142950000 10106
1512142950000 10106
1512142950000 10107
1512142950000 10107
1512142950000 10108
1512142950000 10108
1512142950000 10109
1512142950000 10109
1512142950000 10244
1512142950000 10245
1512142950000 10245
1512142950000 10245
1512142950000 10245
1512142950000 10245
1512142950000 10245
1512142950000 10245
1512142950000 10245
1512142950000 10246
1512142950000 10246
1512142950000 10246
1512142950000 10246
1512142950000 10246
1512142950000 10246
1512142950000 10246
1512142950000 10246
1512142950000 10246
1512142950000 10246
1512142950000 10246
1512142950000 10246
1512142950000 10247
1512142950000 10247
1512142950000 10247
1512142950000 10247
1512142950000 10247
1512142950000 10247
1512142950000 10247
1512142950000 10247
1512142950000 10248
1512142950000 10248
1512142950000 10248
1512142950000 10248
1512142950000 10248
1512142950000 10248
1512142950000 10248
1512142950000 10248
1512142950000 10249
1512142950000 10249
1512142950000 10249
1512142950000 10249
1512142950000 10249
1512142950000 10249
1512142950000 10249
1512142950000 10249
1512142950000 10249
1512142950000 10250
1512142950000 10250
1512142950000 10250
1512142950000 10251
1512142950000 10251
1512142950000 10251
1512142950000 10252
1512142950000 10252
1512142950000 10252
1512142950000 10253
1512142950000 10253
1512142950000 10253
1512142950000 10253
1512142950000 10254
1512142950000 10254
1512142950000 10277
1512142950000 10277
1512142950000 10277
1512142950000 10277
1512142950000 10278
1512142950000 10278
1512142950000 10278
1512142950000 10279
1512142950000 10279
1512142950000 10279
1512142950000 10279
1512142950000 10280
1512142950000 10280
1512142950000 10280
1512142960000 10082
1512142960000 10083
1512142960000 10083
1512142960000 10083
1512142960000 10083
1512142960000 10083
1512142960000 10083
1512142960000 10083
1512142960000 10083
1512142960000 10083
1512142960000 10084
1512142960000 10084
1512142960000 10084
1512142960000 10084
1512142960000 10084
1512142960000 10084
1512142960000 10084
1512142960000 10084
1512142960000 10084
1512142960000 10084
1512142960000 10084
1512142960000 10084
1512142960000 10084
1512142960000 10084
1512142960000 10084
1512142960000 10085
1512142960000 10085
1512142960000 10085
1512142960000 10085
1512142960000 10085
1512142960000 10085
1512142960000 10085
1512142960000 10085
1512142960000 10085
1512142960000 10085
1512142960000 10085
1512142960000 10086
1512142960000 10086
1512142960000 10086
1512142960000 10086
1512142960000 10086
1512142960000 10086
1512142960000 10086
1512142960000 10086
1512142960000 10086
1512142960000 10086
1512142960000 10087
1512142960000 10087
1512142960000 10087
1512142960000 10087
1512142960000 10087
1512142960000 10087
1512142960000 10087
1512142960000 10088
1512142960000 10088
1512142960000 10088
1512142960000 10088
1512142960000 10088
1512142960000 10088
1512142960000 10089
1512142960000 10089
1512142960000 10089
1512142960000 10089
1512142960000 10089
1512142960000 10328
1512142960000 10329
1512142960000 10329
1512142960000 10329
1512142960000 10329
1512142960000 10330
1512142960000 10330
1512142960000 10330
1512142960000 10330
1512142960000 10330
1512142960000 10331
1512142960000 10331
1512142960000 10331
1512142960000 10331
1512142960000 10331
1512142960000 10331
1512142960000 10332
1512142960000 10332
1512142960000 10332
1512142960000 10332
1512142960000 10332
1512142960000 10332
1512142960000 10333
1512142960000 10333
1512142960000 10333
1512142960000 10333
1512142960000 10333
1512142960000 10333
1512142960000 10334
1512142960000 10334
1512142960000 10334
1512142960000 10334
1512142960000 10334
1512142960000 10335
1512142960000 10335
1512142960000 10335
1512142970000 10072
1512142970000 10072
1512142970000 10072
1512142970000 10072
1512142970000 10073
1512142970000 10073
1512142970000 10073
1512142970000 10073
1512142970000 10073
1512142970000 10073
1512142970000 10073
1512142970000 10073
1512142970000 10074
1512142970000 10074
1512142970000 10074
1512142970000 10074
1512142970000 10074
1512142970000 10089
1512142970000 10089
1512142970000 10090
1512142970000 10090
1512142970000 10090
1512142970000 10091
1512142970000 10091
1512142970000 10091
1512142970000 10092
1512142970000 10092
1512142970000 10092
1512142970000 10093
1512142970000 10093
1512142970000 10093
1512142970000 10094
1512142970000 10094
1512142970000 10094
1512142970000 10094
1512142970000 10095
1512142970000 10095
1512142970000 10096
1512142970000 10096
1512142970000 10107
1512142970000 10107
1512142970000 10107
1512142970000 10108
1512142970000 10108
1512142970000 10108
1512142970000 10108
1512142970000 10109
1512142970000 10109
1512142970000 10109
1512142970000 10110
1512142970000 10110
1512142970000 10110
1512142970000 10110
1512142970000 10111
1512142970000 10111
1512142970000 10111
1512142970000 10111
1512142970000 10112
1512142970000 10112
1512142970000 10112
1512142970000 10113
1512142970000 10113
1512142970000 10113
1512142970000 10113
1512142970000 10114
1512142970000 10114
1512142970000 10114
1512142970000 10115
1512142970000 10132
1512142970000 10133
1512142970000 10133
1512142970000 10134
1512142970000 10134
1512142970000 10134
1512142970000 10134
1512142970000 10135
1512142970000 10135
1512142970000 10136
1512142970000 10136
1512142970000 10136
1512142970000 10136
1512142970000 10137
1512142970000 10137
1512142970000 10243
1512142970000 10243
1512142970000 10243
1512142970000 10243
1512142970000 10244
1512142970000 10244
1512142970000 10244
1512142970000 10245
1512142970000 10245
1512142970000 10245
1512142970000 10246
1512142970000 10246
1512142970000 10246
1512142970000 10246
1512142970000 10247
1512142970000 10247
1512142970000 10247
1512142980000 9274
1512142980000 9274
1512142980000 9275
1512142980000 9275
1512142980000 9275
1512142980000 9275
1512142980000 9276
1512142980000 9276
1512142980000 9276
1512142980000 9276
1512142980000 9277
1512142980000 9277
1512142980000 9277
1512142980000 9277
1512142980000 9278
1512142980000 9278
1512142980000 9278
1512142980000 9278
1512142980000 9279
1512142980000 9279
1512142980000 9279
1512142980000 9280
1512142980000 9280
1512142980000 9280
1512142980000 9280
1512142980000 9281
1512142980000 9281
1512142980000 9282
1512142980000 9282
1512142980000 9282
1512142980000 9283
1512142980000 9283
1512142980000 9283
1512142980000 9283
1512142980000 9284
1512142980000 9284
1512142980000 9284
1512142980000 9284
1512142980000 9284
1512142980000 9284
1512142980000 9285
1512142980000 9285
1512142980000 9285
1512142980000 9285
1512142980000 9285
1512142980000 9285
1512142980000 9285
1512142980000 9285
1512142980000 9286
1512142980000 9286
1512142980000 9286
1512142980000 9287
1512142980000 9287
1512142980000 9287
1512142980000 9287
1512142980000 9287
1512142980000 9287
1512142980000 9287
1512142980000 9287
1512142980000 9287
1512142980000 9288
1512142980000 9288
1512142980000 9288
1512142980000 9288
1512142980000 9288
1512142980000 9288
1512142980000 9288
1512142980000 9288
1512142980000 9288
1512142980000 9288
1512142980000 9289
1512142980000 9289
1512142980000 9289
1512142980000 9291
1512142980000 9291
1512142980000 9292
1512142980000 9292
1512142980000 9292
1512142980000 9293
1512142980000 9293
1512142980000 9294
1512142980000 9294
1512142980000 9294
1512142980000 9295
1512142980000 9295
1512142980000 9295
1512142980000 9296
1512142980000 9296
1512142980000 9296
1512142980000 9297
1512142980000 9297
1512142980000 9298
1512142980000 9298
1512142980000 9298
1512142980000 9299
1512142980000 9299
1512142980000 9300
1512142980000 9300
1512142980000 9300
1512142980000 9301
