1512066640000 10285
1512066640000 10285
1512066640000 10286
1512066640000 10286
1512066640000 10286
1512066640000 10286
1512066640000 10287
1512066640000 10287
1512066640000 10287
1512066640000 10288
1512066640000 10339
1512066640000 10339
1512066640000 10340
1512066640000 10340
1512066640000 10341
1512066640000 10341
1512066640000 10342
1512066640000 10342
1512066640000 10343
1512066640000 10343
1512066640000 10344
1512066640000 10344
1512066640000 10345
1512066640000 10345
1512066640000 10346
1512066640000 10346
1512066640000 10347
1512066640000 10347
1512066640000 10348
1512066640000 10348
1512066640000 10349
1512066640000 10444
1512066640000 10444
1512066640000 10445
1512066640000 10445
1512066640000 10445
1512066640000 10446
1512066640000 10446
1512066640000 10447
1512066640000 10447
1512066640000 10447
1512066640000 10448
1512066640000 10448
1512066640000 10448
1512066640000 10449
1512066640000 10449
1512066640000 10449
1512066640000 10450
1512066640000 10450
1512066640000 10450
1512066640000 10451
1512066640000 10451
1512066640000 10451
1512066640000 10452
1512066640000 10461
1512066640000 10462
1512066640000 10462
1512066640000 10463
1512066640000 10463
1512066640000 10463
1512066640000 10464
1512066640000 10464
1512066640000 10464
1512066640000 10465
1512066640000 10465
1512066640000 10465
1512066640000 10466
1512066640000 10466
1512066640000 10467
1512066640000 10467
1512066640000 10468
1512066640000 10468
1512066640000 10469
1512066640000 10503
1512066640000 10504
1512066640000 10505
1512066640000 10505
1512066640000 10505
1512066640000 10506
1512066640000 10506
1512066640000 10507
1512066640000 10507
1512066640000 10508
1512066640000 10509
1512066640000 10509
1512066640000 10510
1512066640000 10510
1512066640000 10511
1512066640000 10511
1512066640000 10512
1512066640000 10512
1512066640000 10513
1512066640000 10513
1512066640000 10514
1512066640000 10514
1512066640000 10515
1512066640000 10515
1512066640000 10516
1512066640000 10516
1512066640000 10517
1512066650000 10089
1512066650000 10090
1512066650000 10090
1512066650000 10090
1512066650000 10091
1512066650000 10091
1512066650000 10091
1512066650000 10091
1512066650000 10092
1512066650000 10092
1512066650000 10092
1512066650000 10092
1512066650000 10092
1512066650000 10093
1512066650000 10093
1512066650000 10093
1512066650000 10093
1512066650000 10093
1512066650000 10094
1512066650000 10094
1512066650000 10094
1512066650000 10094
1512066650000 10094
1512066650000 10094
1512066650000 10095
1512066650000 10095
1512066650000 10095
1512066650000 10095
1512066650000 10095
1512066650000 10095
1512066650000 10096
1512066650000 10096
1512066650000 10096
1512066650000 10096
1512066650000 10096
1512066650000 10096
1512066650000 10097
1512066650000 10097
1512066650000 10097
1512066650000 10097
1512066650000 10097
1512066650000 10098
1512066650000 10098
1512066650000 10098
1512066650000 10098
1512066650000 10098
1512066650000 10098
1512066650000 10098
1512066650000 10099
1512066650000 10099
1512066650000 10099
1512066650000 10099
1512066650000 10099
1512066650000 10100
1512066650000 10100
1512066650000 10100
1512066650000 10100
1512066650000 10100
1512066650000 10100
1512066650000 10105
1512066650000 10105
1512066650000 10106
1512066650000 10106
1512066650000 10106
1512066650000 10106
1512066650000 10107
1512066650000 10107
1512066650000 10107
1512066650000 10107
1512066650000 10107
1512066650000 10107
1512066650000 10107
1512066650000 10108
1512066650000 10108
1512066650000 10108
1512066650000 10108
1512066650000 10108
1512066650000 10109
1512066650000 10109
1512066650000 10109
1512066650000 10109
1512066650000 10109
1512066650000 10109
1512066650000 10109
1512066650000 10110
1512066650000 10110
1512066650000 10110
1512066650000 10110
1512066650000 10110
1512066650000 10110
1512066650000 10111
1512066650000 10111
1512066650000 10111
1512066650000 10111
1512066650000 10111
1512066650000 10111
1512066650000 10112
1512066650000 10112
1512066650000 10112
1512066650000 10112
1512066660000 10087
1512066660000 10088
1512066660000 10088
1512066660000 10088
1512066660000 10089
1512066660000 10089
1512066660000 10090
1512066660000 10090
1512066660000 10091
1512066660000 10091
1512066660000 10091
1512066660000 10092
1512066660000 10092
1512066660000 10093
1512066660000 10093
1512066660000 10094
1512066660000 10094
1512066660000 10094
1512066660000 10094
1512066660000 10095
1512066660000 10095
1512066660000 10095
1512066660000 10095
1512066660000 10095
1512066660000 10095
1512066660000 10096
1512066660000 10096
1512066660000 10096
1512066660000 10097
1512066660000 10097
1512066660000 10097
1512066660000 10097
1512066660000 10097
1512066660000 10098
1512066660000 10098
1512066660000 10098
1512066660000 10098
1512066660000 10098
1512066660000 10098
1512066660000 10099
1512066660000 10099
1512066660000 10099
1512066660000 10099
1512066660000 10099
1512066660000 10099
1512066660000 10099
1512066660000 10099
1512066660000 10100
1512066660000 10100
1512066660000 10100
1512066660000 10100
1512066660000 10100
1512066660000 10101
1512066660000 10101
1512066660000 10101
1512066660000 10101
1512066660000 10102
1512066660000 10102
1512066660000 10102
1512066660000 10102
1512066660000 10103
1512066660000 10103
1512066660000 10103
1512066660000 10104
1512066660000 10104
1512066660000 10104
1512066660000 10104
1512066660000 10104
1512066660000 10104
1512066660000 10105
1512066660000 10105
1512066660000 10105
1512066660000 10105
1512066660000 10106
1512066660000 10106
1512066660000 10106
1512066660000 10107
1512066660000 10107
1512066660000 10107
1512066660000 10107
1512066660000 10108
1512066660000 10108
1512066660000 10108
1512066660000 10108
1512066660000 10109
1512066660000 10109
1512066660000 10109
1512066660000 10109
1512066660000 10110
1512066660000 10250
1512066660000 10250
1512066660000 10251
1512066660000 10251
1512066660000 10252
1512066660000 10252
1512066660000 10252
1512066660000 10253
1512066660000 10253
1512066660000 10253
1512066660000 10254
1512066670000 10077
1512066670000 10077
1512066670000 10077
1512066670000 10078
1512066670000 10078
1512066670000 10078
1512066670000 10079
1512066670000 10079
1512066670000 10079
1512066670000 10080
1512066670000 10080
1512066670000 10080
1512066670000 10081
1512066670000 10081
1512066670000 10082
1512066670000 10091
1512066670000 10092
1512066670000 10092
1512066670000 10092
1512066670000 10092
1512066670000 10093
1512066670000 10093
1512066670000 10093
1512066670000 10093
1512066670000 10093
1512066670000 10093
1512066670000 10093
1512066670000 10093
1512066670000 10094
1512066670000 10094
1512066670000 10094
1512066670000 10094
1512066670000 10094
1512066670000 10094
1512066670000 10094
1512066670000 10094
1512066670000 10094
1512066670000 10095
1512066670000 10095
1512066670000 10095
1512066670000 10095
1512066670000 10095
1512066670000 10095
1512066670000 10095
1512066670000 10095
1512066670000 10096
1512066670000 10096
1512066670000 10096
1512066670000 10096
1512066670000 10096
1512066670000 10096
1512066670000 10096
1512066670000 10096
1512066670000 10097
1512066670000 10097
1512066670000 10097
1512066670000 10097
1512066670000 10097
1512066670000 10097
1512066670000 10097
1512066670000 10097
1512066670000 10097
1512066670000 10097
1512066670000 10098
1512066670000 10098
1512066670000 10098
1512066670000 10098
1512066670000 10098
1512066670000 10098
1512066670000 10098
1512066670000 10099
1512066670000 10099
1512066670000 10099
1512066670000 10099
1512066670000 10099
1512066670000 10099
1512066670000 10099
1512066670000 10099
1512066670000 10100
1512066670000 10100
1512066670000 10100
1512066670000 10100
1512066670000 10100
1512066670000 10100
1512066670000 10101
1512066670000 10101
1512066670000 10101
1512066670000 10101
1512066670000 10101
1512066670000 10101
1512066670000 10102
1512066670000 10102
1512066670000 10102
1512066670000 10102
1512066670000 10103
1512066670000 10103
1512066670000 10103
1512066670000 10103
1512066670000 10104
1512066670000 10104
1512066680000 10073
1512066680000 10074
1512066680000 10074
1512066680000 10074
1512066680000 10075
1512066680000 10075
1512066680000 10076
1512066680000 10076
1512066680000 10076
1512066680000 10077
1512066680000 10077
1512066680000 10078
1512066680000 10078
1512066680000 10079
1512066680000 10089
1512066680000 10089
1512066680000 10089
1512066680000 10090
1512066680000 10090
1512066680000 10090
1512066680000 10090
1512066680000 10090
1512066680000 10090
1512066680000 10091
1512066680000 10091
1512066680000 10091
1512066680000 10091
1512066680000 10092
1512066680000 10092
1512066680000 10092
1512066680000 10092
1512066680000 10092
1512066680000 10093
1512066680000 10093
1512066680000 10093
1512066680000 10093
1512066680000 10093
1512066680000 10094
1512066680000 10094
1512066680000 10094
1512066680000 10095
1512066680000 10095
1512066680000 10095
1512066680000 10095
1512066680000 10095
1512066680000 10095
1512066680000 10096
1512066680000 10096
1512066680000 10096
1512066680000 10096
1512066680000 10096
1512066680000 10096
1512066680000 10096
1512066680000 10097
1512066680000 10097
1512066680000 10097
1512066680000 10097
1512066680000 10097
1512066680000 10097
1512066680000 10097
1512066680000 10098
1512066680000 10098
1512066680000 10098
1512066680000 10098
1512066680000 10098
1512066680000 10098
1512066680000 10098
1512066680000 10099
1512066680000 10099
1512066680000 10099
1512066680000 10099
1512066680000 10099
1512066680000 10100
1512066680000 10100
1512066680000 10103
1512066680000 10104
1512066680000 10104
1512066680000 10104
1512066680000 10104
1512066680000 10105
1512066680000 10105
1512066680000 10105
1512066680000 10106
1512066680000 10106
1512066680000 10106
1512066680000 10106
1512066680000 10106
1512066680000 10107
1512066680000 10107
1512066680000 10107
1512066680000 10107
1512066680000 10108
1512066680000 10108
1512066680000 10109
1512066680000 10109
1512066680000 10109
1512066680000 10110
1512066680000 10110
1512066680000 10110
1512066680000 10111
1512066690000 10084
1512066690000 10084
1512066690000 10085
1512066690000 10085
1512066690000 10085
1512066690000 10086
1512066690000 10086
1512066690000 10086
1512066690000 10087
1512066690000 10087
1512066690000 10087
1512066690000 10087
1512066690000 10088
1512066690000 10088
1512066690000 10088
1512066690000 10088
1512066690000 10089
1512066690000 10089
1512066690000 10089
1512066690000 10089
1512066690000 10094
1512066690000 10094
1512066690000 10094
1512066690000 10094
1512066690000 10095
1512066690000 10095
1512066690000 10095
1512066690000 10095
1512066690000 10096
1512066690000 10096
1512066690000 10096
1512066690000 10096
1512066690000 10096
1512066690000 10096
1512066690000 10096
1512066690000 10097
1512066690000 10097
1512066690000 10097
1512066690000 10097
1512066690000 10097
1512066690000 10097
1512066690000 10097
1512066690000 10097
1512066690000 10098
1512066690000 10098
1512066690000 10098
1512066690000 10098
1512066690000 10098
1512066690000 10098
1512066690000 10098
1512066690000 10098
1512066690000 10098
1512066690000 10098
1512066690000 10098
1512066690000 10098
1512066690000 10099
1512066690000 10099
1512066690000 10099
1512066690000 10099
1512066690000 10099
1512066690000 10099
1512066690000 10099
1512066690000 10099
1512066690000 10099
1512066690000 10100
1512066690000 10100
1512066690000 10100
1512066690000 10100
1512066690000 10100
1512066690000 10100
1512066690000 10100
1512066690000 10100
1512066690000 10101
1512066690000 10101
1512066690000 10101
1512066690000 10101
1512066690000 10101
1512066690000 10101
1512066690000 10101
1512066690000 10102
1512066690000 10102
1512066690000 10102
1512066690000 10102
1512066690000 10103
1512066690000 10103
1512066690000 10103
1512066690000 10244
1512066690000 10245
1512066690000 10245
1512066690000 10245
1512066690000 10246
1512066690000 10246
1512066690000 10246
1512066690000 10247
1512066690000 10247
1512066690000 10247
1512066690000 10247
1512066690000 10248
1512066690000 10248
1512066690000 10248
1512066700000 10090
1512066700000 10090
1512066700000 10090
1512066700000 10091
1512066700000 10091
1512066700000 10091
1512066700000 10092
1512066700000 10092
1512066700000 10092
1512066700000 10092
1512066700000 10093
1512066700000 10093
1512066700000 10093
1512066700000 10094
1512066700000 10094
1512066700000 10094
1512066700000 10094
1512066700000 10095
1512066700000 10252
1512066700000 10252
1512066700000 10252
1512066700000 10252
1512066700000 10252
1512066700000 10252
1512066700000 10252
1512066700000 10252
1512066700000 10252
1512066700000 10252
1512066700000 10253
1512066700000 10253
1512066700000 10253
1512066700000 10253
1512066700000 10253
1512066700000 10253
1512066700000 10253
1512066700000 10253
1512066700000 10253
1512066700000 10253
1512066700000 10254
1512066700000 10254
1512066700000 10254
1512066700000 10254
1512066700000 10254
1512066700000 10254
1512066700000 10254
1512066700000 10254
1512066700000 10254
1512066700000 10254
1512066700000 10254
1512066700000 10255
1512066700000 10255
1512066700000 10255
1512066700000 10255
1512066700000 10255
1512066700000 10255
1512066700000 10255
1512066700000 10255
1512066700000 10255
1512066700000 10255
1512066700000 10255
1512066700000 10256
1512066700000 10256
1512066700000 10256
1512066700000 10256
1512066700000 10256
1512066700000 10256
1512066700000 10256
1512066700000 10257
1512066700000 10257
1512066700000 10257
1512066700000 10257
1512066700000 10257
1512066700000 10257
1512066700000 10258
1512066700000 10258
1512066700000 10258
1512066700000 10258
1512066700000 10258
1512066700000 10259
1512066700000 10259
1512066700000 10259
1512066700000 10260
1512066700000 10260
1512066700000 10260
1512066700000 10260
1512066700000 10260
1512066700000 10260
1512066700000 10261
1512066700000 10261
1512066700000 10261
1512066700000 10261
1512066700000 10262
1512066700000 10262
1512066700000 10262
1512066700000 10263
1512066700000 10263
1512066700000 10263
1512066700000 10264
1512066700000 10264
1512066700000 10264
1512066710000 10085
1512066710000 10086
1512066710000 10086
1512066710000 10086
1512066710000 10087
1512066710000 10087
1512066710000 10087
1512066710000 10088
1512066710000 10088
1512066710000 10088
1512066710000 10089
1512066710000 10089
1512066710000 10089
1512066710000 10090
1512066710000 10090
1512066710000 10090
1512066710000 10091
1512066710000 10091
1512066710000 10091
1512066710000 10108
1512066710000 10108
1512066710000 10109
1512066710000 10109
1512066710000 10109
1512066710000 10110
1512066710000 10110
1512066710000 10110
1512066710000 10111
1512066710000 10111
1512066710000 10111
1512066710000 10111
1512066710000 10112
1512066710000 10112
1512066710000 10112
1512066710000 10112
1512066710000 10113
1512066710000 10113
1512066710000 10113
1512066710000 10114
1512066710000 10114
1512066710000 10114
1512066710000 10114
1512066710000 10115
1512066710000 10115
1512066710000 10115
1512066710000 10116
1512066710000 10116
1512066710000 10116
1512066710000 10116
1512066710000 10248
1512066710000 10249
1512066710000 10249
1512066710000 10249
1512066710000 10249
1512066710000 10250
1512066710000 10250
1512066710000 10250
1512066710000 10250
1512066710000 10251
1512066710000 10251
1512066710000 10251
1512066710000 10251
1512066710000 10251
1512066710000 10252
1512066710000 10252
1512066710000 10252
1512066710000 10252
1512066710000 10252
1512066710000 10253
1512066710000 10253
1512066710000 10253
1512066710000 10253
1512066710000 10254
1512066710000 10254
1512066710000 10254
1512066710000 10258
1512066710000 10259
1512066710000 10259
1512066710000 10259
1512066710000 10259
1512066710000 10260
1512066710000 10260
1512066710000 10260
1512066710000 10260
1512066710000 10261
1512066710000 10261
1512066710000 10261
1512066710000 10261
1512066710000 10262
1512066710000 10262
1512066710000 10262
1512066710000 10262
1512066710000 10263
1512066710000 10263
1512066710000 10263
1512066710000 10263
1512066710000 10264
1512066710000 10264
1512066710000 10264
1512066710000 10264
1512066720000 10085
1512066720000 10085
1512066720000 10085
1512066720000 10086
1512066720000 10086
1512066720000 10086
1512066720000 10086
1512066720000 10086
1512066720000 10087
1512066720000 10087
1512066720000 10087
1512066720000 10087
1512066720000 10087
1512066720000 10087
1512066720000 10088
1512066720000 10088
1512066720000 10088
1512066720000 10088
1512066720000 10088
1512066720000 10088
1512066720000 10089
1512066720000 10089
1512066720000 10089
1512066720000 10089
1512066720000 10089
1512066720000 10090
1512066720000 10090
1512066720000 10090
1512066720000 10090
1512066720000 10090
1512066720000 10090
1512066720000 10090
1512066720000 10090
1512066720000 10090
1512066720000 10091
1512066720000 10091
1512066720000 10091
1512066720000 10091
1512066720000 10091
1512066720000 10091
1512066720000 10091
1512066720000 10091
1512066720000 10091
1512066720000 10091
1512066720000 10092
1512066720000 10092
1512066720000 10092
1512066720000 10092
1512066720000 10092
1512066720000 10092
1512066720000 10093
1512066720000 10093
1512066720000 10093
1512066720000 10093
1512066720000 10094
1512066720000 10094
1512066720000 10094
1512066720000 10094
1512066720000 10095
1512066720000 10095
1512066720000 10095
1512066720000 10096
1512066720000 10096
1512066720000 10096
1512066720000 10096
1512066720000 10097
1512066720000 10097
1512066720000 10097
1512066720000 10098
1512066720000 10098
1512066720000 10098
1512066720000 10098
1512066720000 10099
1512066720000 10099
1512066720000 10099
1512066720000 10099
1512066720000 10100
1512066720000 10100
1512066720000 10100
1512066720000 10101
1512066720000 10101
1512066720000 10101
1512066720000 10101
1512066720000 10102
1512066720000 10102
1512066720000 10102
1512066720000 10245
1512066720000 10245
1512066720000 10246
1512066720000 10246
1512066720000 10246
1512066720000 10246
1512066720000 10247
1512066720000 10247
1512066720000 10247
1512066720000 10247
1512066720000 10248
1512066720000 10248
1512066720000 10248
1512066720000 10248
1512066730000 10073
1512066730000 10073
1512066730000 10074
1512066730000 10074
1512066730000 10074
1512066730000 10075
1512066730000 10075
1512066730000 10075
1512066730000 10076
1512066730000 10076
1512066730000 10076
1512066730000 10077
1512066730000 10077
1512066730000 10077
1512066730000 10078
1512066730000 10082
1512066730000 10083
1512066730000 10083
1512066730000 10083
1512066730000 10083
1512066730000 10083
1512066730000 10084
1512066730000 10084
1512066730000 10084
1512066730000 10084
1512066730000 10085
1512066730000 10085
1512066730000 10085
1512066730000 10085
1512066730000 10086
1512066730000 10086
1512066730000 10086
1512066730000 10086
1512066730000 10086
1512066730000 10087
1512066730000 10089
1512066730000 10089
1512066730000 10089
1512066730000 10090
1512066730000 10090
1512066730000 10090
1512066730000 10090
1512066730000 10090
1512066730000 10091
1512066730000 10091
1512066730000 10091
1512066730000 10091
1512066730000 10092
1512066730000 10092
1512066730000 10092
1512066730000 10092
1512066730000 10092
1512066730000 10092
1512066730000 10092
1512066730000 10092
1512066730000 10092
1512066730000 10092
1512066730000 10093
1512066730000 10093
1512066730000 10093
1512066730000 10093
1512066730000 10093
1512066730000 10093
1512066730000 10093
1512066730000 10093
1512066730000 10093
1512066730000 10094
1512066730000 10094
1512066730000 10094
1512066730000 10094
1512066730000 10094
1512066730000 10094
1512066730000 10094
1512066730000 10094
1512066730000 10094
1512066730000 10095
1512066730000 10096
1512066730000 10096
1512066730000 10096
1512066730000 10096
1512066730000 10096
1512066730000 10096
1512066730000 10097
1512066730000 10097
1512066730000 10097
1512066730000 10097
1512066730000 10097
1512066730000 10098
1512066730000 10098
1512066730000 10098
1512066730000 10098
1512066730000 10098
1512066730000 10099
1512066730000 10099
1512066730000 10099
1512066730000 10099
1512066730000 10099
1512066730000 10100
1512066730000 10100
1512066730000 10100
1512066740000 10076
1512066740000 10076
1512066740000 10077
1512066740000 10077
1512066740000 10077
1512066740000 10077
1512066740000 10078
1512066740000 10078
1512066740000 10078
1512066740000 10079
1512066740000 10079
1512066740000 10079
1512066740000 10080
1512066740000 10080
1512066740000 10080
1512066740000 10084
1512066740000 10084
1512066740000 10085
1512066740000 10085
1512066740000 10085
1512066740000 10086
1512066740000 10086
1512066740000 10087
1512066740000 10087
1512066740000 10087
1512066740000 10087
1512066740000 10087
1512066740000 10087
1512066740000 10087
1512066740000 10088
1512066740000 10088
1512066740000 10088
1512066740000 10088
1512066740000 10088
1512066740000 10088
1512066740000 10088
1512066740000 10089
1512066740000 10089
1512066740000 10089
1512066740000 10089
1512066740000 10089
1512066740000 10089
1512066740000 10089
1512066740000 10090
1512066740000 10090
1512066740000 10090
1512066740000 10090
1512066740000 10090
1512066740000 10090
1512066740000 10090
1512066740000 10091
1512066740000 10091
1512066740000 10091
1512066740000 10091
1512066740000 10091
1512066740000 10091
1512066740000 10091
1512066740000 10091
1512066740000 10091
1512066740000 10091
1512066740000 10092
1512066740000 10092
1512066740000 10092
1512066740000 10092
1512066740000 10092
1512066740000 10092
1512066740000 10092
1512066740000 10093
1512066740000 10093
1512066740000 10093
1512066740000 10094
1512066740000 10094
1512066740000 10094
1512066740000 10094
1512066740000 10095
1512066740000 10095
1512066740000 10095
1512066740000 10096
1512066740000 10096
1512066740000 10096
1512066740000 10097
1512066740000 10097
1512066740000 10097
1512066740000 10253
1512066740000 10253
1512066740000 10253
1512066740000 10254
1512066740000 10254
1512066740000 10254
1512066740000 10255
1512066740000 10255
1512066740000 10255
1512066740000 10255
1512066740000 10256
1512066740000 10256
1512066740000 10257
1512066740000 10257
1512066740000 10257
1512066740000 10258
1512066740000 10258
1512066750000 10082
1512066750000 10082
1512066750000 10082
1512066750000 10083
1512066750000 10083
1512066750000 10083
1512066750000 10083
1512066750000 10084
1512066750000 10084
1512066750000 10084
1512066750000 10084
1512066750000 10084
1512066750000 10084
1512066750000 10084
1512066750000 10084
1512066750000 10085
1512066750000 10085
1512066750000 10085
1512066750000 10085
1512066750000 10085
1512066750000 10085
1512066750000 10085
1512066750000 10085
1512066750000 10086
1512066750000 10086
1512066750000 10086
1512066750000 10086
1512066750000 10086
1512066750000 10086
1512066750000 10086
1512066750000 10086
1512066750000 10087
1512066750000 10087
1512066750000 10087
1512066750000 10087
1512066750000 10087
1512066750000 10087
1512066750000 10087
1512066750000 10088
1512066750000 10088
1512066750000 10088
1512066750000 10088
1512066750000 10088
1512066750000 10088
1512066750000 10089
1512066750000 10089
1512066750000 10089
1512066750000 10089
1512066750000 10089
1512066750000 10090
1512066750000 10090
1512066750000 10090
1512066750000 10090
1512066750000 10090
1512066750000 10090
1512066750000 10090
1512066750000 10090
1512066750000 10091
1512066750000 10091
1512066750000 10091
1512066750000 10091
1512066750000 10091
1512066750000 10091
1512066750000 10091
1512066750000 10091
1512066750000 10091
1512066750000 10092
1512066750000 10092
1512066750000 10092
1512066750000 10092
1512066750000 10092
1512066750000 10092
1512066750000 10092
1512066750000 10092
1512066750000 10092
1512066750000 10093
1512066750000 10093
1512066750000 10093
1512066750000 10093
1512066750000 10093
1512066750000 10094
1512066750000 10094
1512066750000 10094
1512066750000 10094
1512066750000 10094
1512066750000 10094
1512066750000 10094
1512066750000 10095
1512066750000 10095
1512066750000 10095
1512066750000 10095
1512066750000 10095
1512066750000 10096
1512066750000 10096
1512066750000 10096
1512066750000 10096
1512066750000 10096
1512066750000 10097
1512066750000 10097
1512066750000 10097
1512066760000 10071
1512066760000 10072
1512066760000 10072
1512066760000 10072
1512066760000 10073
1512066760000 10073
1512066760000 10073
1512066760000 10074
1512066760000 10074
1512066760000 10074
1512066760000 10075
1512066760000 10075
1512066760000 10075
1512066760000 10075
1512066760000 10076
1512066760000 10076
1512066760000 10076
1512066760000 10079
1512066760000 10079
1512066760000 10079
1512066760000 10080
1512066760000 10080
1512066760000 10080
1512066760000 10080
1512066760000 10081
1512066760000 10081
1512066760000 10081
1512066760000 10081
1512066760000 10081
1512066760000 10081
1512066760000 10082
1512066760000 10082
1512066760000 10082
1512066760000 10082
1512066760000 10082
1512066760000 10082
1512066760000 10083
1512066760000 10083
1512066760000 10083
1512066760000 10083
1512066760000 10083
1512066760000 10084
1512066760000 10084
1512066760000 10084
1512066760000 10084
1512066760000 10084
1512066760000 10084
1512066760000 10084
1512066760000 10084
1512066760000 10085
1512066760000 10085
1512066760000 10085
1512066760000 10085
1512066760000 10085
1512066760000 10085
1512066760000 10085
1512066760000 10085
1512066760000 10086
1512066760000 10086
1512066760000 10086
1512066760000 10086
1512066760000 10086
1512066760000 10086
1512066760000 10086
1512066760000 10087
1512066760000 10087
1512066760000 10087
1512066760000 10088
1512066760000 10088
1512066760000 10088
1512066760000 10089
1512066760000 10089
1512066760000 10089
1512066760000 10090
1512066760000 10090
1512066760000 10090
1512066760000 10091
1512066760000 10091
1512066760000 10091
1512066760000 10094
1512066760000 10095
1512066760000 10095
1512066760000 10095
1512066760000 10095
1512066760000 10096
1512066760000 10096
1512066760000 10096
1512066760000 10097
1512066760000 10097
1512066760000 10097
1512066760000 10097
1512066760000 10098
1512066760000 10098
1512066760000 10098
1512066760000 10099
1512066760000 10099
1512066760000 10099
1512066760000 10099
1512066760000 10100
1512066760000 10100
1512066770000 10075
1512066770000 10076
1512066770000 10076
1512066770000 10076
1512066770000 10077
1512066770000 10077
1512066770000 10077
1512066770000 10078
1512066770000 10078
1512066770000 10078
1512066770000 10078
1512066770000 10079
1512066770000 10079
1512066770000 10079
1512066770000 10080
1512066770000 10080
1512066770000 10080
1512066770000 10081
1512066770000 10083
1512066770000 10084
1512066770000 10084
1512066770000 10084
1512066770000 10084
1512066770000 10085
1512066770000 10085
1512066770000 10085
1512066770000 10085
1512066770000 10085
1512066770000 10085
1512066770000 10086
1512066770000 10086
1512066770000 10086
1512066770000 10086
1512066770000 10086
1512066770000 10087
1512066770000 10087
1512066770000 10087
1512066770000 10087
1512066770000 10087
1512066770000 10088
1512066770000 10088
1512066770000 10088
1512066770000 10088
1512066770000 10088
1512066770000 10088
1512066770000 10088
1512066770000 10088
1512066770000 10088
1512066770000 10088
1512066770000 10089
1512066770000 10089
1512066770000 10089
1512066770000 10089
1512066770000 10089
1512066770000 10089
1512066770000 10090
1512066770000 10090
1512066770000 10090
1512066770000 10090
1512066770000 10090
1512066770000 10090
1512066770000 10090
1512066770000 10090
1512066770000 10090
1512066770000 10091
1512066770000 10091
1512066770000 10091
1512066770000 10091
1512066770000 10091
1512066770000 10091
1512066770000 10091
1512066770000 10092
1512066770000 10092
1512066770000 10092
1512066770000 10092
1512066770000 10093
1512066770000 10093
1512066770000 10094
1512066770000 10094
1512066770000 10094
1512066770000 10095
1512066770000 10095
1512066770000 10096
1512066770000 10096
1512066770000 10247
1512066770000 10247
1512066770000 10247
1512066770000 10248
1512066770000 10248
1512066770000 10248
1512066770000 10249
1512066770000 10249
1512066770000 10249
1512066770000 10249
1512066770000 10249
1512066770000 10250
1512066770000 10250
1512066770000 10250
1512066770000 10250
1512066770000 10251
1512066780000 10073
1512066780000 10074
1512066780000 10074
1512066780000 10074
1512066780000 10074
1512066780000 10075
1512066780000 10075
1512066780000 10075
1512066780000 10076
1512066780000 10076
1512066780000 10076
1512066780000 10077
1512066780000 10077
1512066780000 10077
1512066780000 10078
1512066780000 10084
1512066780000 10085
1512066780000 10085
1512066780000 10085
1512066780000 10086
1512066780000 10086
1512066780000 10086
1512066780000 10087
1512066780000 10087
1512066780000 10087
1512066780000 10088
1512066780000 10088
1512066780000 10088
1512066780000 10088
1512066780000 10089
1512066780000 10089
1512066780000 10089
1512066780000 10090
1512066780000 10090
1512066780000 10090
1512066780000 10090
1512066780000 10090
1512066780000 10091
1512066780000 10091
1512066780000 10091
1512066780000 10091
1512066780000 10092
1512066780000 10092
1512066780000 10092
1512066780000 10092
1512066780000 10092
1512066780000 10093
1512066780000 10093
1512066780000 10093
1512066780000 10093
1512066780000 10094
1512066780000 10094
1512066780000 10094
1512066780000 10095
1512066780000 10095
1512066780000 10095
1512066780000 10096
1512066780000 10096
1512066780000 10096
1512066780000 10097
1512066780000 10097
1512066780000 10097
1512066780000 10098
1512066780000 10098
1512066780000 10098
1512066780000 10099
1512066780000 10099
1512066780000 10099
1512066780000 10100
1512066780000 10100
1512066780000 10100
1512066780000 10101
1512066780000 10101
1512066780000 10101
1512066780000 10101
1512066780000 10101
1512066780000 10101
1512066780000 10102
1512066780000 10102
1512066780000 10102
1512066780000 10102
1512066780000 10102
1512066780000 10102
1512066780000 10103
1512066780000 10103
1512066780000 10103
1512066780000 10104
1512066780000 10104
1512066780000 10104
1512066780000 10105
1512066780000 10105
1512066780000 10105
1512066780000 10105
1512066780000 10106
1512066780000 10106
1512066780000 10106
1512066780000 10106
1512066780000 10107
1512066780000 10107
1512066780000 10107
1512066790000 10080
1512066790000 10081
1512066790000 10081
1512066790000 10081
1512066790000 10081
1512066790000 10081
1512066790000 10082
1512066790000 10082
1512066790000 10082
1512066790000 10082
1512066790000 10082
1512066790000 10082
1512066790000 10082
1512066790000 10083
1512066790000 10083
1512066790000 10083
1512066790000 10083
1512066790000 10083
1512066790000 10083
1512066790000 10084
1512066790000 10084
1512066790000 10084
1512066790000 10084
1512066790000 10084
1512066790000 10084
1512066790000 10084
1512066790000 10084
1512066790000 10084
1512066790000 10084
1512066790000 10085
1512066790000 10085
1512066790000 10085
1512066790000 10085
1512066790000 10085
1512066790000 10085
1512066790000 10085
1512066790000 10085
1512066790000 10085
1512066790000 10085
1512066790000 10086
1512066790000 10086
1512066790000 10086
1512066790000 10086
1512066790000 10086
1512066790000 10086
1512066790000 10087
1512066790000 10087
1512066790000 10087
1512066790000 10087
1512066790000 10087
1512066790000 10087
1512066790000 10088
1512066790000 10088
1512066790000 10088
1512066790000 10088
1512066790000 10089
1512066790000 10089
1512066790000 10090
1512066790000 10090
1512066790000 10090
1512066790000 10091
1512066790000 10091
1512066790000 10092
1512066790000 10092
1512066790000 10094
1512066790000 10095
1512066790000 10095
1512066790000 10095
1512066790000 10095
1512066790000 10096
1512066790000 10096
1512066790000 10096
1512066790000 10096
1512066790000 10097
1512066790000 10097
1512066790000 10097
1512066790000 10097
1512066790000 10098
1512066790000 10098
1512066790000 10098
1512066790000 10098
1512066790000 10099
1512066790000 10099
1512066790000 10099
1512066790000 10099
1512066790000 10100
1512066790000 10249
1512066790000 10249
1512066790000 10249
1512066790000 10249
1512066790000 10250
1512066790000 10250
1512066790000 10250
1512066790000 10250
1512066790000 10251
1512066790000 10251
1512066790000 10251
1512066790000 10251
1512066790000 10252
1512066790000 10252
1512066800000 10071
1512066800000 10071
1512066800000 10072
1512066800000 10072
1512066800000 10073
1512066800000 10073
1512066800000 10073
1512066800000 10074
1512066800000 10074
1512066800000 10075
1512066800000 10075
1512066800000 10075
1512066800000 10076
1512066800000 10076
1512066800000 10077
1512066800000 10077
1512066800000 10077
1512066800000 10077
1512066800000 10077
1512066800000 10078
1512066800000 10078
1512066800000 10078
1512066800000 10079
1512066800000 10079
1512066800000 10079
1512066800000 10080
1512066800000 10080
1512066800000 10080
1512066800000 10081
1512066800000 10081
1512066800000 10081
1512066800000 10082
1512066800000 10082
1512066800000 10082
1512066800000 10083
1512066800000 10083
1512066800000 10083
1512066800000 10084
1512066800000 10084
1512066800000 10084
1512066800000 10085
1512066800000 10085
1512066800000 10085
1512066800000 10086
1512066800000 10086
1512066800000 10086
1512066800000 10087
1512066800000 10087
1512066800000 10087
1512066800000 10088
1512066800000 10088
1512066800000 10088
1512066800000 10089
1512066800000 10093
1512066800000 10093
1512066800000 10093
1512066800000 10093
1512066800000 10093
1512066800000 10094
1512066800000 10094
1512066800000 10094
1512066800000 10094
1512066800000 10094
1512066800000 10095
1512066800000 10095
1512066800000 10095
1512066800000 10095
1512066800000 10095
1512066800000 10095
1512066800000 10096
1512066800000 10096
1512066800000 10096
1512066800000 10096
1512066800000 10096
1512066800000 10097
1512066800000 10097
1512066800000 10097
1512066800000 10097
1512066800000 10097
1512066800000 10097
1512066800000 10098
1512066800000 10098
1512066800000 10098
1512066800000 10098
1512066800000 10098
1512066800000 10098
1512066800000 10099
1512066800000 10099
1512066800000 10099
1512066800000 10099
1512066800000 10099
1512066800000 10099
1512066800000 10099
1512066800000 10100
1512066800000 10100
1512066800000 10100
1512066800000 10100
1512066800000 10100
1512066800000 10101
1512066800000 10101
1512066810000 10080
1512066810000 10081
1512066810000 10081
1512066810000 10081
1512066810000 10082
1512066810000 10082
1512066810000 10082
1512066810000 10083
1512066810000 10083
1512066810000 10083
1512066810000 10083
1512066810000 10083
1512066810000 10083
1512066810000 10083
1512066810000 10084
1512066810000 10084
1512066810000 10084
1512066810000 10084
1512066810000 10084
1512066810000 10084
1512066810000 10084
1512066810000 10085
1512066810000 10085
1512066810000 10085
1512066810000 10085
1512066810000 10086
1512066810000 10086
1512066810000 10086
1512066810000 10086
1512066810000 10086
1512066810000 10086
1512066810000 10087
1512066810000 10087
1512066810000 10087
1512066810000 10087
1512066810000 10087
1512066810000 10088
1512066810000 10088
1512066810000 10089
1512066810000 10089
1512066810000 10090
1512066810000 10090
1512066810000 10090
1512066810000 10090
1512066810000 10091
1512066810000 10091
1512066810000 10091
1512066810000 10092
1512066810000 10092
1512066810000 10092
1512066810000 10092
1512066810000 10093
1512066810000 10093
1512066810000 10093
1512066810000 10094
1512066810000 10094
1512066810000 10094
1512066810000 10095
1512066810000 10099
1512066810000 10099
1512066810000 10099
1512066810000 10100
1512066810000 10100
1512066810000 10100
1512066810000 10100
1512066810000 10101
1512066810000 10101
1512066810000 10101
1512066810000 10102
1512066810000 10102
1512066810000 10102
1512066810000 10102
1512066810000 10103
1512066810000 10103
1512066810000 10103
1512066810000 10104
1512066810000 10104
1512066810000 10104
1512066810000 10104
1512066810000 10105
1512066810000 10105
1512066810000 10105
1512066810000 10105
1512066810000 10106
1512066810000 10106
1512066810000 10106
1512066810000 10246
1512066810000 10246
1512066810000 10246
1512066810000 10247
1512066810000 10247
1512066810000 10247
1512066810000 10247
1512066810000 10248
1512066810000 10248
1512066810000 10248
1512066810000 10248
1512066810000 10249
1512066810000 10249
1512066810000 10249
1512066820000 10080
1512066820000 10081
1512066820000 10081
1512066820000 10081
1512066820000 10082
1512066820000 10082
1512066820000 10083
1512066820000 10083
1512066820000 10084
1512066820000 10084
1512066820000 10084
1512066820000 10085
1512066820000 10085
1512066820000 10086
1512066820000 10086
1512066820000 10086
1512066820000 10087
1512066820000 10087
1512066820000 10087
1512066820000 10088
1512066820000 10088
1512066820000 10088
1512066820000 10089
1512066820000 10089
1512066820000 10095
1512066820000 10096
1512066820000 10096
1512066820000 10097
1512066820000 10097
1512066820000 10098
1512066820000 10098
1512066820000 10099
1512066820000 10099
1512066820000 10099
1512066820000 10100
1512066820000 10100
1512066820000 10100
1512066820000 10101
1512066820000 10101
1512066820000 10102
1512066820000 10102
1512066820000 10102
1512066820000 10103
1512066820000 10103
1512066820000 10104
1512066820000 10104
1512066820000 10104
1512066820000 10105
1512066820000 10105
1512066820000 10106
1512066820000 10106
1512066820000 10246
1512066820000 10246
1512066820000 10247
1512066820000 10247
1512066820000 10247
1512066820000 10247
1512066820000 10248
1512066820000 10248
1512066820000 10248
1512066820000 10249
1512066820000 10249
1512066820000 10249
1512066820000 10250
1512066820000 10250
1512066820000 10252
1512066820000 10252
1512066820000 10253
1512066820000 10253
1512066820000 10253
1512066820000 10254
1512066820000 10254
1512066820000 10254
1512066820000 10254
1512066820000 10255
1512066820000 10255
1512066820000 10255
1512066820000 10260
1512066820000 10261
1512066820000 10261
1512066820000 10261
1512066820000 10262
1512066820000 10262
1512066820000 10262
1512066820000 10263
1512066820000 10263
1512066820000 10263
1512066820000 10264
1512066820000 10264
1512066820000 10264
1512066820000 10265
1512066820000 10265
1512066820000 10265
1512066820000 10266
1512066820000 10266
1512066820000 10266
1512066820000 10267
1512066820000 10267
1512066820000 10267
1512066820000 10268
1512066830000 10096
1512066830000 10096
1512066830000 10097
1512066830000 10097
1512066830000 10097
1512066830000 10098
1512066830000 10098
1512066830000 10098
1512066830000 10098
1512066830000 10099
1512066830000 10099
1512066830000 10099
1512066830000 10099
1512066830000 10099
1512066830000 10099
1512066830000 10099
1512066830000 10099
1512066830000 10099
1512066830000 10099
1512066830000 10099
1512066830000 10100
1512066830000 10100
1512066830000 10100
1512066830000 10100
1512066830000 10100
1512066830000 10100
1512066830000 10100
1512066830000 10100
1512066830000 10100
1512066830000 10100
1512066830000 10101
1512066830000 10101
1512066830000 10101
1512066830000 10101
1512066830000 10101
1512066830000 10101
1512066830000 10101
1512066830000 10101
1512066830000 10101
1512066830000 10101
1512066830000 10101
1512066830000 10102
1512066830000 10102
1512066830000 10102
1512066830000 10102
1512066830000 10102
1512066830000 10102
1512066830000 10102
1512066830000 10102
1512066830000 10102
1512066830000 10102
1512066830000 10103
1512066830000 10103
1512066830000 10103
1512066830000 10103
1512066830000 10103
1512066830000 10103
1512066830000 10103
1512066830000 10103
1512066830000 10103
1512066830000 10104
1512066830000 10104
1512066830000 10104
1512066830000 10104
1512066830000 10105
1512066830000 10105
1512066830000 10105
1512066830000 10105
1512066830000 10250
1512066830000 10250
1512066830000 10250
1512066830000 10250
1512066830000 10251
1512066830000 10251
1512066830000 10251
1512066830000 10251
1512066830000 10251
1512066830000 10251
1512066830000 10251
1512066830000 10252
1512066830000 10252
1512066830000 10252
1512066830000 10252
1512066830000 10252
1512066830000 10252
1512066830000 10253
1512066830000 10253
1512066830000 10253
1512066830000 10253
1512066830000 10253
1512066830000 10253
1512066830000 10253
1512066830000 10254
1512066830000 10254
1512066830000 10254
1512066830000 10254
1512066830000 10254
1512066830000 10254
1512066830000 10254
1512066830000 10255
1512066840000 10070
1512066840000 10071
1512066840000 10071
1512066840000 10071
1512066840000 10072
1512066840000 10072
1512066840000 10072
1512066840000 10073
1512066840000 10073
1512066840000 10073
1512066840000 10074
1512066840000 10074
1512066840000 10074
1512066840000 10075
1512066840000 10075
1512066840000 10077
1512066840000 10078
1512066840000 10078
1512066840000 10078
1512066840000 10078
1512066840000 10079
1512066840000 10079
1512066840000 10079
1512066840000 10079
1512066840000 10080
1512066840000 10080
1512066840000 10080
1512066840000 10080
1512066840000 10081
1512066840000 10081
1512066840000 10081
1512066840000 10081
1512066840000 10082
1512066840000 10082
1512066840000 10082
1512066840000 10084
1512066840000 10084
1512066840000 10084
1512066840000 10085
1512066840000 10085
1512066840000 10085
1512066840000 10086
1512066840000 10086
1512066840000 10086
1512066840000 10086
1512066840000 10087
1512066840000 10087
1512066840000 10087
1512066840000 10087
1512066840000 10087
1512066840000 10088
1512066840000 10088
1512066840000 10088
1512066840000 10088
1512066840000 10089
1512066840000 10089
1512066840000 10092
1512066840000 10092
1512066840000 10092
1512066840000 10092
1512066840000 10093
1512066840000 10093
1512066840000 10093
1512066840000 10094
1512066840000 10094
1512066840000 10094
1512066840000 10094
1512066840000 10095
1512066840000 10095
1512066840000 10095
1512066840000 10095
1512066840000 10096
1512066840000 10096
1512066840000 10096
1512066840000 10096
1512066840000 10097
1512066840000 10097
1512066840000 10097
1512066840000 10097
1512066840000 10097
1512066840000 10098
1512066840000 10098
1512066840000 10098
1512066840000 10098
1512066840000 10244
1512066840000 10244
1512066840000 10245
1512066840000 10245
1512066840000 10245
1512066840000 10245
1512066840000 10246
1512066840000 10246
1512066840000 10246
1512066840000 10247
1512066840000 10247
1512066840000 10247
1512066840000 10248
1512066840000 10248
1512066840000 10249
1512066840000 10249
1512066850000 10074
1512066850000 10074
1512066850000 10074
1512066850000 10075
1512066850000 10075
1512066850000 10075
1512066850000 10076
1512066850000 10076
1512066850000 10076
1512066850000 10076
1512066850000 10077
1512066850000 10077
1512066850000 10077
1512066850000 10082
1512066850000 10083
1512066850000 10083
1512066850000 10083
1512066850000 10083
1512066850000 10084
1512066850000 10084
1512066850000 10084
1512066850000 10084
1512066850000 10084
1512066850000 10085
1512066850000 10085
1512066850000 10085
1512066850000 10085
1512066850000 10086
1512066850000 10086
1512066850000 10086
1512066850000 10086
1512066850000 10087
1512066850000 10087
1512066850000 10087
1512066850000 10089
1512066850000 10089
1512066850000 10089
1512066850000 10089
1512066850000 10090
1512066850000 10090
1512066850000 10090
1512066850000 10090
1512066850000 10091
1512066850000 10091
1512066850000 10091
1512066850000 10091
1512066850000 10091
1512066850000 10091
1512066850000 10092
1512066850000 10092
1512066850000 10092
1512066850000 10092
1512066850000 10092
1512066850000 10092
1512066850000 10092
1512066850000 10092
1512066850000 10093
1512066850000 10093
1512066850000 10093
1512066850000 10093
1512066850000 10093
1512066850000 10093
1512066850000 10093
1512066850000 10093
1512066850000 10093
1512066850000 10094
1512066850000 10094
1512066850000 10094
1512066850000 10094
1512066850000 10094
1512066850000 10094
1512066850000 10094
1512066850000 10094
1512066850000 10094
1512066850000 10095
1512066850000 10095
1512066850000 10095
1512066850000 10095
1512066850000 10095
1512066850000 10095
1512066850000 10095
1512066850000 10095
1512066850000 10096
1512066850000 10096
1512066850000 10096
1512066850000 10096
1512066850000 10097
1512066850000 10097
1512066850000 10097
1512066850000 10097
1512066850000 10098
1512066850000 10098
1512066850000 10098
1512066850000 10098
1512066850000 10099
1512066850000 10099
1512066850000 10099
1512066850000 10099
1512066850000 10100
1512066850000 10100
1512066860000 10853
1512066860000 10853
1512066860000 10853
1512066860000 10854
1512066860000 10854
1512066860000 10854
1512066860000 10854
1512066860000 10855
1512066860000 10855
1512066860000 10855
1512066860000 10856
1512066860000 10856
1512066860000 10856
1512066860000 10856
1512066860000 10857
1512066860000 10857
1512066860000 10884
1512066860000 10884
1512066860000 10884
1512066860000 10884
1512066860000 10884
1512066860000 10885
1512066860000 10885
1512066860000 10885
1512066860000 10885
1512066860000 10885
1512066860000 10885
1512066860000 10885
1512066860000 10886
1512066860000 10886
1512066860000 10886
1512066860000 10886
1512066860000 10886
1512066860000 10886
1512066860000 10886
1512066860000 10886
1512066860000 10886
1512066860000 10886
1512066860000 10886
1512066860000 10887
1512066860000 10887
1512066860000 10887
1512066860000 10887
1512066860000 10887
1512066860000 10887
1512066860000 10887
1512066860000 10887
1512066860000 10887
1512066860000 10887
1512066860000 10887
1512066860000 10887
1512066860000 10888
1512066860000 10888
1512066860000 10888
1512066860000 10888
1512066860000 10888
1512066860000 10888
1512066860000 10888
1512066860000 10888
1512066860000 10888
1512066860000 10888
1512066860000 10888
1512066860000 10888
1512066860000 10889
1512066860000 10889
1512066860000 10889
1512066860000 10889
1512066860000 10889
1512066860000 10889
1512066860000 10889
1512066860000 10889
1512066860000 10889
1512066860000 10889
1512066860000 10889
1512066860000 10890
1512066860000 10890
1512066860000 10897
1512066860000 10898
1512066860000 10898
1512066860000 10898
1512066860000 10899
1512066860000 10899
1512066860000 10899
1512066860000 10900
1512066860000 10900
1512066860000 10900
1512066860000 10901
1512066860000 10901
1512066860000 10901
1512066860000 10901
1512066860000 10902
1512066860000 10902
1512066860000 10902
1512066860000 10902
1512066860000 10903
1512066860000 10903
1512066860000 10903
1512066860000 10903
1512066860000 10904
1512066860000 10904
1512066870000 10083
1512066870000 10083
1512066870000 10083
1512066870000 10083
1512066870000 10084
1512066870000 10084
1512066870000 10084
1512066870000 10084
1512066870000 10084
1512066870000 10084
1512066870000 10085
1512066870000 10085
1512066870000 10085
1512066870000 10085
1512066870000 10085
1512066870000 10086
1512066870000 10086
1512066870000 10086
1512066870000 10086
1512066870000 10086
1512066870000 10086
1512066870000 10087
1512066870000 10087
1512066870000 10087
1512066870000 10087
1512066870000 10087
1512066870000 10087
1512066870000 10088
1512066870000 10088
1512066870000 10088
1512066870000 10088
1512066870000 10089
1512066870000 10089
1512066870000 10089
1512066870000 10089
1512066870000 10089
1512066870000 10090
1512066870000 10090
1512066870000 10091
1512066870000 10092
1512066870000 10092
1512066870000 10092
1512066870000 10093
1512066870000 10093
1512066870000 10093
1512066870000 10094
1512066870000 10094
1512066870000 10094
1512066870000 10095
1512066870000 10095
1512066870000 10096
1512066870000 10096
1512066870000 10096
1512066870000 10097
1512066870000 10097
1512066870000 10098
1512066870000 10098
1512066870000 10099
1512066870000 10099
1512066870000 10099
1512066870000 10100
1512066870000 10100
1512066870000 10108
1512066870000 10109
1512066870000 10109
1512066870000 10109
1512066870000 10110
1512066870000 10110
1512066870000 10110
1512066870000 10111
1512066870000 10111
1512066870000 10111
1512066870000 10111
1512066870000 10112
1512066870000 10112
1512066870000 10112
1512066870000 10113
1512066870000 10113
1512066870000 10113
1512066870000 10114
1512066870000 10250
1512066870000 10250
1512066870000 10251
1512066870000 10251
1512066870000 10251
1512066870000 10252
1512066870000 10252
1512066870000 10252
1512066870000 10252
1512066870000 10253
1512066870000 10253
1512066870000 10253
1512066870000 10254
1512066870000 10254
1512066870000 10254
1512066870000 10255
1512066870000 10255
1512066870000 10255
1512066870000 10256
1512066870000 10256
1512066880000 10069
1512066880000 10069
1512066880000 10070
1512066880000 10070
1512066880000 10071
1512066880000 10071
1512066880000 10071
1512066880000 10072
1512066880000 10072
1512066880000 10073
1512066880000 10073
1512066880000 10073
1512066880000 10074
1512066880000 10081
1512066880000 10082
1512066880000 10082
1512066880000 10082
1512066880000 10083
1512066880000 10083
1512066880000 10083
1512066880000 10083
1512066880000 10084
1512066880000 10084
1512066880000 10084
1512066880000 10084
1512066880000 10084
1512066880000 10084
1512066880000 10085
1512066880000 10085
1512066880000 10085
1512066880000 10085
1512066880000 10085
1512066880000 10085
1512066880000 10085
1512066880000 10086
1512066880000 10086
1512066880000 10086
1512066880000 10086
1512066880000 10086
1512066880000 10086
1512066880000 10086
1512066880000 10086
1512066880000 10086
1512066880000 10087
1512066880000 10087
1512066880000 10087
1512066880000 10087
1512066880000 10087
1512066880000 10088
1512066880000 10088
1512066880000 10088
1512066880000 10088
1512066880000 10088
1512066880000 10089
1512066880000 10089
1512066880000 10089
1512066880000 10089
1512066880000 10090
1512066880000 10091
1512066880000 10091
1512066880000 10091
1512066880000 10091
1512066880000 10091
1512066880000 10091
1512066880000 10092
1512066880000 10092
1512066880000 10092
1512066880000 10092
1512066880000 10092
1512066880000 10092
1512066880000 10093
1512066880000 10093
1512066880000 10093
1512066880000 10093
1512066880000 10093
1512066880000 10093
1512066880000 10094
1512066880000 10094
1512066880000 10094
1512066880000 10094
1512066880000 10094
1512066880000 10094
1512066880000 10095
1512066880000 10095
1512066880000 10095
1512066880000 10095
1512066880000 10095
1512066880000 10095
1512066880000 10096
1512066880000 10096
1512066880000 10096
1512066880000 10096
1512066880000 10096
1512066880000 10096
1512066880000 10097
1512066880000 10097
1512066880000 10097
1512066880000 10097
1512066880000 10097
1512066880000 10097
1512066890000 10093
1512066890000 10093
1512066890000 10094
1512066890000 10094
1512066890000 10094
1512066890000 10095
1512066890000 10095
1512066890000 10095
1512066890000 10096
1512066890000 10096
1512066890000 10096
1512066890000 10097
1512066890000 10097
1512066890000 10097
1512066890000 10098
1512066890000 10098
1512066890000 10098
1512066890000 10099
1512066890000 10099
1512066890000 10099
1512066890000 10100
1512066890000 10245
1512066890000 10245
1512066890000 10245
1512066890000 10246
1512066890000 10246
1512066890000 10246
1512066890000 10246
1512066890000 10247
1512066890000 10247
1512066890000 10247
1512066890000 10247
1512066890000 10248
1512066890000 10248
1512066890000 10248
1512066890000 10248
1512066890000 10248
1512066890000 10248
1512066890000 10248
1512066890000 10249
1512066890000 10249
1512066890000 10249
1512066890000 10249
1512066890000 10249
1512066890000 10249
1512066890000 10249
1512066890000 10250
1512066890000 10250
1512066890000 10250
1512066890000 10250
1512066890000 10250
1512066890000 10251
1512066890000 10251
1512066890000 10251
1512066890000 10251
1512066890000 10252
1512066890000 10252
1512066890000 10252
1512066890000 10254
1512066890000 10254
1512066890000 10254
1512066890000 10254
1512066890000 10255
1512066890000 10255
1512066890000 10255
1512066890000 10255
1512066890000 10255
1512066890000 10256
1512066890000 10256
1512066890000 10256
1512066890000 10256
1512066890000 10256
1512066890000 10256
1512066890000 10256
1512066890000 10257
1512066890000 10257
1512066890000 10257
1512066890000 10257
1512066890000 10257
1512066890000 10257
1512066890000 10257
1512066890000 10258
1512066890000 10258
1512066890000 10258
1512066890000 10258
1512066890000 10258
1512066890000 10258
1512066890000 10258
1512066890000 10259
1512066890000 10259
1512066890000 10259
1512066890000 10259
1512066890000 10259
1512066890000 10259
1512066890000 10259
1512066890000 10260
1512066890000 10260
1512066890000 10260
1512066890000 10260
1512066890000 10261
1512066900000 10081
1512066900000 10081
1512066900000 10081
1512066900000 10081
1512066900000 10081
1512066900000 10082
1512066900000 10082
1512066900000 10082
1512066900000 10082
1512066900000 10083
1512066900000 10083
1512066900000 10083
1512066900000 10083
1512066900000 10084
1512066900000 10084
1512066900000 10084
1512066900000 10084
1512066900000 10084
1512066900000 10085
1512066900000 10085
1512066900000 10085
1512066900000 10085
1512066900000 10085
1512066900000 10086
1512066900000 10086
1512066900000 10086
1512066900000 10087
1512066900000 10087
1512066900000 10087
1512066900000 10088
1512066900000 10088
1512066900000 10088
1512066900000 10088
1512066900000 10089
1512066900000 10089
1512066900000 10089
1512066900000 10089
1512066900000 10089
1512066900000 10089
1512066900000 10090
1512066900000 10090
1512066900000 10090
1512066900000 10090
1512066900000 10090
1512066900000 10090
1512066900000 10090
1512066900000 10091
1512066900000 10091
1512066900000 10091
1512066900000 10091
1512066900000 10091
1512066900000 10091
1512066900000 10091
1512066900000 10091
1512066900000 10092
1512066900000 10092
1512066900000 10092
1512066900000 10092
1512066900000 10092
1512066900000 10092
1512066900000 10092
1512066900000 10096
1512066900000 10097
1512066900000 10097
1512066900000 10097
1512066900000 10098
1512066900000 10098
1512066900000 10098
1512066900000 10099
1512066900000 10099
1512066900000 10099
1512066900000 10100
1512066900000 10100
1512066900000 10100
1512066900000 10101
1512066900000 10101
1512066900000 10101
1512066900000 10102
1512066900000 10102
1512066900000 10102
1512066900000 10102
1512066900000 10103
1512066900000 10103
1512066900000 10103
1512066900000 10104
1512066900000 10104
1512066900000 10104
1512066900000 10245
1512066900000 10245
1512066900000 10245
1512066900000 10246
1512066900000 10246
1512066900000 10246
1512066900000 10246
1512066900000 10247
1512066900000 10247
1512066900000 10247
1512066900000 10247
1512066900000 10247
1512066900000 10248
1512066910000 10072
1512066910000 10072
1512066910000 10073
1512066910000 10073
1512066910000 10073
1512066910000 10074
1512066910000 10074
1512066910000 10074
1512066910000 10074
1512066910000 10075
1512066910000 10075
1512066910000 10075
1512066910000 10075
1512066910000 10076
1512066910000 10076
1512066910000 10076
1512066910000 10076
1512066910000 10081
1512066910000 10081
1512066910000 10081
1512066910000 10082
1512066910000 10082
1512066910000 10082
1512066910000 10082
1512066910000 10082
1512066910000 10082
1512066910000 10082
1512066910000 10083
1512066910000 10083
1512066910000 10083
1512066910000 10083
1512066910000 10083
1512066910000 10083
1512066910000 10084
1512066910000 10084
1512066910000 10084
1512066910000 10084
1512066910000 10084
1512066910000 10084
1512066910000 10084
1512066910000 10085
1512066910000 10085
1512066910000 10085
1512066910000 10085
1512066910000 10085
1512066910000 10085
1512066910000 10085
1512066910000 10086
1512066910000 10086
1512066910000 10086
1512066910000 10086
1512066910000 10086
1512066910000 10086
1512066910000 10086
1512066910000 10086
1512066910000 10086
1512066910000 10087
1512066910000 10087
1512066910000 10087
1512066910000 10087
1512066910000 10087
1512066910000 10087
1512066910000 10087
1512066910000 10087
1512066910000 10087
1512066910000 10087
1512066910000 10088
1512066910000 10088
1512066910000 10088
1512066910000 10089
1512066910000 10089
1512066910000 10089
1512066910000 10089
1512066910000 10089
1512066910000 10090
1512066910000 10090
1512066910000 10090
1512066910000 10090
1512066910000 10090
1512066910000 10090
1512066910000 10091
1512066910000 10091
1512066910000 10091
1512066910000 10091
1512066910000 10091
1512066910000 10092
1512066910000 10092
1512066910000 10092
1512066910000 10093
1512066910000 10093
1512066910000 10093
1512066910000 10094
1512066910000 10094
1512066910000 10095
1512066910000 10095
1512066910000 10095
1512066910000 10096
1512066910000 10096
1512066910000 10096
1512066910000 10097
1512066920000 10077
1512066920000 10077
1512066920000 10078
1512066920000 10078
1512066920000 10078
1512066920000 10079
1512066920000 10079
1512066920000 10079
1512066920000 10079
1512066920000 10079
1512066920000 10080
1512066920000 10080
1512066920000 10080
1512066920000 10080
1512066920000 10080
1512066920000 10081
1512066920000 10081
1512066920000 10082
1512066920000 10082
1512066920000 10082
1512066920000 10083
1512066920000 10083
1512066920000 10083
1512066920000 10083
1512066920000 10084
1512066920000 10084
1512066920000 10084
1512066920000 10084
1512066920000 10084
1512066920000 10084
1512066920000 10084
1512066920000 10085
1512066920000 10085
1512066920000 10085
1512066920000 10085
1512066920000 10085
1512066920000 10085
1512066920000 10085
1512066920000 10085
1512066920000 10086
1512066920000 10086
1512066920000 10086
1512066920000 10086
1512066920000 10086
1512066920000 10087
1512066920000 10087
1512066920000 10087
1512066920000 10088
1512066920000 10088
1512066920000 10088
1512066920000 10089
1512066920000 10089
1512066920000 10089
1512066920000 10090
1512066920000 10090
1512066920000 10090
1512066920000 10091
1512066920000 10091
1512066920000 10091
1512066920000 10091
1512066920000 10095
1512066920000 10095
1512066920000 10096
1512066920000 10096
1512066920000 10096
1512066920000 10097
1512066920000 10097
1512066920000 10097
1512066920000 10098
1512066920000 10098
1512066920000 10098
1512066920000 10099
1512066920000 10099
1512066920000 10099
1512066920000 10099
1512066920000 10100
1512066920000 10100
1512066920000 10100
1512066920000 10101
1512066920000 10101
1512066920000 10101
1512066920000 10102
1512066920000 10102
1512066920000 10102
1512066920000 10103
1512066920000 10103
1512066920000 10246
1512066920000 10247
1512066920000 10247
1512066920000 10247
1512066920000 10247
1512066920000 10248
1512066920000 10248
1512066920000 10248
1512066920000 10248
1512066920000 10249
1512066920000 10249
1512066920000 10249
1512066920000 10249
1512066920000 10250
1512066930000 10075
1512066930000 10076
1512066930000 10076
1512066930000 10076
1512066930000 10077
1512066930000 10077
1512066930000 10077
1512066930000 10078
1512066930000 10078
1512066930000 10078
1512066930000 10078
1512066930000 10078
1512066930000 10078
1512066930000 10079
1512066930000 10079
1512066930000 10079
1512066930000 10079
1512066930000 10079
1512066930000 10079
1512066930000 10079
1512066930000 10079
1512066930000 10079
1512066930000 10079
1512066930000 10080
1512066930000 10080
1512066930000 10080
1512066930000 10080
1512066930000 10080
1512066930000 10080
1512066930000 10080
1512066930000 10081
1512066930000 10081
1512066930000 10081
1512066930000 10081
1512066930000 10081
1512066930000 10081
1512066930000 10081
1512066930000 10082
1512066930000 10082
1512066930000 10082
1512066930000 10082
1512066930000 10083
1512066930000 10083
1512066930000 10084
1512066930000 10084
1512066930000 10084
1512066930000 10085
1512066930000 10085
1512066930000 10085
1512066930000 10086
1512066930000 10093
1512066930000 10093
1512066930000 10093
1512066930000 10093
1512066930000 10094
1512066930000 10094
1512066930000 10094
1512066930000 10095
1512066930000 10095
1512066930000 10095
1512066930000 10095
1512066930000 10096
1512066930000 10096
1512066930000 10096
1512066930000 10096
1512066930000 10097
1512066930000 10097
1512066930000 10097
1512066930000 10097
1512066930000 10098
1512066930000 10098
1512066930000 10098
1512066930000 10098
1512066930000 10099
1512066930000 10099
1512066930000 10099
1512066930000 10102
1512066930000 10103
1512066930000 10103
1512066930000 10103
1512066930000 10104
1512066930000 10104
1512066930000 10104
1512066930000 10105
1512066930000 10105
1512066930000 10105
1512066930000 10106
1512066930000 10106
1512066930000 10106
1512066930000 10107
1512066930000 10107
1512066930000 10107
1512066930000 10108
1512066930000 10108
1512066930000 10108
1512066930000 10109
1512066930000 10109
1512066930000 10109
1512066930000 10110
1512066930000 10110
1512066940000 10085
1512066940000 10085
1512066940000 10085
1512066940000 10085
1512066940000 10086
1512066940000 10086
1512066940000 10086
1512066940000 10086
1512066940000 10087
1512066940000 10087
1512066940000 10087
1512066940000 10088
1512066940000 10088
1512066940000 10088
1512066940000 10089
1512066940000 10089
1512066940000 10089
1512066940000 10090
1512066940000 10090
1512066940000 10090
1512066940000 10090
1512066940000 10090
1512066940000 10091
1512066940000 10091
1512066940000 10091
1512066940000 10091
1512066940000 10092
1512066940000 10092
1512066940000 10092
1512066940000 10093
1512066940000 10093
1512066940000 10093
1512066940000 10093
1512066940000 10094
1512066940000 10094
1512066940000 10094
1512066940000 10095
1512066940000 10095
1512066940000 10095
1512066940000 10095
1512066940000 10096
1512066940000 10096
1512066940000 10245
1512066940000 10245
1512066940000 10245
1512066940000 10246
1512066940000 10246
1512066940000 10246
1512066940000 10246
1512066940000 10246
1512066940000 10247
1512066940000 10247
1512066940000 10247
1512066940000 10248
1512066940000 10248
1512066940000 10250
1512066940000 10250
1512066940000 10251
1512066940000 10251
1512066940000 10251
1512066940000 10251
1512066940000 10252
1512066940000 10252
1512066940000 10252
1512066940000 10252
1512066940000 10252
1512066940000 10253
1512066940000 10253
1512066940000 10253
1512066940000 10253
1512066940000 10253
1512066940000 10253
1512066940000 10253
1512066940000 10253
1512066940000 10253
1512066940000 10254
1512066940000 10254
1512066940000 10254
1512066940000 10254
1512066940000 10254
1512066940000 10254
1512066940000 10254
1512066940000 10254
1512066940000 10254
1512066940000 10255
1512066940000 10255
1512066940000 10255
1512066940000 10255
1512066940000 10255
1512066940000 10255
1512066940000 10255
1512066940000 10255
1512066940000 10256
1512066940000 10256
1512066940000 10256
1512066940000 10256
1512066940000 10257
1512066940000 10257
1512066940000 10257
1512066940000 10258
1512066950000 10078
1512066950000 10078
1512066950000 10079
1512066950000 10079
1512066950000 10079
1512066950000 10079
1512066950000 10080
1512066950000 10080
1512066950000 10080
1512066950000 10081
1512066950000 10081
1512066950000 10081
1512066950000 10081
1512066950000 10082
1512066950000 10082
1512066950000 10082
1512066950000 10082
1512066950000 10085
1512066950000 10085
1512066950000 10086
1512066950000 10086
1512066950000 10086
1512066950000 10086
1512066950000 10087
1512066950000 10087
1512066950000 10087
1512066950000 10087
1512066950000 10087
1512066950000 10088
1512066950000 10088
1512066950000 10088
1512066950000 10088
1512066950000 10089
1512066950000 10089
1512066950000 10089
1512066950000 10089
1512066950000 10090
1512066950000 10090
1512066950000 10097
1512066950000 10098
1512066950000 10098
1512066950000 10098
1512066950000 10099
1512066950000 10099
1512066950000 10099
1512066950000 10099
1512066950000 10100
1512066950000 10100
1512066950000 10100
1512066950000 10101
1512066950000 10101
1512066950000 10101
1512066950000 10102
1512066950000 10102
1512066950000 10102
1512066950000 10103
1512066950000 10103
1512066950000 10103
1512066950000 10104
1512066950000 10104
1512066950000 10104
1512066950000 10105
1512066950000 10251
1512066950000 10251
1512066950000 10251
1512066950000 10252
1512066950000 10252
1512066950000 10252
1512066950000 10252
1512066950000 10252
1512066950000 10253
1512066950000 10253
1512066950000 10253
1512066950000 10253
1512066950000 10254
1512066950000 10254
1512066950000 10254
1512066950000 10254
1512066950000 10254
1512066950000 10254
1512066950000 10255
1512066950000 10255
1512066950000 10255
1512066950000 10255
1512066950000 10255
1512066950000 10255
1512066950000 10256
1512066950000 10256
1512066950000 10256
1512066950000 10256
1512066950000 10256
1512066950000 10256
1512066950000 10257
1512066950000 10257
1512066950000 10257
1512066950000 10257
1512066950000 10257
1512066950000 10258
1512066950000 10258
1512066950000 10258
1512066960000 10078
1512066960000 10078
1512066960000 10078
1512066960000 10078
1512066960000 10079
1512066960000 10079
1512066960000 10079
1512066960000 10079
1512066960000 10079
1512066960000 10080
1512066960000 10080
1512066960000 10080
1512066960000 10080
1512066960000 10080
1512066960000 10080
1512066960000 10080
1512066960000 10081
1512066960000 10081
1512066960000 10081
1512066960000 10081
1512066960000 10081
1512066960000 10081
1512066960000 10082
1512066960000 10082
1512066960000 10082
1512066960000 10082
1512066960000 10082
1512066960000 10082
1512066960000 10082
1512066960000 10082
1512066960000 10083
1512066960000 10083
1512066960000 10083
1512066960000 10083
1512066960000 10084
1512066960000 10084
1512066960000 10084
1512066960000 10084
1512066960000 10085
1512066960000 10085
1512066960000 10085
1512066960000 10086
1512066960000 10086
1512066960000 10086
1512066960000 10086
1512066960000 10086
1512066960000 10086
1512066960000 10087
1512066960000 10087
1512066960000 10087
1512066960000 10087
1512066960000 10087
1512066960000 10087
1512066960000 10087
1512066960000 10088
1512066960000 10088
1512066960000 10088
1512066960000 10088
1512066960000 10088
1512066960000 10088
1512066960000 10088
1512066960000 10089
1512066960000 10089
1512066960000 10089
1512066960000 10089
1512066960000 10089
1512066960000 10089
1512066960000 10089
1512066960000 10090
1512066960000 10090
1512066960000 10090
1512066960000 10090
1512066960000 10090
1512066960000 10090
1512066960000 10090
1512066960000 10091
1512066960000 10091
1512066960000 10091
1512066960000 10091
1512066960000 10091
1512066960000 10092
1512066960000 10092
1512066960000 10248
1512066960000 10248
1512066960000 10249
1512066960000 10249
1512066960000 10249
1512066960000 10249
1512066960000 10250
1512066960000 10250
1512066960000 10250
1512066960000 10250
1512066960000 10250
1512066960000 10251
1512066960000 10251
1512066960000 10251
1512066960000 10251
1512066960000 10252
1512066960000 10252
1512066960000 10252
1512066970000 10082
1512066970000 10082
1512066970000 10082
1512066970000 10083
1512066970000 10083
1512066970000 10083
1512066970000 10083
1512066970000 10083
1512066970000 10083
1512066970000 10083
1512066970000 10083
1512066970000 10084
1512066970000 10084
1512066970000 10084
1512066970000 10084
1512066970000 10084
1512066970000 10084
1512066970000 10084
1512066970000 10085
1512066970000 10085
1512066970000 10085
1512066970000 10085
1512066970000 10085
1512066970000 10086
1512066970000 10086
1512066970000 10086
1512066970000 10086
1512066970000 10086
1512066970000 10086
1512066970000 10086
1512066970000 10086
1512066970000 10086
1512066970000 10086
1512066970000 10087
1512066970000 10087
1512066970000 10087
1512066970000 10087
1512066970000 10087
1512066970000 10087
1512066970000 10087
1512066970000 10088
1512066970000 10088
1512066970000 10088
1512066970000 10088
1512066970000 10088
1512066970000 10088
1512066970000 10089
1512066970000 10089
1512066970000 10089
1512066970000 10089
1512066970000 10089
1512066970000 10089
1512066970000 10089
1512066970000 10090
1512066970000 10090
1512066970000 10090
1512066970000 10090
1512066970000 10090
1512066970000 10091
1512066970000 10092
1512066970000 10092
1512066970000 10093
1512066970000 10093
1512066970000 10093
1512066970000 10094
1512066970000 10094
1512066970000 10094
1512066970000 10095
1512066970000 10095
1512066970000 10096
1512066970000 10096
1512066970000 10096
1512066970000 10096
1512066970000 10097
1512066970000 10097
1512066970000 10097
1512066970000 10098
1512066970000 10098
1512066970000 10098
1512066970000 10099
1512066970000 10099
1512066970000 10099
1512066970000 10099
1512066970000 10249
1512066970000 10250
1512066970000 10250
1512066970000 10250
1512066970000 10250
1512066970000 10251
1512066970000 10251
1512066970000 10252
1512066970000 10252
1512066970000 10253
1512066970000 10253
1512066970000 10253
1512066970000 10254
1512066970000 10254
1512066970000 10254
1512066970000 10254
1512066970000 10255
1512066980000 10075
1512066980000 10076
1512066980000 10076
1512066980000 10076
1512066980000 10076
1512066980000 10077
1512066980000 10077
1512066980000 10077
1512066980000 10078
1512066980000 10078
1512066980000 10078
1512066980000 10078
1512066980000 10079
1512066980000 10079
1512066980000 10079
1512066980000 10079
1512066980000 10079
1512066980000 10079
1512066980000 10080
1512066980000 10080
1512066980000 10080
1512066980000 10080
1512066980000 10080
1512066980000 10080
1512066980000 10080
1512066980000 10081
1512066980000 10081
1512066980000 10081
1512066980000 10082
1512066980000 10082
1512066980000 10082
1512066980000 10083
1512066980000 10083
1512066980000 10083
1512066980000 10084
1512066980000 10084
1512066980000 10084
1512066980000 10088
1512066980000 10088
1512066980000 10088
1512066980000 10088
1512066980000 10089
1512066980000 10089
1512066980000 10089
1512066980000 10089
1512066980000 10090
1512066980000 10090
1512066980000 10090
1512066980000 10090
1512066980000 10091
1512066980000 10091
1512066980000 10091
1512066980000 10091
1512066980000 10091
1512066980000 10092
1512066980000 10092
1512066980000 10092
1512066980000 10092
1512066980000 10093
1512066980000 10093
1512066980000 10249
1512066980000 10249
1512066980000 10250
1512066980000 10250
1512066980000 10250
1512066980000 10251
1512066980000 10251
1512066980000 10251
1512066980000 10252
1512066980000 10252
1512066980000 10252
1512066980000 10252
1512066980000 10252
1512066980000 10252
1512066980000 10253
1512066980000 10253
1512066980000 10253
1512066980000 10253
1512066980000 10253
1512066980000 10253
1512066980000 10253
1512066980000 10254
1512066980000 10254
1512066980000 10254
1512066980000 10254
1512066980000 10254
1512066980000 10254
1512066980000 10254
1512066980000 10254
1512066980000 10255
1512066980000 10255
1512066980000 10255
1512066980000 10255
1512066980000 10256
1512066980000 10256
1512066980000 10257
1512066980000 10257
1512066980000 10257
1512066980000 10257
1512066980000 10258
1512066990000 10074
1512066990000 10074
1512066990000 10075
1512066990000 10075
1512066990000 10075
1512066990000 10075
1512066990000 10076
1512066990000 10076
1512066990000 10076
1512066990000 10076
1512066990000 10077
1512066990000 10077
1512066990000 10080
1512066990000 10080
1512066990000 10081
1512066990000 10081
1512066990000 10081
1512066990000 10081
1512066990000 10081
1512066990000 10082
1512066990000 10082
1512066990000 10082
1512066990000 10082
1512066990000 10082
1512066990000 10083
1512066990000 10083
1512066990000 10083
1512066990000 10083
1512066990000 10083
1512066990000 10083
1512066990000 10084
1512066990000 10084
1512066990000 10084
1512066990000 10084
1512066990000 10084
1512066990000 10085
1512066990000 10085
1512066990000 10085
1512066990000 10085
1512066990000 10085
1512066990000 10085
1512066990000 10086
1512066990000 10086
1512066990000 10086
1512066990000 10086
1512066990000 10086
1512066990000 10087
1512066990000 10087
1512066990000 10087
1512066990000 10087
1512066990000 10088
1512066990000 10088
1512066990000 10089
1512066990000 10090
1512066990000 10090
1512066990000 10091
1512066990000 10091
1512066990000 10091
1512066990000 10091
1512066990000 10092
1512066990000 10092
1512066990000 10092
1512066990000 10093
1512066990000 10093
1512066990000 10093
1512066990000 10094
1512066990000 10094
1512066990000 10095
1512066990000 10095
1512066990000 10095
1512066990000 10096
1512066990000 10096
1512066990000 10096
1512066990000 10097
1512066990000 10097
1512066990000 10097
1512066990000 10098
1512066990000 10098
1512066990000 10098
1512066990000 10099
1512066990000 10253
1512066990000 10253
1512066990000 10253
1512066990000 10253
1512066990000 10254
1512066990000 10254
1512066990000 10254
1512066990000 10255
1512066990000 10255
1512066990000 10255
1512066990000 10255
1512066990000 10256
1512066990000 10256
1512066990000 10256
1512066990000 10257
1512066990000 10257
1512066990000 10257
1512066990000 10258
1512066990000 10258
1512066990000 10258
1512067000000 10101
1512067000000 10102
1512067000000 10102
1512067000000 10102
1512067000000 10103
1512067000000 10103
1512067000000 10104
1512067000000 10104
1512067000000 10104
1512067000000 10105
1512067000000 10105
1512067000000 10106
1512067000000 10106
1512067000000 10106
1512067000000 10107
1512067000000 10107
1512067000000 10107
1512067000000 10108
1512067000000 10108
1512067000000 10109
1512067000000 10109
1512067000000 10109
1512067000000 10110
1512067000000 10110
1512067000000 10111
1512067000000 10111
1512067000000 10247
1512067000000 10248
1512067000000 10248
1512067000000 10248
1512067000000 10248
1512067000000 10248
1512067000000 10249
1512067000000 10249
1512067000000 10249
1512067000000 10249
1512067000000 10249
1512067000000 10249
1512067000000 10250
1512067000000 10250
1512067000000 10250
1512067000000 10250
1512067000000 10250
1512067000000 10250
1512067000000 10250
1512067000000 10250
1512067000000 10251
1512067000000 10251
1512067000000 10251
1512067000000 10252
1512067000000 10252
1512067000000 10252
1512067000000 10252
1512067000000 10253
1512067000000 10255
1512067000000 10256
1512067000000 10256
1512067000000 10256
1512067000000 10257
1512067000000 10257
1512067000000 10257
1512067000000 10257
1512067000000 10257
1512067000000 10258
1512067000000 10258
1512067000000 10258
1512067000000 10258
1512067000000 10258
1512067000000 10259
1512067000000 10259
1512067000000 10259
1512067000000 10259
1512067000000 10259
1512067000000 10259
1512067000000 10260
1512067000000 10260
1512067000000 10260
1512067000000 10260
1512067000000 10260
1512067000000 10260
1512067000000 10260
1512067000000 10260
1512067000000 10260
1512067000000 10260
1512067000000 10261
1512067000000 10261
1512067000000 10261
1512067000000 10261
1512067000000 10261
1512067000000 10262
1512067000000 10262
1512067000000 10262
1512067000000 10262
1512067000000 10263
1512067000000 10263
1512067000000 10263
1512067000000 10264
1512067000000 10264
1512067000000 10264
1512067000000 10264
1512067010000 10076
1512067010000 10077
1512067010000 10077
1512067010000 10077
1512067010000 10078
1512067010000 10078
1512067010000 10078
1512067010000 10078
1512067010000 10079
1512067010000 10079
1512067010000 10079
1512067010000 10080
1512067010000 10080
1512067010000 10083
1512067010000 10084
1512067010000 10084
1512067010000 10084
1512067010000 10084
1512067010000 10085
1512067010000 10085
1512067010000 10085
1512067010000 10086
1512067010000 10086
1512067010000 10086
1512067010000 10086
1512067010000 10086
1512067010000 10087
1512067010000 10087
1512067010000 10087
1512067010000 10087
1512067010000 10087
1512067010000 10088
1512067010000 10088
1512067010000 10088
1512067010000 10088
1512067010000 10088
1512067010000 10088
1512067010000 10088
1512067010000 10089
1512067010000 10089
1512067010000 10089
1512067010000 10089
1512067010000 10089
1512067010000 10089
1512067010000 10089
1512067010000 10089
1512067010000 10089
1512067010000 10090
1512067010000 10090
1512067010000 10090
1512067010000 10090
1512067010000 10090
1512067010000 10090
1512067010000 10091
1512067010000 10091
1512067010000 10091
1512067010000 10091
1512067010000 10091
1512067010000 10091
1512067010000 10092
1512067010000 10092
1512067010000 10092
1512067010000 10092
1512067010000 10092
1512067010000 10092
1512067010000 10093
1512067010000 10093
1512067010000 10093
1512067010000 10093
1512067010000 10093
1512067010000 10093
1512067010000 10094
1512067010000 10094
1512067010000 10094
1512067010000 10094
1512067010000 10094
1512067010000 10094
1512067010000 10095
1512067010000 10095
1512067010000 10095
1512067010000 10095
1512067010000 10095
1512067010000 10096
1512067010000 10096
1512067010000 10096
1512067010000 10096
1512067010000 10246
1512067010000 10247
1512067010000 10247
1512067010000 10247
1512067010000 10248
1512067010000 10248
1512067010000 10248
1512067010000 10249
1512067010000 10249
1512067010000 10249
1512067010000 10250
1512067010000 10250
1512067010000 10250
1512067010000 10251
1512067020000 10074
1512067020000 10075
1512067020000 10075
1512067020000 10075
1512067020000 10075
1512067020000 10076
1512067020000 10076
1512067020000 10076
1512067020000 10076
1512067020000 10077
1512067020000 10077
1512067020000 10077
1512067020000 10078
1512067020000 10078
1512067020000 10081
1512067020000 10081
1512067020000 10081
1512067020000 10082
1512067020000 10082
1512067020000 10082
1512067020000 10083
1512067020000 10083
1512067020000 10083
1512067020000 10084
1512067020000 10084
1512067020000 10084
1512067020000 10085
1512067020000 10085
1512067020000 10085
1512067020000 10086
1512067020000 10086
1512067020000 10086
1512067020000 10087
1512067020000 10087
1512067020000 10087
1512067020000 10088
1512067020000 10088
1512067020000 10088
1512067020000 10088
1512067020000 10089
1512067020000 10089
1512067020000 10089
1512067020000 10090
1512067020000 10090
1512067020000 10090
1512067020000 10090
1512067020000 10090
1512067020000 10090
1512067020000 10090
1512067020000 10091
1512067020000 10091
1512067020000 10091
1512067020000 10091
1512067020000 10091
1512067020000 10091
1512067020000 10091
1512067020000 10092
1512067020000 10092
1512067020000 10092
1512067020000 10092
1512067020000 10092
1512067020000 10092
1512067020000 10093
1512067020000 10093
1512067020000 10093
1512067020000 10093
1512067020000 10093
1512067020000 10093
1512067020000 10093
1512067020000 10093
1512067020000 10093
1512067020000 10093
1512067020000 10093
1512067020000 10093
1512067020000 10094
1512067020000 10094
1512067020000 10094
1512067020000 10094
1512067020000 10094
1512067020000 10094
1512067020000 10095
1512067020000 10095
1512067020000 10095
1512067020000 10095
1512067020000 10095
1512067020000 10095
1512067020000 10095
1512067020000 10096
1512067020000 10096
1512067020000 10096
1512067020000 10096
1512067020000 10096
1512067020000 10096
1512067020000 10096
1512067020000 10097
1512067020000 10097
1512067020000 10097
1512067020000 10098
1512067020000 10098
1512067020000 10098
1512067030000 10081
1512067030000 10081
1512067030000 10082
1512067030000 10082
1512067030000 10082
1512067030000 10082
1512067030000 10083
1512067030000 10083
1512067030000 10083
1512067030000 10084
1512067030000 10084
1512067030000 10084
1512067030000 10084
1512067030000 10085
1512067030000 10085
1512067030000 10085
1512067030000 10085
1512067030000 10085
1512067030000 10086
1512067030000 10086
1512067030000 10086
1512067030000 10086
1512067030000 10086
1512067030000 10086
1512067030000 10086
1512067030000 10087
1512067030000 10087
1512067030000 10087
1512067030000 10087
1512067030000 10087
1512067030000 10088
1512067030000 10088
1512067030000 10088
1512067030000 10088
1512067030000 10089
1512067030000 10089
1512067030000 10089
1512067030000 10089
1512067030000 10090
1512067030000 10094
1512067030000 10094
1512067030000 10094
1512067030000 10095
1512067030000 10095
1512067030000 10095
1512067030000 10096
1512067030000 10096
1512067030000 10096
1512067030000 10097
1512067030000 10097
1512067030000 10097
1512067030000 10098
1512067030000 10098
1512067030000 10098
1512067030000 10099
1512067030000 10099
1512067030000 10099
1512067030000 10100
1512067030000 10100
1512067030000 10100
1512067030000 10101
1512067030000 10101
1512067030000 10101
1512067030000 10102
1512067030000 10102
1512067030000 10109
1512067030000 10109
1512067030000 10110
1512067030000 10110
1512067030000 10110
1512067030000 10111
1512067030000 10111
1512067030000 10111
1512067030000 10111
1512067030000 10112
1512067030000 10112
1512067030000 10112
1512067030000 10112
1512067030000 10113
1512067030000 10113
1512067030000 10113
1512067030000 10113
1512067030000 10114
1512067030000 10114
1512067030000 10114
1512067030000 10115
1512067030000 10115
1512067030000 10115
1512067030000 10241
1512067030000 10241
1512067030000 10242
1512067030000 10242
1512067030000 10242
1512067030000 10242
1512067030000 10242
1512067030000 10243
1512067030000 10243
1512067030000 10243
1512067030000 10243
1512067030000 10244
1512067040000 9270
1512067040000 9270
1512067040000 9270
1512067040000 9271
1512067040000 9271
1512067040000 9271
1512067040000 9271
1512067040000 9272
1512067040000 9272
1512067040000 9272
1512067040000 9272
1512067040000 9273
1512067040000 9273
1512067040000 9273
1512067040000 9273
1512067040000 9274
1512067040000 9274
1512067040000 9274
1512067040000 9274
1512067040000 9275
1512067040000 9275
1512067040000 9275
1512067040000 9276
1512067040000 9276
1512067040000 9276
1512067040000 9276
1512067040000 9276
1512067040000 9276
1512067040000 9276
1512067040000 9277
1512067040000 9277
1512067040000 9277
1512067040000 9277
1512067040000 9277
1512067040000 9277
1512067040000 9278
1512067040000 9278
1512067040000 9278
1512067040000 9278
1512067040000 9278
1512067040000 9278
1512067040000 9279
1512067040000 9279
1512067040000 9279
1512067040000 9279
1512067040000 9280
1512067040000 9280
1512067040000 9280
1512067040000 9281
1512067040000 9281
1512067040000 9281
1512067040000 9282
1512067040000 9302
1512067040000 9302
1512067040000 9303
1512067040000 9303
1512067040000 9303
1512067040000 9304
1512067040000 9304
1512067040000 9305
1512067040000 9305
1512067040000 9305
1512067040000 9306
1512067040000 9306
1512067040000 9307
1512067040000 9307
1512067040000 9307
1512067040000 9308
1512067040000 9308
1512067040000 9309
1512067040000 9309
1512067040000 9309
1512067040000 9309
1512067040000 9309
1512067040000 9309
1512067040000 9309
1512067040000 9310
1512067040000 9310
1512067040000 9310
1512067040000 9310
1512067040000 9310
1512067040000 9311
1512067040000 9311
1512067040000 9311
1512067040000 9312
1512067040000 9312
1512067040000 9312
1512067040000 9313
1512067040000 9313
1512067040000 9313
1512067040000 9314
1512067040000 9314
1512067040000 9314
1512067040000 9315
1512067040000 9315
1512067040000 9315
1512067040000 9316
1512067040000 9316
1512067040000 9316
1512067040000 9316
