1512073790000 12091
1512073790000 12091
1512073790000 12091
1512073790000 12092
1512073790000 12092
1512073790000 12092
1512073790000 12092
1512073790000 12092
1512073790000 12093
1512073790000 12093
1512073790000 12093
1512073790000 12093
1512073790000 12093
1512073790000 12094
1512073790000 12094
1512073790000 12094
1512073790000 12094
1512073790000 12094
1512073790000 12094
1512073790000 12095
1512073790000 12095
1512073790000 12095
1512073790000 12095
1512073790000 12095
1512073790000 12096
1512073790000 12096
1512073790000 12096
1512073790000 12096
1512073790000 12096
1512073790000 12097
1512073790000 12097
1512073790000 12097
1512073790000 12097
1512073790000 12097
1512073790000 12098
1512073790000 12098
1512073790000 12098
1512073790000 12098
1512073790000 12098
1512073790000 12099
1512073790000 12099
1512073790000 12099
1512073790000 12099
1512073790000 12099
1512073790000 12100
1512073790000 12100
1512073790000 12100
1512073790000 12100
1512073790000 12100
1512073790000 12100
1512073790000 12101
1512073790000 12101
1512073790000 12101
1512073790000 12101
1512073790000 12101
1512073790000 12102
1512073790000 12102
1512073790000 12102
1512073790000 12102
1512073790000 12102
1512073790000 12103
1512073790000 12103
1512073790000 12103
1512073790000 12103
1512073790000 12104
1512073790000 12104
1512073790000 12104
1512073790000 12104
1512073790000 12104
1512073790000 12105
1512073790000 12105
1512073790000 12105
1512073790000 12105
1512073790000 12105
1512073790000 12106
1512073790000 12106
1512073790000 12106
1512073790000 12106
1512073790000 12106
1512073790000 12107
1512073790000 12107
1512073790000 12107
1512073790000 12115
1512073790000 12116
1512073790000 12116
1512073790000 12116
1512073790000 12117
1512073790000 12117
1512073790000 12117
1512073790000 12117
1512073790000 12118
1512073790000 12118
1512073790000 12119
1512073790000 12119
1512073790000 12119
1512073790000 12120
1512073790000 12120
1512073790000 12120
1512073790000 12121
1512073790000 12121
1512073800000 11616
1512073800000 11616
1512073800000 11616
1512073800000 11617
1512073800000 11617
1512073800000 11617
1512073800000 11617
1512073800000 11617
1512073800000 11617
1512073800000 11617
1512073800000 11618
1512073800000 11618
1512073800000 11618
1512073800000 11618
1512073800000 11618
1512073800000 11618
1512073800000 11619
1512073800000 11619
1512073800000 11619
1512073800000 11619
1512073800000 11619
1512073800000 11619
1512073800000 11620
1512073800000 11620
1512073800000 11620
1512073800000 11620
1512073800000 11620
1512073800000 11620
1512073800000 11621
1512073800000 11621
1512073800000 11621
1512073800000 11621
1512073800000 11621
1512073800000 11622
1512073800000 11622
1512073800000 11622
1512073800000 11622
1512073800000 11622
1512073800000 11623
1512073800000 11623
1512073800000 11623
1512073800000 11623
1512073800000 11623
1512073800000 11623
1512073800000 11624
1512073800000 11624
1512073800000 11624
1512073800000 11624
1512073800000 11624
1512073800000 11625
1512073800000 11625
1512073800000 11625
1512073800000 11625
1512073800000 11625
1512073800000 11625
1512073800000 11626
1512073800000 11626
1512073800000 11626
1512073800000 11626
1512073800000 11626
1512073800000 11627
1512073800000 11627
1512073800000 11627
1512073800000 11627
1512073800000 11627
1512073800000 11627
1512073800000 11628
1512073800000 11628
1512073800000 11628
1512073800000 11628
1512073800000 11628
1512073800000 11629
1512073800000 11629
1512073800000 11629
1512073800000 11629
1512073800000 11629
1512073800000 11629
1512073800000 11630
1512073800000 11630
1512073800000 11630
1512073800000 11630
1512073800000 11630
1512073800000 11631
1512073800000 11631
1512073800000 11631
1512073800000 11631
1512073800000 11631
1512073800000 11631
1512073800000 11632
1512073800000 11632
1512073800000 11632
1512073800000 11632
1512073800000 11632
1512073800000 11633
1512073800000 11633
1512073800000 11633
1512073800000 11633
1512073800000 11633
1512073800000 11633
1512073800000 11634
1512073810000 11537
1512073810000 11537
1512073810000 11537
1512073810000 11537
1512073810000 11537
1512073810000 11537
1512073810000 11538
1512073810000 11538
1512073810000 11538
1512073810000 11538
1512073810000 11538
1512073810000 11538
1512073810000 11538
1512073810000 11539
1512073810000 11539
1512073810000 11539
1512073810000 11539
1512073810000 11539
1512073810000 11539
1512073810000 11539
1512073810000 11540
1512073810000 11540
1512073810000 11540
1512073810000 11540
1512073810000 11540
1512073810000 11540
1512073810000 11541
1512073810000 11541
1512073810000 11541
1512073810000 11541
1512073810000 11541
1512073810000 11541
1512073810000 11541
1512073810000 11542
1512073810000 11542
1512073810000 11542
1512073810000 11542
1512073810000 11542
1512073810000 11542
1512073810000 11543
1512073810000 11543
1512073810000 11543
1512073810000 11543
1512073810000 11543
1512073810000 11543
1512073810000 11543
1512073810000 11544
1512073810000 11544
1512073810000 11544
1512073810000 11544
1512073810000 11544
1512073810000 11544
1512073810000 11545
1512073810000 11545
1512073810000 11545
1512073810000 11545
1512073810000 11545
1512073810000 11545
1512073810000 11546
1512073810000 11546
1512073810000 11546
1512073810000 11546
1512073810000 11546
1512073810000 11546
1512073810000 11547
1512073810000 11547
1512073810000 11547
1512073810000 11547
1512073810000 11547
1512073810000 11547
1512073810000 11547
1512073810000 11548
1512073810000 11548
1512073810000 11548
1512073810000 11548
1512073810000 11548
1512073810000 11548
1512073810000 11549
1512073810000 11549
1512073810000 11549
1512073810000 11549
1512073810000 11549
1512073810000 11549
1512073810000 11550
1512073810000 11550
1512073810000 11550
1512073810000 11550
1512073810000 11550
1512073810000 11550
1512073810000 11551
1512073810000 11551
1512073810000 11551
1512073810000 11551
1512073810000 11551
1512073810000 11551
1512073810000 11552
1512073810000 11552
1512073810000 11552
1512073810000 11552
1512073810000 11552
1512073820000 11518
1512073820000 11518
1512073820000 11518
1512073820000 11519
1512073820000 11519
1512073820000 11519
1512073820000 11519
1512073820000 11519
1512073820000 11519
1512073820000 11520
1512073820000 11520
1512073820000 11520
1512073820000 11520
1512073820000 11520
1512073820000 11520
1512073820000 11521
1512073820000 11521
1512073820000 11521
1512073820000 11521
1512073820000 11521
1512073820000 11521
1512073820000 11521
1512073820000 11522
1512073820000 11522
1512073820000 11522
1512073820000 11522
1512073820000 11522
1512073820000 11522
1512073820000 11523
1512073820000 11523
1512073820000 11523
1512073820000 11523
1512073820000 11523
1512073820000 11523
1512073820000 11524
1512073820000 11524
1512073820000 11524
1512073820000 11524
1512073820000 11524
1512073820000 11524
1512073820000 11524
1512073820000 11525
1512073820000 11525
1512073820000 11525
1512073820000 11525
1512073820000 11525
1512073820000 11525
1512073820000 11526
1512073820000 11526
1512073820000 11526
1512073820000 11526
1512073820000 11526
1512073820000 11526
1512073820000 11526
1512073820000 11527
1512073820000 11527
1512073820000 11527
1512073820000 11527
1512073820000 11527
1512073820000 11527
1512073820000 11528
1512073820000 11528
1512073820000 11528
1512073820000 11528
1512073820000 11528
1512073820000 11528
1512073820000 11528
1512073820000 11529
1512073820000 11529
1512073820000 11529
1512073820000 11529
1512073820000 11529
1512073820000 11529
1512073820000 11530
1512073820000 11530
1512073820000 11530
1512073820000 11530
1512073820000 11530
1512073820000 11530
1512073820000 11531
1512073820000 11531
1512073820000 11531
1512073820000 11531
1512073820000 11531
1512073820000 11531
1512073820000 11532
1512073820000 11532
1512073820000 11532
1512073820000 11532
1512073820000 11532
1512073820000 11532
1512073820000 11532
1512073820000 11533
1512073820000 11533
1512073820000 11533
1512073820000 11533
1512073820000 11533
1512073820000 11533
1512073820000 11534
1512073820000 11534
1512073830000 11471
1512073830000 11471
1512073830000 11471
1512073830000 11471
1512073830000 11471
1512073830000 11472
1512073830000 11472
1512073830000 11472
1512073830000 11472
1512073830000 11472
1512073830000 11472
1512073830000 11472
1512073830000 11473
1512073830000 11473
1512073830000 11473
1512073830000 11473
1512073830000 11473
1512073830000 11473
1512073830000 11474
1512073830000 11474
1512073830000 11474
1512073830000 11474
1512073830000 11474
1512073830000 11474
1512073830000 11474
1512073830000 11475
1512073830000 11475
1512073830000 11475
1512073830000 11475
1512073830000 11475
1512073830000 11475
1512073830000 11476
1512073830000 11476
1512073830000 11476
1512073830000 11476
1512073830000 11476
1512073830000 11476
1512073830000 11476
1512073830000 11477
1512073830000 11477
1512073830000 11477
1512073830000 11477
1512073830000 11477
1512073830000 11477
1512073830000 11478
1512073830000 11478
1512073830000 11478
1512073830000 11478
1512073830000 11478
1512073830000 11478
1512073830000 11478
1512073830000 11479
1512073830000 11479
1512073830000 11479
1512073830000 11479
1512073830000 11479
1512073830000 11479
1512073830000 11479
1512073830000 11480
1512073830000 11480
1512073830000 11480
1512073830000 11480
1512073830000 11480
1512073830000 11480
1512073830000 11481
1512073830000 11481
1512073830000 11481
1512073830000 11481
1512073830000 11481
1512073830000 11481
1512073830000 11481
1512073830000 11482
1512073830000 11482
1512073830000 11482
1512073830000 11482
1512073830000 11482
1512073830000 11482
1512073830000 11483
1512073830000 11483
1512073830000 11483
1512073830000 11483
1512073830000 11483
1512073830000 11483
1512073830000 11483
1512073830000 11484
1512073830000 11484
1512073830000 11484
1512073830000 11484
1512073830000 11484
1512073830000 11484
1512073830000 11485
1512073830000 11485
1512073830000 11485
1512073830000 11485
1512073830000 11485
1512073830000 11485
1512073830000 11485
1512073830000 11486
1512073830000 11486
1512073830000 11486
1512073840000 11474
1512073840000 11475
1512073840000 11475
1512073840000 11475
1512073840000 11475
1512073840000 11475
1512073840000 11475
1512073840000 11476
1512073840000 11476
1512073840000 11476
1512073840000 11476
1512073840000 11476
1512073840000 11476
1512073840000 11477
1512073840000 11477
1512073840000 11477
1512073840000 11477
1512073840000 11477
1512073840000 11477
1512073840000 11477
1512073840000 11478
1512073840000 11478
1512073840000 11478
1512073840000 11478
1512073840000 11478
1512073840000 11478
1512073840000 11479
1512073840000 11479
1512073840000 11479
1512073840000 11479
1512073840000 11479
1512073840000 11479
1512073840000 11480
1512073840000 11480
1512073840000 11480
1512073840000 11480
1512073840000 11480
1512073840000 11480
1512073840000 11480
1512073840000 11481
1512073840000 11481
1512073840000 11481
1512073840000 11481
1512073840000 11481
1512073840000 11481
1512073840000 11482
1512073840000 11482
1512073840000 11482
1512073840000 11482
1512073840000 11482
1512073840000 11482
1512073840000 11482
1512073840000 11483
1512073840000 11483
1512073840000 11483
1512073840000 11483
1512073840000 11483
1512073840000 11483
1512073840000 11484
1512073840000 11484
1512073840000 11484
1512073840000 11484
1512073840000 11484
1512073840000 11484
1512073840000 11484
1512073840000 11485
1512073840000 11485
1512073840000 11485
1512073840000 11485
1512073840000 11485
1512073840000 11485
1512073840000 11486
1512073840000 11486
1512073840000 11486
1512073840000 11486
1512073840000 11486
1512073840000 11486
1512073840000 11486
1512073840000 11487
1512073840000 11487
1512073840000 11487
1512073840000 11487
1512073840000 11487
1512073840000 11487
1512073840000 11488
1512073840000 11488
1512073840000 11488
1512073840000 11488
1512073840000 11488
1512073840000 11488
1512073840000 11488
1512073840000 11489
1512073840000 11489
1512073840000 11489
1512073840000 11489
1512073840000 11489
1512073840000 11489
1512073840000 11490
1512073840000 11490
1512073840000 11490
1512073850000 11531
1512073850000 11531
1512073850000 11532
1512073850000 11532
1512073850000 11532
1512073850000 11532
1512073850000 11532
1512073850000 11533
1512073850000 11533
1512073850000 11533
1512073850000 11533
1512073850000 11533
1512073850000 11534
1512073850000 11534
1512073850000 11534
1512073850000 11534
1512073850000 11534
1512073850000 11535
1512073850000 11535
1512073850000 11535
1512073850000 11535
1512073850000 11535
1512073850000 11536
1512073850000 11536
1512073850000 11536
1512073850000 11536
1512073850000 11536
1512073850000 11537
1512073850000 11537
1512073850000 11537
1512073850000 11537
1512073850000 11537
1512073850000 11538
1512073850000 11538
1512073850000 11538
1512073850000 11538
1512073850000 11538
1512073850000 11539
1512073850000 11539
1512073850000 11539
1512073850000 11539
1512073850000 11539
1512073850000 11540
1512073850000 11540
1512073850000 11540
1512073850000 11540
1512073850000 11540
1512073850000 11541
1512073850000 11541
1512073850000 11541
1512073850000 11541
1512073850000 11542
1512073850000 11542
1512073850000 11542
1512073850000 11542
1512073850000 11542
1512073850000 11542
1512073850000 11543
1512073850000 11543
1512073850000 11543
1512073850000 11543
1512073850000 11543
1512073850000 11544
1512073850000 11544
1512073850000 11544
1512073850000 11544
1512073850000 11544
1512073850000 11545
1512073850000 11545
1512073850000 11545
1512073850000 11545
1512073850000 11545
1512073850000 11546
1512073850000 11546
1512073850000 11546
1512073850000 11546
1512073850000 11547
1512073850000 11547
1512073850000 11547
1512073850000 11547
1512073850000 11547
1512073850000 11548
1512073850000 11548
1512073850000 11548
1512073850000 11548
1512073850000 11548
1512073850000 11549
1512073850000 11549
1512073850000 11549
1512073850000 11549
1512073850000 11549
1512073850000 11550
1512073850000 11550
1512073850000 11550
1512073850000 11550
1512073850000 11550
1512073850000 11551
1512073850000 11551
1512073850000 11551
1512073850000 11551
1512073860000 11468
1512073860000 11468
1512073860000 11468
1512073860000 11468
1512073860000 11468
1512073860000 11468
1512073860000 11469
1512073860000 11469
1512073860000 11469
1512073860000 11469
1512073860000 11469
1512073860000 11469
1512073860000 11470
1512073860000 11470
1512073860000 11470
1512073860000 11470
1512073860000 11470
1512073860000 11470
1512073860000 11470
1512073860000 11471
1512073860000 11471
1512073860000 11471
1512073860000 11471
1512073860000 11471
1512073860000 11471
1512073860000 11472
1512073860000 11472
1512073860000 11472
1512073860000 11472
1512073860000 11472
1512073860000 11472
1512073860000 11472
1512073860000 11473
1512073860000 11473
1512073860000 11473
1512073860000 11473
1512073860000 11473
1512073860000 11473
1512073860000 11474
1512073860000 11474
1512073860000 11474
1512073860000 11474
1512073860000 11474
1512073860000 11474
1512073860000 11474
1512073860000 11475
1512073860000 11475
1512073860000 11475
1512073860000 11475
1512073860000 11475
1512073860000 11475
1512073860000 11476
1512073860000 11476
1512073860000 11476
1512073860000 11476
1512073860000 11476
1512073860000 11476
1512073860000 11477
1512073860000 11477
1512073860000 11477
1512073860000 11477
1512073860000 11477
1512073860000 11477
1512073860000 11477
1512073860000 11478
1512073860000 11478
1512073860000 11478
1512073860000 11478
1512073860000 11478
1512073860000 11478
1512073860000 11479
1512073860000 11479
1512073860000 11479
1512073860000 11479
1512073860000 11479
1512073860000 11479
1512073860000 11480
1512073860000 11480
1512073860000 11480
1512073860000 11480
1512073860000 11480
1512073860000 11480
1512073860000 11480
1512073860000 11481
1512073860000 11481
1512073860000 11481
1512073860000 11481
1512073860000 11481
1512073860000 11481
1512073860000 11482
1512073860000 11482
1512073860000 11482
1512073860000 11482
1512073860000 11482
1512073860000 11482
1512073860000 11482
1512073860000 11483
1512073860000 11483
1512073860000 11483
1512073860000 11483
1512073870000 11501
1512073870000 11501
1512073870000 11501
1512073870000 11501
1512073870000 11501
1512073870000 11501
1512073870000 11502
1512073870000 11502
1512073870000 11502
1512073870000 11502
1512073870000 11502
1512073870000 11502
1512073870000 11502
1512073870000 11502
1512073870000 11503
1512073870000 11503
1512073870000 11503
1512073870000 11503
1512073870000 11503
1512073870000 11503
1512073870000 11503
1512073870000 11503
1512073870000 11503
1512073870000 11504
1512073870000 11504
1512073870000 11504
1512073870000 11504
1512073870000 11504
1512073870000 11504
1512073870000 11504
1512073870000 11504
1512073870000 11504
1512073870000 11505
1512073870000 11505
1512073870000 11505
1512073870000 11505
1512073870000 11505
1512073870000 11505
1512073870000 11505
1512073870000 11505
1512073870000 11506
1512073870000 11506
1512073870000 11506
1512073870000 11506
1512073870000 11506
1512073870000 11506
1512073870000 11506
1512073870000 11506
1512073870000 11506
1512073870000 11507
1512073870000 11507
1512073870000 11507
1512073870000 11507
1512073870000 11507
1512073870000 11507
1512073870000 11507
1512073870000 11507
1512073870000 11507
1512073870000 11508
1512073870000 11508
1512073870000 11508
1512073870000 11508
1512073870000 11508
1512073870000 11508
1512073870000 11508
1512073870000 11508
1512073870000 11509
1512073870000 11509
1512073870000 11509
1512073870000 11509
1512073870000 11509
1512073870000 11509
1512073870000 11509
1512073870000 11509
1512073870000 11509
1512073870000 11510
1512073870000 11510
1512073870000 11510
1512073870000 11510
1512073870000 11510
1512073870000 11510
1512073870000 11510
1512073870000 11510
1512073870000 11511
1512073870000 11511
1512073870000 11511
1512073870000 11511
1512073870000 11511
1512073870000 11511
1512073870000 11511
1512073870000 11511
1512073870000 11511
1512073870000 11512
1512073870000 11512
1512073870000 11512
1512073870000 11512
1512073870000 11512
1512073870000 11512
1512073870000 11512
1512073870000 11512
1512073880000 11471
1512073880000 11471
1512073880000 11472
1512073880000 11472
1512073880000 11472
1512073880000 11472
1512073880000 11472
1512073880000 11472
1512073880000 11472
1512073880000 11473
1512073880000 11473
1512073880000 11473
1512073880000 11473
1512073880000 11473
1512073880000 11473
1512073880000 11474
1512073880000 11474
1512073880000 11474
1512073880000 11474
1512073880000 11474
1512073880000 11474
1512073880000 11475
1512073880000 11475
1512073880000 11475
1512073880000 11475
1512073880000 11475
1512073880000 11475
1512073880000 11475
1512073880000 11476
1512073880000 11476
1512073880000 11476
1512073880000 11476
1512073880000 11476
1512073880000 11476
1512073880000 11477
1512073880000 11477
1512073880000 11477
1512073880000 11477
1512073880000 11477
1512073880000 11477
1512073880000 11477
1512073880000 11478
1512073880000 11478
1512073880000 11478
1512073880000 11478
1512073880000 11478
1512073880000 11478
1512073880000 11479
1512073880000 11479
1512073880000 11479
1512073880000 11479
1512073880000 11479
1512073880000 11479
1512073880000 11479
1512073880000 11480
1512073880000 11480
1512073880000 11480
1512073880000 11480
1512073880000 11480
1512073880000 11480
1512073880000 11480
1512073880000 11481
1512073880000 11481
1512073880000 11481
1512073880000 11481
1512073880000 11481
1512073880000 11482
1512073880000 11482
1512073880000 11482
1512073880000 11482
1512073880000 11482
1512073880000 11482
1512073880000 11483
1512073880000 11483
1512073880000 11483
1512073880000 11483
1512073880000 11483
1512073880000 11483
1512073880000 11483
1512073880000 11484
1512073880000 11484
1512073880000 11484
1512073880000 11484
1512073880000 11484
1512073880000 11484
1512073880000 11485
1512073880000 11485
1512073880000 11485
1512073880000 11485
1512073880000 11485
1512073880000 11485
1512073880000 11485
1512073880000 11486
1512073880000 11486
1512073880000 11486
1512073880000 11486
1512073880000 11486
1512073880000 11486
1512073880000 11487
1512073880000 11487
1512073890000 11463
1512073890000 11463
1512073890000 11463
1512073890000 11463
1512073890000 11463
1512073890000 11464
1512073890000 11464
1512073890000 11464
1512073890000 11464
1512073890000 11464
1512073890000 11464
1512073890000 11465
1512073890000 11465
1512073890000 11465
1512073890000 11465
1512073890000 11465
1512073890000 11465
1512073890000 11465
1512073890000 11466
1512073890000 11466
1512073890000 11466
1512073890000 11466
1512073890000 11466
1512073890000 11466
1512073890000 11467
1512073890000 11467
1512073890000 11467
1512073890000 11467
1512073890000 11467
1512073890000 11467
1512073890000 11467
1512073890000 11468
1512073890000 11468
1512073890000 11468
1512073890000 11468
1512073890000 11468
1512073890000 11468
1512073890000 11468
1512073890000 11469
1512073890000 11469
1512073890000 11469
1512073890000 11469
1512073890000 11469
1512073890000 11469
1512073890000 11470
1512073890000 11470
1512073890000 11470
1512073890000 11470
1512073890000 11470
1512073890000 11470
1512073890000 11470
1512073890000 11471
1512073890000 11471
1512073890000 11471
1512073890000 11471
1512073890000 11471
1512073890000 11471
1512073890000 11472
1512073890000 11472
1512073890000 11472
1512073890000 11472
1512073890000 11472
1512073890000 11472
1512073890000 11472
1512073890000 11473
1512073890000 11473
1512073890000 11473
1512073890000 11473
1512073890000 11473
1512073890000 11473
1512073890000 11474
1512073890000 11474
1512073890000 11474
1512073890000 11474
1512073890000 11474
1512073890000 11474
1512073890000 11475
1512073890000 11475
1512073890000 11475
1512073890000 11475
1512073890000 11475
1512073890000 11475
1512073890000 11475
1512073890000 11476
1512073890000 11476
1512073890000 11476
1512073890000 11476
1512073890000 11476
1512073890000 11476
1512073890000 11477
1512073890000 11477
1512073890000 11477
1512073890000 11477
1512073890000 11477
1512073890000 11477
1512073890000 11477
1512073890000 11478
1512073890000 11478
1512073890000 11478
1512073890000 11478
1512073900000 11523
1512073900000 11523
1512073900000 11523
1512073900000 11523
1512073900000 11523
1512073900000 11524
1512073900000 11524
1512073900000 11524
1512073900000 11524
1512073900000 11524
1512073900000 11524
1512073900000 11525
1512073900000 11525
1512073900000 11525
1512073900000 11525
1512073900000 11525
1512073900000 11525
1512073900000 11526
1512073900000 11526
1512073900000 11526
1512073900000 11526
1512073900000 11526
1512073900000 11526
1512073900000 11526
1512073900000 11527
1512073900000 11527
1512073900000 11527
1512073900000 11527
1512073900000 11527
1512073900000 11527
1512073900000 11527
1512073900000 11528
1512073900000 11528
1512073900000 11528
1512073900000 11528
1512073900000 11528
1512073900000 11528
1512073900000 11528
1512073900000 11529
1512073900000 11529
1512073900000 11529
1512073900000 11529
1512073900000 11529
1512073900000 11529
1512073900000 11530
1512073900000 11530
1512073900000 11530
1512073900000 11530
1512073900000 11530
1512073900000 11530
1512073900000 11530
1512073900000 11531
1512073900000 11531
1512073900000 11531
1512073900000 11531
1512073900000 11531
1512073900000 11531
1512073900000 11531
1512073900000 11532
1512073900000 11532
1512073900000 11532
1512073900000 11532
1512073900000 11532
1512073900000 11532
1512073900000 11532
1512073900000 11533
1512073900000 11533
1512073900000 11533
1512073900000 11533
1512073900000 11533
1512073900000 11533
1512073900000 11533
1512073900000 11534
1512073900000 11534
1512073900000 11534
1512073900000 11534
1512073900000 11534
1512073900000 11534
1512073900000 11534
1512073900000 11535
1512073900000 11535
1512073900000 11535
1512073900000 11535
1512073900000 11535
1512073900000 11535
1512073900000 11535
1512073900000 11536
1512073900000 11536
1512073900000 11536
1512073900000 11536
1512073900000 11536
1512073900000 11536
1512073900000 11536
1512073900000 11537
1512073900000 11537
1512073900000 11537
1512073900000 11537
1512073900000 11537
1512073900000 11537
1512073900000 11537
1512073910000 11473
1512073910000 11473
1512073910000 11473
1512073910000 11473
1512073910000 11473
1512073910000 11473
1512073910000 11473
1512073910000 11474
1512073910000 11474
1512073910000 11474
1512073910000 11474
1512073910000 11474
1512073910000 11474
1512073910000 11475
1512073910000 11475
1512073910000 11475
1512073910000 11475
1512073910000 11475
1512073910000 11475
1512073910000 11475
1512073910000 11476
1512073910000 11476
1512073910000 11476
1512073910000 11476
1512073910000 11476
1512073910000 11476
1512073910000 11477
1512073910000 11477
1512073910000 11477
1512073910000 11477
1512073910000 11477
1512073910000 11477
1512073910000 11477
1512073910000 11478
1512073910000 11478
1512073910000 11478
1512073910000 11478
1512073910000 11478
1512073910000 11478
1512073910000 11479
1512073910000 11479
1512073910000 11479
1512073910000 11479
1512073910000 11479
1512073910000 11479
1512073910000 11479
1512073910000 11480
1512073910000 11480
1512073910000 11480
1512073910000 11480
1512073910000 11480
1512073910000 11480
1512073910000 11481
1512073910000 11481
1512073910000 11481
1512073910000 11481
1512073910000 11481
1512073910000 11481
1512073910000 11481
1512073910000 11482
1512073910000 11482
1512073910000 11482
1512073910000 11482
1512073910000 11482
1512073910000 11482
1512073910000 11483
1512073910000 11483
1512073910000 11483
1512073910000 11483
1512073910000 11483
1512073910000 11483
1512073910000 11483
1512073910000 11484
1512073910000 11484
1512073910000 11484
1512073910000 11484
1512073910000 11484
1512073910000 11484
1512073910000 11485
1512073910000 11485
1512073910000 11485
1512073910000 11485
1512073910000 11485
1512073910000 11485
1512073910000 11486
1512073910000 11486
1512073910000 11486
1512073910000 11486
1512073910000 11486
1512073910000 11486
1512073910000 11486
1512073910000 11487
1512073910000 11487
1512073910000 11487
1512073910000 11487
1512073910000 11487
1512073910000 11487
1512073910000 11488
1512073910000 11488
1512073910000 11488
1512073920000 11484
1512073920000 11484
1512073920000 11484
1512073920000 11484
1512073920000 11484
1512073920000 11485
1512073920000 11485
1512073920000 11485
1512073920000 11485
1512073920000 11485
1512073920000 11485
1512073920000 11485
1512073920000 11486
1512073920000 11486
1512073920000 11486
1512073920000 11486
1512073920000 11486
1512073920000 11486
1512073920000 11487
1512073920000 11487
1512073920000 11487
1512073920000 11487
1512073920000 11487
1512073920000 11487
1512073920000 11488
1512073920000 11488
1512073920000 11488
1512073920000 11488
1512073920000 11488
1512073920000 11488
1512073920000 11488
1512073920000 11489
1512073920000 11489
1512073920000 11489
1512073920000 11489
1512073920000 11489
1512073920000 11489
1512073920000 11490
1512073920000 11490
1512073920000 11490
1512073920000 11490
1512073920000 11490
1512073920000 11490
1512073920000 11491
1512073920000 11491
1512073920000 11491
1512073920000 11491
1512073920000 11491
1512073920000 11491
1512073920000 11491
1512073920000 11492
1512073920000 11492
1512073920000 11492
1512073920000 11492
1512073920000 11492
1512073920000 11492
1512073920000 11493
1512073920000 11493
1512073920000 11493
1512073920000 11493
1512073920000 11493
1512073920000 11493
1512073920000 11494
1512073920000 11494
1512073920000 11494
1512073920000 11494
1512073920000 11494
1512073920000 11494
1512073920000 11494
1512073920000 11495
1512073920000 11495
1512073920000 11495
1512073920000 11495
1512073920000 11495
1512073920000 11495
1512073920000 11496
1512073920000 11496
1512073920000 11496
1512073920000 11496
1512073920000 11496
1512073920000 11496
1512073920000 11496
1512073920000 11497
1512073920000 11497
1512073920000 11497
1512073920000 11497
1512073920000 11497
1512073920000 11497
1512073920000 11498
1512073920000 11498
1512073920000 11498
1512073920000 11498
1512073920000 11498
1512073920000 11498
1512073920000 11499
1512073920000 11499
1512073920000 11499
1512073920000 11499
1512073920000 11499
1512073920000 11499
1512073930000 11490
1512073930000 11490
1512073930000 11490
1512073930000 11490
1512073930000 11490
1512073930000 11490
1512073930000 11490
1512073930000 11491
1512073930000 11491
1512073930000 11491
1512073930000 11491
1512073930000 11491
1512073930000 11491
1512073930000 11491
1512073930000 11491
1512073930000 11491
1512073930000 11491
1512073930000 11491
1512073930000 11492
1512073930000 11492
1512073930000 11492
1512073930000 11492
1512073930000 11492
1512073930000 11492
1512073930000 11492
1512073930000 11492
1512073930000 11492
1512073930000 11492
1512073930000 11493
1512073930000 11493
1512073930000 11493
1512073930000 11493
1512073930000 11493
1512073930000 11493
1512073930000 11493
1512073930000 11493
1512073930000 11493
1512073930000 11493
1512073930000 11493
1512073930000 11494
1512073930000 11494
1512073930000 11494
1512073930000 11494
1512073930000 11494
1512073930000 11494
1512073930000 11494
1512073930000 11494
1512073930000 11494
1512073930000 11494
1512073930000 11495
1512073930000 11495
1512073930000 11495
1512073930000 11495
1512073930000 11495
1512073930000 11495
1512073930000 11495
1512073930000 11495
1512073930000 11495
1512073930000 11495
1512073930000 11495
1512073930000 11496
1512073930000 11496
1512073930000 11496
1512073930000 11496
1512073930000 11496
1512073930000 11496
1512073930000 11496
1512073930000 11496
1512073930000 11496
1512073930000 11496
1512073930000 11497
1512073930000 11497
1512073930000 11497
1512073930000 11497
1512073930000 11497
1512073930000 11497
1512073930000 11497
1512073930000 11497
1512073930000 11497
1512073930000 11497
1512073930000 11497
1512073930000 11498
1512073930000 11498
1512073930000 11498
1512073930000 11498
1512073930000 11498
1512073930000 11498
1512073930000 11498
1512073930000 11498
1512073930000 11498
1512073930000 11498
1512073930000 11499
1512073930000 11499
1512073930000 11499
1512073930000 11499
1512073930000 11499
1512073930000 11499
1512073930000 11499
1512073930000 11499
1512073930000 11499
1512073940000 11500
1512073940000 11500
1512073940000 11500
1512073940000 11500
1512073940000 11500
1512073940000 11501
1512073940000 11501
1512073940000 11501
1512073940000 11501
1512073940000 11501
1512073940000 11501
1512073940000 11502
1512073940000 11502
1512073940000 11502
1512073940000 11502
1512073940000 11502
1512073940000 11502
1512073940000 11502
1512073940000 11503
1512073940000 11503
1512073940000 11503
1512073940000 11503
1512073940000 11503
1512073940000 11503
1512073940000 11504
1512073940000 11504
1512073940000 11504
1512073940000 11504
1512073940000 11504
1512073940000 11504
1512073940000 11504
1512073940000 11505
1512073940000 11505
1512073940000 11505
1512073940000 11505
1512073940000 11505
1512073940000 11505
1512073940000 11506
1512073940000 11506
1512073940000 11506
1512073940000 11506
1512073940000 11506
1512073940000 11506
1512073940000 11506
1512073940000 11507
1512073940000 11507
1512073940000 11507
1512073940000 11507
1512073940000 11507
1512073940000 11507
1512073940000 11508
1512073940000 11508
1512073940000 11508
1512073940000 11508
1512073940000 11508
1512073940000 11508
1512073940000 11509
1512073940000 11509
1512073940000 11509
1512073940000 11509
1512073940000 11509
1512073940000 11509
1512073940000 11509
1512073940000 11510
1512073940000 11510
1512073940000 11510
1512073940000 11510
1512073940000 11510
1512073940000 11510
1512073940000 11511
1512073940000 11511
1512073940000 11511
1512073940000 11511
1512073940000 11511
1512073940000 11511
1512073940000 11512
1512073940000 11512
1512073940000 11512
1512073940000 11512
1512073940000 11512
1512073940000 11512
1512073940000 11512
1512073940000 11513
1512073940000 11513
1512073940000 11513
1512073940000 11513
1512073940000 11513
1512073940000 11513
1512073940000 11514
1512073940000 11514
1512073940000 11514
1512073940000 11514
1512073940000 11514
1512073940000 11514
1512073940000 11514
1512073940000 11515
1512073940000 11515
1512073940000 11515
1512073940000 11515
1512073940000 11515
1512073950000 11474
1512073950000 11474
1512073950000 11474
1512073950000 11474
1512073950000 11474
1512073950000 11475
1512073950000 11475
1512073950000 11475
1512073950000 11475
1512073950000 11475
1512073950000 11475
1512073950000 11475
1512073950000 11475
1512073950000 11475
1512073950000 11476
1512073950000 11476
1512073950000 11476
1512073950000 11476
1512073950000 11476
1512073950000 11476
1512073950000 11476
1512073950000 11476
1512073950000 11476
1512073950000 11476
1512073950000 11477
1512073950000 11477
1512073950000 11477
1512073950000 11477
1512073950000 11477
1512073950000 11477
1512073950000 11477
1512073950000 11477
1512073950000 11477
1512073950000 11478
1512073950000 11478
1512073950000 11478
1512073950000 11478
1512073950000 11478
1512073950000 11478
1512073950000 11478
1512073950000 11478
1512073950000 11478
1512073950000 11479
1512073950000 11479
1512073950000 11479
1512073950000 11479
1512073950000 11479
1512073950000 11479
1512073950000 11479
1512073950000 11479
1512073950000 11479
1512073950000 11479
1512073950000 11480
1512073950000 11480
1512073950000 11480
1512073950000 11480
1512073950000 11480
1512073950000 11480
1512073950000 11480
1512073950000 11480
1512073950000 11480
1512073950000 11481
1512073950000 11481
1512073950000 11481
1512073950000 11481
1512073950000 11481
1512073950000 11481
1512073950000 11481
1512073950000 11481
1512073950000 11481
1512073950000 11482
1512073950000 11482
1512073950000 11482
1512073950000 11482
1512073950000 11482
1512073950000 11482
1512073950000 11482
1512073950000 11482
1512073950000 11482
1512073950000 11482
1512073950000 11483
1512073950000 11483
1512073950000 11483
1512073950000 11483
1512073950000 11483
1512073950000 11483
1512073950000 11483
1512073950000 11483
1512073950000 11483
1512073950000 11484
1512073950000 11484
1512073950000 11484
1512073950000 11484
1512073950000 11484
1512073950000 11484
1512073950000 11484
1512073950000 11484
1512073950000 11484
1512073950000 11485
1512073950000 11485
1512073960000 11470
1512073960000 11470
1512073960000 11470
1512073960000 11470
1512073960000 11470
1512073960000 11470
1512073960000 11470
1512073960000 11470
1512073960000 11471
1512073960000 11471
1512073960000 11471
1512073960000 11471
1512073960000 11471
1512073960000 11471
1512073960000 11471
1512073960000 11471
1512073960000 11471
1512073960000 11471
1512073960000 11472
1512073960000 11472
1512073960000 11472
1512073960000 11472
1512073960000 11472
1512073960000 11472
1512073960000 11472
1512073960000 11472
1512073960000 11472
1512073960000 11472
1512073960000 11473
1512073960000 11473
1512073960000 11473
1512073960000 11473
1512073960000 11473
1512073960000 11473
1512073960000 11473
1512073960000 11473
1512073960000 11473
1512073960000 11474
1512073960000 11474
1512073960000 11474
1512073960000 11474
1512073960000 11474
1512073960000 11474
1512073960000 11475
1512073960000 11475
1512073960000 11475
1512073960000 11475
1512073960000 11475
1512073960000 11475
1512073960000 11475
1512073960000 11476
1512073960000 11476
1512073960000 11476
1512073960000 11476
1512073960000 11476
1512073960000 11476
1512073960000 11477
1512073960000 11477
1512073960000 11477
1512073960000 11477
1512073960000 11477
1512073960000 11477
1512073960000 11477
1512073960000 11478
1512073960000 11478
1512073960000 11478
1512073960000 11478
1512073960000 11478
1512073960000 11478
1512073960000 11479
1512073960000 11479
1512073960000 11479
1512073960000 11479
1512073960000 11479
1512073960000 11479
1512073960000 11480
1512073960000 11480
1512073960000 11480
1512073960000 11480
1512073960000 11480
1512073960000 11480
1512073960000 11480
1512073960000 11481
1512073960000 11481
1512073960000 11481
1512073960000 11481
1512073960000 11481
1512073960000 11481
1512073960000 11482
1512073960000 11482
1512073960000 11482
1512073960000 11482
1512073960000 11482
1512073960000 11482
1512073960000 11482
1512073960000 11483
1512073960000 11483
1512073960000 11483
1512073960000 11483
1512073960000 11483
1512073970000 11486
1512073970000 11486
1512073970000 11486
1512073970000 11486
1512073970000 11487
1512073970000 11487
1512073970000 11487
1512073970000 11487
1512073970000 11487
1512073970000 11487
1512073970000 11488
1512073970000 11488
1512073970000 11488
1512073970000 11488
1512073970000 11488
1512073970000 11488
1512073970000 11488
1512073970000 11489
1512073970000 11489
1512073970000 11489
1512073970000 11489
1512073970000 11489
1512073970000 11489
1512073970000 11490
1512073970000 11490
1512073970000 11490
1512073970000 11490
1512073970000 11490
1512073970000 11490
1512073970000 11490
1512073970000 11491
1512073970000 11491
1512073970000 11491
1512073970000 11491
1512073970000 11491
1512073970000 11491
1512073970000 11492
1512073970000 11492
1512073970000 11492
1512073970000 11492
1512073970000 11492
1512073970000 11492
1512073970000 11493
1512073970000 11493
1512073970000 11493
1512073970000 11493
1512073970000 11493
1512073970000 11493
1512073970000 11494
1512073970000 11494
1512073970000 11494
1512073970000 11494
1512073970000 11494
1512073970000 11494
1512073970000 11495
1512073970000 11495
1512073970000 11495
1512073970000 11495
1512073970000 11495
1512073970000 11495
1512073970000 11495
1512073970000 11496
1512073970000 11496
1512073970000 11496
1512073970000 11496
1512073970000 11496
1512073970000 11496
1512073970000 11497
1512073970000 11497
1512073970000 11497
1512073970000 11497
1512073970000 11497
1512073970000 11497
1512073970000 11498
1512073970000 11498
1512073970000 11498
1512073970000 11498
1512073970000 11498
1512073970000 11498
1512073970000 11499
1512073970000 11499
1512073970000 11499
1512073970000 11499
1512073970000 11499
1512073970000 11500
1512073970000 11500
1512073970000 11500
1512073970000 11500
1512073970000 11500
1512073970000 11501
1512073970000 11501
1512073970000 11501
1512073970000 11501
1512073970000 11501
1512073970000 11501
1512073970000 11502
1512073970000 11502
1512073970000 11502
1512073970000 11502
1512073970000 11502
1512073980000 11483
1512073980000 11483
1512073980000 11483
1512073980000 11483
1512073980000 11483
1512073980000 11483
1512073980000 11484
1512073980000 11484
1512073980000 11484
1512073980000 11484
1512073980000 11484
1512073980000 11484
1512073980000 11485
1512073980000 11485
1512073980000 11485
1512073980000 11485
1512073980000 11485
1512073980000 11485
1512073980000 11486
1512073980000 11486
1512073980000 11486
1512073980000 11486
1512073980000 11486
1512073980000 11486
1512073980000 11487
1512073980000 11487
1512073980000 11487
1512073980000 11487
1512073980000 11487
1512073980000 11487
1512073980000 11487
1512073980000 11488
1512073980000 11488
1512073980000 11488
1512073980000 11488
1512073980000 11488
1512073980000 11489
1512073980000 11489
1512073980000 11489
1512073980000 11489
1512073980000 11489
1512073980000 11490
1512073980000 11490
1512073980000 11490
1512073980000 11490
1512073980000 11490
1512073980000 11490
1512073980000 11490
1512073980000 11491
1512073980000 11491
1512073980000 11491
1512073980000 11491
1512073980000 11491
1512073980000 11491
1512073980000 11491
1512073980000 11492
1512073980000 11492
1512073980000 11492
1512073980000 11492
1512073980000 11492
1512073980000 11492
1512073980000 11492
1512073980000 11493
1512073980000 11493
1512073980000 11493
1512073980000 11493
1512073980000 11493
1512073980000 11493
1512073980000 11493
1512073980000 11494
1512073980000 11494
1512073980000 11494
1512073980000 11494
1512073980000 11494
1512073980000 11494
1512073980000 11494
1512073980000 11495
1512073980000 11495
1512073980000 11495
1512073980000 11495
1512073980000 11495
1512073980000 11495
1512073980000 11495
1512073980000 11496
1512073980000 11496
1512073980000 11496
1512073980000 11496
1512073980000 11496
1512073980000 11496
1512073980000 11496
1512073980000 11497
1512073980000 11497
1512073980000 11497
1512073980000 11497
1512073980000 11497
1512073980000 11497
1512073980000 11498
1512073980000 11498
1512073980000 11498
1512073980000 11498
1512073990000 11467
1512073990000 11467
1512073990000 11468
1512073990000 11468
1512073990000 11468
1512073990000 11468
1512073990000 11468
1512073990000 11468
1512073990000 11469
1512073990000 11469
1512073990000 11469
1512073990000 11469
1512073990000 11469
1512073990000 11469
1512073990000 11470
1512073990000 11470
1512073990000 11470
1512073990000 11470
1512073990000 11470
1512073990000 11470
1512073990000 11470
1512073990000 11471
1512073990000 11471
1512073990000 11471
1512073990000 11471
1512073990000 11471
1512073990000 11471
1512073990000 11472
1512073990000 11472
1512073990000 11472
1512073990000 11472
1512073990000 11472
1512073990000 11472
1512073990000 11473
1512073990000 11473
1512073990000 11473
1512073990000 11473
1512073990000 11473
1512073990000 11473
1512073990000 11473
1512073990000 11474
1512073990000 11474
1512073990000 11474
1512073990000 11474
1512073990000 11474
1512073990000 11474
1512073990000 11475
1512073990000 11475
1512073990000 11475
1512073990000 11475
1512073990000 11475
1512073990000 11475
1512073990000 11476
1512073990000 11476
1512073990000 11476
1512073990000 11476
1512073990000 11476
1512073990000 11476
1512073990000 11476
1512073990000 11477
1512073990000 11477
1512073990000 11477
1512073990000 11477
1512073990000 11477
1512073990000 11477
1512073990000 11478
1512073990000 11478
1512073990000 11478
1512073990000 11478
1512073990000 11478
1512073990000 11478
1512073990000 11479
1512073990000 11479
1512073990000 11479
1512073990000 11479
1512073990000 11479
1512073990000 11479
1512073990000 11479
1512073990000 11480
1512073990000 11480
1512073990000 11480
1512073990000 11480
1512073990000 11480
1512073990000 11480
1512073990000 11481
1512073990000 11481
1512073990000 11481
1512073990000 11481
1512073990000 11481
1512073990000 11481
1512073990000 11481
1512073990000 11482
1512073990000 11482
1512073990000 11482
1512073990000 11482
1512073990000 11482
1512073990000 11482
1512073990000 11483
1512073990000 11483
1512073990000 11483
1512074000000 11475
1512074000000 11475
1512074000000 11475
1512074000000 11476
1512074000000 11476
1512074000000 11476
1512074000000 11476
1512074000000 11476
1512074000000 11476
1512074000000 11477
1512074000000 11477
1512074000000 11477
1512074000000 11477
1512074000000 11477
1512074000000 11477
1512074000000 11477
1512074000000 11478
1512074000000 11478
1512074000000 11478
1512074000000 11478
1512074000000 11478
1512074000000 11478
1512074000000 11479
1512074000000 11479
1512074000000 11479
1512074000000 11479
1512074000000 11479
1512074000000 11479
1512074000000 11479
1512074000000 11480
1512074000000 11480
1512074000000 11480
1512074000000 11480
1512074000000 11480
1512074000000 11480
1512074000000 11481
1512074000000 11481
1512074000000 11481
1512074000000 11481
1512074000000 11481
1512074000000 11481
1512074000000 11482
1512074000000 11482
1512074000000 11482
1512074000000 11482
1512074000000 11482
1512074000000 11482
1512074000000 11482
1512074000000 11483
1512074000000 11483
1512074000000 11483
1512074000000 11483
1512074000000 11483
1512074000000 11483
1512074000000 11484
1512074000000 11484
1512074000000 11484
1512074000000 11484
1512074000000 11484
1512074000000 11484
1512074000000 11484
1512074000000 11485
1512074000000 11485
1512074000000 11485
1512074000000 11485
1512074000000 11485
1512074000000 11485
1512074000000 11486
1512074000000 11486
1512074000000 11486
1512074000000 11486
1512074000000 11486
1512074000000 11486
1512074000000 11487
1512074000000 11487
1512074000000 11487
1512074000000 11487
1512074000000 11487
1512074000000 11487
1512074000000 11487
1512074000000 11488
1512074000000 11488
1512074000000 11488
1512074000000 11488
1512074000000 11488
1512074000000 11488
1512074000000 11489
1512074000000 11489
1512074000000 11489
1512074000000 11489
1512074000000 11489
1512074000000 11489
1512074000000 11490
1512074000000 11490
1512074000000 11490
1512074000000 11490
1512074000000 11490
1512074000000 11490
1512074000000 11490
1512074000000 11491
1512074010000 11520
1512074010000 11520
1512074010000 11520
1512074010000 11521
1512074010000 11521
1512074010000 11521
1512074010000 11521
1512074010000 11522
1512074010000 11522
1512074010000 11522
1512074010000 11522
1512074010000 11523
1512074010000 11523
1512074010000 11523
1512074010000 11523
1512074010000 11523
1512074010000 11524
1512074010000 11524
1512074010000 11524
1512074010000 11524
1512074010000 11524
1512074010000 11525
1512074010000 11525
1512074010000 11525
1512074010000 11525
1512074010000 11526
1512074010000 11526
1512074010000 11526
1512074010000 11526
1512074010000 11526
1512074010000 11527
1512074010000 11527
1512074010000 11527
1512074010000 11527
1512074010000 11527
1512074010000 11528
1512074010000 11528
1512074010000 11528
1512074010000 11528
1512074010000 11529
1512074010000 11529
1512074010000 11529
1512074010000 11529
1512074010000 11529
1512074010000 11530
1512074010000 11530
1512074010000 11530
1512074010000 11530
1512074010000 11530
1512074010000 11531
1512074010000 11531
1512074010000 11531
1512074010000 11531
1512074010000 11532
1512074010000 11532
1512074010000 11532
1512074010000 11532
1512074010000 11532
1512074010000 11533
1512074010000 11533
1512074010000 11533
1512074010000 11533
1512074010000 11533
1512074010000 11534
1512074010000 11534
1512074010000 11534
1512074010000 11534
1512074010000 11534
1512074010000 11535
1512074010000 11535
1512074010000 11535
1512074010000 11535
1512074010000 11535
1512074010000 11536
1512074010000 11536
1512074010000 11536
1512074010000 11536
1512074010000 11536
1512074010000 11537
1512074010000 11537
1512074010000 11537
1512074010000 11537
1512074010000 11538
1512074010000 11538
1512074010000 11538
1512074010000 11538
1512074010000 11538
1512074010000 11539
1512074010000 11539
1512074010000 11539
1512074010000 11539
1512074010000 11539
1512074010000 11540
1512074010000 11540
1512074010000 11540
1512074010000 11540
1512074010000 11540
1512074010000 11541
1512074010000 11541
1512074010000 11541
1512074020000 11475
1512074020000 11475
1512074020000 11475
1512074020000 11475
1512074020000 11475
1512074020000 11476
1512074020000 11476
1512074020000 11476
1512074020000 11476
1512074020000 11476
1512074020000 11476
1512074020000 11476
1512074020000 11477
1512074020000 11477
1512074020000 11477
1512074020000 11477
1512074020000 11477
1512074020000 11477
1512074020000 11478
1512074020000 11478
1512074020000 11478
1512074020000 11478
1512074020000 11478
1512074020000 11478
1512074020000 11478
1512074020000 11479
1512074020000 11479
1512074020000 11479
1512074020000 11479
1512074020000 11479
1512074020000 11479
1512074020000 11479
1512074020000 11480
1512074020000 11480
1512074020000 11480
1512074020000 11480
1512074020000 11480
1512074020000 11480
1512074020000 11481
1512074020000 11481
1512074020000 11481
1512074020000 11481
1512074020000 11481
1512074020000 11481
1512074020000 11481
1512074020000 11482
1512074020000 11482
1512074020000 11482
1512074020000 11482
1512074020000 11482
1512074020000 11482
1512074020000 11483
1512074020000 11483
1512074020000 11483
1512074020000 11483
1512074020000 11483
1512074020000 11483
1512074020000 11483
1512074020000 11484
1512074020000 11484
1512074020000 11484
1512074020000 11484
1512074020000 11484
1512074020000 11484
1512074020000 11485
1512074020000 11485
1512074020000 11485
1512074020000 11485
1512074020000 11485
1512074020000 11485
1512074020000 11485
1512074020000 11486
1512074020000 11486
1512074020000 11486
1512074020000 11486
1512074020000 11486
1512074020000 11486
1512074020000 11487
1512074020000 11487
1512074020000 11487
1512074020000 11487
1512074020000 11487
1512074020000 11487
1512074020000 11487
1512074020000 11488
1512074020000 11488
1512074020000 11488
1512074020000 11488
1512074020000 11488
1512074020000 11488
1512074020000 11489
1512074020000 11489
1512074020000 11489
1512074020000 11489
1512074020000 11489
1512074020000 11489
1512074020000 11489
1512074020000 11490
1512074020000 11490
1512074020000 11490
1512074030000 11872
1512074030000 11872
1512074030000 11872
1512074030000 11872
1512074030000 11873
1512074030000 11873
1512074030000 11873
1512074030000 11873
1512074030000 11873
1512074030000 11873
1512074030000 11873
1512074030000 11874
1512074030000 11874
1512074030000 11874
1512074030000 11874
1512074030000 11874
1512074030000 11874
1512074030000 11875
1512074030000 11875
1512074030000 11875
1512074030000 11875
1512074030000 11875
1512074030000 11875
1512074030000 11875
1512074030000 11876
1512074030000 11876
1512074030000 11876
1512074030000 11876
1512074030000 11876
1512074030000 11876
1512074030000 11876
1512074030000 11877
1512074030000 11877
1512074030000 11877
1512074030000 11877
1512074030000 11877
1512074030000 11877
1512074030000 11877
1512074030000 11878
1512074030000 11878
1512074030000 11878
1512074030000 11878
1512074030000 11878
1512074030000 11878
1512074030000 11878
1512074030000 11879
1512074030000 11879
1512074030000 11879
1512074030000 11879
1512074030000 11879
1512074030000 11879
1512074030000 11880
1512074030000 11880
1512074030000 11880
1512074030000 11880
1512074030000 11880
1512074030000 11880
1512074030000 11880
1512074030000 11881
1512074030000 11881
1512074030000 11881
1512074030000 11881
1512074030000 11881
1512074030000 11881
1512074030000 11882
1512074030000 11882
1512074030000 11882
1512074030000 11882
1512074030000 11882
1512074030000 11882
1512074030000 11883
1512074030000 11883
1512074030000 11883
1512074030000 11883
1512074030000 11883
1512074030000 11883
1512074030000 11883
1512074030000 11884
1512074030000 11884
1512074030000 11884
1512074030000 11884
1512074030000 11884
1512074030000 11884
1512074030000 11885
1512074030000 11885
1512074030000 11885
1512074030000 11885
1512074030000 11885
1512074030000 11885
1512074030000 11885
1512074030000 11886
1512074030000 11886
1512074030000 11886
1512074030000 11886
1512074030000 11886
1512074030000 11886
1512074030000 11887
1512074030000 11887
1512074030000 11887
1512074030000 11887
1512074040000 11496
1512074040000 11496
1512074040000 11496
1512074040000 11496
1512074040000 11496
1512074040000 11496
1512074040000 11497
1512074040000 11497
1512074040000 11497
1512074040000 11497
1512074040000 11497
1512074040000 11497
1512074040000 11497
1512074040000 11498
1512074040000 11498
1512074040000 11498
1512074040000 11498
1512074040000 11498
1512074040000 11498
1512074040000 11499
1512074040000 11499
1512074040000 11499
1512074040000 11499
1512074040000 11499
1512074040000 11499
1512074040000 11499
1512074040000 11500
1512074040000 11500
1512074040000 11500
1512074040000 11500
1512074040000 11500
1512074040000 11500
1512074040000 11501
1512074040000 11501
1512074040000 11501
1512074040000 11501
1512074040000 11501
1512074040000 11501
1512074040000 11501
1512074040000 11502
1512074040000 11502
1512074040000 11502
1512074040000 11502
1512074040000 11502
1512074040000 11502
1512074040000 11503
1512074040000 11503
1512074040000 11503
1512074040000 11503
1512074040000 11503
1512074040000 11503
1512074040000 11503
1512074040000 11504
1512074040000 11504
1512074040000 11504
1512074040000 11504
1512074040000 11504
1512074040000 11504
1512074040000 11505
1512074040000 11505
1512074040000 11505
1512074040000 11505
1512074040000 11505
1512074040000 11505
1512074040000 11505
1512074040000 11506
1512074040000 11506
1512074040000 11506
1512074040000 11506
1512074040000 11506
1512074040000 11506
1512074040000 11507
1512074040000 11507
1512074040000 11507
1512074040000 11507
1512074040000 11507
1512074040000 11507
1512074040000 11507
1512074040000 11508
1512074040000 11508
1512074040000 11508
1512074040000 11508
1512074040000 11508
1512074040000 11508
1512074040000 11509
1512074040000 11509
1512074040000 11509
1512074040000 11509
1512074040000 11509
1512074040000 11509
1512074040000 11509
1512074040000 11510
1512074040000 11510
1512074040000 11510
1512074040000 11510
1512074040000 11510
1512074040000 11510
1512074040000 11511
1512074040000 11511
1512074040000 11511
1512074050000 11460
1512074050000 11460
1512074050000 11460
1512074050000 11460
1512074050000 11460
1512074050000 11461
1512074050000 11461
1512074050000 11461
1512074050000 11461
1512074050000 11461
1512074050000 11461
1512074050000 11462
1512074050000 11462
1512074050000 11462
1512074050000 11462
1512074050000 11462
1512074050000 11462
1512074050000 11462
1512074050000 11463
1512074050000 11463
1512074050000 11463
1512074050000 11463
1512074050000 11463
1512074050000 11463
1512074050000 11464
1512074050000 11464
1512074050000 11464
1512074050000 11464
1512074050000 11464
1512074050000 11464
1512074050000 11464
1512074050000 11465
1512074050000 11465
1512074050000 11465
1512074050000 11465
1512074050000 11465
1512074050000 11465
1512074050000 11466
1512074050000 11466
1512074050000 11466
1512074050000 11466
1512074050000 11466
1512074050000 11466
1512074050000 11467
1512074050000 11467
1512074050000 11467
1512074050000 11467
1512074050000 11467
1512074050000 11467
1512074050000 11467
1512074050000 11468
1512074050000 11468
1512074050000 11468
1512074050000 11468
1512074050000 11468
1512074050000 11468
1512074050000 11469
1512074050000 11469
1512074050000 11469
1512074050000 11469
1512074050000 11469
1512074050000 11469
1512074050000 11469
1512074050000 11470
1512074050000 11470
1512074050000 11470
1512074050000 11470
1512074050000 11470
1512074050000 11470
1512074050000 11471
1512074050000 11471
1512074050000 11471
1512074050000 11471
1512074050000 11471
1512074050000 11471
1512074050000 11472
1512074050000 11472
1512074050000 11472
1512074050000 11472
1512074050000 11472
1512074050000 11472
1512074050000 11473
1512074050000 11473
1512074050000 11473
1512074050000 11473
1512074050000 11473
1512074050000 11474
1512074050000 11474
1512074050000 11474
1512074050000 11474
1512074050000 11474
1512074050000 11474
1512074050000 11475
1512074050000 11475
1512074050000 11475
1512074050000 11475
1512074050000 11475
1512074050000 11475
1512074050000 11475
1512074050000 11476
1512074060000 11511
1512074060000 11511
1512074060000 11511
1512074060000 11512
1512074060000 11512
1512074060000 11512
1512074060000 11512
1512074060000 11512
1512074060000 11512
1512074060000 11512
1512074060000 11513
1512074060000 11513
1512074060000 11513
1512074060000 11513
1512074060000 11513
1512074060000 11513
1512074060000 11514
1512074060000 11514
1512074060000 11514
1512074060000 11514
1512074060000 11514
1512074060000 11514
1512074060000 11514
1512074060000 11515
1512074060000 11515
1512074060000 11515
1512074060000 11515
1512074060000 11515
1512074060000 11515
1512074060000 11516
1512074060000 11516
1512074060000 11516
1512074060000 11516
1512074060000 11516
1512074060000 11516
1512074060000 11516
1512074060000 11517
1512074060000 11517
1512074060000 11517
1512074060000 11517
1512074060000 11517
1512074060000 11517
1512074060000 11518
1512074060000 11518
1512074060000 11518
1512074060000 11518
1512074060000 11519
1512074060000 11519
1512074060000 11519
1512074060000 11519
1512074060000 11519
1512074060000 11519
1512074060000 11520
1512074060000 11520
1512074060000 11520
1512074060000 11520
1512074060000 11520
1512074060000 11520
1512074060000 11520
1512074060000 11521
1512074060000 11521
1512074060000 11521
1512074060000 11521
1512074060000 11521
1512074060000 11521
1512074060000 11522
1512074060000 11522
1512074060000 11522
1512074060000 11522
1512074060000 11522
1512074060000 11522
1512074060000 11523
1512074060000 11523
1512074060000 11523
1512074060000 11523
1512074060000 11523
1512074060000 11523
1512074060000 11523
1512074060000 11524
1512074060000 11524
1512074060000 11524
1512074060000 11524
1512074060000 11524
1512074060000 11524
1512074060000 11525
1512074060000 11525
1512074060000 11525
1512074060000 11525
1512074060000 11525
1512074060000 11525
1512074060000 11525
1512074060000 11526
1512074060000 11526
1512074060000 11526
1512074060000 11526
1512074060000 11526
1512074060000 11526
1512074060000 11527
1512074060000 11527
1512074060000 11527
1512074070000 11509
1512074070000 11509
1512074070000 11509
1512074070000 11510
1512074070000 11510
1512074070000 11510
1512074070000 11510
1512074070000 11510
1512074070000 11510
1512074070000 11510
1512074070000 11511
1512074070000 11511
1512074070000 11511
1512074070000 11511
1512074070000 11511
1512074070000 11511
1512074070000 11512
1512074070000 11512
1512074070000 11512
1512074070000 11512
1512074070000 11512
1512074070000 11512
1512074070000 11512
1512074070000 11513
1512074070000 11513
1512074070000 11513
1512074070000 11513
1512074070000 11513
1512074070000 11513
1512074070000 11514
1512074070000 11514
1512074070000 11514
1512074070000 11514
1512074070000 11514
1512074070000 11514
1512074070000 11515
1512074070000 11515
1512074070000 11515
1512074070000 11515
1512074070000 11515
1512074070000 11515
1512074070000 11516
1512074070000 11516
1512074070000 11516
1512074070000 11516
1512074070000 11516
1512074070000 11516
1512074070000 11516
1512074070000 11517
1512074070000 11517
1512074070000 11517
1512074070000 11517
1512074070000 11517
1512074070000 11518
1512074070000 11518
1512074070000 11518
1512074070000 11518
1512074070000 11518
1512074070000 11518
1512074070000 11519
1512074070000 11519
1512074070000 11519
1512074070000 11519
1512074070000 11519
1512074070000 11519
1512074070000 11520
1512074070000 11520
1512074070000 11520
1512074070000 11520
1512074070000 11520
1512074070000 11520
1512074070000 11520
1512074070000 11521
1512074070000 11521
1512074070000 11521
1512074070000 11521
1512074070000 11521
1512074070000 11521
1512074070000 11522
1512074070000 11522
1512074070000 11522
1512074070000 11522
1512074070000 11522
1512074070000 11522
1512074070000 11523
1512074070000 11523
1512074070000 11523
1512074070000 11523
1512074070000 11523
1512074070000 11523
1512074070000 11523
1512074070000 11524
1512074070000 11524
1512074070000 11524
1512074070000 11524
1512074070000 11524
1512074070000 11524
1512074070000 11525
1512074070000 11525
1512074070000 11525
1512074080000 11503
1512074080000 11504
1512074080000 11504
1512074080000 11504
1512074080000 11504
1512074080000 11504
1512074080000 11504
1512074080000 11505
1512074080000 11505
1512074080000 11505
1512074080000 11505
1512074080000 11505
1512074080000 11505
1512074080000 11505
1512074080000 11506
1512074080000 11506
1512074080000 11506
1512074080000 11506
1512074080000 11506
1512074080000 11506
1512074080000 11507
1512074080000 11507
1512074080000 11507
1512074080000 11507
1512074080000 11507
1512074080000 11507
1512074080000 11507
1512074080000 11508
1512074080000 11508
1512074080000 11508
1512074080000 11508
1512074080000 11508
1512074080000 11508
1512074080000 11509
1512074080000 11509
1512074080000 11509
1512074080000 11509
1512074080000 11509
1512074080000 11509
1512074080000 11510
1512074080000 11510
1512074080000 11510
1512074080000 11510
1512074080000 11510
1512074080000 11510
1512074080000 11510
1512074080000 11511
1512074080000 11511
1512074080000 11511
1512074080000 11511
1512074080000 11511
1512074080000 11511
1512074080000 11512
1512074080000 11512
1512074080000 11512
1512074080000 11512
1512074080000 11512
1512074080000 11512
1512074080000 11512
1512074080000 11513
1512074080000 11513
1512074080000 11513
1512074080000 11513
1512074080000 11513
1512074080000 11513
1512074080000 11514
1512074080000 11514
1512074080000 11514
1512074080000 11514
1512074080000 11514
1512074080000 11514
1512074080000 11514
1512074080000 11515
1512074080000 11515
1512074080000 11515
1512074080000 11515
1512074080000 11515
1512074080000 11515
1512074080000 11516
1512074080000 11516
1512074080000 11516
1512074080000 11516
1512074080000 11516
1512074080000 11516
1512074080000 11516
1512074080000 11517
1512074080000 11517
1512074080000 11517
1512074080000 11517
1512074080000 11517
1512074080000 11517
1512074080000 11518
1512074080000 11518
1512074080000 11518
1512074080000 11518
1512074080000 11518
1512074080000 11519
1512074080000 11519
1512074080000 11519
1512074080000 11519
1512074090000 11857
1512074090000 11857
1512074090000 11857
1512074090000 11857
1512074090000 11857
1512074090000 11857
1512074090000 11858
1512074090000 11858
1512074090000 11858
1512074090000 11858
1512074090000 11858
1512074090000 11858
1512074090000 11858
1512074090000 11859
1512074090000 11859
1512074090000 11859
1512074090000 11859
1512074090000 11859
1512074090000 11859
1512074090000 11859
1512074090000 11860
1512074090000 11860
1512074090000 11860
1512074090000 11860
1512074090000 11860
1512074090000 11860
1512074090000 11860
1512074090000 11861
1512074090000 11861
1512074090000 11861
1512074090000 11861
1512074090000 11861
1512074090000 11861
1512074090000 11862
1512074090000 11862
1512074090000 11862
1512074090000 11862
1512074090000 11862
1512074090000 11862
1512074090000 11862
1512074090000 11863
1512074090000 11863
1512074090000 11863
1512074090000 11863
1512074090000 11863
1512074090000 11863
1512074090000 11863
1512074090000 11864
1512074090000 11864
1512074090000 11864
1512074090000 11864
1512074090000 11864
1512074090000 11864
1512074090000 11864
1512074090000 11865
1512074090000 11865
1512074090000 11865
1512074090000 11865
1512074090000 11865
1512074090000 11865
1512074090000 11865
1512074090000 11866
1512074090000 11866
1512074090000 11866
1512074090000 11866
1512074090000 11866
1512074090000 11866
1512074090000 11866
1512074090000 11867
1512074090000 11867
1512074090000 11867
1512074090000 11867
1512074090000 11867
1512074090000 11867
1512074090000 11867
1512074090000 11868
1512074090000 11868
1512074090000 11868
1512074090000 11868
1512074090000 11868
1512074090000 11868
1512074090000 11869
1512074090000 11869
1512074090000 11869
1512074090000 11869
1512074090000 11869
1512074090000 11869
1512074090000 11869
1512074090000 11870
1512074090000 11870
1512074090000 11870
1512074090000 11870
1512074090000 11870
1512074090000 11870
1512074090000 11870
1512074090000 11871
1512074090000 11871
1512074090000 11871
1512074090000 11871
1512074090000 11871
1512074100000 11467
1512074100000 11467
1512074100000 11468
1512074100000 11468
1512074100000 11468
1512074100000 11468
1512074100000 11468
1512074100000 11468
1512074100000 11468
1512074100000 11469
1512074100000 11469
1512074100000 11469
1512074100000 11469
1512074100000 11469
1512074100000 11469
1512074100000 11469
1512074100000 11470
1512074100000 11470
1512074100000 11470
1512074100000 11470
1512074100000 11470
1512074100000 11470
1512074100000 11470
1512074100000 11471
1512074100000 11471
1512074100000 11471
1512074100000 11471
1512074100000 11471
1512074100000 11471
1512074100000 11471
1512074100000 11472
1512074100000 11472
1512074100000 11472
1512074100000 11472
1512074100000 11472
1512074100000 11472
1512074100000 11473
1512074100000 11473
1512074100000 11473
1512074100000 11473
1512074100000 11473
1512074100000 11474
1512074100000 11474
1512074100000 11474
1512074100000 11474
1512074100000 11474
1512074100000 11474
1512074100000 11474
1512074100000 11475
1512074100000 11475
1512074100000 11475
1512074100000 11475
1512074100000 11475
1512074100000 11475
1512074100000 11475
1512074100000 11476
1512074100000 11476
1512074100000 11476
1512074100000 11476
1512074100000 11476
1512074100000 11476
1512074100000 11476
1512074100000 11477
1512074100000 11477
1512074100000 11477
1512074100000 11477
1512074100000 11477
1512074100000 11477
1512074100000 11478
1512074100000 11478
1512074100000 11478
1512074100000 11478
1512074100000 11478
1512074100000 11478
1512074100000 11479
1512074100000 11479
1512074100000 11479
1512074100000 11479
1512074100000 11479
1512074100000 11479
1512074100000 11479
1512074100000 11480
1512074100000 11480
1512074100000 11480
1512074100000 11480
1512074100000 11480
1512074100000 11480
1512074100000 11481
1512074100000 11481
1512074100000 11481
1512074100000 11481
1512074100000 11481
1512074100000 11481
1512074100000 11481
1512074100000 11482
1512074100000 11482
1512074100000 11482
1512074100000 11482
1512074100000 11482
1512074100000 11482
1512074110000 11490
1512074110000 11491
1512074110000 11491
1512074110000 11491
1512074110000 11491
1512074110000 11491
1512074110000 11491
1512074110000 11491
1512074110000 11492
1512074110000 11492
1512074110000 11492
1512074110000 11492
1512074110000 11492
1512074110000 11492
1512074110000 11493
1512074110000 11493
1512074110000 11493
1512074110000 11493
1512074110000 11493
1512074110000 11493
1512074110000 11493
1512074110000 11494
1512074110000 11494
1512074110000 11494
1512074110000 11494
1512074110000 11494
1512074110000 11494
1512074110000 11495
1512074110000 11495
1512074110000 11495
1512074110000 11495
1512074110000 11495
1512074110000 11495
1512074110000 11496
1512074110000 11496
1512074110000 11496
1512074110000 11496
1512074110000 11496
1512074110000 11496
1512074110000 11496
1512074110000 11497
1512074110000 11497
1512074110000 11497
1512074110000 11497
1512074110000 11497
1512074110000 11497
1512074110000 11498
1512074110000 11498
1512074110000 11498
1512074110000 11498
1512074110000 11498
1512074110000 11498
1512074110000 11498
1512074110000 11499
1512074110000 11499
1512074110000 11499
1512074110000 11499
1512074110000 11499
1512074110000 11499
1512074110000 11499
1512074110000 11500
1512074110000 11500
1512074110000 11500
1512074110000 11500
1512074110000 11500
1512074110000 11500
1512074110000 11500
1512074110000 11501
1512074110000 11501
1512074110000 11501
1512074110000 11501
1512074110000 11501
1512074110000 11501
1512074110000 11502
1512074110000 11502
1512074110000 11502
1512074110000 11502
1512074110000 11502
1512074110000 11502
1512074110000 11502
1512074110000 11503
1512074110000 11503
1512074110000 11503
1512074110000 11503
1512074110000 11503
1512074110000 11503
1512074110000 11503
1512074110000 11504
1512074110000 11504
1512074110000 11504
1512074110000 11504
1512074110000 11504
1512074110000 11504
1512074110000 11504
1512074110000 11505
1512074110000 11505
1512074110000 11505
1512074110000 11505
1512074110000 11505
1512074110000 11505
1512074120000 11491
1512074120000 11491
1512074120000 11491
1512074120000 11492
1512074120000 11492
1512074120000 11492
1512074120000 11492
1512074120000 11492
1512074120000 11492
1512074120000 11492
1512074120000 11493
1512074120000 11493
1512074120000 11493
1512074120000 11493
1512074120000 11493
1512074120000 11493
1512074120000 11494
1512074120000 11494
1512074120000 11494
1512074120000 11494
1512074120000 11494
1512074120000 11494
1512074120000 11494
1512074120000 11495
1512074120000 11495
1512074120000 11495
1512074120000 11495
1512074120000 11495
1512074120000 11495
1512074120000 11496
1512074120000 11496
1512074120000 11496
1512074120000 11496
1512074120000 11496
1512074120000 11496
1512074120000 11497
1512074120000 11497
1512074120000 11497
1512074120000 11497
1512074120000 11497
1512074120000 11497
1512074120000 11498
1512074120000 11498
1512074120000 11498
1512074120000 11498
1512074120000 11498
1512074120000 11498
1512074120000 11498
1512074120000 11499
1512074120000 11499
1512074120000 11499
1512074120000 11499
1512074120000 11499
1512074120000 11499
1512074120000 11500
1512074120000 11500
1512074120000 11500
1512074120000 11500
1512074120000 11500
1512074120000 11500
1512074120000 11500
1512074120000 11501
1512074120000 11501
1512074120000 11501
1512074120000 11501
1512074120000 11501
1512074120000 11501
1512074120000 11502
1512074120000 11502
1512074120000 11502
1512074120000 11502
1512074120000 11502
1512074120000 11502
1512074120000 11503
1512074120000 11503
1512074120000 11503
1512074120000 11503
1512074120000 11503
1512074120000 11503
1512074120000 11504
1512074120000 11504
1512074120000 11504
1512074120000 11504
1512074120000 11504
1512074120000 11504
1512074120000 11504
1512074120000 11505
1512074120000 11505
1512074120000 11505
1512074120000 11505
1512074120000 11505
1512074120000 11505
1512074120000 11506
1512074120000 11506
1512074120000 11506
1512074120000 11506
1512074120000 11506
1512074120000 11506
1512074120000 11507
1512074120000 11507
1512074130000 11497
1512074130000 11497
1512074130000 11498
1512074130000 11498
1512074130000 11498
1512074130000 11498
1512074130000 11498
1512074130000 11498
1512074130000 11499
1512074130000 11499
1512074130000 11499
1512074130000 11499
1512074130000 11499
1512074130000 11499
1512074130000 11500
1512074130000 11500
1512074130000 11500
1512074130000 11500
1512074130000 11500
1512074130000 11500
1512074130000 11501
1512074130000 11501
1512074130000 11501
1512074130000 11501
1512074130000 11501
1512074130000 11501
1512074130000 11501
1512074130000 11502
1512074130000 11502
1512074130000 11502
1512074130000 11502
1512074130000 11502
1512074130000 11502
1512074130000 11503
1512074130000 11503
1512074130000 11503
1512074130000 11503
1512074130000 11503
1512074130000 11503
1512074130000 11503
1512074130000 11504
1512074130000 11504
1512074130000 11504
1512074130000 11504
1512074130000 11504
1512074130000 11504
1512074130000 11504
1512074130000 11505
1512074130000 11505
1512074130000 11505
1512074130000 11505
1512074130000 11505
1512074130000 11505
1512074130000 11505
1512074130000 11506
1512074130000 11506
1512074130000 11506
1512074130000 11506
1512074130000 11506
1512074130000 11506
1512074130000 11506
1512074130000 11507
1512074130000 11507
1512074130000 11507
1512074130000 11507
1512074130000 11507
1512074130000 11507
1512074130000 11507
1512074130000 11508
1512074130000 11508
1512074130000 11508
1512074130000 11508
1512074130000 11508
1512074130000 11508
1512074130000 11509
1512074130000 11509
1512074130000 11509
1512074130000 11509
1512074130000 11509
1512074130000 11509
1512074130000 11509
1512074130000 11510
1512074130000 11510
1512074130000 11510
1512074130000 11510
1512074130000 11510
1512074130000 11510
1512074130000 11510
1512074130000 11511
1512074130000 11511
1512074130000 11511
1512074130000 11511
1512074130000 11511
1512074130000 11511
1512074130000 11511
1512074130000 11512
1512074130000 11512
1512074130000 11512
1512074130000 11512
1512074130000 11512
1512074140000 11472
1512074140000 11472
1512074140000 11472
1512074140000 11472
1512074140000 11473
1512074140000 11473
1512074140000 11473
1512074140000 11473
1512074140000 11473
1512074140000 11473
1512074140000 11474
1512074140000 11474
1512074140000 11474
1512074140000 11474
1512074140000 11474
1512074140000 11474
1512074140000 11474
1512074140000 11475
1512074140000 11475
1512074140000 11475
1512074140000 11475
1512074140000 11475
1512074140000 11475
1512074140000 11476
1512074140000 11476
1512074140000 11476
1512074140000 11476
1512074140000 11476
1512074140000 11476
1512074140000 11476
1512074140000 11477
1512074140000 11477
1512074140000 11477
1512074140000 11477
1512074140000 11477
1512074140000 11477
1512074140000 11478
1512074140000 11478
1512074140000 11478
1512074140000 11478
1512074140000 11478
1512074140000 11478
1512074140000 11478
1512074140000 11479
1512074140000 11479
1512074140000 11479
1512074140000 11479
1512074140000 11479
1512074140000 11479
1512074140000 11480
1512074140000 11480
1512074140000 11480
1512074140000 11480
1512074140000 11480
1512074140000 11480
1512074140000 11481
1512074140000 11481
1512074140000 11481
1512074140000 11481
1512074140000 11481
1512074140000 11481
1512074140000 11481
1512074140000 11482
1512074140000 11482
1512074140000 11482
1512074140000 11482
1512074140000 11482
1512074140000 11482
1512074140000 11483
1512074140000 11483
1512074140000 11483
1512074140000 11483
1512074140000 11483
1512074140000 11483
1512074140000 11483
1512074140000 11484
1512074140000 11484
1512074140000 11484
1512074140000 11484
1512074140000 11484
1512074140000 11484
1512074140000 11485
1512074140000 11485
1512074140000 11485
1512074140000 11485
1512074140000 11485
1512074140000 11485
1512074140000 11486
1512074140000 11486
1512074140000 11486
1512074140000 11486
1512074140000 11486
1512074140000 11486
1512074140000 11486
1512074140000 11487
1512074140000 11487
1512074140000 11487
1512074140000 11487
1512074140000 11487
1512074140000 11487
1512074150000 11483
1512074150000 11483
1512074150000 11484
1512074150000 11484
1512074150000 11484
1512074150000 11484
1512074150000 11484
1512074150000 11484
1512074150000 11484
1512074150000 11485
1512074150000 11485
1512074150000 11485
1512074150000 11485
1512074150000 11485
1512074150000 11485
1512074150000 11485
1512074150000 11486
1512074150000 11486
1512074150000 11486
1512074150000 11486
1512074150000 11486
1512074150000 11486
1512074150000 11486
1512074150000 11487
1512074150000 11487
1512074150000 11487
1512074150000 11487
1512074150000 11487
1512074150000 11487
1512074150000 11487
1512074150000 11488
1512074150000 11488
1512074150000 11488
1512074150000 11488
1512074150000 11488
1512074150000 11488
1512074150000 11488
1512074150000 11489
1512074150000 11489
1512074150000 11489
1512074150000 11489
1512074150000 11489
1512074150000 11489
1512074150000 11490
1512074150000 11490
1512074150000 11490
1512074150000 11490
1512074150000 11490
1512074150000 11490
1512074150000 11490
1512074150000 11491
1512074150000 11491
1512074150000 11491
1512074150000 11491
1512074150000 11491
1512074150000 11491
1512074150000 11491
1512074150000 11492
1512074150000 11492
1512074150000 11492
1512074150000 11492
1512074150000 11492
1512074150000 11492
1512074150000 11492
1512074150000 11493
1512074150000 11493
1512074150000 11493
1512074150000 11493
1512074150000 11493
1512074150000 11493
1512074150000 11493
1512074150000 11494
1512074150000 11494
1512074150000 11494
1512074150000 11494
1512074150000 11494
1512074150000 11494
1512074150000 11494
1512074150000 11495
1512074150000 11495
1512074150000 11495
1512074150000 11495
1512074150000 11495
1512074150000 11495
1512074150000 11495
1512074150000 11496
1512074150000 11496
1512074150000 11496
1512074150000 11496
1512074150000 11496
1512074150000 11496
1512074150000 11497
1512074150000 11497
1512074150000 11497
1512074150000 11497
1512074150000 11497
1512074150000 11497
1512074150000 11497
1512074150000 11498
1512074150000 11498
1512074160000 11466
1512074160000 11466
1512074160000 11467
1512074160000 11467
1512074160000 11467
1512074160000 11467
1512074160000 11467
1512074160000 11467
1512074160000 11467
1512074160000 11468
1512074160000 11468
1512074160000 11468
1512074160000 11468
1512074160000 11468
1512074160000 11468
1512074160000 11469
1512074160000 11469
1512074160000 11469
1512074160000 11469
1512074160000 11469
1512074160000 11469
1512074160000 11469
1512074160000 11470
1512074160000 11470
1512074160000 11470
1512074160000 11470
1512074160000 11470
1512074160000 11470
1512074160000 11470
1512074160000 11471
1512074160000 11471
1512074160000 11471
1512074160000 11471
1512074160000 11471
1512074160000 11471
1512074160000 11471
1512074160000 11472
1512074160000 11472
1512074160000 11472
1512074160000 11472
1512074160000 11472
1512074160000 11472
1512074160000 11472
1512074160000 11473
1512074160000 11473
1512074160000 11473
1512074160000 11473
1512074160000 11473
1512074160000 11473
1512074160000 11474
1512074160000 11474
1512074160000 11474
1512074160000 11474
1512074160000 11474
1512074160000 11474
1512074160000 11474
1512074160000 11475
1512074160000 11475
1512074160000 11475
1512074160000 11475
1512074160000 11475
1512074160000 11475
1512074160000 11475
1512074160000 11476
1512074160000 11476
1512074160000 11476
1512074160000 11476
1512074160000 11476
1512074160000 11476
1512074160000 11477
1512074160000 11477
1512074160000 11477
1512074160000 11477
1512074160000 11477
1512074160000 11477
1512074160000 11477
1512074160000 11478
1512074160000 11478
1512074160000 11478
1512074160000 11478
1512074160000 11478
1512074160000 11478
1512074160000 11478
1512074160000 11479
1512074160000 11479
1512074160000 11479
1512074160000 11479
1512074160000 11479
1512074160000 11479
1512074160000 11479
1512074160000 11480
1512074160000 11480
1512074160000 11480
1512074160000 11480
1512074160000 11480
1512074160000 11480
1512074160000 11480
1512074160000 11481
1512074160000 11481
1512074160000 11481
1512074170000 11468
1512074170000 11468
1512074170000 11468
1512074170000 11469
1512074170000 11469
1512074170000 11469
1512074170000 11469
1512074170000 11469
1512074170000 11469
1512074170000 11469
1512074170000 11470
1512074170000 11470
1512074170000 11470
1512074170000 11470
1512074170000 11470
1512074170000 11470
1512074170000 11470
1512074170000 11471
1512074170000 11471
1512074170000 11471
1512074170000 11471
1512074170000 11471
1512074170000 11471
1512074170000 11471
1512074170000 11472
1512074170000 11472
1512074170000 11472
1512074170000 11472
1512074170000 11472
1512074170000 11472
1512074170000 11472
1512074170000 11473
1512074170000 11473
1512074170000 11473
1512074170000 11473
1512074170000 11473
1512074170000 11473
1512074170000 11474
1512074170000 11474
1512074170000 11474
1512074170000 11474
1512074170000 11474
1512074170000 11474
1512074170000 11474
1512074170000 11475
1512074170000 11475
1512074170000 11475
1512074170000 11475
1512074170000 11475
1512074170000 11475
1512074170000 11475
1512074170000 11476
1512074170000 11476
1512074170000 11476
1512074170000 11476
1512074170000 11476
1512074170000 11476
1512074170000 11476
1512074170000 11477
1512074170000 11477
1512074170000 11477
1512074170000 11477
1512074170000 11477
1512074170000 11477
1512074170000 11478
1512074170000 11478
1512074170000 11478
1512074170000 11478
1512074170000 11478
1512074170000 11478
1512074170000 11478
1512074170000 11479
1512074170000 11479
1512074170000 11479
1512074170000 11479
1512074170000 11479
1512074170000 11479
1512074170000 11480
1512074170000 11480
1512074170000 11480
1512074170000 11480
1512074170000 11480
1512074170000 11480
1512074170000 11481
1512074170000 11481
1512074170000 11481
1512074170000 11481
1512074170000 11481
1512074170000 11481
1512074170000 11481
1512074170000 11482
1512074170000 11482
1512074170000 11482
1512074170000 11482
1512074170000 11482
1512074170000 11482
1512074170000 11483
1512074170000 11483
1512074170000 11483
1512074170000 11483
1512074180000 11455
1512074180000 11455
1512074180000 11455
1512074180000 11455
1512074180000 11455
1512074180000 11455
1512074180000 11456
1512074180000 11456
1512074180000 11456
1512074180000 11456
1512074180000 11456
1512074180000 11456
1512074180000 11457
1512074180000 11457
1512074180000 11457
1512074180000 11457
1512074180000 11457
1512074180000 11457
1512074180000 11457
1512074180000 11458
1512074180000 11458
1512074180000 11458
1512074180000 11458
1512074180000 11458
1512074180000 11458
1512074180000 11459
1512074180000 11459
1512074180000 11459
1512074180000 11459
1512074180000 11459
1512074180000 11459
1512074180000 11459
1512074180000 11460
1512074180000 11460
1512074180000 11460
1512074180000 11460
1512074180000 11460
1512074180000 11460
1512074180000 11461
1512074180000 11461
1512074180000 11461
1512074180000 11461
1512074180000 11461
1512074180000 11461
1512074180000 11461
1512074180000 11462
1512074180000 11462
1512074180000 11462
1512074180000 11462
1512074180000 11462
1512074180000 11462
1512074180000 11463
1512074180000 11463
1512074180000 11463
1512074180000 11463
1512074180000 11463
1512074180000 11463
1512074180000 11463
1512074180000 11464
1512074180000 11464
1512074180000 11464
1512074180000 11464
1512074180000 11464
1512074180000 11464
1512074180000 11465
1512074180000 11465
1512074180000 11465
1512074180000 11465
1512074180000 11465
1512074180000 11465
1512074180000 11465
1512074180000 11466
1512074180000 11466
1512074180000 11466
1512074180000 11466
1512074180000 11466
1512074180000 11466
1512074180000 11467
1512074180000 11467
1512074180000 11467
1512074180000 11467
1512074180000 11467
1512074180000 11467
1512074180000 11467
1512074180000 11468
1512074180000 11468
1512074180000 11468
1512074180000 11468
1512074180000 11468
1512074180000 11468
1512074180000 11469
1512074180000 11469
1512074180000 11469
1512074180000 11469
1512074180000 11469
1512074180000 11469
1512074180000 11470
1512074180000 11470
1512074180000 11470
1512074180000 11470
1512074190000 9544
1512074190000 9544
1512074190000 9544
1512074190000 9544
1512074190000 9545
1512074190000 9545
1512074190000 9545
1512074190000 9545
1512074190000 9545
1512074190000 9545
1512074190000 9545
1512074190000 9545
1512074190000 9545
1512074190000 9545
1512074190000 9545
1512074190000 9546
1512074190000 9546
1512074190000 9546
1512074190000 9546
1512074190000 9546
1512074190000 9546
1512074190000 9546
1512074190000 9546
1512074190000 9546
1512074190000 9546
1512074190000 9547
1512074190000 9547
1512074190000 9547
1512074190000 9547
1512074190000 9547
1512074190000 9547
1512074190000 9547
1512074190000 9547
1512074190000 9547
1512074190000 9547
1512074190000 9548
1512074190000 9548
1512074190000 9548
1512074190000 9548
1512074190000 9548
1512074190000 9548
1512074190000 9548
1512074190000 9548
1512074190000 9548
1512074190000 9548
1512074190000 9548
1512074190000 9549
1512074190000 9549
1512074190000 9549
1512074190000 9549
1512074190000 9549
1512074190000 9549
1512074190000 9549
1512074190000 9549
1512074190000 9549
1512074190000 9549
1512074190000 9550
1512074190000 9550
1512074190000 9550
1512074190000 9550
1512074190000 9550
1512074190000 9550
1512074190000 9550
1512074190000 9550
1512074190000 9550
1512074190000 9550
1512074190000 9550
1512074190000 9551
1512074190000 9551
1512074190000 9551
1512074190000 9551
1512074190000 9551
1512074190000 9551
1512074190000 9551
1512074190000 9551
1512074190000 9551
1512074190000 9551
1512074190000 9552
1512074190000 9552
1512074190000 9552
1512074190000 9552
1512074190000 9552
1512074190000 9552
1512074190000 9552
1512074190000 9552
1512074190000 9552
1512074190000 9552
1512074190000 9552
1512074190000 9553
1512074190000 9553
1512074190000 9553
1512074190000 9553
1512074190000 9553
1512074190000 9553
1512074190000 9553
1512074190000 9553
1512074190000 9553
1512074190000 9553
1512074190000 9554
1512074190000 9554
