1512061340000 10339
1512061340000 10339
1512061340000 10340
1512061340000 10340
1512061340000 10341
1512061340000 10341
1512061340000 10341
1512061340000 10342
1512061340000 10342
1512061340000 10342
1512061340000 10343
1512061340000 10343
1512061340000 10343
1512061340000 10344
1512061340000 10410
1512061340000 10410
1512061340000 10410
1512061340000 10411
1512061340000 10411
1512061340000 10411
1512061340000 10412
1512061340000 10412
1512061340000 10412
1512061340000 10413
1512061340000 10413
1512061340000 10413
1512061340000 10414
1512061340000 10414
1512061340000 10414
1512061340000 10414
1512061340000 10415
1512061340000 10415
1512061340000 10415
1512061340000 10416
1512061340000 10416
1512061340000 10416
1512061340000 10421
1512061340000 10426
1512061340000 10427
1512061340000 10427
1512061340000 10427
1512061340000 10428
1512061340000 10428
1512061340000 10429
1512061340000 10429
1512061340000 10430
1512061340000 10430
1512061340000 10431
1512061340000 10431
1512061340000 10432
1512061340000 10432
1512061340000 10496
1512061340000 10496
1512061340000 10497
1512061340000 10497
1512061340000 10498
1512061340000 10498
1512061340000 10499
1512061340000 10499
1512061340000 10500
1512061340000 10500
1512061340000 10501
1512061340000 10501
1512061340000 10502
1512061340000 10502
1512061340000 10503
1512061340000 10503
1512061340000 10504
1512061340000 10504
1512061340000 10505
1512061340000 10505
1512061340000 10506
1512061340000 10506
1512061340000 10507
1512061340000 10511
1512061340000 10511
1512061340000 10512
1512061340000 10512
1512061340000 10512
1512061340000 10513
1512061340000 10513
1512061340000 10513
1512061340000 10514
1512061340000 10514
1512061340000 10514
1512061340000 10515
1512061340000 10515
1512061340000 10515
1512061340000 10515
1512061340000 10516
1512061340000 10516
1512061340000 10516
1512061340000 10517
1512061340000 10517
1512061340000 10517
1512061340000 10518
1512061340000 10518
1512061340000 10518
1512061340000 10519
1512061340000 10519
1512061350000 10087
1512061350000 10088
1512061350000 10088
1512061350000 10088
1512061350000 10089
1512061350000 10089
1512061350000 10090
1512061350000 10090
1512061350000 10090
1512061350000 10091
1512061350000 10091
1512061350000 10091
1512061350000 10091
1512061350000 10092
1512061350000 10092
1512061350000 10092
1512061350000 10092
1512061350000 10092
1512061350000 10092
1512061350000 10092
1512061350000 10092
1512061350000 10093
1512061350000 10093
1512061350000 10093
1512061350000 10093
1512061350000 10093
1512061350000 10093
1512061350000 10093
1512061350000 10094
1512061350000 10094
1512061350000 10094
1512061350000 10094
1512061350000 10094
1512061350000 10099
1512061350000 10099
1512061350000 10100
1512061350000 10100
1512061350000 10100
1512061350000 10100
1512061350000 10100
1512061350000 10100
1512061350000 10100
1512061350000 10101
1512061350000 10101
1512061350000 10101
1512061350000 10101
1512061350000 10101
1512061350000 10101
1512061350000 10101
1512061350000 10102
1512061350000 10102
1512061350000 10102
1512061350000 10102
1512061350000 10102
1512061350000 10102
1512061350000 10102
1512061350000 10102
1512061350000 10103
1512061350000 10103
1512061350000 10103
1512061350000 10103
1512061350000 10103
1512061350000 10103
1512061350000 10103
1512061350000 10104
1512061350000 10104
1512061350000 10104
1512061350000 10104
1512061350000 10104
1512061350000 10104
1512061350000 10104
1512061350000 10105
1512061350000 10105
1512061350000 10105
1512061350000 10106
1512061350000 10106
1512061350000 10106
1512061350000 10115
1512061350000 10115
1512061350000 10116
1512061350000 10116
1512061350000 10117
1512061350000 10117
1512061350000 10117
1512061350000 10118
1512061350000 10118
1512061350000 10119
1512061350000 10119
1512061350000 10120
1512061350000 10120
1512061350000 10120
1512061350000 10121
1512061350000 10121
1512061350000 10121
1512061350000 10122
1512061350000 10122
1512061350000 10123
1512061350000 10123
1512061350000 10123
1512061350000 10123
1512061360000 10104
1512061360000 10104
1512061360000 10104
1512061360000 10105
1512061360000 10105
1512061360000 10105
1512061360000 10106
1512061360000 10106
1512061360000 10106
1512061360000 10107
1512061360000 10107
1512061360000 10107
1512061360000 10108
1512061360000 10108
1512061360000 10108
1512061360000 10109
1512061360000 10109
1512061360000 10109
1512061360000 10110
1512061360000 10110
1512061360000 10110
1512061360000 10111
1512061360000 10111
1512061360000 10111
1512061360000 10112
1512061360000 10112
1512061360000 10112
1512061360000 10113
1512061360000 10113
1512061360000 10113
1512061360000 10113
1512061360000 10113
1512061360000 10114
1512061360000 10114
1512061360000 10114
1512061360000 10115
1512061360000 10115
1512061360000 10115
1512061360000 10116
1512061360000 10116
1512061360000 10116
1512061360000 10117
1512061360000 10117
1512061360000 10117
1512061360000 10118
1512061360000 10118
1512061360000 10118
1512061360000 10119
1512061360000 10119
1512061360000 10119
1512061360000 10252
1512061360000 10252
1512061360000 10252
1512061360000 10252
1512061360000 10253
1512061360000 10253
1512061360000 10253
1512061360000 10253
1512061360000 10253
1512061360000 10253
1512061360000 10254
1512061360000 10254
1512061360000 10254
1512061360000 10254
1512061360000 10254
1512061360000 10255
1512061360000 10256
1512061360000 10256
1512061360000 10257
1512061360000 10257
1512061360000 10257
1512061360000 10257
1512061360000 10257
1512061360000 10257
1512061360000 10258
1512061360000 10258
1512061360000 10258
1512061360000 10258
1512061360000 10258
1512061360000 10258
1512061360000 10259
1512061360000 10259
1512061360000 10259
1512061360000 10259
1512061360000 10259
1512061360000 10259
1512061360000 10259
1512061360000 10260
1512061360000 10260
1512061360000 10260
1512061360000 10260
1512061360000 10260
1512061360000 10260
1512061360000 10261
1512061360000 10261
1512061360000 10261
1512061360000 10262
1512061360000 10262
1512061360000 10262
1512061360000 10263
1512061370000 10080
1512061370000 10081
1512061370000 10081
1512061370000 10081
1512061370000 10082
1512061370000 10082
1512061370000 10082
1512061370000 10082
1512061370000 10082
1512061370000 10082
1512061370000 10083
1512061370000 10083
1512061370000 10083
1512061370000 10083
1512061370000 10083
1512061370000 10083
1512061370000 10083
1512061370000 10083
1512061370000 10083
1512061370000 10083
1512061370000 10083
1512061370000 10083
1512061370000 10084
1512061370000 10084
1512061370000 10084
1512061370000 10084
1512061370000 10084
1512061370000 10084
1512061370000 10084
1512061370000 10084
1512061370000 10084
1512061370000 10084
1512061370000 10084
1512061370000 10084
1512061370000 10085
1512061370000 10085
1512061370000 10085
1512061370000 10085
1512061370000 10085
1512061370000 10085
1512061370000 10085
1512061370000 10085
1512061370000 10085
1512061370000 10085
1512061370000 10086
1512061370000 10086
1512061370000 10086
1512061370000 10086
1512061370000 10086
1512061370000 10086
1512061370000 10087
1512061370000 10087
1512061370000 10087
1512061370000 10087
1512061370000 10088
1512061370000 10089
1512061370000 10089
1512061370000 10089
1512061370000 10089
1512061370000 10090
1512061370000 10090
1512061370000 10090
1512061370000 10090
1512061370000 10091
1512061370000 10091
1512061370000 10091
1512061370000 10091
1512061370000 10091
1512061370000 10091
1512061370000 10092
1512061370000 10092
1512061370000 10092
1512061370000 10092
1512061370000 10092
1512061370000 10092
1512061370000 10092
1512061370000 10092
1512061370000 10093
1512061370000 10093
1512061370000 10093
1512061370000 10093
1512061370000 10093
1512061370000 10093
1512061370000 10093
1512061370000 10094
1512061370000 10094
1512061370000 10094
1512061370000 10094
1512061370000 10094
1512061370000 10095
1512061370000 10095
1512061370000 10095
1512061370000 10095
1512061370000 10096
1512061370000 10096
1512061370000 10096
1512061370000 10096
1512061370000 10097
1512061370000 10097
1512061370000 10097
1512061380000 10078
1512061380000 10079
1512061380000 10079
1512061380000 10079
1512061380000 10080
1512061380000 10080
1512061380000 10081
1512061380000 10081
1512061380000 10081
1512061380000 10082
1512061380000 10082
1512061380000 10082
1512061380000 10083
1512061380000 10083
1512061380000 10084
1512061380000 10084
1512061380000 10090
1512061380000 10090
1512061380000 10090
1512061380000 10091
1512061380000 10091
1512061380000 10091
1512061380000 10091
1512061380000 10092
1512061380000 10092
1512061380000 10092
1512061380000 10092
1512061380000 10093
1512061380000 10093
1512061380000 10093
1512061380000 10094
1512061380000 10094
1512061380000 10094
1512061380000 10094
1512061380000 10095
1512061380000 10096
1512061380000 10096
1512061380000 10097
1512061380000 10097
1512061380000 10097
1512061380000 10097
1512061380000 10098
1512061380000 10098
1512061380000 10098
1512061380000 10098
1512061380000 10099
1512061380000 10099
1512061380000 10099
1512061380000 10099
1512061380000 10100
1512061380000 10100
1512061380000 10100
1512061380000 10101
1512061380000 10101
1512061380000 10101
1512061380000 10101
1512061380000 10102
1512061380000 10102
1512061380000 10102
1512061380000 10102
1512061380000 10102
1512061380000 10102
1512061380000 10103
1512061380000 10103
1512061380000 10103
1512061380000 10103
1512061380000 10103
1512061380000 10103
1512061380000 10104
1512061380000 10104
1512061380000 10104
1512061380000 10104
1512061380000 10104
1512061380000 10104
1512061380000 10104
1512061380000 10104
1512061380000 10105
1512061380000 10105
1512061380000 10105
1512061380000 10105
1512061380000 10105
1512061380000 10105
1512061380000 10105
1512061380000 10105
1512061380000 10106
1512061380000 10106
1512061380000 10106
1512061380000 10106
1512061380000 10106
1512061380000 10106
1512061380000 10106
1512061380000 10106
1512061380000 10107
1512061380000 10107
1512061380000 10107
1512061380000 10107
1512061380000 10108
1512061380000 10108
1512061380000 10108
1512061380000 10108
1512061390000 10078
1512061390000 10078
1512061390000 10078
1512061390000 10078
1512061390000 10079
1512061390000 10079
1512061390000 10079
1512061390000 10080
1512061390000 10080
1512061390000 10080
1512061390000 10080
1512061390000 10081
1512061390000 10081
1512061390000 10081
1512061390000 10081
1512061390000 10082
1512061390000 10082
1512061390000 10082
1512061390000 10082
1512061390000 10083
1512061390000 10085
1512061390000 10085
1512061390000 10086
1512061390000 10086
1512061390000 10087
1512061390000 10087
1512061390000 10087
1512061390000 10088
1512061390000 10088
1512061390000 10088
1512061390000 10088
1512061390000 10089
1512061390000 10089
1512061390000 10089
1512061390000 10089
1512061390000 10089
1512061390000 10089
1512061390000 10090
1512061390000 10090
1512061390000 10090
1512061390000 10090
1512061390000 10091
1512061390000 10091
1512061390000 10091
1512061390000 10091
1512061390000 10091
1512061390000 10092
1512061390000 10092
1512061390000 10092
1512061390000 10092
1512061390000 10092
1512061390000 10092
1512061390000 10092
1512061390000 10093
1512061390000 10093
1512061390000 10093
1512061390000 10093
1512061390000 10093
1512061390000 10093
1512061390000 10093
1512061390000 10094
1512061390000 10094
1512061390000 10094
1512061390000 10094
1512061390000 10094
1512061390000 10094
1512061390000 10094
1512061390000 10095
1512061390000 10095
1512061390000 10095
1512061390000 10095
1512061390000 10095
1512061390000 10095
1512061390000 10096
1512061390000 10096
1512061390000 10096
1512061390000 10096
1512061390000 10096
1512061390000 10096
1512061390000 10097
1512061390000 10097
1512061390000 10097
1512061390000 10097
1512061390000 10097
1512061390000 10097
1512061390000 10097
1512061390000 10097
1512061390000 10098
1512061390000 10098
1512061390000 10098
1512061390000 10098
1512061390000 10098
1512061390000 10098
1512061390000 10098
1512061390000 10099
1512061390000 10099
1512061390000 10099
1512061390000 10099
1512061390000 10099
1512061390000 10099
1512061400000 10074
1512061400000 10075
1512061400000 10075
1512061400000 10075
1512061400000 10075
1512061400000 10075
1512061400000 10075
1512061400000 10075
1512061400000 10076
1512061400000 10076
1512061400000 10076
1512061400000 10076
1512061400000 10076
1512061400000 10076
1512061400000 10076
1512061400000 10077
1512061400000 10081
1512061400000 10081
1512061400000 10082
1512061400000 10082
1512061400000 10082
1512061400000 10083
1512061400000 10083
1512061400000 10083
1512061400000 10083
1512061400000 10083
1512061400000 10083
1512061400000 10084
1512061400000 10084
1512061400000 10084
1512061400000 10084
1512061400000 10084
1512061400000 10084
1512061400000 10084
1512061400000 10085
1512061400000 10085
1512061400000 10085
1512061400000 10085
1512061400000 10085
1512061400000 10085
1512061400000 10085
1512061400000 10085
1512061400000 10086
1512061400000 10086
1512061400000 10086
1512061400000 10086
1512061400000 10086
1512061400000 10086
1512061400000 10086
1512061400000 10086
1512061400000 10086
1512061400000 10087
1512061400000 10087
1512061400000 10087
1512061400000 10087
1512061400000 10087
1512061400000 10087
1512061400000 10087
1512061400000 10087
1512061400000 10087
1512061400000 10087
1512061400000 10088
1512061400000 10088
1512061400000 10088
1512061400000 10088
1512061400000 10088
1512061400000 10088
1512061400000 10088
1512061400000 10088
1512061400000 10088
1512061400000 10089
1512061400000 10089
1512061400000 10089
1512061400000 10089
1512061400000 10089
1512061400000 10089
1512061400000 10089
1512061400000 10089
1512061400000 10090
1512061400000 10090
1512061400000 10090
1512061400000 10090
1512061400000 10090
1512061400000 10090
1512061400000 10090
1512061400000 10090
1512061400000 10091
1512061400000 10091
1512061400000 10091
1512061400000 10091
1512061400000 10091
1512061400000 10091
1512061400000 10092
1512061400000 10092
1512061400000 10092
1512061400000 10093
1512061400000 10093
1512061400000 10093
1512061400000 10094
1512061400000 10094
1512061410000 10077
1512061410000 10077
1512061410000 10077
1512061410000 10078
1512061410000 10078
1512061410000 10078
1512061410000 10078
1512061410000 10079
1512061410000 10079
1512061410000 10079
1512061410000 10079
1512061410000 10080
1512061410000 10080
1512061410000 10080
1512061410000 10080
1512061410000 10080
1512061410000 10081
1512061410000 10081
1512061410000 10081
1512061410000 10081
1512061410000 10082
1512061410000 10085
1512061410000 10085
1512061410000 10085
1512061410000 10085
1512061410000 10085
1512061410000 10086
1512061410000 10086
1512061410000 10086
1512061410000 10086
1512061410000 10086
1512061410000 10086
1512061410000 10086
1512061410000 10086
1512061410000 10087
1512061410000 10087
1512061410000 10087
1512061410000 10087
1512061410000 10087
1512061410000 10087
1512061410000 10087
1512061410000 10087
1512061410000 10088
1512061410000 10088
1512061410000 10088
1512061410000 10089
1512061410000 10089
1512061410000 10089
1512061410000 10090
1512061410000 10090
1512061410000 10090
1512061410000 10090
1512061410000 10091
1512061410000 10091
1512061410000 10091
1512061410000 10092
1512061410000 10092
1512061410000 10092
1512061410000 10093
1512061410000 10093
1512061410000 10093
1512061410000 10102
1512061410000 10102
1512061410000 10102
1512061410000 10103
1512061410000 10103
1512061410000 10103
1512061410000 10104
1512061410000 10104
1512061410000 10104
1512061410000 10105
1512061410000 10105
1512061410000 10105
1512061410000 10106
1512061410000 10106
1512061410000 10106
1512061410000 10106
1512061410000 10107
1512061410000 10107
1512061410000 10107
1512061410000 10108
1512061410000 10108
1512061410000 10108
1512061410000 10109
1512061410000 10109
1512061410000 10109
1512061410000 10109
1512061410000 10242
1512061410000 10242
1512061410000 10243
1512061410000 10243
1512061410000 10243
1512061410000 10244
1512061410000 10244
1512061410000 10244
1512061410000 10245
1512061410000 10245
1512061410000 10245
1512061410000 10245
1512061410000 10246
1512061420000 10079
1512061420000 10079
1512061420000 10079
1512061420000 10079
1512061420000 10079
1512061420000 10079
1512061420000 10079
1512061420000 10080
1512061420000 10080
1512061420000 10080
1512061420000 10080
1512061420000 10080
1512061420000 10080
1512061420000 10080
1512061420000 10080
1512061420000 10080
1512061420000 10080
1512061420000 10080
1512061420000 10081
1512061420000 10081
1512061420000 10081
1512061420000 10081
1512061420000 10081
1512061420000 10081
1512061420000 10081
1512061420000 10081
1512061420000 10081
1512061420000 10081
1512061420000 10082
1512061420000 10082
1512061420000 10082
1512061420000 10088
1512061420000 10088
1512061420000 10088
1512061420000 10089
1512061420000 10089
1512061420000 10089
1512061420000 10090
1512061420000 10090
1512061420000 10090
1512061420000 10091
1512061420000 10091
1512061420000 10091
1512061420000 10092
1512061420000 10092
1512061420000 10092
1512061420000 10092
1512061420000 10092
1512061420000 10092
1512061420000 10093
1512061420000 10093
1512061420000 10093
1512061420000 10093
1512061420000 10093
1512061420000 10093
1512061420000 10093
1512061420000 10094
1512061420000 10094
1512061420000 10094
1512061420000 10094
1512061420000 10094
1512061420000 10094
1512061420000 10094
1512061420000 10095
1512061420000 10095
1512061420000 10095
1512061420000 10095
1512061420000 10095
1512061420000 10095
1512061420000 10095
1512061420000 10096
1512061420000 10096
1512061420000 10096
1512061420000 10114
1512061420000 10115
1512061420000 10115
1512061420000 10115
1512061420000 10116
1512061420000 10116
1512061420000 10117
1512061420000 10117
1512061420000 10117
1512061420000 10118
1512061420000 10118
1512061420000 10119
1512061420000 10119
1512061420000 10119
1512061420000 10120
1512061420000 10120
1512061420000 10120
1512061420000 10121
1512061420000 10121
1512061420000 10122
1512061420000 10122
1512061420000 10122
1512061420000 10123
1512061420000 10123
1512061420000 10123
1512061420000 10124
1512061420000 10124
1512061430000 10102
1512061430000 10102
1512061430000 10102
1512061430000 10103
1512061430000 10103
1512061430000 10103
1512061430000 10103
1512061430000 10104
1512061430000 10104
1512061430000 10104
1512061430000 10104
1512061430000 10105
1512061430000 10105
1512061430000 10105
1512061430000 10105
1512061430000 10106
1512061430000 10106
1512061430000 10148
1512061430000 10148
1512061430000 10148
1512061430000 10149
1512061430000 10149
1512061430000 10149
1512061430000 10150
1512061430000 10150
1512061430000 10150
1512061430000 10151
1512061430000 10151
1512061430000 10151
1512061430000 10152
1512061430000 10152
1512061430000 10152
1512061430000 10152
1512061430000 10153
1512061430000 10153
1512061430000 10153
1512061430000 10153
1512061430000 10153
1512061430000 10153
1512061430000 10154
1512061430000 10154
1512061430000 10154
1512061430000 10154
1512061430000 10155
1512061430000 10155
1512061430000 10155
1512061430000 10156
1512061430000 10156
1512061430000 10156
1512061430000 10156
1512061430000 10156
1512061430000 10156
1512061430000 10157
1512061430000 10157
1512061430000 10157
1512061430000 10157
1512061430000 10157
1512061430000 10157
1512061430000 10157
1512061430000 10157
1512061430000 10158
1512061430000 10158
1512061430000 10158
1512061430000 10158
1512061430000 10158
1512061430000 10158
1512061430000 10158
1512061430000 10158
1512061430000 10158
1512061430000 10158
1512061430000 10158
1512061430000 10159
1512061430000 10159
1512061430000 10159
1512061430000 10159
1512061430000 10159
1512061430000 10159
1512061430000 10159
1512061430000 10159
1512061430000 10159
1512061430000 10159
1512061430000 10159
1512061430000 10159
1512061430000 10160
1512061430000 10160
1512061430000 10160
1512061430000 10160
1512061430000 10160
1512061430000 10160
1512061430000 10160
1512061430000 10161
1512061430000 10161
1512061430000 10161
1512061430000 10161
1512061430000 10161
1512061430000 10161
1512061430000 10161
1512061430000 10162
1512061430000 10162
1512061430000 10162
1512061440000 10077
1512061440000 10078
1512061440000 10078
1512061440000 10079
1512061440000 10079
1512061440000 10079
1512061440000 10080
1512061440000 10080
1512061440000 10080
1512061440000 10081
1512061440000 10081
1512061440000 10081
1512061440000 10082
1512061440000 10082
1512061440000 10082
1512061440000 10083
1512061440000 10083
1512061440000 10093
1512061440000 10093
1512061440000 10093
1512061440000 10093
1512061440000 10093
1512061440000 10094
1512061440000 10094
1512061440000 10094
1512061440000 10094
1512061440000 10094
1512061440000 10094
1512061440000 10094
1512061440000 10094
1512061440000 10095
1512061440000 10095
1512061440000 10095
1512061440000 10095
1512061440000 10095
1512061440000 10095
1512061440000 10095
1512061440000 10095
1512061440000 10095
1512061440000 10096
1512061440000 10096
1512061440000 10096
1512061440000 10096
1512061440000 10096
1512061440000 10096
1512061440000 10096
1512061440000 10096
1512061440000 10096
1512061440000 10096
1512061440000 10096
1512061440000 10097
1512061440000 10097
1512061440000 10097
1512061440000 10097
1512061440000 10097
1512061440000 10097
1512061440000 10097
1512061440000 10097
1512061440000 10098
1512061440000 10098
1512061440000 10098
1512061440000 10098
1512061440000 10099
1512061440000 10099
1512061440000 10099
1512061440000 10099
1512061440000 10099
1512061440000 10106
1512061440000 10106
1512061440000 10106
1512061440000 10106
1512061440000 10107
1512061440000 10107
1512061440000 10107
1512061440000 10107
1512061440000 10108
1512061440000 10108
1512061440000 10108
1512061440000 10108
1512061440000 10109
1512061440000 10109
1512061440000 10109
1512061440000 10109
1512061440000 10110
1512061440000 10110
1512061440000 10110
1512061440000 10110
1512061440000 10250
1512061440000 10251
1512061440000 10251
1512061440000 10251
1512061440000 10252
1512061440000 10252
1512061440000 10252
1512061440000 10253
1512061440000 10253
1512061440000 10253
1512061440000 10253
1512061440000 10254
1512061440000 10254
1512061450000 10073
1512061450000 10074
1512061450000 10074
1512061450000 10074
1512061450000 10075
1512061450000 10075
1512061450000 10076
1512061450000 10076
1512061450000 10076
1512061450000 10077
1512061450000 10077
1512061450000 10077
1512061450000 10078
1512061450000 10078
1512061450000 10090
1512061450000 10091
1512061450000 10091
1512061450000 10092
1512061450000 10092
1512061450000 10092
1512061450000 10092
1512061450000 10092
1512061450000 10093
1512061450000 10093
1512061450000 10093
1512061450000 10093
1512061450000 10093
1512061450000 10094
1512061450000 10094
1512061450000 10094
1512061450000 10094
1512061450000 10094
1512061450000 10094
1512061450000 10094
1512061450000 10095
1512061450000 10095
1512061450000 10095
1512061450000 10095
1512061450000 10095
1512061450000 10095
1512061450000 10095
1512061450000 10095
1512061450000 10095
1512061450000 10095
1512061450000 10096
1512061450000 10096
1512061450000 10096
1512061450000 10096
1512061450000 10096
1512061450000 10096
1512061450000 10096
1512061450000 10096
1512061450000 10096
1512061450000 10096
1512061450000 10097
1512061450000 10097
1512061450000 10097
1512061450000 10097
1512061450000 10097
1512061450000 10097
1512061450000 10097
1512061450000 10097
1512061450000 10097
1512061450000 10097
1512061450000 10098
1512061450000 10098
1512061450000 10098
1512061450000 10098
1512061450000 10098
1512061450000 10098
1512061450000 10098
1512061450000 10098
1512061450000 10099
1512061450000 10099
1512061450000 10099
1512061450000 10099
1512061450000 10099
1512061450000 10099
1512061450000 10099
1512061450000 10100
1512061450000 10100
1512061450000 10100
1512061450000 10101
1512061450000 10101
1512061450000 10102
1512061450000 10102
1512061450000 10102
1512061450000 10103
1512061450000 10103
1512061450000 10103
1512061450000 10104
1512061450000 10104
1512061450000 10105
1512061450000 10105
1512061450000 10105
1512061450000 10106
1512061450000 10106
1512061450000 10107
1512061450000 10107
1512061450000 10107
1512061460000 10082
1512061460000 10082
1512061460000 10083
1512061460000 10083
1512061460000 10083
1512061460000 10084
1512061460000 10084
1512061460000 10084
1512061460000 10084
1512061460000 10084
1512061460000 10084
1512061460000 10084
1512061460000 10085
1512061460000 10085
1512061460000 10085
1512061460000 10085
1512061460000 10086
1512061460000 10086
1512061460000 10086
1512061460000 10086
1512061460000 10086
1512061460000 10086
1512061460000 10087
1512061460000 10087
1512061460000 10087
1512061460000 10087
1512061460000 10088
1512061460000 10088
1512061460000 10088
1512061460000 10088
1512061460000 10089
1512061460000 10089
1512061460000 10091
1512061460000 10092
1512061460000 10092
1512061460000 10092
1512061460000 10092
1512061460000 10093
1512061460000 10093
1512061460000 10093
1512061460000 10094
1512061460000 10094
1512061460000 10094
1512061460000 10095
1512061460000 10095
1512061460000 10095
1512061460000 10095
1512061460000 10096
1512061460000 10096
1512061460000 10096
1512061460000 10096
1512061460000 10097
1512061460000 10097
1512061460000 10097
1512061460000 10113
1512061460000 10113
1512061460000 10113
1512061460000 10113
1512061460000 10114
1512061460000 10114
1512061460000 10114
1512061460000 10114
1512061460000 10114
1512061460000 10114
1512061460000 10114
1512061460000 10115
1512061460000 10115
1512061460000 10115
1512061460000 10115
1512061460000 10115
1512061460000 10115
1512061460000 10115
1512061460000 10116
1512061460000 10116
1512061460000 10116
1512061460000 10116
1512061460000 10116
1512061460000 10116
1512061460000 10116
1512061460000 10117
1512061460000 10117
1512061460000 10117
1512061460000 10141
1512061460000 10142
1512061460000 10142
1512061460000 10143
1512061460000 10143
1512061460000 10143
1512061460000 10144
1512061460000 10144
1512061460000 10145
1512061460000 10145
1512061460000 10146
1512061460000 10146
1512061460000 10146
1512061460000 10147
1512061460000 10147
1512061460000 10148
1512061460000 10148
1512061460000 10148
1512061470000 10085
1512061470000 10086
1512061470000 10086
1512061470000 10086
1512061470000 10086
1512061470000 10087
1512061470000 10087
1512061470000 10087
1512061470000 10087
1512061470000 10087
1512061470000 10087
1512061470000 10087
1512061470000 10087
1512061470000 10087
1512061470000 10087
1512061470000 10087
1512061470000 10087
1512061470000 10087
1512061470000 10088
1512061470000 10088
1512061470000 10088
1512061470000 10088
1512061470000 10088
1512061470000 10088
1512061470000 10088
1512061470000 10088
1512061470000 10088
1512061470000 10088
1512061470000 10088
1512061470000 10088
1512061470000 10088
1512061470000 10089
1512061470000 10089
1512061470000 10089
1512061470000 10089
1512061470000 10089
1512061470000 10089
1512061470000 10090
1512061470000 10090
1512061470000 10090
1512061470000 10090
1512061470000 10090
1512061470000 10090
1512061470000 10091
1512061470000 10091
1512061470000 10091
1512061470000 10091
1512061470000 10092
1512061470000 10092
1512061470000 10097
1512061470000 10097
1512061470000 10097
1512061470000 10097
1512061470000 10098
1512061470000 10098
1512061470000 10098
1512061470000 10099
1512061470000 10099
1512061470000 10099
1512061470000 10100
1512061470000 10100
1512061470000 10100
1512061470000 10100
1512061470000 10101
1512061470000 10101
1512061470000 10101
1512061470000 10102
1512061470000 10102
1512061470000 10102
1512061470000 10102
1512061470000 10103
1512061470000 10103
1512061470000 10103
1512061470000 10109
1512061470000 10109
1512061470000 10109
1512061470000 10110
1512061470000 10110
1512061470000 10110
1512061470000 10111
1512061470000 10111
1512061470000 10111
1512061470000 10111
1512061470000 10112
1512061470000 10112
1512061470000 10112
1512061470000 10113
1512061470000 10113
1512061470000 10113
1512061470000 10114
1512061470000 10114
1512061470000 10114
1512061470000 10114
1512061470000 10115
1512061470000 10115
1512061470000 10115
1512061470000 10116
1512061470000 10116
1512061470000 10116
1512061470000 10117
1512061480000 10082
1512061480000 10082
1512061480000 10083
1512061480000 10083
1512061480000 10083
1512061480000 10084
1512061480000 10084
1512061480000 10084
1512061480000 10084
1512061480000 10084
1512061480000 10084
1512061480000 10085
1512061480000 10085
1512061480000 10085
1512061480000 10085
1512061480000 10085
1512061480000 10085
1512061480000 10085
1512061480000 10085
1512061480000 10085
1512061480000 10085
1512061480000 10085
1512061480000 10085
1512061480000 10085
1512061480000 10085
1512061480000 10085
1512061480000 10086
1512061480000 10086
1512061480000 10086
1512061480000 10086
1512061480000 10086
1512061480000 10086
1512061480000 10086
1512061480000 10086
1512061480000 10086
1512061480000 10086
1512061480000 10086
1512061480000 10086
1512061480000 10086
1512061480000 10086
1512061480000 10086
1512061480000 10087
1512061480000 10087
1512061480000 10087
1512061480000 10087
1512061480000 10087
1512061480000 10087
1512061480000 10087
1512061480000 10087
1512061480000 10087
1512061480000 10087
1512061480000 10087
1512061480000 10087
1512061480000 10087
1512061480000 10088
1512061480000 10088
1512061480000 10088
1512061480000 10088
1512061480000 10097
1512061480000 10097
1512061480000 10098
1512061480000 10098
1512061480000 10098
1512061480000 10098
1512061480000 10099
1512061480000 10099
1512061480000 10099
1512061480000 10100
1512061480000 10100
1512061480000 10100
1512061480000 10101
1512061480000 10101
1512061480000 10101
1512061480000 10102
1512061480000 10102
1512061480000 10102
1512061480000 10103
1512061480000 10105
1512061480000 10106
1512061480000 10106
1512061480000 10106
1512061480000 10107
1512061480000 10107
1512061480000 10107
1512061480000 10107
1512061480000 10108
1512061480000 10108
1512061480000 10108
1512061480000 10109
1512061480000 10109
1512061480000 10109
1512061480000 10110
1512061480000 10110
1512061480000 10110
1512061480000 10110
1512061480000 10111
1512061480000 10111
1512061480000 10111
1512061480000 10112
1512061480000 10112
1512061490000 10083
1512061490000 10083
1512061490000 10083
1512061490000 10083
1512061490000 10083
1512061490000 10084
1512061490000 10084
1512061490000 10084
1512061490000 10084
1512061490000 10084
1512061490000 10084
1512061490000 10085
1512061490000 10085
1512061490000 10085
1512061490000 10085
1512061490000 10086
1512061490000 10086
1512061490000 10086
1512061490000 10086
1512061490000 10086
1512061490000 10086
1512061490000 10086
1512061490000 10087
1512061490000 10087
1512061490000 10087
1512061490000 10087
1512061490000 10087
1512061490000 10088
1512061490000 10088
1512061490000 10088
1512061490000 10088
1512061490000 10088
1512061490000 10089
1512061490000 10089
1512061490000 10090
1512061490000 10090
1512061490000 10090
1512061490000 10090
1512061490000 10091
1512061490000 10091
1512061490000 10091
1512061490000 10091
1512061490000 10092
1512061490000 10092
1512061490000 10092
1512061490000 10092
1512061490000 10093
1512061490000 10093
1512061490000 10093
1512061490000 10093
1512061490000 10094
1512061490000 10094
1512061490000 10094
1512061490000 10095
1512061490000 10095
1512061490000 10095
1512061490000 10096
1512061490000 10096
1512061490000 10096
1512061490000 10097
1512061490000 10097
1512061490000 10097
1512061490000 10097
1512061490000 10097
1512061490000 10098
1512061490000 10098
1512061490000 10098
1512061490000 10098
1512061490000 10098
1512061490000 10098
1512061490000 10098
1512061490000 10099
1512061490000 10099
1512061490000 10099
1512061490000 10099
1512061490000 10099
1512061490000 10099
1512061490000 10100
1512061490000 10100
1512061490000 10100
1512061490000 10100
1512061490000 10100
1512061490000 10100
1512061490000 10101
1512061490000 10101
1512061490000 10101
1512061490000 10102
1512061490000 10102
1512061490000 10102
1512061490000 10103
1512061490000 10103
1512061490000 10103
1512061490000 10104
1512061490000 10104
1512061490000 10104
1512061490000 10104
1512061490000 10105
1512061490000 10105
1512061490000 10105
1512061490000 10106
1512061500000 10073
1512061500000 10074
1512061500000 10074
1512061500000 10074
1512061500000 10075
1512061500000 10075
1512061500000 10075
1512061500000 10076
1512061500000 10076
1512061500000 10076
1512061500000 10077
1512061500000 10077
1512061500000 10077
1512061500000 10078
1512061500000 10078
1512061500000 10079
1512061500000 10079
1512061500000 10079
1512061500000 10079
1512061500000 10079
1512061500000 10080
1512061500000 10080
1512061500000 10080
1512061500000 10080
1512061500000 10080
1512061500000 10080
1512061500000 10080
1512061500000 10081
1512061500000 10081
1512061500000 10081
1512061500000 10081
1512061500000 10081
1512061500000 10081
1512061500000 10081
1512061500000 10081
1512061500000 10089
1512061500000 10089
1512061500000 10090
1512061500000 10090
1512061500000 10090
1512061500000 10090
1512061500000 10091
1512061500000 10091
1512061500000 10091
1512061500000 10091
1512061500000 10091
1512061500000 10091
1512061500000 10091
1512061500000 10092
1512061500000 10092
1512061500000 10092
1512061500000 10092
1512061500000 10092
1512061500000 10092
1512061500000 10092
1512061500000 10093
1512061500000 10093
1512061500000 10093
1512061500000 10093
1512061500000 10093
1512061500000 10093
1512061500000 10094
1512061500000 10094
1512061500000 10094
1512061500000 10094
1512061500000 10094
1512061500000 10094
1512061500000 10095
1512061500000 10095
1512061500000 10095
1512061500000 10095
1512061500000 10095
1512061500000 10095
1512061500000 10096
1512061500000 10096
1512061500000 10096
1512061500000 10096
1512061500000 10096
1512061500000 10096
1512061500000 10097
1512061500000 10097
1512061500000 10097
1512061500000 10097
1512061500000 10097
1512061500000 10097
1512061500000 10097
1512061500000 10098
1512061500000 10098
1512061500000 10098
1512061500000 10098
1512061500000 10098
1512061500000 10099
1512061500000 10099
1512061500000 10099
1512061500000 10099
1512061500000 10100
1512061500000 10100
1512061500000 10100
1512061500000 10101
1512061500000 10101
1512061510000 10073
1512061510000 10073
1512061510000 10073
1512061510000 10074
1512061510000 10074
1512061510000 10074
1512061510000 10075
1512061510000 10075
1512061510000 10075
1512061510000 10075
1512061510000 10076
1512061510000 10076
1512061510000 10076
1512061510000 10076
1512061510000 10077
1512061510000 10077
1512061510000 10077
1512061510000 10077
1512061510000 10077
1512061510000 10077
1512061510000 10077
1512061510000 10077
1512061510000 10078
1512061510000 10078
1512061510000 10078
1512061510000 10078
1512061510000 10078
1512061510000 10078
1512061510000 10079
1512061510000 10079
1512061510000 10079
1512061510000 10079
1512061510000 10080
1512061510000 10080
1512061510000 10081
1512061510000 10081
1512061510000 10081
1512061510000 10081
1512061510000 10082
1512061510000 10082
1512061510000 10082
1512061510000 10082
1512061510000 10082
1512061510000 10082
1512061510000 10082
1512061510000 10083
1512061510000 10083
1512061510000 10083
1512061510000 10083
1512061510000 10083
1512061510000 10083
1512061510000 10088
1512061510000 10088
1512061510000 10088
1512061510000 10088
1512061510000 10089
1512061510000 10089
1512061510000 10089
1512061510000 10089
1512061510000 10090
1512061510000 10090
1512061510000 10090
1512061510000 10090
1512061510000 10091
1512061510000 10091
1512061510000 10091
1512061510000 10091
1512061510000 10092
1512061510000 10092
1512061510000 10103
1512061510000 10103
1512061510000 10103
1512061510000 10104
1512061510000 10104
1512061510000 10105
1512061510000 10105
1512061510000 10105
1512061510000 10106
1512061510000 10106
1512061510000 10107
1512061510000 10107
1512061510000 10107
1512061510000 10108
1512061510000 10108
1512061510000 10109
1512061510000 10109
1512061510000 10109
1512061510000 10110
1512061510000 10110
1512061510000 10111
1512061510000 10111
1512061510000 10112
1512061510000 10112
1512061510000 10112
1512061510000 10113
1512061510000 10113
1512061510000 10113
1512061510000 10114
1512061510000 10114
1512061510000 10115
1512061520000 10076
1512061520000 10077
1512061520000 10077
1512061520000 10077
1512061520000 10077
1512061520000 10077
1512061520000 10078
1512061520000 10078
1512061520000 10078
1512061520000 10078
1512061520000 10078
1512061520000 10078
1512061520000 10078
1512061520000 10079
1512061520000 10079
1512061520000 10079
1512061520000 10079
1512061520000 10079
1512061520000 10079
1512061520000 10082
1512061520000 10082
1512061520000 10082
1512061520000 10083
1512061520000 10083
1512061520000 10083
1512061520000 10083
1512061520000 10083
1512061520000 10084
1512061520000 10084
1512061520000 10084
1512061520000 10084
1512061520000 10084
1512061520000 10084
1512061520000 10084
1512061520000 10084
1512061520000 10084
1512061520000 10084
1512061520000 10085
1512061520000 10085
1512061520000 10085
1512061520000 10085
1512061520000 10085
1512061520000 10085
1512061520000 10085
1512061520000 10086
1512061520000 10086
1512061520000 10086
1512061520000 10086
1512061520000 10086
1512061520000 10086
1512061520000 10086
1512061520000 10086
1512061520000 10087
1512061520000 10087
1512061520000 10087
1512061520000 10087
1512061520000 10088
1512061520000 10088
1512061520000 10088
1512061520000 10102
1512061520000 10103
1512061520000 10103
1512061520000 10103
1512061520000 10104
1512061520000 10104
1512061520000 10105
1512061520000 10105
1512061520000 10106
1512061520000 10106
1512061520000 10106
1512061520000 10107
1512061520000 10107
1512061520000 10108
1512061520000 10108
1512061520000 10108
1512061520000 10109
1512061520000 10109
1512061520000 10110
1512061520000 10110
1512061520000 10110
1512061520000 10111
1512061520000 10111
1512061520000 10112
1512061520000 10247
1512061520000 10247
1512061520000 10247
1512061520000 10248
1512061520000 10248
1512061520000 10248
1512061520000 10249
1512061520000 10249
1512061520000 10249
1512061520000 10249
1512061520000 10250
1512061520000 10250
1512061520000 10250
1512061520000 10250
1512061520000 10251
1512061520000 10251
1512061520000 10251
1512061530000 10074
1512061530000 10074
1512061530000 10074
1512061530000 10074
1512061530000 10074
1512061530000 10074
1512061530000 10075
1512061530000 10075
1512061530000 10075
1512061530000 10075
1512061530000 10075
1512061530000 10075
1512061530000 10075
1512061530000 10075
1512061530000 10076
1512061530000 10080
1512061530000 10080
1512061530000 10080
1512061530000 10080
1512061530000 10081
1512061530000 10081
1512061530000 10081
1512061530000 10081
1512061530000 10082
1512061530000 10082
1512061530000 10082
1512061530000 10082
1512061530000 10083
1512061530000 10083
1512061530000 10083
1512061530000 10083
1512061530000 10083
1512061530000 10084
1512061530000 10090
1512061530000 10091
1512061530000 10091
1512061530000 10092
1512061530000 10092
1512061530000 10092
1512061530000 10092
1512061530000 10093
1512061530000 10093
1512061530000 10093
1512061530000 10093
1512061530000 10094
1512061530000 10094
1512061530000 10094
1512061530000 10094
1512061530000 10094
1512061530000 10095
1512061530000 10095
1512061530000 10095
1512061530000 10095
1512061530000 10095
1512061530000 10095
1512061530000 10095
1512061530000 10095
1512061530000 10096
1512061530000 10096
1512061530000 10096
1512061530000 10096
1512061530000 10096
1512061530000 10096
1512061530000 10096
1512061530000 10096
1512061530000 10097
1512061530000 10097
1512061530000 10097
1512061530000 10097
1512061530000 10097
1512061530000 10097
1512061530000 10097
1512061530000 10098
1512061530000 10098
1512061530000 10098
1512061530000 10098
1512061530000 10098
1512061530000 10098
1512061530000 10098
1512061530000 10098
1512061530000 10099
1512061530000 10099
1512061530000 10099
1512061530000 10099
1512061530000 10099
1512061530000 10099
1512061530000 10100
1512061530000 10100
1512061530000 10100
1512061530000 10100
1512061530000 10100
1512061530000 10100
1512061530000 10101
1512061530000 10101
1512061530000 10101
1512061530000 10102
1512061530000 10102
1512061530000 10103
1512061530000 10103
1512061530000 10103
1512061540000 10076
1512061540000 10077
1512061540000 10077
1512061540000 10077
1512061540000 10077
1512061540000 10077
1512061540000 10077
1512061540000 10077
1512061540000 10077
1512061540000 10078
1512061540000 10078
1512061540000 10078
1512061540000 10078
1512061540000 10078
1512061540000 10078
1512061540000 10078
1512061540000 10078
1512061540000 10078
1512061540000 10079
1512061540000 10079
1512061540000 10079
1512061540000 10079
1512061540000 10079
1512061540000 10079
1512061540000 10079
1512061540000 10079
1512061540000 10079
1512061540000 10079
1512061540000 10080
1512061540000 10080
1512061540000 10080
1512061540000 10080
1512061540000 10081
1512061540000 10081
1512061540000 10081
1512061540000 10081
1512061540000 10082
1512061540000 10082
1512061540000 10095
1512061540000 10095
1512061540000 10095
1512061540000 10096
1512061540000 10096
1512061540000 10096
1512061540000 10096
1512061540000 10096
1512061540000 10097
1512061540000 10097
1512061540000 10097
1512061540000 10097
1512061540000 10097
1512061540000 10097
1512061540000 10098
1512061540000 10098
1512061540000 10098
1512061540000 10098
1512061540000 10098
1512061540000 10099
1512061540000 10099
1512061540000 10099
1512061540000 10099
1512061540000 10099
1512061540000 10099
1512061540000 10100
1512061540000 10100
1512061540000 10100
1512061540000 10100
1512061540000 10100
1512061540000 10100
1512061540000 10101
1512061540000 10101
1512061540000 10101
1512061540000 10101
1512061540000 10101
1512061540000 10101
1512061540000 10101
1512061540000 10102
1512061540000 10102
1512061540000 10102
1512061540000 10102
1512061540000 10102
1512061540000 10102
1512061540000 10103
1512061540000 10103
1512061540000 10103
1512061540000 10103
1512061540000 10242
1512061540000 10242
1512061540000 10243
1512061540000 10243
1512061540000 10243
1512061540000 10244
1512061540000 10244
1512061540000 10244
1512061540000 10245
1512061540000 10245
1512061540000 10245
1512061540000 10246
1512061540000 10246
1512061540000 10246
1512061550000 10075
1512061550000 10075
1512061550000 10076
1512061550000 10076
1512061550000 10076
1512061550000 10076
1512061550000 10077
1512061550000 10077
1512061550000 10078
1512061550000 10078
1512061550000 10078
1512061550000 10079
1512061550000 10079
1512061550000 10079
1512061550000 10080
1512061550000 10080
1512061550000 10080
1512061550000 10080
1512061550000 10081
1512061550000 10089
1512061550000 10089
1512061550000 10090
1512061550000 10090
1512061550000 10091
1512061550000 10091
1512061550000 10091
1512061550000 10092
1512061550000 10092
1512061550000 10092
1512061550000 10093
1512061550000 10093
1512061550000 10093
1512061550000 10094
1512061550000 10094
1512061550000 10094
1512061550000 10095
1512061550000 10095
1512061550000 10096
1512061550000 10096
1512061550000 10096
1512061550000 10104
1512061550000 10104
1512061550000 10105
1512061550000 10105
1512061550000 10106
1512061550000 10106
1512061550000 10106
1512061550000 10107
1512061550000 10107
1512061550000 10107
1512061550000 10108
1512061550000 10108
1512061550000 10109
1512061550000 10109
1512061550000 10109
1512061550000 10110
1512061550000 10110
1512061550000 10111
1512061550000 10111
1512061550000 10111
1512061550000 10112
1512061550000 10112
1512061550000 10113
1512061550000 10117
1512061550000 10117
1512061550000 10117
1512061550000 10118
1512061550000 10118
1512061550000 10118
1512061550000 10118
1512061550000 10119
1512061550000 10119
1512061550000 10119
1512061550000 10120
1512061550000 10120
1512061550000 10120
1512061550000 10121
1512061550000 10121
1512061550000 10121
1512061550000 10122
1512061550000 10122
1512061550000 10122
1512061550000 10123
1512061550000 10123
1512061550000 10249
1512061550000 10249
1512061550000 10249
1512061550000 10249
1512061550000 10249
1512061550000 10249
1512061550000 10250
1512061550000 10250
1512061550000 10250
1512061550000 10250
1512061550000 10250
1512061550000 10250
1512061550000 10250
1512061550000 10251
1512061550000 10251
1512061550000 10251
1512061560000 10075
1512061560000 10075
1512061560000 10075
1512061560000 10075
1512061560000 10075
1512061560000 10075
1512061560000 10076
1512061560000 10076
1512061560000 10076
1512061560000 10076
1512061560000 10076
1512061560000 10076
1512061560000 10076
1512061560000 10077
1512061560000 10083
1512061560000 10083
1512061560000 10083
1512061560000 10083
1512061560000 10084
1512061560000 10084
1512061560000 10084
1512061560000 10084
1512061560000 10085
1512061560000 10085
1512061560000 10085
1512061560000 10085
1512061560000 10086
1512061560000 10086
1512061560000 10086
1512061560000 10086
1512061560000 10087
1512061560000 10087
1512061560000 10088
1512061560000 10088
1512061560000 10088
1512061560000 10088
1512061560000 10088
1512061560000 10089
1512061560000 10089
1512061560000 10089
1512061560000 10089
1512061560000 10089
1512061560000 10089
1512061560000 10090
1512061560000 10090
1512061560000 10090
1512061560000 10090
1512061560000 10090
1512061560000 10090
1512061560000 10090
1512061560000 10090
1512061560000 10090
1512061560000 10091
1512061560000 10091
1512061560000 10091
1512061560000 10091
1512061560000 10091
1512061560000 10091
1512061560000 10091
1512061560000 10091
1512061560000 10092
1512061560000 10092
1512061560000 10092
1512061560000 10092
1512061560000 10092
1512061560000 10092
1512061560000 10092
1512061560000 10092
1512061560000 10093
1512061560000 10093
1512061560000 10093
1512061560000 10093
1512061560000 10093
1512061560000 10093
1512061560000 10093
1512061560000 10094
1512061560000 10094
1512061560000 10094
1512061560000 10095
1512061560000 10095
1512061560000 10095
1512061560000 10096
1512061560000 10101
1512061560000 10102
1512061560000 10102
1512061560000 10102
1512061560000 10102
1512061560000 10103
1512061560000 10103
1512061560000 10103
1512061560000 10103
1512061560000 10104
1512061560000 10104
1512061560000 10104
1512061560000 10104
1512061560000 10105
1512061560000 10105
1512061560000 10105
1512061560000 10105
1512061560000 10105
1512061570000 10075
1512061570000 10075
1512061570000 10076
1512061570000 10076
1512061570000 10076
1512061570000 10077
1512061570000 10077
1512061570000 10077
1512061570000 10078
1512061570000 10078
1512061570000 10078
1512061570000 10079
1512061570000 10079
1512061570000 10079
1512061570000 10080
1512061570000 10080
1512061570000 10080
1512061570000 10081
1512061570000 10081
1512061570000 10081
1512061570000 10085
1512061570000 10085
1512061570000 10085
1512061570000 10086
1512061570000 10086
1512061570000 10086
1512061570000 10086
1512061570000 10086
1512061570000 10086
1512061570000 10086
1512061570000 10086
1512061570000 10087
1512061570000 10087
1512061570000 10087
1512061570000 10087
1512061570000 10087
1512061570000 10087
1512061570000 10087
1512061570000 10088
1512061570000 10088
1512061570000 10088
1512061570000 10088
1512061570000 10088
1512061570000 10088
1512061570000 10088
1512061570000 10089
1512061570000 10089
1512061570000 10089
1512061570000 10089
1512061570000 10089
1512061570000 10090
1512061570000 10090
1512061570000 10090
1512061570000 10090
1512061570000 10091
1512061570000 10091
1512061570000 10091
1512061570000 10091
1512061570000 10092
1512061570000 10092
1512061570000 10092
1512061570000 10092
1512061570000 10092
1512061570000 10093
1512061570000 10093
1512061570000 10093
1512061570000 10251
1512061570000 10251
1512061570000 10251
1512061570000 10251
1512061570000 10252
1512061570000 10252
1512061570000 10252
1512061570000 10253
1512061570000 10253
1512061570000 10253
1512061570000 10253
1512061570000 10254
1512061570000 10254
1512061570000 10254
1512061570000 10254
1512061570000 10255
1512061570000 10255
1512061570000 10255
1512061570000 10255
1512061570000 10255
1512061570000 10256
1512061570000 10256
1512061570000 10256
1512061570000 10256
1512061570000 10256
1512061570000 10257
1512061570000 10257
1512061570000 10257
1512061570000 10258
1512061570000 10258
1512061570000 10258
1512061570000 10258
1512061570000 10259
1512061570000 10259
1512061580000 10072
1512061580000 10073
1512061580000 10073
1512061580000 10073
1512061580000 10074
1512061580000 10074
1512061580000 10074
1512061580000 10074
1512061580000 10074
1512061580000 10075
1512061580000 10075
1512061580000 10075
1512061580000 10075
1512061580000 10075
1512061580000 10075
1512061580000 10075
1512061580000 10075
1512061580000 10075
1512061580000 10076
1512061580000 10076
1512061580000 10076
1512061580000 10076
1512061580000 10076
1512061580000 10076
1512061580000 10076
1512061580000 10076
1512061580000 10076
1512061580000 10076
1512061580000 10076
1512061580000 10077
1512061580000 10077
1512061580000 10077
1512061580000 10077
1512061580000 10077
1512061580000 10077
1512061580000 10077
1512061580000 10077
1512061580000 10077
1512061580000 10077
1512061580000 10077
1512061580000 10077
1512061580000 10077
1512061580000 10078
1512061580000 10078
1512061580000 10078
1512061580000 10078
1512061580000 10079
1512061580000 10079
1512061580000 10079
1512061580000 10079
1512061580000 10080
1512061580000 10080
1512061580000 10089
1512061580000 10089
1512061580000 10090
1512061580000 10090
1512061580000 10090
1512061580000 10090
1512061580000 10091
1512061580000 10091
1512061580000 10091
1512061580000 10091
1512061580000 10092
1512061580000 10092
1512061580000 10092
1512061580000 10092
1512061580000 10092
1512061580000 10092
1512061580000 10092
1512061580000 10093
1512061580000 10093
1512061580000 10093
1512061580000 10093
1512061580000 10093
1512061580000 10093
1512061580000 10094
1512061580000 10094
1512061580000 10094
1512061580000 10094
1512061580000 10094
1512061580000 10095
1512061580000 10095
1512061580000 10095
1512061580000 10095
1512061580000 10095
1512061580000 10095
1512061580000 10096
1512061580000 10096
1512061580000 10096
1512061580000 10096
1512061580000 10096
1512061580000 10097
1512061580000 10097
1512061580000 10097
1512061580000 10097
1512061580000 10097
1512061580000 10097
1512061580000 10098
1512061580000 10098
1512061580000 10098
1512061590000 10073
1512061590000 10074
1512061590000 10074
1512061590000 10074
1512061590000 10075
1512061590000 10075
1512061590000 10075
1512061590000 10075
1512061590000 10075
1512061590000 10076
1512061590000 10076
1512061590000 10076
1512061590000 10076
1512061590000 10077
1512061590000 10077
1512061590000 10081
1512061590000 10082
1512061590000 10082
1512061590000 10082
1512061590000 10082
1512061590000 10082
1512061590000 10082
1512061590000 10082
1512061590000 10083
1512061590000 10083
1512061590000 10083
1512061590000 10083
1512061590000 10083
1512061590000 10083
1512061590000 10083
1512061590000 10084
1512061590000 10084
1512061590000 10084
1512061590000 10084
1512061590000 10084
1512061590000 10084
1512061590000 10084
1512061590000 10084
1512061590000 10085
1512061590000 10085
1512061590000 10085
1512061590000 10086
1512061590000 10086
1512061590000 10086
1512061590000 10086
1512061590000 10087
1512061590000 10087
1512061590000 10088
1512061590000 10088
1512061590000 10088
1512061590000 10089
1512061590000 10089
1512061590000 10089
1512061590000 10089
1512061590000 10089
1512061590000 10090
1512061590000 10090
1512061590000 10090
1512061590000 10090
1512061590000 10090
1512061590000 10091
1512061590000 10091
1512061590000 10091
1512061590000 10091
1512061590000 10092
1512061590000 10092
1512061590000 10092
1512061590000 10092
1512061590000 10093
1512061590000 10093
1512061590000 10093
1512061590000 10093
1512061590000 10093
1512061590000 10094
1512061590000 10099
1512061590000 10099
1512061590000 10100
1512061590000 10100
1512061590000 10100
1512061590000 10101
1512061590000 10101
1512061590000 10102
1512061590000 10102
1512061590000 10102
1512061590000 10103
1512061590000 10103
1512061590000 10103
1512061590000 10104
1512061590000 10104
1512061590000 10104
1512061590000 10105
1512061590000 10105
1512061590000 10105
1512061590000 10106
1512061590000 10106
1512061590000 10107
1512061590000 10107
1512061590000 10107
1512061590000 10108
1512061590000 10108
1512061600000 10092
1512061600000 10092
1512061600000 10092
1512061600000 10093
1512061600000 10093
1512061600000 10093
1512061600000 10094
1512061600000 10094
1512061600000 10094
1512061600000 10095
1512061600000 10095
1512061600000 10095
1512061600000 10096
1512061600000 10096
1512061600000 10096
1512061600000 10096
1512061600000 10097
1512061600000 10097
1512061600000 10097
1512061600000 10097
1512061600000 10098
1512061600000 10098
1512061600000 10098
1512061600000 10098
1512061600000 10098
1512061600000 10099
1512061600000 10099
1512061600000 10099
1512061600000 10099
1512061600000 10100
1512061600000 10100
1512061600000 10101
1512061600000 10101
1512061600000 10101
1512061600000 10102
1512061600000 10102
1512061600000 10102
1512061600000 10102
1512061600000 10102
1512061600000 10103
1512061600000 10103
1512061600000 10103
1512061600000 10103
1512061600000 10103
1512061600000 10104
1512061600000 10104
1512061600000 10104
1512061600000 10104
1512061600000 10104
1512061600000 10104
1512061600000 10105
1512061600000 10105
1512061600000 10105
1512061600000 10105
1512061600000 10105
1512061600000 10105
1512061600000 10106
1512061600000 10106
1512061600000 10106
1512061600000 10107
1512061600000 10107
1512061600000 10107
1512061600000 10107
1512061600000 10108
1512061600000 10108
1512061600000 10247
1512061600000 10247
1512061600000 10247
1512061600000 10247
1512061600000 10247
1512061600000 10248
1512061600000 10248
1512061600000 10248
1512061600000 10248
1512061600000 10248
1512061600000 10248
1512061600000 10248
1512061600000 10248
1512061600000 10249
1512061600000 10252
1512061600000 10253
1512061600000 10253
1512061600000 10253
1512061600000 10254
1512061600000 10254
1512061600000 10254
1512061600000 10254
1512061600000 10255
1512061600000 10255
1512061600000 10255
1512061600000 10255
1512061600000 10256
1512061600000 10256
1512061600000 10256
1512061600000 10257
1512061600000 10257
1512061600000 10257
1512061600000 10258
1512061600000 10258
1512061600000 10258
1512061610000 10078
1512061610000 10079
1512061610000 10079
1512061610000 10079
1512061610000 10080
1512061610000 10080
1512061610000 10081
1512061610000 10081
1512061610000 10081
1512061610000 10082
1512061610000 10082
1512061610000 10083
1512061610000 10083
1512061610000 10083
1512061610000 10084
1512061610000 10084
1512061610000 10084
1512061610000 10084
1512061610000 10084
1512061610000 10085
1512061610000 10085
1512061610000 10085
1512061610000 10086
1512061610000 10086
1512061610000 10086
1512061610000 10087
1512061610000 10087
1512061610000 10087
1512061610000 10088
1512061610000 10088
1512061610000 10088
1512061610000 10088
1512061610000 10089
1512061610000 10089
1512061610000 10089
1512061610000 10090
1512061610000 10090
1512061610000 10090
1512061610000 10091
1512061610000 10091
1512061610000 10093
1512061610000 10093
1512061610000 10093
1512061610000 10094
1512061610000 10094
1512061610000 10094
1512061610000 10095
1512061610000 10095
1512061610000 10095
1512061610000 10096
1512061610000 10096
1512061610000 10096
1512061610000 10096
1512061610000 10097
1512061610000 10097
1512061610000 10097
1512061610000 10098
1512061610000 10098
1512061610000 10098
1512061610000 10099
1512061610000 10099
1512061610000 10099
1512061610000 10100
1512061610000 10100
1512061610000 10100
1512061610000 10100
1512061610000 10101
1512061610000 10241
1512061610000 10241
1512061610000 10241
1512061610000 10242
1512061610000 10242
1512061610000 10242
1512061610000 10242
1512061610000 10243
1512061610000 10243
1512061610000 10243
1512061610000 10243
1512061610000 10244
1512061610000 10244
1512061610000 10244
1512061610000 10244
1512061610000 10247
1512061610000 10247
1512061610000 10247
1512061610000 10248
1512061610000 10248
1512061610000 10248
1512061610000 10248
1512061610000 10248
1512061610000 10248
1512061610000 10248
1512061610000 10249
1512061610000 10249
1512061610000 10249
1512061610000 10249
1512061610000 10249
1512061610000 10249
1512061610000 10249
1512061610000 10250
1512061620000 10084
1512061620000 10084
1512061620000 10084
1512061620000 10085
1512061620000 10085
1512061620000 10085
1512061620000 10085
1512061620000 10086
1512061620000 10086
1512061620000 10086
1512061620000 10086
1512061620000 10086
1512061620000 10086
1512061620000 10086
1512061620000 10087
1512061620000 10087
1512061620000 10087
1512061620000 10087
1512061620000 10087
1512061620000 10087
1512061620000 10087
1512061620000 10087
1512061620000 10088
1512061620000 10088
1512061620000 10088
1512061620000 10088
1512061620000 10088
1512061620000 10088
1512061620000 10088
1512061620000 10089
1512061620000 10089
1512061620000 10089
1512061620000 10089
1512061620000 10089
1512061620000 10089
1512061620000 10089
1512061620000 10089
1512061620000 10089
1512061620000 10089
1512061620000 10090
1512061620000 10090
1512061620000 10090
1512061620000 10090
1512061620000 10090
1512061620000 10090
1512061620000 10090
1512061620000 10090
1512061620000 10090
1512061620000 10093
1512061620000 10093
1512061620000 10093
1512061620000 10094
1512061620000 10094
1512061620000 10094
1512061620000 10094
1512061620000 10094
1512061620000 10094
1512061620000 10095
1512061620000 10095
1512061620000 10095
1512061620000 10095
1512061620000 10095
1512061620000 10095
1512061620000 10096
1512061620000 10096
1512061620000 10096
1512061620000 10096
1512061620000 10096
1512061620000 10096
1512061620000 10097
1512061620000 10097
1512061620000 10097
1512061620000 10097
1512061620000 10097
1512061620000 10097
1512061620000 10098
1512061620000 10098
1512061620000 10098
1512061620000 10098
1512061620000 10098
1512061620000 10098
1512061620000 10098
1512061620000 10099
1512061620000 10099
1512061620000 10099
1512061620000 10099
1512061620000 10099
1512061620000 10099
1512061620000 10100
1512061620000 10100
1512061620000 10100
1512061620000 10101
1512061620000 10101
1512061620000 10101
1512061620000 10102
1512061620000 10102
1512061620000 10102
1512061620000 10103
1512061620000 10103
1512061620000 10103
1512061630000 10073
1512061630000 10073
1512061630000 10074
1512061630000 10074
1512061630000 10074
1512061630000 10074
1512061630000 10075
1512061630000 10075
1512061630000 10075
1512061630000 10075
1512061630000 10076
1512061630000 10076
1512061630000 10076
1512061630000 10077
1512061630000 10077
1512061630000 10077
1512061630000 10077
1512061630000 10078
1512061630000 10078
1512061630000 10078
1512061630000 10078
1512061630000 10079
1512061630000 10079
1512061630000 10079
1512061630000 10079
1512061630000 10080
1512061630000 10080
1512061630000 10080
1512061630000 10080
1512061630000 10080
1512061630000 10080
1512061630000 10080
1512061630000 10081
1512061630000 10091
1512061630000 10091
1512061630000 10092
1512061630000 10092
1512061630000 10092
1512061630000 10092
1512061630000 10092
1512061630000 10092
1512061630000 10093
1512061630000 10093
1512061630000 10093
1512061630000 10093
1512061630000 10093
1512061630000 10094
1512061630000 10094
1512061630000 10094
1512061630000 10094
1512061630000 10094
1512061630000 10094
1512061630000 10095
1512061630000 10095
1512061630000 10095
1512061630000 10095
1512061630000 10095
1512061630000 10095
1512061630000 10096
1512061630000 10096
1512061630000 10096
1512061630000 10096
1512061630000 10096
1512061630000 10097
1512061630000 10097
1512061630000 10097
1512061630000 10097
1512061630000 10097
1512061630000 10098
1512061630000 10098
1512061630000 10098
1512061630000 10098
1512061630000 10098
1512061630000 10098
1512061630000 10099
1512061630000 10099
1512061630000 10099
1512061630000 10099
1512061630000 10099
1512061630000 10100
1512061630000 10100
1512061630000 10100
1512061630000 10101
1512061630000 10101
1512061630000 10244
1512061630000 10244
1512061630000 10245
1512061630000 10245
1512061630000 10245
1512061630000 10246
1512061630000 10246
1512061630000 10246
1512061630000 10247
1512061630000 10247
1512061630000 10247
1512061630000 10247
1512061630000 10248
1512061630000 10248
1512061630000 10248
1512061630000 10249
1512061640000 10074
1512061640000 10074
1512061640000 10074
1512061640000 10074
1512061640000 10075
1512061640000 10075
1512061640000 10075
1512061640000 10075
1512061640000 10076
1512061640000 10076
1512061640000 10076
1512061640000 10076
1512061640000 10076
1512061640000 10076
1512061640000 10077
1512061640000 10077
1512061640000 10077
1512061640000 10077
1512061640000 10077
1512061640000 10077
1512061640000 10078
1512061640000 10078
1512061640000 10078
1512061640000 10078
1512061640000 10078
1512061640000 10078
1512061640000 10079
1512061640000 10079
1512061640000 10079
1512061640000 10079
1512061640000 10080
1512061640000 10080
1512061640000 10080
1512061640000 10081
1512061640000 10081
1512061640000 10084
1512061640000 10084
1512061640000 10084
1512061640000 10084
1512061640000 10085
1512061640000 10085
1512061640000 10085
1512061640000 10085
1512061640000 10085
1512061640000 10085
1512061640000 10085
1512061640000 10085
1512061640000 10085
1512061640000 10085
1512061640000 10086
1512061640000 10086
1512061640000 10086
1512061640000 10086
1512061640000 10086
1512061640000 10086
1512061640000 10086
1512061640000 10086
1512061640000 10086
1512061640000 10086
1512061640000 10086
1512061640000 10087
1512061640000 10087
1512061640000 10087
1512061640000 10087
1512061640000 10087
1512061640000 10087
1512061640000 10088
1512061640000 10088
1512061640000 10088
1512061640000 10088
1512061640000 10088
1512061640000 10088
1512061640000 10089
1512061640000 10089
1512061640000 10089
1512061640000 10089
1512061640000 10089
1512061640000 10089
1512061640000 10089
1512061640000 10090
1512061640000 10090
1512061640000 10090
1512061640000 10090
1512061640000 10090
1512061640000 10090
1512061640000 10091
1512061640000 10091
1512061640000 10091
1512061640000 10092
1512061640000 10092
1512061640000 10092
1512061640000 10093
1512061640000 10093
1512061640000 10093
1512061640000 10094
1512061640000 10094
1512061640000 10094
1512061640000 10095
1512061640000 10095
1512061640000 10095
1512061650000 10072
1512061650000 10073
1512061650000 10073
1512061650000 10073
1512061650000 10074
1512061650000 10074
1512061650000 10074
1512061650000 10074
1512061650000 10074
1512061650000 10074
1512061650000 10074
1512061650000 10074
1512061650000 10075
1512061650000 10075
1512061650000 10075
1512061650000 10075
1512061650000 10075
1512061650000 10075
1512061650000 10075
1512061650000 10076
1512061650000 10076
1512061650000 10076
1512061650000 10076
1512061650000 10076
1512061650000 10076
1512061650000 10076
1512061650000 10076
1512061650000 10077
1512061650000 10077
1512061650000 10077
1512061650000 10077
1512061650000 10077
1512061650000 10077
1512061650000 10077
1512061650000 10077
1512061650000 10078
1512061650000 10078
1512061650000 10078
1512061650000 10078
1512061650000 10079
1512061650000 10079
1512061650000 10080
1512061650000 10080
1512061650000 10080
1512061650000 10081
1512061650000 10081
1512061650000 10081
1512061650000 10082
1512061650000 10082
1512061650000 10082
1512061650000 10083
1512061650000 10083
1512061650000 10083
1512061650000 10084
1512061650000 10084
1512061650000 10084
1512061650000 10085
1512061650000 10088
1512061650000 10088
1512061650000 10088
1512061650000 10088
1512061650000 10089
1512061650000 10089
1512061650000 10089
1512061650000 10090
1512061650000 10090
1512061650000 10090
1512061650000 10090
1512061650000 10090
1512061650000 10090
1512061650000 10090
1512061650000 10090
1512061650000 10090
1512061650000 10091
1512061650000 10091
1512061650000 10091
1512061650000 10091
1512061650000 10091
1512061650000 10091
1512061650000 10091
1512061650000 10091
1512061650000 10091
1512061650000 10091
1512061650000 10091
1512061650000 10092
1512061650000 10092
1512061650000 10092
1512061650000 10092
1512061650000 10092
1512061650000 10092
1512061650000 10092
1512061650000 10092
1512061650000 10092
1512061650000 10092
1512061650000 10092
1512061650000 10092
1512061650000 10093
1512061650000 10093
1512061650000 10093
1512061650000 10093
1512061660000 10083
1512061660000 10084
1512061660000 10084
1512061660000 10084
1512061660000 10085
1512061660000 10085
1512061660000 10086
1512061660000 10086
1512061660000 10086
1512061660000 10087
1512061660000 10087
1512061660000 10088
1512061660000 10088
1512061660000 10088
1512061660000 10089
1512061660000 10089
1512061660000 10090
1512061660000 10090
1512061660000 10090
1512061660000 10091
1512061660000 10100
1512061660000 10100
1512061660000 10101
1512061660000 10101
1512061660000 10101
1512061660000 10102
1512061660000 10102
1512061660000 10103
1512061660000 10103
1512061660000 10103
1512061660000 10104
1512061660000 10104
1512061660000 10105
1512061660000 10105
1512061660000 10105
1512061660000 10106
1512061660000 10106
1512061660000 10106
1512061660000 10107
1512061660000 10107
1512061660000 10108
1512061660000 10108
1512061660000 10109
1512061660000 10109
1512061660000 10109
1512061660000 10110
1512061660000 10110
1512061660000 10110
1512061660000 10110
1512061660000 10111
1512061660000 10111
1512061660000 10111
1512061660000 10112
1512061660000 10112
1512061660000 10112
1512061660000 10113
1512061660000 10113
1512061660000 10113
1512061660000 10114
1512061660000 10114
1512061660000 10114
1512061660000 10114
1512061660000 10115
1512061660000 10248
1512061660000 10248
1512061660000 10248
1512061660000 10248
1512061660000 10249
1512061660000 10249
1512061660000 10249
1512061660000 10249
1512061660000 10250
1512061660000 10250
1512061660000 10250
1512061660000 10250
1512061660000 10251
1512061660000 10251
1512061660000 10251
1512061660000 10252
1512061660000 10252
1512061660000 10253
1512061660000 10253
1512061660000 10253
1512061660000 10253
1512061660000 10254
1512061660000 10254
1512061660000 10254
1512061660000 10254
1512061660000 10254
1512061660000 10254
1512061660000 10254
1512061660000 10254
1512061660000 10255
1512061660000 10255
1512061660000 10255
1512061660000 10255
1512061660000 10255
1512061660000 10255
1512061660000 10255
1512061660000 10256
1512061670000 10072
1512061670000 10072
1512061670000 10072
1512061670000 10072
1512061670000 10073
1512061670000 10073
1512061670000 10073
1512061670000 10073
1512061670000 10073
1512061670000 10073
1512061670000 10073
1512061670000 10074
1512061670000 10074
1512061670000 10074
1512061670000 10074
1512061670000 10074
1512061670000 10074
1512061670000 10074
1512061670000 10102
1512061670000 10102
1512061670000 10103
1512061670000 10103
1512061670000 10103
1512061670000 10103
1512061670000 10104
1512061670000 10104
1512061670000 10104
1512061670000 10105
1512061670000 10105
1512061670000 10105
1512061670000 10106
1512061670000 10106
1512061670000 10106
1512061670000 10107
1512061670000 10107
1512061670000 10107
1512061670000 10108
1512061670000 10117
1512061670000 10117
1512061670000 10118
1512061670000 10118
1512061670000 10118
1512061670000 10119
1512061670000 10119
1512061670000 10120
1512061670000 10120
1512061670000 10120
1512061670000 10121
1512061670000 10121
1512061670000 10122
1512061670000 10122
1512061670000 10122
1512061670000 10123
1512061670000 10123
1512061670000 10124
1512061670000 10124
1512061670000 10124
1512061670000 10125
1512061670000 10125
1512061670000 10126
1512061670000 10126
1512061670000 10126
1512061670000 10127
1512061670000 10127
1512061670000 10242
1512061670000 10242
1512061670000 10242
1512061670000 10243
1512061670000 10243
1512061670000 10243
1512061670000 10244
1512061670000 10244
1512061670000 10244
1512061670000 10245
1512061670000 10245
1512061670000 10245
1512061670000 10246
1512061670000 10246
1512061670000 10246
1512061670000 10246
1512061670000 10246
1512061670000 10253
1512061670000 10253
1512061670000 10253
1512061670000 10254
1512061670000 10254
1512061670000 10255
1512061670000 10255
1512061670000 10255
1512061670000 10256
1512061670000 10256
1512061670000 10256
1512061670000 10257
1512061670000 10257
1512061670000 10258
1512061670000 10258
1512061670000 10259
1512061670000 10259
1512061670000 10259
1512061670000 10260
1512061680000 10274
1512061680000 10274
1512061680000 10274
1512061680000 10275
1512061680000 10275
1512061680000 10275
1512061680000 10275
1512061680000 10275
1512061680000 10275
1512061680000 10275
1512061680000 10275
1512061680000 10276
1512061680000 10276
1512061680000 10276
1512061680000 10276
1512061680000 10276
1512061680000 10276
1512061680000 10276
1512061680000 10277
1512061680000 10277
1512061680000 10279
1512061680000 10280
1512061680000 10280
1512061680000 10280
1512061680000 10280
1512061680000 10280
1512061680000 10280
1512061680000 10281
1512061680000 10281
1512061680000 10281
1512061680000 10281
1512061680000 10281
1512061680000 10281
1512061680000 10282
1512061680000 10282
1512061680000 10282
1512061680000 10282
1512061680000 10282
1512061680000 10282
1512061680000 10282
1512061680000 10283
1512061680000 10283
1512061680000 10283
1512061680000 10283
1512061680000 10283
1512061680000 10283
1512061680000 10283
1512061680000 10284
1512061680000 10284
1512061680000 10284
1512061680000 10284
1512061680000 10284
1512061680000 10284
1512061680000 10285
1512061680000 10285
1512061680000 10285
1512061680000 10285
1512061680000 10285
1512061680000 10285
1512061680000 10286
1512061680000 10289
1512061680000 10289
1512061680000 10289
1512061680000 10289
1512061680000 10290
1512061680000 10290
1512061680000 10290
1512061680000 10291
1512061680000 10291
1512061680000 10291
1512061680000 10291
1512061680000 10292
1512061680000 10292
1512061680000 10292
1512061680000 10297
1512061680000 10297
1512061680000 10297
1512061680000 10298
1512061680000 10298
1512061680000 10298
1512061680000 10298
1512061680000 10299
1512061680000 10299
1512061680000 10299
1512061680000 10299
1512061680000 10300
1512061680000 10300
1512061680000 10300
1512061680000 10300
1512061680000 10301
1512061680000 10301
1512061680000 10301
1512061680000 10301
1512061680000 10302
1512061680000 10302
1512061680000 10302
1512061680000 10303
1512061680000 10303
1512061680000 10303
1512061680000 10303
1512061690000 10075
1512061690000 10075
1512061690000 10075
1512061690000 10076
1512061690000 10076
1512061690000 10076
1512061690000 10076
1512061690000 10077
1512061690000 10077
1512061690000 10077
1512061690000 10077
1512061690000 10077
1512061690000 10078
1512061690000 10078
1512061690000 10078
1512061690000 10078
1512061690000 10079
1512061690000 10079
1512061690000 10079
1512061690000 10080
1512061690000 10080
1512061690000 10081
1512061690000 10081
1512061690000 10081
1512061690000 10082
1512061690000 10082
1512061690000 10083
1512061690000 10083
1512061690000 10083
1512061690000 10083
1512061690000 10083
1512061690000 10083
1512061690000 10084
1512061690000 10084
1512061690000 10084
1512061690000 10084
1512061690000 10084
1512061690000 10085
1512061690000 10085
1512061690000 10085
1512061690000 10085
1512061690000 10085
1512061690000 10086
1512061690000 10086
1512061690000 10086
1512061690000 10086
1512061690000 10086
1512061690000 10086
1512061690000 10086
1512061690000 10087
1512061690000 10087
1512061690000 10087
1512061690000 10087
1512061690000 10087
1512061690000 10087
1512061690000 10087
1512061690000 10087
1512061690000 10088
1512061690000 10088
1512061690000 10088
1512061690000 10088
1512061690000 10088
1512061690000 10088
1512061690000 10089
1512061690000 10089
1512061690000 10089
1512061690000 10089
1512061690000 10090
1512061690000 10090
1512061690000 10090
1512061690000 10090
1512061690000 10090
1512061690000 10090
1512061690000 10091
1512061690000 10091
1512061690000 10093
1512061690000 10093
1512061690000 10094
1512061690000 10094
1512061690000 10094
1512061690000 10095
1512061690000 10095
1512061690000 10096
1512061690000 10096
1512061690000 10096
1512061690000 10097
1512061690000 10097
1512061690000 10098
1512061690000 10098
1512061690000 10098
1512061690000 10099
1512061690000 10099
1512061690000 10100
1512061690000 10100
1512061690000 10100
1512061690000 10101
1512061690000 10101
1512061690000 10101
1512061690000 10102
1512061690000 10102
1512061700000 10066
1512061700000 10066
1512061700000 10067
1512061700000 10067
1512061700000 10067
1512061700000 10067
1512061700000 10068
1512061700000 10068
1512061700000 10068
1512061700000 10069
1512061700000 10082
1512061700000 10082
1512061700000 10082
1512061700000 10083
1512061700000 10083
1512061700000 10083
1512061700000 10083
1512061700000 10084
1512061700000 10084
1512061700000 10084
1512061700000 10084
1512061700000 10084
1512061700000 10084
1512061700000 10085
1512061700000 10085
1512061700000 10085
1512061700000 10085
1512061700000 10085
1512061700000 10085
1512061700000 10085
1512061700000 10086
1512061700000 10086
1512061700000 10086
1512061700000 10086
1512061700000 10086
1512061700000 10086
1512061700000 10086
1512061700000 10087
1512061700000 10087
1512061700000 10087
1512061700000 10087
1512061700000 10087
1512061700000 10087
1512061700000 10087
1512061700000 10087
1512061700000 10087
1512061700000 10087
1512061700000 10088
1512061700000 10088
1512061700000 10088
1512061700000 10088
1512061700000 10088
1512061700000 10088
1512061700000 10088
1512061700000 10088
1512061700000 10088
1512061700000 10088
1512061700000 10088
1512061700000 10088
1512061700000 10088
1512061700000 10088
1512061700000 10089
1512061700000 10089
1512061700000 10089
1512061700000 10089
1512061700000 10089
1512061700000 10089
1512061700000 10089
1512061700000 10089
1512061700000 10089
1512061700000 10089
1512061700000 10089
1512061700000 10090
1512061700000 10090
1512061700000 10090
1512061700000 10090
1512061700000 10090
1512061700000 10090
1512061700000 10090
1512061700000 10090
1512061700000 10094
1512061700000 10095
1512061700000 10095
1512061700000 10095
1512061700000 10096
1512061700000 10096
1512061700000 10096
1512061700000 10097
1512061700000 10097
1512061700000 10097
1512061700000 10098
1512061700000 10098
1512061700000 10099
1512061700000 10099
1512061700000 10099
1512061700000 10100
1512061700000 10100
1512061700000 10100
1512061700000 10100
1512061700000 10101
1512061710000 10067
1512061710000 10067
1512061710000 10068
1512061710000 10068
1512061710000 10069
1512061710000 10069
1512061710000 10069
1512061710000 10070
1512061710000 10070
1512061710000 10070
1512061710000 10091
1512061710000 10091
1512061710000 10091
1512061710000 10091
1512061710000 10091
1512061710000 10091
1512061710000 10092
1512061710000 10092
1512061710000 10092
1512061710000 10092
1512061710000 10092
1512061710000 10092
1512061710000 10092
1512061710000 10093
1512061710000 10093
1512061710000 10093
1512061710000 10093
1512061710000 10093
1512061710000 10093
1512061710000 10093
1512061710000 10093
1512061710000 10094
1512061710000 10094
1512061710000 10094
1512061710000 10094
1512061710000 10094
1512061710000 10094
1512061710000 10094
1512061710000 10094
1512061710000 10094
1512061710000 10094
1512061710000 10095
1512061710000 10095
1512061710000 10095
1512061710000 10095
1512061710000 10095
1512061710000 10096
1512061710000 10096
1512061710000 10096
1512061710000 10096
1512061710000 10096
1512061710000 10097
1512061710000 10097
1512061710000 10097
1512061710000 10097
1512061710000 10097
1512061710000 10097
1512061710000 10098
1512061710000 10098
1512061710000 10098
1512061710000 10098
1512061710000 10098
1512061710000 10098
1512061710000 10098
1512061710000 10099
1512061710000 10099
1512061710000 10099
1512061710000 10099
1512061710000 10099
1512061710000 10099
1512061710000 10100
1512061710000 10100
1512061710000 10100
1512061710000 10100
1512061710000 10100
1512061710000 10101
1512061710000 10101
1512061710000 10101
1512061710000 10101
1512061710000 10102
1512061710000 10102
1512061710000 10102
1512061710000 10103
1512061710000 10103
1512061710000 10247
1512061710000 10247
1512061710000 10247
1512061710000 10248
1512061710000 10248
1512061710000 10248
1512061710000 10249
1512061710000 10249
1512061710000 10249
1512061710000 10249
1512061710000 10250
1512061710000 10250
1512061710000 10250
1512061710000 10251
1512061710000 10251
1512061710000 10251
1512061720000 10074
1512061720000 10074
1512061720000 10075
1512061720000 10075
1512061720000 10075
1512061720000 10075
1512061720000 10075
1512061720000 10076
1512061720000 10076
1512061720000 10076
1512061720000 10076
1512061720000 10076
1512061720000 10076
1512061720000 10076
1512061720000 10077
1512061720000 10077
1512061720000 10077
1512061720000 10077
1512061720000 10077
1512061720000 10077
1512061720000 10077
1512061720000 10077
1512061720000 10077
1512061720000 10077
1512061720000 10077
1512061720000 10078
1512061720000 10078
1512061720000 10078
1512061720000 10078
1512061720000 10078
1512061720000 10078
1512061720000 10078
1512061720000 10078
1512061720000 10078
1512061720000 10078
1512061720000 10078
1512061720000 10079
1512061720000 10079
1512061720000 10079
1512061720000 10079
1512061720000 10096
1512061720000 10096
1512061720000 10097
1512061720000 10097
1512061720000 10097
1512061720000 10098
1512061720000 10098
1512061720000 10098
1512061720000 10099
1512061720000 10099
1512061720000 10099
1512061720000 10100
1512061720000 10100
1512061720000 10100
1512061720000 10101
1512061720000 10101
1512061720000 10101
1512061720000 10102
1512061720000 10102
1512061720000 10102
1512061720000 10103
1512061720000 10103
1512061720000 10103
1512061720000 10103
1512061720000 10103
1512061720000 10104
1512061720000 10104
1512061720000 10104
1512061720000 10104
1512061720000 10105
1512061720000 10105
1512061720000 10105
1512061720000 10105
1512061720000 10106
1512061720000 10106
1512061720000 10106
1512061720000 10107
1512061720000 10107
1512061720000 10107
1512061720000 10107
1512061720000 10108
1512061720000 10108
1512061720000 10108
1512061720000 10109
1512061720000 10109
1512061720000 10109
1512061720000 10110
1512061720000 10110
1512061720000 10110
1512061720000 10249
1512061720000 10249
1512061720000 10250
1512061720000 10250
1512061720000 10250
1512061720000 10251
1512061720000 10251
1512061720000 10251
1512061720000 10252
1512061720000 10252
1512061720000 10252
1512061730000 10080
1512061730000 10080
1512061730000 10081
1512061730000 10081
1512061730000 10081
1512061730000 10082
1512061730000 10082
1512061730000 10082
1512061730000 10082
1512061730000 10082
1512061730000 10083
1512061730000 10083
1512061730000 10083
1512061730000 10083
1512061730000 10084
1512061730000 10084
1512061730000 10084
1512061730000 10084
1512061730000 10084
1512061730000 10085
1512061730000 10085
1512061730000 10085
1512061730000 10086
1512061730000 10086
1512061730000 10086
1512061730000 10087
1512061730000 10087
1512061730000 10087
1512061730000 10087
1512061730000 10087
1512061730000 10087
1512061730000 10088
1512061730000 10088
1512061730000 10088
1512061730000 10088
1512061730000 10088
1512061730000 10089
1512061730000 10089
1512061730000 10089
1512061730000 10089
1512061730000 10089
1512061730000 10089
1512061730000 10090
1512061730000 10090
1512061730000 10090
1512061730000 10090
1512061730000 10090
1512061730000 10090
1512061730000 10090
1512061730000 10090
1512061730000 10091
1512061730000 10091
1512061730000 10091
1512061730000 10091
1512061730000 10091
1512061730000 10091
1512061730000 10091
1512061730000 10091
1512061730000 10091
1512061730000 10091
1512061730000 10092
1512061730000 10092
1512061730000 10092
1512061730000 10092
1512061730000 10092
1512061730000 10092
1512061730000 10092
1512061730000 10092
1512061730000 10093
1512061730000 10093
1512061730000 10093
1512061730000 10093
1512061730000 10093
1512061730000 10093
1512061730000 10094
1512061730000 10094
1512061730000 10094
1512061730000 10094
1512061730000 10121
1512061730000 10121
1512061730000 10122
1512061730000 10122
1512061730000 10122
1512061730000 10123
1512061730000 10123
1512061730000 10123
1512061730000 10124
1512061730000 10124
1512061730000 10124
1512061730000 10125
1512061730000 10125
1512061730000 10125
1512061730000 10126
1512061730000 10126
1512061730000 10126
1512061730000 10126
1512061730000 10127
1512061730000 10127
1512061730000 10127
1512061730000 10128
1512061740000 9262
1512061740000 9262
1512061740000 9262
1512061740000 9263
1512061740000 9263
1512061740000 9263
1512061740000 9263
1512061740000 9264
1512061740000 9264
1512061740000 9264
1512061740000 9264
1512061740000 9264
1512061740000 9264
1512061740000 9264
1512061740000 9264
1512061740000 9265
1512061740000 9265
1512061740000 9265
1512061740000 9265
1512061740000 9265
1512061740000 9265
1512061740000 9265
1512061740000 9266
1512061740000 9266
1512061740000 9266
1512061740000 9266
1512061740000 9266
1512061740000 9267
1512061740000 9267
1512061740000 9267
1512061740000 9268
1512061740000 9268
1512061740000 9268
1512061740000 9269
1512061740000 9269
1512061740000 9269
1512061740000 9270
1512061740000 9270
1512061740000 9270
1512061740000 9270
1512061740000 9270
1512061740000 9270
1512061740000 9270
1512061740000 9270
1512061740000 9270
1512061740000 9270
1512061740000 9271
1512061740000 9271
1512061740000 9271
1512061740000 9271
1512061740000 9271
1512061740000 9271
1512061740000 9271
1512061740000 9271
1512061740000 9272
1512061740000 9272
1512061740000 9272
1512061740000 9272
1512061740000 9272
1512061740000 9272
1512061740000 9272
1512061740000 9273
1512061740000 9273
1512061740000 9273
1512061740000 9273
1512061740000 9273
1512061740000 9273
1512061740000 9274
1512061740000 9274
1512061740000 9274
1512061740000 9275
1512061740000 9275
1512061740000 9276
1512061740000 9276
1512061740000 9276
1512061740000 9277
1512061740000 9277
1512061740000 9278
1512061740000 9278
1512061740000 9289
1512061740000 9290
1512061740000 9290
1512061740000 9291
1512061740000 9291
1512061740000 9291
1512061740000 9292
1512061740000 9292
1512061740000 9292
1512061740000 9293
1512061740000 9293
1512061740000 9294
1512061740000 9294
1512061740000 9294
1512061740000 9295
1512061740000 9295
1512061740000 9295
1512061740000 9296
1512061740000 9296
1512061740000 9297
1512061740000 9297
