1512033550000 604
1512033550000 604
1512033550000 605
1512033550000 605
1512033550000 605
1512033550000 605
1512033550000 605
1512033550000 605
1512033550000 605
1512033550000 606
1512033550000 606
1512033550000 606
1512033550000 606
1512033550000 606
1512033550000 607
1512033550000 607
1512033550000 608
1512033550000 608
1512033550000 608
1512033550000 608
1512033550000 608
1512033550000 608
1512033550000 608
1512033550000 608
1512033550000 608
1512033550000 608
1512033550000 608
1512033550000 608
1512033550000 608
1512033550000 608
1512033550000 608
1512033550000 609
1512033550000 609
1512033550000 609
1512033550000 609
1512033550000 609
1512033550000 609
1512033550000 609
1512033550000 609
1512033550000 609
1512033550000 609
1512033550000 609
1512033550000 609
1512033550000 609
1512033550000 610
1512033550000 610
1512033550000 610
1512033550000 610
1512033550000 610
1512033550000 610
1512033550000 610
1512033550000 610
1512033550000 610
1512033550000 610
1512033550000 610
1512033550000 610
1512033550000 611
1512033550000 611
1512033550000 611
1512033550000 611
1512033550000 611
1512033550000 611
1512033550000 611
1512033550000 611
1512033550000 611
1512033550000 611
1512033550000 611
1512033550000 611
1512033550000 611
1512033550000 611
1512033550000 611
1512033550000 611
1512033550000 612
1512033550000 612
1512033550000 612
1512033550000 612
1512033550000 612
1512033550000 612
1512033550000 612
1512033550000 612
1512033550000 613
1512033550000 613
1512033550000 613
1512033550000 613
1512033550000 613
1512033550000 613
1512033550000 613
1512033550000 614
1512033550000 614
1512033550000 614
1512033550000 614
1512033550000 614
1512033550000 639
1512033550000 639
1512033550000 639
1512033550000 640
1512033550000 640
1512033550000 640
1512033550000 640
1512033550000 640
1512033560000 410
1512033560000 411
1512033560000 411
1512033560000 412
1512033560000 412
1512033560000 412
1512033560000 412
1512033560000 412
1512033560000 412
1512033560000 413
1512033560000 413
1512033560000 413
1512033560000 413
1512033560000 413
1512033560000 413
1512033560000 413
1512033560000 413
1512033560000 414
1512033560000 414
1512033560000 414
1512033560000 414
1512033560000 414
1512033560000 414
1512033560000 414
1512033560000 414
1512033560000 414
1512033560000 415
1512033560000 415
1512033560000 415
1512033560000 415
1512033560000 415
1512033560000 415
1512033560000 415
1512033560000 415
1512033560000 416
1512033560000 416
1512033560000 416
1512033560000 416
1512033560000 416
1512033560000 416
1512033560000 416
1512033560000 416
1512033560000 417
1512033560000 417
1512033560000 417
1512033560000 417
1512033560000 417
1512033560000 417
1512033560000 417
1512033560000 417
1512033560000 417
1512033560000 417
1512033560000 417
1512033560000 418
1512033560000 418
1512033560000 418
1512033560000 418
1512033560000 418
1512033560000 418
1512033560000 418
1512033560000 418
1512033560000 418
1512033560000 418
1512033560000 418
1512033560000 418
1512033560000 418
1512033560000 418
1512033560000 418
1512033560000 418
1512033560000 418
1512033560000 418
1512033560000 418
1512033560000 418
1512033560000 418
1512033560000 418
1512033560000 418
1512033560000 419
1512033560000 419
1512033560000 419
1512033560000 419
1512033560000 419
1512033560000 419
1512033560000 419
1512033560000 420
1512033560000 420
1512033560000 420
1512033560000 420
1512033560000 420
1512033560000 440
1512033560000 440
1512033560000 441
1512033560000 441
1512033560000 449
1512033560000 449
1512033560000 450
1512033560000 450
1512033560000 450
1512033560000 450
1512033560000 451
1512033560000 451
1512033570000 365
1512033570000 365
1512033570000 366
1512033570000 366
1512033570000 366
1512033570000 366
1512033570000 367
1512033570000 367
1512033570000 367
1512033570000 367
1512033570000 367
1512033570000 367
1512033570000 368
1512033570000 368
1512033570000 368
1512033570000 368
1512033570000 368
1512033570000 368
1512033570000 369
1512033570000 369
1512033570000 369
1512033570000 369
1512033570000 369
1512033570000 369
1512033570000 369
1512033570000 369
1512033570000 369
1512033570000 369
1512033570000 369
1512033570000 369
1512033570000 369
1512033570000 370
1512033570000 370
1512033570000 370
1512033570000 370
1512033570000 370
1512033570000 370
1512033570000 370
1512033570000 370
1512033570000 370
1512033570000 371
1512033570000 371
1512033570000 371
1512033570000 371
1512033570000 371
1512033570000 371
1512033570000 371
1512033570000 371
1512033570000 371
1512033570000 371
1512033570000 371
1512033570000 371
1512033570000 372
1512033570000 372
1512033570000 372
1512033570000 372
1512033570000 372
1512033570000 372
1512033570000 372
1512033570000 372
1512033570000 372
1512033570000 372
1512033570000 372
1512033570000 372
1512033570000 372
1512033570000 372
1512033570000 372
1512033570000 373
1512033570000 373
1512033570000 373
1512033570000 373
1512033570000 373
1512033570000 373
1512033570000 373
1512033570000 373
1512033570000 373
1512033570000 373
1512033570000 373
1512033570000 373
1512033570000 373
1512033570000 373
1512033570000 373
1512033570000 374
1512033570000 374
1512033570000 374
1512033570000 374
1512033570000 374
1512033570000 374
1512033570000 374
1512033570000 374
1512033570000 374
1512033570000 374
1512033570000 375
1512033570000 375
1512033570000 421
1512033570000 422
1512033570000 423
1512033570000 423
1512033570000 423
1512033570000 424
1512033580000 1377
1512033580000 1379
1512033580000 371
1512033580000 371
1512033580000 371
1512033580000 371
1512033580000 371
1512033580000 371
1512033580000 371
1512033580000 371
1512033580000 372
1512033580000 372
1512033580000 372
1512033580000 372
1512033580000 373
1512033580000 373
1512033580000 373
1512033580000 373
1512033580000 373
1512033580000 373
1512033580000 373
1512033580000 373
1512033580000 374
1512033580000 374
1512033580000 374
1512033580000 374
1512033580000 374
1512033580000 374
1512033580000 374
1512033580000 374
1512033580000 374
1512033580000 374
1512033580000 374
1512033580000 374
1512033580000 374
1512033580000 375
1512033580000 375
1512033580000 375
1512033580000 375
1512033580000 375
1512033580000 375
1512033580000 375
1512033580000 375
1512033580000 375
1512033580000 375
1512033580000 375
1512033580000 375
1512033580000 375
1512033580000 375
1512033580000 375
1512033580000 375
1512033580000 375
1512033580000 375
1512033580000 376
1512033580000 376
1512033580000 376
1512033580000 376
1512033580000 376
1512033580000 376
1512033580000 376
1512033580000 376
1512033580000 376
1512033580000 376
1512033580000 376
1512033580000 376
1512033580000 376
1512033580000 377
1512033580000 377
1512033580000 377
1512033580000 377
1512033580000 377
1512033580000 377
1512033580000 377
1512033580000 377
1512033580000 377
1512033580000 377
1512033580000 377
1512033580000 377
1512033580000 378
1512033580000 378
1512033580000 378
1512033580000 378
1512033580000 378
1512033580000 378
1512033580000 378
1512033580000 378
1512033580000 379
1512033580000 379
1512033580000 379
1512033580000 379
1512033580000 382
1512033580000 382
1512033580000 408
1512033580000 408
1512033580000 409
1512033580000 409
1512033580000 409
1512033580000 409
1512033580000 409
1512033580000 409
1512033590000 1007
1512033590000 1007
1512033590000 1007
1512033590000 1007
1512033590000 1007
1512033590000 1007
1512033590000 1007
1512033590000 1007
1512033590000 1008
1512033590000 1008
1512033590000 1008
1512033590000 1008
1512033590000 1008
1512033590000 1008
1512033590000 1008
1512033590000 1008
1512033590000 1008
1512033590000 1008
1512033590000 1008
1512033590000 1009
1512033590000 1009
1512033590000 1009
1512033590000 1009
1512033590000 1009
1512033590000 1009
1512033590000 1009
1512033590000 1009
1512033590000 1009
1512033590000 1009
1512033590000 1009
1512033590000 1009
1512033590000 1009
1512033590000 1009
1512033590000 1009
1512033590000 1009
1512033590000 1009
1512033590000 1009
1512033590000 1009
1512033590000 1009
1512033590000 1009
1512033590000 1010
1512033590000 1010
1512033590000 1010
1512033590000 1010
1512033590000 1010
1512033590000 1010
1512033590000 1010
1512033590000 1010
1512033590000 1010
1512033590000 1010
1512033590000 1010
1512033590000 1010
1512033590000 1010
1512033590000 1010
1512033590000 1010
1512033590000 1010
1512033590000 1011
1512033590000 1011
1512033590000 1011
1512033590000 1011
1512033590000 1011
1512033590000 1011
1512033590000 1011
1512033590000 1011
1512033590000 1011
1512033590000 1011
1512033590000 1011
1512033590000 1011
1512033590000 1011
1512033590000 1011
1512033590000 1011
1512033590000 1011
1512033590000 1011
1512033590000 1011
1512033590000 1012
1512033590000 1012
1512033590000 1012
1512033590000 1012
1512033590000 1012
1512033590000 1012
1512033590000 1012
1512033590000 1012
1512033590000 1012
1512033590000 1013
1512033590000 1017
1512033590000 1017
1512033590000 1018
1512033590000 1022
1512033590000 1022
1512033590000 1028
1512033590000 1029
1512033590000 1029
1512033590000 1043
1512033590000 1043
1512033590000 1043
1512033590000 1043
1512033590000 1043
1512033590000 1043
1512033590000 1043
1512033590000 1043
1512033600000 1366
1512033600000 1366
1512033600000 1366
1512033600000 1366
1512033600000 1366
1512033600000 1366
1512033600000 1366
1512033600000 1366
1512033600000 1366
1512033600000 1366
1512033600000 1366
1512033600000 1366
1512033600000 1366
1512033600000 1366
1512033600000 1366
1512033600000 1367
1512033600000 1367
1512033600000 1367
1512033600000 1367
1512033600000 1367
1512033600000 1367
1512033600000 1367
1512033600000 1367
1512033600000 1367
1512033600000 1367
1512033600000 1367
1512033600000 1367
1512033600000 1367
1512033600000 1368
1512033600000 1368
1512033600000 1368
1512033600000 1368
1512033600000 1368
1512033600000 1368
1512033600000 1368
1512033600000 1368
1512033600000 1368
1512033600000 1368
1512033600000 1368
1512033600000 1368
1512033600000 1368
1512033600000 1368
1512033600000 1368
1512033600000 1368
1512033600000 1368
1512033600000 1368
1512033600000 1368
1512033600000 1368
1512033600000 1369
1512033600000 1369
1512033600000 1369
1512033600000 1369
1512033600000 1369
1512033600000 1369
1512033600000 1369
1512033600000 1369
1512033600000 1369
1512033600000 1369
1512033600000 1369
1512033600000 1369
1512033600000 1369
1512033600000 1369
1512033600000 1370
1512033600000 1370
1512033600000 1370
1512033600000 1370
1512033600000 1370
1512033600000 1370
1512033600000 1370
1512033600000 1370
1512033600000 1370
1512033600000 1370
1512033600000 1371
1512033600000 1371
1512033600000 1371
1512033600000 1371
1512033600000 1371
1512033600000 1371
1512033600000 1372
1512033600000 1372
1512033600000 1372
1512033600000 1372
1512033600000 1372
1512033600000 1372
1512033600000 1372
1512033600000 1373
1512033600000 1373
1512033600000 1373
1512033600000 1375
1512033600000 1375
1512033600000 1375
1512033600000 1392
1512033600000 1403
1512033600000 1403
1512033600000 1403
1512033600000 1403
1512033600000 1403
1512033600000 1403
1512033600000 1404
1512033600000 1404
1512033610000 1335
1512033610000 1336
1512033610000 1337
1512033610000 1337
1512033610000 1337
1512033610000 1338
1512033610000 1338
1512033610000 1338
1512033610000 1338
1512033610000 1338
1512033610000 1338
1512033610000 1338
1512033610000 1338
1512033610000 1338
1512033610000 1338
1512033610000 1338
1512033610000 1338
1512033610000 1339
1512033610000 1339
1512033610000 1339
1512033610000 1339
1512033610000 1339
1512033610000 1339
1512033610000 1339
1512033610000 1339
1512033610000 1339
1512033610000 1339
1512033610000 1339
1512033610000 1339
1512033610000 1339
1512033610000 1340
1512033610000 1340
1512033610000 1340
1512033610000 1340
1512033610000 1340
1512033610000 1340
1512033610000 1340
1512033610000 1340
1512033610000 1340
1512033610000 1340
1512033610000 1340
1512033610000 1341
1512033610000 1341
1512033610000 1341
1512033610000 1341
1512033610000 1341
1512033610000 1341
1512033610000 1341
1512033610000 1341
1512033610000 1341
1512033610000 1341
1512033610000 1341
1512033610000 1341
1512033610000 1341
1512033610000 1341
1512033610000 1342
1512033610000 1342
1512033610000 1342
1512033610000 1342
1512033610000 1342
1512033610000 1342
1512033610000 1342
1512033610000 1342
1512033610000 1342
1512033610000 1342
1512033610000 1343
1512033610000 1343
1512033610000 1343
1512033610000 1343
1512033610000 1343
1512033610000 1343
1512033610000 1343
1512033610000 1343
1512033610000 1343
1512033610000 1343
1512033610000 1343
1512033610000 1343
1512033610000 1343
1512033610000 1344
1512033610000 1344
1512033610000 1344
1512033610000 1344
1512033610000 1344
1512033610000 1344
1512033610000 1344
1512033610000 1344
1512033610000 1344
1512033610000 1344
1512033610000 1344
1512033610000 1345
1512033610000 1345
1512033610000 1345
1512033610000 1345
1512033610000 1345
1512033610000 1345
1512033610000 1345
1512033610000 1346
1512033610000 1346
1512033610000 1346
1512033610000 1346
1512033620000 1352
1512033620000 1352
1512033620000 1352
1512033620000 1352
1512033620000 1353
1512033620000 1353
1512033620000 1353
1512033620000 1353
1512033620000 1353
1512033620000 1353
1512033620000 1353
1512033620000 1353
1512033620000 1353
1512033620000 1353
1512033620000 1353
1512033620000 1353
1512033620000 1354
1512033620000 1354
1512033620000 1354
1512033620000 1354
1512033620000 1354
1512033620000 1354
1512033620000 1354
1512033620000 1354
1512033620000 1354
1512033620000 1354
1512033620000 1354
1512033620000 1354
1512033620000 1354
1512033620000 1355
1512033620000 1355
1512033620000 1355
1512033620000 1355
1512033620000 1355
1512033620000 1355
1512033620000 1355
1512033620000 1355
1512033620000 1355
1512033620000 1355
1512033620000 1355
1512033620000 1355
1512033620000 1355
1512033620000 1355
1512033620000 1355
1512033620000 1355
1512033620000 1355
1512033620000 1356
1512033620000 1356
1512033620000 1356
1512033620000 1356
1512033620000 1356
1512033620000 1356
1512033620000 1356
1512033620000 1356
1512033620000 1357
1512033620000 1357
1512033620000 1357
1512033620000 1357
1512033620000 1357
1512033620000 1357
1512033620000 1357
1512033620000 1358
1512033620000 1358
1512033620000 1358
1512033620000 1358
1512033620000 1358
1512033620000 1358
1512033620000 1358
1512033620000 1358
1512033620000 1358
1512033620000 1359
1512033620000 1359
1512033620000 1359
1512033620000 1359
1512033620000 1359
1512033620000 1360
1512033620000 1360
1512033620000 1360
1512033620000 1360
1512033620000 1360
1512033620000 1361
1512033620000 1361
1512033620000 1361
1512033620000 1361
1512033620000 1361
1512033620000 1362
1512033620000 1362
1512033620000 1363
1512033620000 1364
1512033620000 1364
1512033620000 1366
1512033620000 1387
1512033620000 1388
1512033620000 1388
1512033620000 1388
1512033620000 1388
1512033620000 1389
1512033620000 1389
1512033620000 1390
1512033620000 359
1512033630000 1367
1512033630000 1367
1512033630000 1367
1512033630000 1367
1512033630000 1367
1512033630000 1367
1512033630000 1367
1512033630000 1368
1512033630000 1368
1512033630000 1368
1512033630000 1368
1512033630000 1368
1512033630000 1368
1512033630000 1368
1512033630000 1368
1512033630000 1368
1512033630000 1368
1512033630000 1368
1512033630000 1368
1512033630000 1369
1512033630000 1369
1512033630000 1369
1512033630000 1369
1512033630000 1369
1512033630000 1369
1512033630000 1369
1512033630000 1369
1512033630000 1369
1512033630000 1369
1512033630000 1369
1512033630000 1369
1512033630000 1369
1512033630000 1369
1512033630000 1369
1512033630000 1370
1512033630000 1370
1512033630000 1370
1512033630000 1370
1512033630000 1370
1512033630000 1370
1512033630000 1370
1512033630000 1370
1512033630000 1370
1512033630000 1370
1512033630000 1370
1512033630000 1370
1512033630000 1370
1512033630000 1370
1512033630000 1370
1512033630000 1370
1512033630000 1370
1512033630000 1370
1512033630000 1371
1512033630000 1371
1512033630000 1371
1512033630000 1371
1512033630000 1371
1512033630000 1371
1512033630000 1371
1512033630000 1371
1512033630000 1371
1512033630000 1372
1512033630000 1372
1512033630000 1372
1512033630000 1372
1512033630000 1372
1512033630000 1372
1512033630000 1372
1512033630000 1373
1512033630000 1373
1512033630000 1373
1512033630000 1374
1512033630000 1374
1512033630000 1374
1512033630000 1374
1512033630000 1374
1512033630000 1374
1512033630000 1374
1512033630000 1374
1512033630000 1375
1512033630000 1376
1512033630000 1376
1512033630000 1376
1512033630000 1376
1512033630000 1376
1512033630000 1377
1512033630000 1377
1512033630000 1378
1512033630000 1378
1512033630000 1378
1512033630000 1378
1512033630000 1379
1512033630000 1403
1512033630000 1404
1512033630000 1404
1512033630000 1404
1512033630000 1404
1512033630000 1405
1512033630000 1405
1512033630000 1405
1512033640000 1326
1512033640000 1326
1512033640000 1326
1512033640000 1327
1512033640000 1327
1512033640000 1327
1512033640000 1327
1512033640000 1327
1512033640000 1327
1512033640000 1327
1512033640000 1327
1512033640000 1327
1512033640000 1327
1512033640000 1328
1512033640000 1328
1512033640000 1328
1512033640000 1328
1512033640000 1328
1512033640000 1328
1512033640000 1328
1512033640000 1328
1512033640000 1328
1512033640000 1328
1512033640000 1328
1512033640000 1329
1512033640000 1329
1512033640000 1329
1512033640000 1329
1512033640000 1329
1512033640000 1329
1512033640000 1329
1512033640000 1329
1512033640000 1329
1512033640000 1329
1512033640000 1329
1512033640000 1329
1512033640000 1330
1512033640000 1330
1512033640000 1330
1512033640000 1330
1512033640000 1330
1512033640000 1330
1512033640000 1330
1512033640000 1330
1512033640000 1330
1512033640000 1330
1512033640000 1330
1512033640000 1330
1512033640000 1330
1512033640000 1330
1512033640000 1330
1512033640000 1331
1512033640000 1331
1512033640000 1331
1512033640000 1331
1512033640000 1331
1512033640000 1331
1512033640000 1331
1512033640000 1332
1512033640000 1332
1512033640000 1332
1512033640000 1332
1512033640000 1333
1512033640000 1333
1512033640000 1333
1512033640000 1333
1512033640000 1333
1512033640000 1334
1512033640000 1334
1512033640000 1334
1512033640000 1334
1512033640000 1334
1512033640000 1334
1512033640000 1334
1512033640000 1334
1512033640000 1335
1512033640000 1335
1512033640000 1335
1512033640000 1336
1512033640000 1336
1512033640000 1337
1512033640000 1337
1512033640000 1342
1512033640000 1353
1512033640000 1353
1512033640000 1354
1512033640000 1354
1512033640000 1354
1512033640000 1354
1512033640000 1358
1512033640000 1359
1512033640000 335
1512033640000 367
1512033640000 368
1512033640000 368
1512033640000 368
1512033640000 368
1512033640000 368
1512033640000 368
1512033640000 368
1512033650000 1369
1512033650000 1369
1512033650000 1369
1512033650000 1369
1512033650000 1369
1512033650000 1370
1512033650000 1370
1512033650000 1370
1512033650000 1370
1512033650000 1370
1512033650000 1370
1512033650000 1370
1512033650000 1370
1512033650000 1370
1512033650000 1370
1512033650000 1370
1512033650000 1370
1512033650000 1370
1512033650000 1370
1512033650000 1370
1512033650000 1370
1512033650000 1371
1512033650000 1371
1512033650000 1371
1512033650000 1371
1512033650000 1371
1512033650000 1371
1512033650000 1371
1512033650000 1371
1512033650000 1371
1512033650000 1371
1512033650000 1371
1512033650000 1371
1512033650000 1371
1512033650000 1371
1512033650000 1371
1512033650000 1371
1512033650000 1371
1512033650000 1371
1512033650000 1372
1512033650000 1372
1512033650000 1372
1512033650000 1372
1512033650000 1372
1512033650000 1372
1512033650000 1372
1512033650000 1372
1512033650000 1372
1512033650000 1372
1512033650000 1372
1512033650000 1372
1512033650000 1372
1512033650000 1372
1512033650000 1372
1512033650000 1372
1512033650000 1373
1512033650000 1373
1512033650000 1373
1512033650000 1373
1512033650000 1373
1512033650000 1373
1512033650000 1373
1512033650000 1373
1512033650000 1373
1512033650000 1374
1512033650000 1374
1512033650000 1374
1512033650000 1374
1512033650000 1374
1512033650000 1374
1512033650000 1374
1512033650000 1374
1512033650000 1374
1512033650000 1375
1512033650000 1375
1512033650000 1375
1512033650000 1375
1512033650000 1375
1512033650000 1375
1512033650000 1375
1512033650000 1375
1512033650000 1375
1512033650000 1376
1512033650000 1376
1512033650000 1376
1512033650000 1376
1512033650000 1376
1512033650000 1376
1512033650000 1376
1512033650000 1377
1512033650000 1377
1512033650000 1377
1512033650000 1377
1512033650000 1377
1512033650000 1377
1512033650000 1378
1512033650000 1378
1512033650000 1378
1512033650000 1378
1512033650000 1380
1512033660000 1343
1512033660000 1343
1512033660000 1343
1512033660000 1343
1512033660000 1343
1512033660000 1343
1512033660000 1343
1512033660000 1343
1512033660000 1343
1512033660000 1343
1512033660000 1343
1512033660000 1344
1512033660000 1344
1512033660000 1344
1512033660000 1344
1512033660000 1344
1512033660000 1344
1512033660000 1344
1512033660000 1344
1512033660000 1344
1512033660000 1344
1512033660000 1344
1512033660000 1344
1512033660000 1344
1512033660000 1344
1512033660000 1344
1512033660000 1344
1512033660000 1344
1512033660000 1344
1512033660000 1344
1512033660000 1344
1512033660000 1344
1512033660000 1344
1512033660000 1344
1512033660000 1345
1512033660000 1345
1512033660000 1345
1512033660000 1345
1512033660000 1345
1512033660000 1345
1512033660000 1345
1512033660000 1345
1512033660000 1345
1512033660000 1345
1512033660000 1345
1512033660000 1345
1512033660000 1345
1512033660000 1345
1512033660000 1345
1512033660000 1345
1512033660000 1345
1512033660000 1346
1512033660000 1346
1512033660000 1346
1512033660000 1346
1512033660000 1346
1512033660000 1346
1512033660000 1346
1512033660000 1346
1512033660000 1346
1512033660000 1346
1512033660000 1346
1512033660000 1346
1512033660000 1346
1512033660000 1346
1512033660000 1346
1512033660000 1346
1512033660000 1346
1512033660000 1347
1512033660000 1347
1512033660000 1347
1512033660000 1347
1512033660000 1347
1512033660000 1347
1512033660000 1347
1512033660000 1347
1512033660000 1347
1512033660000 1347
1512033660000 1347
1512033660000 1347
1512033660000 1348
1512033660000 1348
1512033660000 1348
1512033660000 1348
1512033660000 1348
1512033660000 1349
1512033660000 1349
1512033660000 1349
1512033660000 1350
1512033660000 1372
1512033660000 1372
1512033660000 1372
1512033660000 1378
1512033660000 1379
1512033660000 1379
1512033660000 1379
1512033660000 1379
1512033660000 1379
1512033660000 1379
1512033660000 1379
1512033670000 313
1512033670000 313
1512033670000 314
1512033670000 314
1512033670000 314
1512033670000 314
1512033670000 315
1512033670000 315
1512033670000 315
1512033670000 315
1512033670000 315
1512033670000 315
1512033670000 315
1512033670000 315
1512033670000 315
1512033670000 315
1512033670000 316
1512033670000 316
1512033670000 316
1512033670000 316
1512033670000 316
1512033670000 316
1512033670000 316
1512033670000 317
1512033670000 317
1512033670000 317
1512033670000 317
1512033670000 317
1512033670000 317
1512033670000 317
1512033670000 317
1512033670000 317
1512033670000 317
1512033670000 317
1512033670000 317
1512033670000 318
1512033670000 318
1512033670000 318
1512033670000 318
1512033670000 318
1512033670000 318
1512033670000 318
1512033670000 318
1512033670000 318
1512033670000 318
1512033670000 318
1512033670000 318
1512033670000 319
1512033670000 319
1512033670000 319
1512033670000 319
1512033670000 319
1512033670000 319
1512033670000 319
1512033670000 319
1512033670000 319
1512033670000 319
1512033670000 319
1512033670000 319
1512033670000 319
1512033670000 319
1512033670000 319
1512033670000 319
1512033670000 320
1512033670000 320
1512033670000 320
1512033670000 320
1512033670000 320
1512033670000 320
1512033670000 320
1512033670000 320
1512033670000 320
1512033670000 320
1512033670000 320
1512033670000 320
1512033670000 320
1512033670000 320
1512033670000 320
1512033670000 320
1512033670000 321
1512033670000 321
1512033670000 321
1512033670000 321
1512033670000 321
1512033670000 321
1512033670000 321
1512033670000 321
1512033670000 321
1512033670000 321
1512033670000 321
1512033670000 322
1512033670000 337
1512033670000 347
1512033670000 347
1512033670000 347
1512033670000 347
1512033670000 347
1512033670000 347
1512033670000 347
1512033670000 348
1512033680000 1349
1512033680000 1351
1512033680000 1352
1512033680000 1353
1512033680000 1354
1512033680000 328
1512033680000 328
1512033680000 328
1512033680000 328
1512033680000 328
1512033680000 329
1512033680000 329
1512033680000 329
1512033680000 329
1512033680000 329
1512033680000 329
1512033680000 329
1512033680000 329
1512033680000 329
1512033680000 329
1512033680000 329
1512033680000 330
1512033680000 330
1512033680000 330
1512033680000 330
1512033680000 330
1512033680000 330
1512033680000 330
1512033680000 330
1512033680000 330
1512033680000 330
1512033680000 330
1512033680000 330
1512033680000 330
1512033680000 330
1512033680000 331
1512033680000 331
1512033680000 331
1512033680000 331
1512033680000 331
1512033680000 331
1512033680000 331
1512033680000 331
1512033680000 331
1512033680000 331
1512033680000 331
1512033680000 331
1512033680000 331
1512033680000 331
1512033680000 331
1512033680000 331
1512033680000 331
1512033680000 331
1512033680000 331
1512033680000 331
1512033680000 331
1512033680000 331
1512033680000 331
1512033680000 332
1512033680000 332
1512033680000 332
1512033680000 332
1512033680000 332
1512033680000 332
1512033680000 332
1512033680000 332
1512033680000 332
1512033680000 332
1512033680000 332
1512033680000 332
1512033680000 332
1512033680000 332
1512033680000 332
1512033680000 332
1512033680000 332
1512033680000 332
1512033680000 332
1512033680000 332
1512033680000 332
1512033680000 332
1512033680000 332
1512033680000 332
1512033680000 332
1512033680000 333
1512033680000 333
1512033680000 333
1512033680000 333
1512033680000 333
1512033680000 333
1512033680000 333
1512033680000 333
1512033680000 333
1512033680000 334
1512033680000 334
1512033680000 334
1512033680000 335
1512033680000 349
1512033680000 349
1512033680000 349
1512033680000 378
1512033690000 337
1512033690000 338
1512033690000 338
1512033690000 338
1512033690000 338
1512033690000 338
1512033690000 338
1512033690000 338
1512033690000 338
1512033690000 338
1512033690000 338
1512033690000 339
1512033690000 339
1512033690000 339
1512033690000 339
1512033690000 339
1512033690000 339
1512033690000 339
1512033690000 339
1512033690000 339
1512033690000 339
1512033690000 339
1512033690000 339
1512033690000 339
1512033690000 339
1512033690000 339
1512033690000 339
1512033690000 339
1512033690000 339
1512033690000 339
1512033690000 339
1512033690000 339
1512033690000 340
1512033690000 340
1512033690000 340
1512033690000 340
1512033690000 340
1512033690000 340
1512033690000 340
1512033690000 340
1512033690000 340
1512033690000 340
1512033690000 340
1512033690000 340
1512033690000 340
1512033690000 340
1512033690000 340
1512033690000 340
1512033690000 340
1512033690000 340
1512033690000 340
1512033690000 340
1512033690000 340
1512033690000 340
1512033690000 340
1512033690000 340
1512033690000 341
1512033690000 341
1512033690000 341
1512033690000 341
1512033690000 341
1512033690000 341
1512033690000 341
1512033690000 341
1512033690000 341
1512033690000 341
1512033690000 341
1512033690000 341
1512033690000 341
1512033690000 341
1512033690000 342
1512033690000 342
1512033690000 342
1512033690000 342
1512033690000 342
1512033690000 342
1512033690000 342
1512033690000 342
1512033690000 342
1512033690000 342
1512033690000 342
1512033690000 342
1512033690000 343
1512033690000 343
1512033690000 343
1512033690000 343
1512033690000 343
1512033690000 343
1512033690000 343
1512033690000 343
1512033690000 343
1512033690000 343
1512033690000 343
1512033690000 343
1512033690000 343
1512033690000 344
1512033690000 344
1512033690000 344
1512033690000 344
1512033690000 344
1512033700000 1390
1512033700000 1390
1512033700000 1390
1512033700000 1390
1512033700000 1391
1512033700000 1391
1512033700000 1391
1512033700000 1391
1512033700000 1392
1512033700000 1392
1512033700000 1393
1512033700000 1393
1512033700000 1393
1512033700000 1395
1512033700000 1396
1512033700000 1397
1512033700000 1399
1512033700000 1400
1512033700000 1400
1512033700000 379
1512033700000 379
1512033700000 379
1512033700000 379
1512033700000 380
1512033700000 380
1512033700000 380
1512033700000 380
1512033700000 380
1512033700000 380
1512033700000 380
1512033700000 380
1512033700000 380
1512033700000 380
1512033700000 380
1512033700000 380
1512033700000 380
1512033700000 381
1512033700000 381
1512033700000 381
1512033700000 381
1512033700000 381
1512033700000 381
1512033700000 381
1512033700000 381
1512033700000 381
1512033700000 382
1512033700000 382
1512033700000 382
1512033700000 382
1512033700000 382
1512033700000 382
1512033700000 382
1512033700000 382
1512033700000 382
1512033700000 382
1512033700000 382
1512033700000 382
1512033700000 382
1512033700000 383
1512033700000 383
1512033700000 383
1512033700000 383
1512033700000 383
1512033700000 383
1512033700000 383
1512033700000 383
1512033700000 383
1512033700000 383
1512033700000 383
1512033700000 383
1512033700000 383
1512033700000 384
1512033700000 384
1512033700000 384
1512033700000 384
1512033700000 384
1512033700000 384
1512033700000 384
1512033700000 384
1512033700000 385
1512033700000 385
1512033700000 400
1512033700000 400
1512033700000 401
1512033700000 403
1512033700000 403
1512033700000 403
1512033700000 404
1512033700000 407
1512033700000 408
1512033700000 408
1512033700000 409
1512033700000 415
1512033700000 415
1512033700000 416
1512033700000 416
1512033700000 416
1512033700000 416
1512033700000 416
1512033700000 416
1512033710000 399
1512033710000 400
1512033710000 400
1512033710000 400
1512033710000 400
1512033710000 400
1512033710000 400
1512033710000 400
1512033710000 400
1512033710000 401
1512033710000 401
1512033710000 401
1512033710000 401
1512033710000 401
1512033710000 401
1512033710000 401
1512033710000 401
1512033710000 401
1512033710000 401
1512033710000 401
1512033710000 401
1512033710000 401
1512033710000 401
1512033710000 401
1512033710000 401
1512033710000 401
1512033710000 401
1512033710000 402
1512033710000 402
1512033710000 402
1512033710000 402
1512033710000 402
1512033710000 402
1512033710000 402
1512033710000 402
1512033710000 402
1512033710000 402
1512033710000 402
1512033710000 402
1512033710000 402
1512033710000 402
1512033710000 402
1512033710000 403
1512033710000 403
1512033710000 403
1512033710000 403
1512033710000 403
1512033710000 403
1512033710000 403
1512033710000 403
1512033710000 403
1512033710000 403
1512033710000 403
1512033710000 403
1512033710000 403
1512033710000 403
1512033710000 403
1512033710000 403
1512033710000 403
1512033710000 403
1512033710000 404
1512033710000 404
1512033710000 404
1512033710000 404
1512033710000 404
1512033710000 404
1512033710000 404
1512033710000 404
1512033710000 404
1512033710000 404
1512033710000 404
1512033710000 404
1512033710000 404
1512033710000 404
1512033710000 404
1512033710000 404
1512033710000 404
1512033710000 404
1512033710000 404
1512033710000 404
1512033710000 404
1512033710000 404
1512033710000 405
1512033710000 405
1512033710000 405
1512033710000 405
1512033710000 405
1512033710000 405
1512033710000 405
1512033710000 405
1512033710000 405
1512033710000 405
1512033710000 406
1512033710000 406
1512033710000 415
1512033710000 415
1512033710000 416
1512033710000 416
1512033710000 417
1512033710000 417
1512033720000 378
1512033720000 378
1512033720000 379
1512033720000 379
1512033720000 379
1512033720000 379
1512033720000 379
1512033720000 380
1512033720000 380
1512033720000 380
1512033720000 380
1512033720000 380
1512033720000 380
1512033720000 380
1512033720000 381
1512033720000 381
1512033720000 381
1512033720000 381
1512033720000 381
1512033720000 382
1512033720000 382
1512033720000 382
1512033720000 382
1512033720000 382
1512033720000 382
1512033720000 382
1512033720000 382
1512033720000 382
1512033720000 382
1512033720000 382
1512033720000 382
1512033720000 382
1512033720000 382
1512033720000 382
1512033720000 382
1512033720000 382
1512033720000 382
1512033720000 383
1512033720000 383
1512033720000 383
1512033720000 383
1512033720000 383
1512033720000 383
1512033720000 383
1512033720000 383
1512033720000 383
1512033720000 383
1512033720000 383
1512033720000 383
1512033720000 383
1512033720000 383
1512033720000 383
1512033720000 383
1512033720000 384
1512033720000 384
1512033720000 384
1512033720000 384
1512033720000 384
1512033720000 384
1512033720000 384
1512033720000 384
1512033720000 384
1512033720000 384
1512033720000 384
1512033720000 384
1512033720000 384
1512033720000 384
1512033720000 384
1512033720000 384
1512033720000 384
1512033720000 384
1512033720000 384
1512033720000 384
1512033720000 385
1512033720000 385
1512033720000 385
1512033720000 385
1512033720000 385
1512033720000 385
1512033720000 385
1512033720000 385
1512033720000 385
1512033720000 385
1512033720000 385
1512033720000 385
1512033720000 385
1512033720000 385
1512033720000 385
1512033720000 385
1512033720000 385
1512033720000 386
1512033720000 386
1512033720000 386
1512033720000 386
1512033720000 386
1512033720000 386
1512033720000 386
1512033720000 386
1512033720000 387
1512033720000 387
1512033730000 1439
1512033730000 1439
1512033730000 1439
1512033730000 1440
1512033730000 1440
1512033730000 1440
1512033730000 1440
1512033730000 1440
1512033730000 1440
1512033730000 1440
1512033730000 1441
1512033730000 1441
1512033730000 1441
1512033730000 1441
1512033730000 1441
1512033730000 1441
1512033730000 1441
1512033730000 1441
1512033730000 1441
1512033730000 1441
1512033730000 1441
1512033730000 1441
1512033730000 1441
1512033730000 1441
1512033730000 1441
1512033730000 1442
1512033730000 1442
1512033730000 1442
1512033730000 1442
1512033730000 1442
1512033730000 1442
1512033730000 1442
1512033730000 1442
1512033730000 1442
1512033730000 1442
1512033730000 1442
1512033730000 1443
1512033730000 1443
1512033730000 1443
1512033730000 1443
1512033730000 1443
1512033730000 1443
1512033730000 1443
1512033730000 1443
1512033730000 1443
1512033730000 1443
1512033730000 1443
1512033730000 1443
1512033730000 1443
1512033730000 1443
1512033730000 1444
1512033730000 1444
1512033730000 1444
1512033730000 1444
1512033730000 1444
1512033730000 1444
1512033730000 1444
1512033730000 1444
1512033730000 1445
1512033730000 1445
1512033730000 1445
1512033730000 1445
1512033730000 1445
1512033730000 1445
1512033730000 1446
1512033730000 1446
1512033730000 1446
1512033730000 1446
1512033730000 1446
1512033730000 1446
1512033730000 1446
1512033730000 1447
1512033730000 1447
1512033730000 1447
1512033730000 1447
1512033730000 1447
1512033730000 1447
1512033730000 1447
1512033730000 1447
1512033730000 1448
1512033730000 1448
1512033730000 1448
1512033730000 1448
1512033730000 1448
1512033730000 1448
1512033730000 1448
1512033730000 1448
1512033730000 1448
1512033730000 1449
1512033730000 1449
1512033730000 1449
1512033730000 1449
1512033730000 1449
1512033730000 1449
1512033730000 1449
1512033730000 1449
1512033730000 1450
1512033730000 1450
1512033730000 1450
1512033730000 1450
1512033740000 1019
1512033740000 1019
1512033740000 1020
1512033740000 1020
1512033740000 1020
1512033740000 1020
1512033740000 1020
1512033740000 1020
1512033740000 1020
1512033740000 1020
1512033740000 1020
1512033740000 1020
1512033740000 1020
1512033740000 1020
1512033740000 1020
1512033740000 1020
1512033740000 1021
1512033740000 1021
1512033740000 1021
1512033740000 1021
1512033740000 1021
1512033740000 1021
1512033740000 1021
1512033740000 1021
1512033740000 1021
1512033740000 1021
1512033740000 1021
1512033740000 1021
1512033740000 1021
1512033740000 1021
1512033740000 1021
1512033740000 1022
1512033740000 1022
1512033740000 1022
1512033740000 1022
1512033740000 1022
1512033740000 1022
1512033740000 1022
1512033740000 1022
1512033740000 1022
1512033740000 1022
1512033740000 1022
1512033740000 1022
1512033740000 1022
1512033740000 1022
1512033740000 1022
1512033740000 1022
1512033740000 1022
1512033740000 1022
1512033740000 1022
1512033740000 1023
1512033740000 1023
1512033740000 1023
1512033740000 1023
1512033740000 1023
1512033740000 1023
1512033740000 1023
1512033740000 1023
1512033740000 1024
1512033740000 1024
1512033740000 1024
1512033740000 1024
1512033740000 1024
1512033740000 1024
1512033740000 1024
1512033740000 1024
1512033740000 1024
1512033740000 1024
1512033740000 1025
1512033740000 1025
1512033740000 1025
1512033740000 1025
1512033740000 1025
1512033740000 1026
1512033740000 1026
1512033740000 1026
1512033740000 1026
1512033740000 1026
1512033740000 1026
1512033740000 1026
1512033740000 1027
1512033740000 1027
1512033740000 1027
1512033740000 1027
1512033740000 1027
1512033740000 1028
1512033740000 1028
1512033740000 1028
1512033740000 1028
1512033740000 1029
1512033740000 1030
1512033740000 1030
1512033740000 1050
1512033740000 1050
1512033740000 1050
1512033740000 1050
1512033740000 1050
1512033740000 1050
1512033740000 1050
1512033740000 1050
1512033750000 429
1512033750000 429
1512033750000 429
1512033750000 429
1512033750000 429
1512033750000 429
1512033750000 429
1512033750000 430
1512033750000 430
1512033750000 430
1512033750000 430
1512033750000 430
1512033750000 430
1512033750000 430
1512033750000 430
1512033750000 430
1512033750000 430
1512033750000 431
1512033750000 431
1512033750000 431
1512033750000 431
1512033750000 431
1512033750000 431
1512033750000 431
1512033750000 431
1512033750000 431
1512033750000 431
1512033750000 431
1512033750000 431
1512033750000 431
1512033750000 431
1512033750000 432
1512033750000 432
1512033750000 432
1512033750000 432
1512033750000 432
1512033750000 432
1512033750000 432
1512033750000 432
1512033750000 432
1512033750000 432
1512033750000 432
1512033750000 432
1512033750000 432
1512033750000 432
1512033750000 432
1512033750000 432
1512033750000 433
1512033750000 433
1512033750000 433
1512033750000 433
1512033750000 433
1512033750000 433
1512033750000 433
1512033750000 433
1512033750000 433
1512033750000 433
1512033750000 433
1512033750000 433
1512033750000 433
1512033750000 434
1512033750000 434
1512033750000 434
1512033750000 434
1512033750000 434
1512033750000 434
1512033750000 434
1512033750000 434
1512033750000 434
1512033750000 434
1512033750000 434
1512033750000 434
1512033750000 434
1512033750000 434
1512033750000 434
1512033750000 434
1512033750000 434
1512033750000 434
1512033750000 434
1512033750000 434
1512033750000 434
1512033750000 434
1512033750000 434
1512033750000 434
1512033750000 434
1512033750000 434
1512033750000 435
1512033750000 435
1512033750000 435
1512033750000 435
1512033750000 435
1512033750000 435
1512033750000 435
1512033750000 435
1512033750000 435
1512033750000 435
1512033750000 435
1512033750000 435
1512033750000 436
1512033750000 436
1512033760000 397
1512033760000 397
1512033760000 397
1512033760000 397
1512033760000 397
1512033760000 397
1512033760000 397
1512033760000 397
1512033760000 398
1512033760000 398
1512033760000 398
1512033760000 398
1512033760000 398
1512033760000 398
1512033760000 398
1512033760000 398
1512033760000 398
1512033760000 398
1512033760000 398
1512033760000 399
1512033760000 399
1512033760000 399
1512033760000 399
1512033760000 399
1512033760000 399
1512033760000 399
1512033760000 399
1512033760000 399
1512033760000 399
1512033760000 400
1512033760000 400
1512033760000 400
1512033760000 400
1512033760000 400
1512033760000 400
1512033760000 400
1512033760000 400
1512033760000 401
1512033760000 401
1512033760000 401
1512033760000 401
1512033760000 401
1512033760000 401
1512033760000 401
1512033760000 401
1512033760000 401
1512033760000 401
1512033760000 401
1512033760000 401
1512033760000 401
1512033760000 401
1512033760000 402
1512033760000 402
1512033760000 402
1512033760000 402
1512033760000 402
1512033760000 402
1512033760000 402
1512033760000 402
1512033760000 402
1512033760000 402
1512033760000 402
1512033760000 402
1512033760000 402
1512033760000 402
1512033760000 403
1512033760000 403
1512033760000 403
1512033760000 403
1512033760000 403
1512033760000 403
1512033760000 403
1512033760000 403
1512033760000 403
1512033760000 403
1512033760000 403
1512033760000 403
1512033760000 403
1512033760000 403
1512033760000 403
1512033760000 403
1512033760000 404
1512033760000 404
1512033760000 404
1512033760000 404
1512033760000 404
1512033760000 404
1512033760000 404
1512033760000 404
1512033760000 404
1512033760000 404
1512033760000 404
1512033760000 431
1512033760000 432
1512033760000 432
1512033760000 432
1512033760000 432
1512033760000 432
1512033760000 432
1512033760000 432
1512033770000 1426
1512033770000 1426
1512033770000 1427
1512033770000 1427
1512033770000 1427
1512033770000 1427
1512033770000 1427
1512033770000 1427
1512033770000 1427
1512033770000 1427
1512033770000 1427
1512033770000 1427
1512033770000 1428
1512033770000 1428
1512033770000 1428
1512033770000 1428
1512033770000 1428
1512033770000 1428
1512033770000 1428
1512033770000 1428
1512033770000 1428
1512033770000 1428
1512033770000 1428
1512033770000 1429
1512033770000 1429
1512033770000 1429
1512033770000 1429
1512033770000 1429
1512033770000 1429
1512033770000 1429
1512033770000 1429
1512033770000 1429
1512033770000 1429
1512033770000 1429
1512033770000 1430
1512033770000 1430
1512033770000 1430
1512033770000 1430
1512033770000 1430
1512033770000 1430
1512033770000 1430
1512033770000 1430
1512033770000 1430
1512033770000 1431
1512033770000 1431
1512033770000 1431
1512033770000 1431
1512033770000 1431
1512033770000 1431
1512033770000 1431
1512033770000 1431
1512033770000 1431
1512033770000 1432
1512033770000 1432
1512033770000 1432
1512033770000 1432
1512033770000 1432
1512033770000 1432
1512033770000 1432
1512033770000 1432
1512033770000 1432
1512033770000 1432
1512033770000 1432
1512033770000 1432
1512033770000 1432
1512033770000 1432
1512033770000 1433
1512033770000 1433
1512033770000 1433
1512033770000 1433
1512033770000 1433
1512033770000 1433
1512033770000 1433
1512033770000 1433
1512033770000 1433
1512033770000 1433
1512033770000 1433
1512033770000 1434
1512033770000 1434
1512033770000 1434
1512033770000 1434
1512033770000 1434
1512033770000 1434
1512033770000 1434
1512033770000 1434
1512033770000 1434
1512033770000 1434
1512033770000 1434
1512033770000 1434
1512033770000 1435
1512033770000 1435
1512033770000 1435
1512033770000 1435
1512033770000 1435
1512033770000 1435
1512033770000 1435
1512033770000 1436
1512033770000 1436
1512033770000 1436
1512033770000 1437
1512033780000 375
1512033780000 376
1512033780000 376
1512033780000 376
1512033780000 376
1512033780000 376
1512033780000 376
1512033780000 376
1512033780000 376
1512033780000 376
1512033780000 376
1512033780000 376
1512033780000 377
1512033780000 377
1512033780000 377
1512033780000 378
1512033780000 378
1512033780000 378
1512033780000 378
1512033780000 378
1512033780000 378
1512033780000 378
1512033780000 378
1512033780000 378
1512033780000 378
1512033780000 378
1512033780000 378
1512033780000 378
1512033780000 378
1512033780000 379
1512033780000 379
1512033780000 379
1512033780000 379
1512033780000 379
1512033780000 379
1512033780000 379
1512033780000 379
1512033780000 379
1512033780000 380
1512033780000 380
1512033780000 380
1512033780000 380
1512033780000 380
1512033780000 380
1512033780000 380
1512033780000 380
1512033780000 380
1512033780000 380
1512033780000 380
1512033780000 380
1512033780000 380
1512033780000 380
1512033780000 380
1512033780000 381
1512033780000 381
1512033780000 381
1512033780000 381
1512033780000 381
1512033780000 381
1512033780000 381
1512033780000 381
1512033780000 382
1512033780000 382
1512033780000 382
1512033780000 382
1512033780000 382
1512033780000 382
1512033780000 382
1512033780000 382
1512033780000 382
1512033780000 382
1512033780000 382
1512033780000 382
1512033780000 382
1512033780000 382
1512033780000 382
1512033780000 382
1512033780000 382
1512033780000 382
1512033780000 382
1512033780000 382
1512033780000 382
1512033780000 383
1512033780000 383
1512033780000 383
1512033780000 383
1512033780000 383
1512033780000 383
1512033780000 383
1512033780000 383
1512033780000 383
1512033780000 383
1512033780000 383
1512033780000 383
1512033780000 383
1512033780000 383
1512033780000 384
1512033780000 384
1512033780000 384
1512033780000 391
1512033790000 392
1512033790000 392
1512033790000 392
1512033790000 392
1512033790000 393
1512033790000 393
1512033790000 393
1512033790000 393
1512033790000 393
1512033790000 393
1512033790000 393
1512033790000 393
1512033790000 394
1512033790000 394
1512033790000 394
1512033790000 394
1512033790000 394
1512033790000 394
1512033790000 394
1512033790000 394
1512033790000 394
1512033790000 394
1512033790000 394
1512033790000 395
1512033790000 395
1512033790000 395
1512033790000 395
1512033790000 395
1512033790000 395
1512033790000 395
1512033790000 395
1512033790000 395
1512033790000 395
1512033790000 395
1512033790000 395
1512033790000 395
1512033790000 395
1512033790000 396
1512033790000 396
1512033790000 396
1512033790000 396
1512033790000 396
1512033790000 396
1512033790000 396
1512033790000 396
1512033790000 396
1512033790000 396
1512033790000 396
1512033790000 396
1512033790000 396
1512033790000 396
1512033790000 396
1512033790000 396
1512033790000 396
1512033790000 396
1512033790000 397
1512033790000 397
1512033790000 397
1512033790000 397
1512033790000 397
1512033790000 397
1512033790000 397
1512033790000 397
1512033790000 397
1512033790000 397
1512033790000 397
1512033790000 397
1512033790000 397
1512033790000 397
1512033790000 397
1512033790000 398
1512033790000 398
1512033790000 398
1512033790000 398
1512033790000 398
1512033790000 398
1512033790000 398
1512033790000 398
1512033790000 398
1512033790000 398
1512033790000 398
1512033790000 398
1512033790000 398
1512033790000 398
1512033790000 399
1512033790000 399
1512033790000 399
1512033790000 399
1512033790000 399
1512033790000 399
1512033790000 399
1512033790000 399
1512033790000 427
1512033790000 427
1512033790000 427
1512033790000 428
1512033790000 428
1512033790000 428
1512033790000 428
1512033790000 428
1512033800000 403
1512033800000 403
1512033800000 404
1512033800000 404
1512033800000 404
1512033800000 405
1512033800000 405
1512033800000 405
1512033800000 405
1512033800000 405
1512033800000 405
1512033800000 405
1512033800000 405
1512033800000 405
1512033800000 405
1512033800000 405
1512033800000 405
1512033800000 405
1512033800000 405
1512033800000 405
1512033800000 405
1512033800000 406
1512033800000 406
1512033800000 406
1512033800000 406
1512033800000 406
1512033800000 406
1512033800000 406
1512033800000 406
1512033800000 406
1512033800000 406
1512033800000 406
1512033800000 406
1512033800000 406
1512033800000 406
1512033800000 406
1512033800000 406
1512033800000 406
1512033800000 406
1512033800000 406
1512033800000 406
1512033800000 407
1512033800000 407
1512033800000 407
1512033800000 407
1512033800000 407
1512033800000 407
1512033800000 407
1512033800000 407
1512033800000 407
1512033800000 407
1512033800000 407
1512033800000 407
1512033800000 407
1512033800000 407
1512033800000 407
1512033800000 407
1512033800000 407
1512033800000 407
1512033800000 407
1512033800000 407
1512033800000 408
1512033800000 408
1512033800000 408
1512033800000 408
1512033800000 408
1512033800000 408
1512033800000 408
1512033800000 408
1512033800000 408
1512033800000 408
1512033800000 408
1512033800000 408
1512033800000 408
1512033800000 408
1512033800000 408
1512033800000 408
1512033800000 408
1512033800000 409
1512033800000 409
1512033800000 409
1512033800000 409
1512033800000 409
1512033800000 409
1512033800000 409
1512033800000 409
1512033800000 409
1512033800000 409
1512033800000 409
1512033800000 409
1512033800000 410
1512033800000 410
1512033800000 458
1512033800000 458
1512033800000 458
1512033800000 458
1512033800000 459
1512033800000 459
1512033800000 459
1512033800000 459
1512033810000 370
1512033810000 370
1512033810000 370
1512033810000 370
1512033810000 371
1512033810000 371
1512033810000 371
1512033810000 372
1512033810000 372
1512033810000 372
1512033810000 372
1512033810000 372
1512033810000 372
1512033810000 372
1512033810000 372
1512033810000 372
1512033810000 372
1512033810000 373
1512033810000 373
1512033810000 373
1512033810000 373
1512033810000 373
1512033810000 373
1512033810000 373
1512033810000 373
1512033810000 373
1512033810000 374
1512033810000 374
1512033810000 374
1512033810000 374
1512033810000 374
1512033810000 374
1512033810000 374
1512033810000 374
1512033810000 374
1512033810000 374
1512033810000 374
1512033810000 374
1512033810000 374
1512033810000 374
1512033810000 374
1512033810000 374
1512033810000 374
1512033810000 374
1512033810000 374
1512033810000 375
1512033810000 375
1512033810000 375
1512033810000 375
1512033810000 375
1512033810000 375
1512033810000 375
1512033810000 375
1512033810000 375
1512033810000 375
1512033810000 375
1512033810000 375
1512033810000 375
1512033810000 375
1512033810000 375
1512033810000 375
1512033810000 376
1512033810000 376
1512033810000 376
1512033810000 376
1512033810000 376
1512033810000 376
1512033810000 376
1512033810000 376
1512033810000 376
1512033810000 376
1512033810000 376
1512033810000 376
1512033810000 376
1512033810000 376
1512033810000 376
1512033810000 376
1512033810000 376
1512033810000 376
1512033810000 376
1512033810000 376
1512033810000 377
1512033810000 377
1512033810000 377
1512033810000 377
1512033810000 377
1512033810000 377
1512033810000 377
1512033810000 377
1512033810000 377
1512033810000 377
1512033810000 378
1512033810000 378
1512033810000 378
1512033810000 378
1512033810000 378
1512033810000 379
1512033810000 379
1512033810000 403
1512033810000 404
1512033820000 381
1512033820000 381
1512033820000 381
1512033820000 381
1512033820000 382
1512033820000 382
1512033820000 382
1512033820000 382
1512033820000 382
1512033820000 382
1512033820000 382
1512033820000 382
1512033820000 382
1512033820000 382
1512033820000 382
1512033820000 382
1512033820000 382
1512033820000 382
1512033820000 382
1512033820000 382
1512033820000 382
1512033820000 383
1512033820000 383
1512033820000 383
1512033820000 383
1512033820000 383
1512033820000 383
1512033820000 383
1512033820000 383
1512033820000 383
1512033820000 383
1512033820000 383
1512033820000 383
1512033820000 383
1512033820000 383
1512033820000 383
1512033820000 384
1512033820000 384
1512033820000 384
1512033820000 384
1512033820000 384
1512033820000 384
1512033820000 384
1512033820000 384
1512033820000 384
1512033820000 384
1512033820000 384
1512033820000 384
1512033820000 384
1512033820000 384
1512033820000 384
1512033820000 384
1512033820000 384
1512033820000 384
1512033820000 384
1512033820000 384
1512033820000 384
1512033820000 384
1512033820000 384
1512033820000 385
1512033820000 385
1512033820000 385
1512033820000 385
1512033820000 385
1512033820000 385
1512033820000 385
1512033820000 385
1512033820000 385
1512033820000 385
1512033820000 385
1512033820000 385
1512033820000 385
1512033820000 385
1512033820000 385
1512033820000 385
1512033820000 385
1512033820000 386
1512033820000 386
1512033820000 386
1512033820000 386
1512033820000 386
1512033820000 386
1512033820000 386
1512033820000 398
1512033820000 399
1512033820000 399
1512033820000 400
1512033820000 400
1512033820000 400
1512033820000 416
1512033820000 416
1512033820000 417
1512033820000 419
1512033820000 420
1512033820000 420
1512033820000 420
1512033820000 420
1512033820000 420
1512033820000 420
1512033820000 420
1512033830000 1388
1512033830000 1388
1512033830000 1388
1512033830000 1388
1512033830000 1388
1512033830000 1388
1512033830000 1388
1512033830000 1388
1512033830000 1388
1512033830000 1388
1512033830000 1388
1512033830000 1388
1512033830000 1388
1512033830000 1388
1512033830000 1388
1512033830000 1388
1512033830000 1388
1512033830000 1388
1512033830000 1388
1512033830000 1389
1512033830000 1389
1512033830000 1389
1512033830000 1389
1512033830000 1389
1512033830000 1389
1512033830000 1389
1512033830000 1389
1512033830000 1389
1512033830000 1389
1512033830000 1389
1512033830000 1389
1512033830000 1389
1512033830000 1389
1512033830000 1389
1512033830000 1389
1512033830000 1389
1512033830000 1389
1512033830000 1389
1512033830000 1389
1512033830000 1389
1512033830000 1389
1512033830000 1390
1512033830000 1390
1512033830000 1390
1512033830000 1390
1512033830000 1390
1512033830000 1390
1512033830000 1390
1512033830000 1390
1512033830000 1390
1512033830000 1390
1512033830000 1390
1512033830000 1390
1512033830000 1390
1512033830000 1390
1512033830000 1390
1512033830000 1390
1512033830000 1390
1512033830000 1390
1512033830000 1390
1512033830000 1390
1512033830000 1390
1512033830000 1390
1512033830000 1390
1512033830000 1390
1512033830000 1390
1512033830000 1391
1512033830000 1391
1512033830000 1391
1512033830000 1391
1512033830000 1391
1512033830000 1391
1512033830000 1391
1512033830000 1391
1512033830000 1391
1512033830000 1391
1512033830000 1391
1512033830000 1392
1512033830000 1392
1512033830000 1392
1512033830000 1392
1512033830000 1392
1512033830000 1392
1512033830000 1392
1512033830000 1392
1512033830000 1392
1512033830000 1392
1512033830000 1392
1512033830000 1392
1512033830000 1393
1512033830000 1393
1512033830000 1393
1512033830000 1393
1512033830000 1393
1512033830000 1394
1512033830000 1394
1512033830000 1395
1512033830000 1395
1512033830000 1395
1512033830000 1396
1512033840000 435
1512033840000 435
1512033840000 436
1512033840000 436
1512033840000 436
1512033840000 436
1512033840000 436
1512033840000 437
1512033840000 437
1512033840000 437
1512033840000 437
1512033840000 437
1512033840000 437
1512033840000 437
1512033840000 437
1512033840000 437
1512033840000 438
1512033840000 438
1512033840000 438
1512033840000 438
1512033840000 438
1512033840000 438
1512033840000 438
1512033840000 438
1512033840000 438
1512033840000 438
1512033840000 438
1512033840000 438
1512033840000 439
1512033840000 439
1512033840000 439
1512033840000 439
1512033840000 439
1512033840000 439
1512033840000 439
1512033840000 439
1512033840000 439
1512033840000 439
1512033840000 439
1512033840000 439
1512033840000 439
1512033840000 439
1512033840000 439
1512033840000 439
1512033840000 440
1512033840000 440
1512033840000 440
1512033840000 440
1512033840000 440
1512033840000 440
1512033840000 440
1512033840000 440
1512033840000 440
1512033840000 440
1512033840000 440
1512033840000 440
1512033840000 440
1512033840000 440
1512033840000 440
1512033840000 440
1512033840000 440
1512033840000 440
1512033840000 440
1512033840000 440
1512033840000 440
1512033840000 440
1512033840000 440
1512033840000 441
1512033840000 441
1512033840000 441
1512033840000 441
1512033840000 441
1512033840000 441
1512033840000 441
1512033840000 441
1512033840000 441
1512033840000 441
1512033840000 441
1512033840000 441
1512033840000 441
1512033840000 441
1512033840000 441
1512033840000 441
1512033840000 441
1512033840000 441
1512033840000 441
1512033840000 441
1512033840000 441
1512033840000 441
1512033840000 441
1512033840000 442
1512033840000 442
1512033840000 442
1512033840000 442
1512033840000 442
1512033840000 442
1512033840000 442
1512033840000 442
1512033840000 442
1512033840000 443
1512033850000 1415
1512033850000 1415
1512033850000 1415
1512033850000 1415
1512033850000 1415
1512033850000 1415
1512033850000 1416
1512033850000 1416
1512033850000 1416
1512033850000 1416
1512033850000 1416
1512033850000 1417
1512033850000 1417
1512033850000 1417
1512033850000 1417
1512033850000 1417
1512033850000 1417
1512033850000 1417
1512033850000 1417
1512033850000 1417
1512033850000 1417
1512033850000 1417
1512033850000 1417
1512033850000 1417
1512033850000 1417
1512033850000 1417
1512033850000 1417
1512033850000 1417
1512033850000 1417
1512033850000 1417
1512033850000 1417
1512033850000 1417
1512033850000 1417
1512033850000 1418
1512033850000 1418
1512033850000 1418
1512033850000 1418
1512033850000 1418
1512033850000 1418
1512033850000 1418
1512033850000 1418
1512033850000 1418
1512033850000 1418
1512033850000 1418
1512033850000 1418
1512033850000 1418
1512033850000 1418
1512033850000 1418
1512033850000 1418
1512033850000 1418
1512033850000 1418
1512033850000 1418
1512033850000 1418
1512033850000 1418
1512033850000 1418
1512033850000 1418
1512033850000 1418
1512033850000 1419
1512033850000 1419
1512033850000 1419
1512033850000 1419
1512033850000 1419
1512033850000 1419
1512033850000 1419
1512033850000 1420
1512033850000 1420
1512033850000 1420
1512033850000 1420
1512033850000 1420
1512033850000 1420
1512033850000 1420
1512033850000 1420
1512033850000 1420
1512033850000 1420
1512033850000 1420
1512033850000 1420
1512033850000 1420
1512033850000 1420
1512033850000 1420
1512033850000 1420
1512033850000 1421
1512033850000 1421
1512033850000 1421
1512033850000 1422
1512033850000 1422
1512033850000 1422
1512033850000 1423
1512033850000 1429
1512033850000 1430
1512033850000 1430
1512033850000 351
1512033850000 352
1512033850000 367
1512033850000 367
1512033850000 368
1512033850000 368
1512033850000 368
1512033850000 368
1512033850000 368
1512033850000 368
1512033860000 398
1512033860000 398
1512033860000 399
1512033860000 399
1512033860000 399
1512033860000 399
1512033860000 399
1512033860000 400
1512033860000 400
1512033860000 400
1512033860000 400
1512033860000 400
1512033860000 400
1512033860000 400
1512033860000 400
1512033860000 400
1512033860000 400
1512033860000 400
1512033860000 401
1512033860000 401
1512033860000 401
1512033860000 401
1512033860000 401
1512033860000 401
1512033860000 401
1512033860000 401
1512033860000 401
1512033860000 401
1512033860000 401
1512033860000 401
1512033860000 402
1512033860000 402
1512033860000 402
1512033860000 402
1512033860000 402
1512033860000 402
1512033860000 402
1512033860000 402
1512033860000 402
1512033860000 402
1512033860000 402
1512033860000 402
1512033860000 402
1512033860000 402
1512033860000 402
1512033860000 402
1512033860000 402
1512033860000 403
1512033860000 403
1512033860000 403
1512033860000 403
1512033860000 403
1512033860000 403
1512033860000 403
1512033860000 403
1512033860000 403
1512033860000 403
1512033860000 403
1512033860000 403
1512033860000 404
1512033860000 404
1512033860000 404
1512033860000 404
1512033860000 404
1512033860000 404
1512033860000 404
1512033860000 404
1512033860000 404
1512033860000 404
1512033860000 404
1512033860000 404
1512033860000 404
1512033860000 404
1512033860000 404
1512033860000 405
1512033860000 405
1512033860000 405
1512033860000 405
1512033860000 405
1512033860000 405
1512033860000 405
1512033860000 405
1512033860000 405
1512033860000 405
1512033860000 405
1512033860000 405
1512033860000 405
1512033860000 405
1512033860000 406
1512033860000 406
1512033860000 406
1512033860000 406
1512033860000 425
1512033860000 426
1512033860000 426
1512033860000 428
1512033860000 429
1512033860000 429
1512033860000 429
1512033860000 429
1512033870000 392
1512033870000 393
1512033870000 393
1512033870000 393
1512033870000 393
1512033870000 393
1512033870000 393
1512033870000 394
1512033870000 394
1512033870000 394
1512033870000 394
1512033870000 394
1512033870000 394
1512033870000 394
1512033870000 395
1512033870000 395
1512033870000 395
1512033870000 395
1512033870000 395
1512033870000 395
1512033870000 395
1512033870000 395
1512033870000 395
1512033870000 395
1512033870000 395
1512033870000 395
1512033870000 395
1512033870000 395
1512033870000 395
1512033870000 395
1512033870000 395
1512033870000 395
1512033870000 395
1512033870000 395
1512033870000 395
1512033870000 395
1512033870000 395
1512033870000 396
1512033870000 396
1512033870000 396
1512033870000 396
1512033870000 396
1512033870000 396
1512033870000 396
1512033870000 396
1512033870000 396
1512033870000 396
1512033870000 396
1512033870000 396
1512033870000 396
1512033870000 397
1512033870000 397
1512033870000 397
1512033870000 397
1512033870000 397
1512033870000 397
1512033870000 397
1512033870000 397
1512033870000 397
1512033870000 397
1512033870000 397
1512033870000 397
1512033870000 397
1512033870000 397
1512033870000 397
1512033870000 397
1512033870000 397
1512033870000 397
1512033870000 397
1512033870000 397
1512033870000 398
1512033870000 398
1512033870000 398
1512033870000 398
1512033870000 398
1512033870000 398
1512033870000 398
1512033870000 398
1512033870000 398
1512033870000 398
1512033870000 398
1512033870000 398
1512033870000 398
1512033870000 398
1512033870000 398
1512033870000 399
1512033870000 399
1512033870000 399
1512033870000 399
1512033870000 399
1512033870000 399
1512033870000 400
1512033870000 400
1512033870000 409
1512033870000 409
1512033870000 410
1512033870000 414
1512033870000 414
1512033870000 414
1512033870000 414
1512033880000 419
1512033880000 419
1512033880000 419
1512033880000 419
1512033880000 420
1512033880000 420
1512033880000 420
1512033880000 420
1512033880000 420
1512033880000 420
1512033880000 420
1512033880000 420
1512033880000 421
1512033880000 421
1512033880000 421
1512033880000 421
1512033880000 421
1512033880000 421
1512033880000 421
1512033880000 421
1512033880000 421
1512033880000 421
1512033880000 421
1512033880000 421
1512033880000 421
1512033880000 421
1512033880000 421
1512033880000 421
1512033880000 422
1512033880000 422
1512033880000 422
1512033880000 422
1512033880000 422
1512033880000 422
1512033880000 422
1512033880000 422
1512033880000 422
1512033880000 422
1512033880000 422
1512033880000 422
1512033880000 422
1512033880000 422
1512033880000 422
1512033880000 422
1512033880000 422
1512033880000 422
1512033880000 422
1512033880000 422
1512033880000 422
1512033880000 422
1512033880000 423
1512033880000 423
1512033880000 423
1512033880000 423
1512033880000 423
1512033880000 423
1512033880000 423
1512033880000 423
1512033880000 423
1512033880000 423
1512033880000 423
1512033880000 423
1512033880000 423
1512033880000 423
1512033880000 423
1512033880000 423
1512033880000 423
1512033880000 423
1512033880000 423
1512033880000 423
1512033880000 423
1512033880000 424
1512033880000 424
1512033880000 424
1512033880000 424
1512033880000 424
1512033880000 424
1512033880000 424
1512033880000 424
1512033880000 424
1512033880000 424
1512033880000 424
1512033880000 424
1512033880000 424
1512033880000 424
1512033880000 425
1512033880000 425
1512033880000 425
1512033880000 429
1512033880000 429
1512033880000 429
1512033880000 429
1512033880000 452
1512033880000 452
1512033880000 453
1512033880000 453
1512033880000 453
1512033880000 453
1512033880000 453
1512033880000 453
1512033890000 379
1512033890000 379
1512033890000 379
1512033890000 379
1512033890000 379
1512033890000 379
1512033890000 379
1512033890000 380
1512033890000 380
1512033890000 380
1512033890000 380
1512033890000 380
1512033890000 380
1512033890000 380
1512033890000 380
1512033890000 381
1512033890000 381
1512033890000 381
1512033890000 381
1512033890000 381
1512033890000 381
1512033890000 381
1512033890000 381
1512033890000 382
1512033890000 382
1512033890000 382
1512033890000 382
1512033890000 382
1512033890000 382
1512033890000 382
1512033890000 382
1512033890000 382
1512033890000 382
1512033890000 382
1512033890000 382
1512033890000 382
1512033890000 382
1512033890000 382
1512033890000 382
1512033890000 383
1512033890000 383
1512033890000 383
1512033890000 383
1512033890000 383
1512033890000 383
1512033890000 383
1512033890000 383
1512033890000 383
1512033890000 383
1512033890000 383
1512033890000 383
1512033890000 383
1512033890000 383
1512033890000 383
1512033890000 383
1512033890000 383
1512033890000 383
1512033890000 383
1512033890000 383
1512033890000 383
1512033890000 383
1512033890000 383
1512033890000 383
1512033890000 383
1512033890000 383
1512033890000 384
1512033890000 384
1512033890000 384
1512033890000 384
1512033890000 384
1512033890000 384
1512033890000 384
1512033890000 384
1512033890000 384
1512033890000 384
1512033890000 384
1512033890000 384
1512033890000 384
1512033890000 384
1512033890000 384
1512033890000 384
1512033890000 384
1512033890000 384
1512033890000 384
1512033890000 384
1512033890000 384
1512033890000 385
1512033890000 385
1512033890000 385
1512033890000 385
1512033890000 385
1512033890000 385
1512033890000 385
1512033890000 385
1512033890000 385
1512033890000 386
1512033890000 386
1512033890000 386
1512033890000 386
1512033890000 387
1512033900000 371
1512033900000 372
1512033900000 372
1512033900000 372
1512033900000 372
1512033900000 372
1512033900000 373
1512033900000 373
1512033900000 373
1512033900000 373
1512033900000 373
1512033900000 373
1512033900000 373
1512033900000 373
1512033900000 374
1512033900000 374
1512033900000 374
1512033900000 374
1512033900000 375
1512033900000 375
1512033900000 376
1512033900000 376
1512033900000 376
1512033900000 376
1512033900000 376
1512033900000 376
1512033900000 377
1512033900000 377
1512033900000 377
1512033900000 377
1512033900000 377
1512033900000 377
1512033900000 377
1512033900000 377
1512033900000 378
1512033900000 378
1512033900000 378
1512033900000 378
1512033900000 378
1512033900000 378
1512033900000 378
1512033900000 379
1512033900000 379
1512033900000 379
1512033900000 379
1512033900000 379
1512033900000 379
1512033900000 379
1512033900000 379
1512033900000 380
1512033900000 380
1512033900000 380
1512033900000 380
1512033900000 380
1512033900000 380
1512033900000 380
1512033900000 380
1512033900000 380
1512033900000 380
1512033900000 380
1512033900000 380
1512033900000 380
1512033900000 381
1512033900000 381
1512033900000 381
1512033900000 381
1512033900000 381
1512033900000 381
1512033900000 381
1512033900000 381
1512033900000 381
1512033900000 381
1512033900000 381
1512033900000 381
1512033900000 381
1512033900000 381
1512033900000 381
1512033900000 382
1512033900000 382
1512033900000 382
1512033900000 382
1512033900000 382
1512033900000 382
1512033900000 382
1512033900000 382
1512033900000 382
1512033900000 382
1512033900000 383
1512033900000 383
1512033900000 383
1512033900000 383
1512033900000 383
1512033900000 383
1512033900000 383
1512033900000 384
1512033900000 384
1512033900000 395
1512033900000 396
1512033900000 396
1512033900000 397
1512033910000 343
1512033910000 343
1512033910000 343
1512033910000 343
1512033910000 343
1512033910000 344
1512033910000 344
1512033910000 344
1512033910000 344
1512033910000 344
1512033910000 344
1512033910000 344
1512033910000 344
1512033910000 344
1512033910000 344
1512033910000 344
1512033910000 345
1512033910000 345
1512033910000 345
1512033910000 345
1512033910000 345
1512033910000 345
1512033910000 345
1512033910000 345
1512033910000 345
1512033910000 345
1512033910000 345
1512033910000 345
1512033910000 345
1512033910000 345
1512033910000 345
1512033910000 346
1512033910000 346
1512033910000 346
1512033910000 346
1512033910000 346
1512033910000 346
1512033910000 346
1512033910000 346
1512033910000 346
1512033910000 346
1512033910000 347
1512033910000 347
1512033910000 347
1512033910000 347
1512033910000 347
1512033910000 347
1512033910000 347
1512033910000 347
1512033910000 347
1512033910000 347
1512033910000 347
1512033910000 347
1512033910000 347
1512033910000 347
1512033910000 348
1512033910000 348
1512033910000 348
1512033910000 348
1512033910000 348
1512033910000 348
1512033910000 348
1512033910000 348
1512033910000 348
1512033910000 348
1512033910000 348
1512033910000 348
1512033910000 348
1512033910000 348
1512033910000 348
1512033910000 348
1512033910000 348
1512033910000 348
1512033910000 349
1512033910000 349
1512033910000 349
1512033910000 349
1512033910000 349
1512033910000 349
1512033910000 349
1512033910000 349
1512033910000 349
1512033910000 349
1512033910000 349
1512033910000 349
1512033910000 349
1512033910000 349
1512033910000 349
1512033910000 350
1512033910000 350
1512033910000 350
1512033910000 350
1512033910000 379
1512033910000 379
1512033910000 379
1512033910000 380
1512033910000 380
1512033910000 380
1512033910000 380
1512033910000 380
1512033920000 1357
1512033920000 1357
1512033920000 1358
1512033920000 1360
1512033920000 1362
1512033920000 1364
1512033920000 365
1512033920000 365
1512033920000 366
1512033920000 366
1512033920000 366
1512033920000 366
1512033920000 367
1512033920000 367
1512033920000 367
1512033920000 367
1512033920000 367
1512033920000 367
1512033920000 367
1512033920000 367
1512033920000 368
1512033920000 368
1512033920000 368
1512033920000 368
1512033920000 368
1512033920000 368
1512033920000 368
1512033920000 368
1512033920000 368
1512033920000 368
1512033920000 368
1512033920000 368
1512033920000 368
1512033920000 368
1512033920000 368
1512033920000 368
1512033920000 368
1512033920000 368
1512033920000 368
1512033920000 368
1512033920000 368
1512033920000 369
1512033920000 369
1512033920000 369
1512033920000 369
1512033920000 369
1512033920000 369
1512033920000 369
1512033920000 369
1512033920000 369
1512033920000 369
1512033920000 369
1512033920000 369
1512033920000 369
1512033920000 369
1512033920000 369
1512033920000 369
1512033920000 370
1512033920000 370
1512033920000 370
1512033920000 370
1512033920000 370
1512033920000 370
1512033920000 370
1512033920000 370
1512033920000 370
1512033920000 370
1512033920000 370
1512033920000 370
1512033920000 370
1512033920000 370
1512033920000 370
1512033920000 370
1512033920000 370
1512033920000 370
1512033920000 370
1512033920000 370
1512033920000 370
1512033920000 370
1512033920000 371
1512033920000 371
1512033920000 371
1512033920000 371
1512033920000 371
1512033920000 371
1512033920000 371
1512033920000 371
1512033920000 371
1512033920000 371
1512033920000 371
1512033920000 371
1512033920000 371
1512033920000 372
1512033920000 372
1512033920000 372
1512033920000 372
1512033920000 372
1512033920000 372
1512033920000 373
1512033920000 374
1512033930000 374
1512033930000 377
1512033930000 377
1512033930000 377
1512033930000 377
1512033930000 377
1512033930000 377
1512033930000 377
1512033930000 377
1512033930000 377
1512033930000 378
1512033930000 378
1512033930000 378
1512033930000 378
1512033930000 379
1512033930000 379
1512033930000 379
1512033930000 379
1512033930000 379
1512033930000 379
1512033930000 379
1512033930000 379
1512033930000 379
1512033930000 380
1512033930000 380
1512033930000 380
1512033930000 380
1512033930000 380
1512033930000 380
1512033930000 380
1512033930000 380
1512033930000 380
1512033930000 380
1512033930000 380
1512033930000 380
1512033930000 380
1512033930000 381
1512033930000 381
1512033930000 381
1512033930000 381
1512033930000 381
1512033930000 381
1512033930000 381
1512033930000 381
1512033930000 381
1512033930000 381
1512033930000 382
1512033930000 382
1512033930000 382
1512033930000 382
1512033930000 382
1512033930000 382
1512033930000 382
1512033930000 382
1512033930000 382
1512033930000 382
1512033930000 382
1512033930000 382
1512033930000 382
1512033930000 382
1512033930000 383
1512033930000 383
1512033930000 383
1512033930000 383
1512033930000 383
1512033930000 383
1512033930000 383
1512033930000 383
1512033930000 383
1512033930000 383
1512033930000 383
1512033930000 383
1512033930000 383
1512033930000 383
1512033930000 383
1512033930000 383
1512033930000 383
1512033930000 384
1512033930000 384
1512033930000 384
1512033930000 384
1512033930000 384
1512033930000 384
1512033930000 384
1512033930000 384
1512033930000 384
1512033930000 384
1512033930000 384
1512033930000 384
1512033930000 384
1512033930000 384
1512033930000 384
1512033930000 385
1512033930000 385
1512033930000 385
1512033930000 385
1512033930000 385
1512033930000 385
1512033930000 385
1512033930000 413
1512033940000 1325
1512033940000 1325
1512033940000 1325
1512033940000 1325
1512033940000 1325
1512033940000 1325
1512033940000 1325
1512033940000 1325
1512033940000 1325
1512033940000 1325
1512033940000 1325
1512033940000 1325
1512033940000 1325
1512033940000 1325
1512033940000 1325
1512033940000 1325
1512033940000 1325
1512033940000 1325
1512033940000 1325
1512033940000 1325
1512033940000 1325
1512033940000 1325
1512033940000 1325
1512033940000 1325
1512033940000 1325
1512033940000 1326
1512033940000 1326
1512033940000 1326
1512033940000 1326
1512033940000 1326
1512033940000 1326
1512033940000 1326
1512033940000 1326
1512033940000 1326
1512033940000 1326
1512033940000 1326
1512033940000 1326
1512033940000 1326
1512033940000 1326
1512033940000 1326
1512033940000 1326
1512033940000 1326
1512033940000 1326
1512033940000 1326
1512033940000 1326
1512033940000 1326
1512033940000 1326
1512033940000 1326
1512033940000 1327
1512033940000 1327
1512033940000 1327
1512033940000 1327
1512033940000 1327
1512033940000 1327
1512033940000 1327
1512033940000 1327
1512033940000 1327
1512033940000 1327
1512033940000 1327
1512033940000 1327
1512033940000 1327
1512033940000 1327
1512033940000 1327
1512033940000 1327
1512033940000 1328
1512033940000 1328
1512033940000 1328
1512033940000 1328
1512033940000 1328
1512033940000 1328
1512033940000 1328
1512033940000 1328
1512033940000 1328
1512033940000 1328
1512033940000 1328
1512033940000 1328
1512033940000 1328
1512033940000 1328
1512033940000 1328
1512033940000 1328
1512033940000 1328
1512033940000 1329
1512033940000 1329
1512033940000 1329
1512033940000 1329
1512033940000 1329
1512033940000 1329
1512033940000 1331
1512033940000 1331
1512033940000 1331
1512033940000 1331
1512033940000 1332
1512033940000 387
1512033940000 387
1512033940000 388
1512033940000 388
1512033940000 388
1512033940000 388
1512033940000 388
1512033940000 388
1512033950000 -3609
1512033950000 -3611
1512033950000 -3611
1512033950000 -3611
1512033950000 -3615
1512033950000 -3615
1512033950000 -3616
1512033950000 -3616
1512033950000 -3616
1512033950000 -3616
1512033950000 -3616
1512033950000 -3617
1512033950000 -3617
1512033950000 -3618
1512033950000 -3618
1512033950000 -3618
1512033950000 -3618
1512033950000 -3618
1512033950000 -3618
1512033950000 -3618
1512033950000 -3618
1512033950000 -3618
1512033950000 -4602
1512033950000 -4602
1512033950000 -4602
1512033950000 -4602
1512033950000 -4602
1512033950000 -4603
1512033950000 -4603
1512033950000 -4603
1512033950000 -4603
1512033950000 -4603
1512033950000 -4603
1512033950000 -4603
1512033950000 -4603
1512033950000 -4603
1512033950000 -4603
1512033950000 -4603
1512033950000 -4604
1512033950000 -4604
1512033950000 -4604
1512033950000 -4604
1512033950000 -4604
1512033950000 -4604
1512033950000 -4604
1512033950000 -4604
1512033950000 -4604
1512033950000 -4604
1512033950000 -4604
1512033950000 -4604
1512033950000 -4604
1512033950000 -4604
1512033950000 -4605
1512033950000 -4605
1512033950000 -4605
1512033950000 -4605
1512033950000 -4605
1512033950000 -4605
1512033950000 -4605
1512033950000 -4605
1512033950000 -4605
1512033950000 -4605
1512033950000 -4605
1512033950000 -4605
1512033950000 -4605
1512033950000 -4605
1512033950000 -4605
1512033950000 -4605
1512033950000 -4605
1512033950000 -4605
1512033950000 -4605
1512033950000 -4606
1512033950000 -4606
1512033950000 -4606
1512033950000 -4606
1512033950000 -4606
1512033950000 -4606
1512033950000 -4606
1512033950000 -4606
1512033950000 -4606
1512033950000 -4606
1512033950000 -4607
1512033950000 -4607
1512033950000 -5582
1512033950000 -5622
1512033950000 -5623
1512033950000 -5623
1512033950000 -5623
1512033950000 -5623
1512033950000 -5624
1512033950000 -5624
1512033950000 -5624
1512033950000 -5625
1512033950000 -5625
1512033950000 -5625
1512033950000 -5625
1512033950000 -5625
1512033950000 -5626
1512033950000 -5627
1512033950000 -5627
