1512136290000 12339
1512136290000 12339
1512136290000 12340
1512136290000 12340
1512136290000 12340
1512136290000 12340
1512136290000 12341
1512136290000 12341
1512136290000 12341
1512136290000 12341
1512136290000 12342
1512136290000 12342
1512136290000 12342
1512136290000 12342
1512136290000 12343
1512136290000 12343
1512136290000 12343
1512136290000 12343
1512136290000 12344
1512136290000 12344
1512136290000 12344
1512136290000 12344
1512136290000 12345
1512136290000 12345
1512136290000 12345
1512136290000 12345
1512136290000 12346
1512136290000 12346
1512136290000 12346
1512136290000 12346
1512136290000 12346
1512136290000 12347
1512136290000 12347
1512136290000 12347
1512136290000 12347
1512136290000 12348
1512136290000 12348
1512136290000 12348
1512136290000 12348
1512136290000 12349
1512136290000 12349
1512136290000 12349
1512136290000 12349
1512136290000 12350
1512136290000 12350
1512136290000 12350
1512136290000 12350
1512136290000 12351
1512136290000 12351
1512136290000 12351
1512136290000 12351
1512136290000 12352
1512136290000 12352
1512136290000 12352
1512136290000 12352
1512136290000 12353
1512136290000 12353
1512136290000 12353
1512136290000 12353
1512136290000 12354
1512136290000 12354
1512136290000 12354
1512136290000 12354
1512136290000 12354
1512136290000 12355
1512136290000 12355
1512136290000 12355
1512136290000 12355
1512136290000 12356
1512136290000 12356
1512136290000 12356
1512136290000 12356
1512136290000 12357
1512136290000 12357
1512136290000 12357
1512136290000 12357
1512136290000 12358
1512136290000 12358
1512136290000 12358
1512136290000 12358
1512136290000 12359
1512136290000 12359
1512136290000 12359
1512136290000 12359
1512136290000 12360
1512136290000 12360
1512136290000 12360
1512136290000 12360
1512136290000 12361
1512136290000 12369
1512136290000 12370
1512136290000 12370
1512136290000 12371
1512136290000 12371
1512136290000 12371
1512136290000 12371
1512136290000 12372
1512136290000 12372
1512136290000 12372
1512136290000 12372
1512136300000 11590
1512136300000 11590
1512136300000 11591
1512136300000 11591
1512136300000 11591
1512136300000 11591
1512136300000 11591
1512136300000 11592
1512136300000 11592
1512136300000 11592
1512136300000 11592
1512136300000 11592
1512136300000 11592
1512136300000 11593
1512136300000 11593
1512136300000 11593
1512136300000 11593
1512136300000 11593
1512136300000 11593
1512136300000 11594
1512136300000 11594
1512136300000 11594
1512136300000 11594
1512136300000 11594
1512136300000 11595
1512136300000 11595
1512136300000 11595
1512136300000 11595
1512136300000 11595
1512136300000 11595
1512136300000 11596
1512136300000 11596
1512136300000 11596
1512136300000 11596
1512136300000 11596
1512136300000 11596
1512136300000 11597
1512136300000 11597
1512136300000 11597
1512136300000 11597
1512136300000 11597
1512136300000 11598
1512136300000 11598
1512136300000 11598
1512136300000 11598
1512136300000 11598
1512136300000 11598
1512136300000 11599
1512136300000 11599
1512136300000 11599
1512136300000 11599
1512136300000 11599
1512136300000 11600
1512136300000 11600
1512136300000 11600
1512136300000 11600
1512136300000 11600
1512136300000 11600
1512136300000 11601
1512136300000 11601
1512136300000 11601
1512136300000 11601
1512136300000 11601
1512136300000 11601
1512136300000 11602
1512136300000 11602
1512136300000 11602
1512136300000 11602
1512136300000 11602
1512136300000 11603
1512136300000 11603
1512136300000 11603
1512136300000 11603
1512136300000 11603
1512136300000 11603
1512136300000 11604
1512136300000 11604
1512136300000 11604
1512136300000 11604
1512136300000 11604
1512136300000 11605
1512136300000 11605
1512136300000 11605
1512136300000 11605
1512136300000 11605
1512136300000 11605
1512136300000 11606
1512136300000 11606
1512136300000 11606
1512136300000 11606
1512136300000 11606
1512136300000 11607
1512136300000 11607
1512136300000 11607
1512136300000 11607
1512136300000 11607
1512136300000 11607
1512136300000 11608
1512136300000 11608
1512136300000 11608
1512136310000 11507
1512136310000 11508
1512136310000 11508
1512136310000 11508
1512136310000 11508
1512136310000 11508
1512136310000 11508
1512136310000 11509
1512136310000 11509
1512136310000 11509
1512136310000 11509
1512136310000 11509
1512136310000 11509
1512136310000 11509
1512136310000 11510
1512136310000 11510
1512136310000 11510
1512136310000 11510
1512136310000 11510
1512136310000 11510
1512136310000 11511
1512136310000 11511
1512136310000 11511
1512136310000 11511
1512136310000 11511
1512136310000 11511
1512136310000 11512
1512136310000 11512
1512136310000 11512
1512136310000 11512
1512136310000 11512
1512136310000 11513
1512136310000 11513
1512136310000 11513
1512136310000 11513
1512136310000 11513
1512136310000 11514
1512136310000 11514
1512136310000 11514
1512136310000 11514
1512136310000 11514
1512136310000 11515
1512136310000 11515
1512136310000 11515
1512136310000 11515
1512136310000 11515
1512136310000 11515
1512136310000 11516
1512136310000 11516
1512136310000 11516
1512136310000 11516
1512136310000 11516
1512136310000 11516
1512136310000 11517
1512136310000 11517
1512136310000 11517
1512136310000 11517
1512136310000 11517
1512136310000 11517
1512136310000 11518
1512136310000 11518
1512136310000 11518
1512136310000 11518
1512136310000 11518
1512136310000 11518
1512136310000 11519
1512136310000 11519
1512136310000 11519
1512136310000 11519
1512136310000 11519
1512136310000 11519
1512136310000 11520
1512136310000 11520
1512136310000 11520
1512136310000 11520
1512136310000 11520
1512136310000 11520
1512136310000 11521
1512136310000 11521
1512136310000 11521
1512136310000 11521
1512136310000 11521
1512136310000 11521
1512136310000 11521
1512136310000 11522
1512136310000 11522
1512136310000 11522
1512136310000 11522
1512136310000 11522
1512136310000 11522
1512136310000 11523
1512136310000 11523
1512136310000 11523
1512136310000 11523
1512136310000 11523
1512136310000 11523
1512136310000 11524
1512136310000 11524
1512136310000 11524
1512136310000 11524
1512136320000 11482
1512136320000 11482
1512136320000 11482
1512136320000 11482
1512136320000 11482
1512136320000 11482
1512136320000 11482
1512136320000 11483
1512136320000 11483
1512136320000 11483
1512136320000 11483
1512136320000 11483
1512136320000 11483
1512136320000 11483
1512136320000 11484
1512136320000 11484
1512136320000 11484
1512136320000 11484
1512136320000 11484
1512136320000 11484
1512136320000 11484
1512136320000 11485
1512136320000 11485
1512136320000 11485
1512136320000 11485
1512136320000 11485
1512136320000 11485
1512136320000 11485
1512136320000 11486
1512136320000 11486
1512136320000 11486
1512136320000 11486
1512136320000 11486
1512136320000 11486
1512136320000 11486
1512136320000 11487
1512136320000 11487
1512136320000 11487
1512136320000 11487
1512136320000 11487
1512136320000 11487
1512136320000 11487
1512136320000 11488
1512136320000 11488
1512136320000 11488
1512136320000 11488
1512136320000 11488
1512136320000 11488
1512136320000 11488
1512136320000 11488
1512136320000 11489
1512136320000 11489
1512136320000 11489
1512136320000 11489
1512136320000 11489
1512136320000 11489
1512136320000 11489
1512136320000 11490
1512136320000 11490
1512136320000 11490
1512136320000 11490
1512136320000 11490
1512136320000 11490
1512136320000 11490
1512136320000 11491
1512136320000 11491
1512136320000 11491
1512136320000 11491
1512136320000 11491
1512136320000 11491
1512136320000 11491
1512136320000 11492
1512136320000 11492
1512136320000 11492
1512136320000 11492
1512136320000 11492
1512136320000 11492
1512136320000 11492
1512136320000 11493
1512136320000 11493
1512136320000 11493
1512136320000 11493
1512136320000 11493
1512136320000 11493
1512136320000 11493
1512136320000 11494
1512136320000 11494
1512136320000 11494
1512136320000 11494
1512136320000 11494
1512136320000 11494
1512136320000 11494
1512136320000 11495
1512136320000 11495
1512136320000 11495
1512136320000 11495
1512136320000 11495
1512136320000 11495
1512136320000 11495
1512136320000 11496
1512136330000 11513
1512136330000 11513
1512136330000 11513
1512136330000 11513
1512136330000 11513
1512136330000 11513
1512136330000 11514
1512136330000 11514
1512136330000 11514
1512136330000 11514
1512136330000 11514
1512136330000 11514
1512136330000 11514
1512136330000 11515
1512136330000 11515
1512136330000 11515
1512136330000 11515
1512136330000 11515
1512136330000 11515
1512136330000 11515
1512136330000 11516
1512136330000 11516
1512136330000 11516
1512136330000 11516
1512136330000 11516
1512136330000 11516
1512136330000 11516
1512136330000 11517
1512136330000 11517
1512136330000 11517
1512136330000 11517
1512136330000 11517
1512136330000 11517
1512136330000 11517
1512136330000 11518
1512136330000 11518
1512136330000 11518
1512136330000 11518
1512136330000 11518
1512136330000 11518
1512136330000 11519
1512136330000 11519
1512136330000 11519
1512136330000 11519
1512136330000 11519
1512136330000 11519
1512136330000 11519
1512136330000 11520
1512136330000 11520
1512136330000 11520
1512136330000 11520
1512136330000 11520
1512136330000 11520
1512136330000 11520
1512136330000 11521
1512136330000 11521
1512136330000 11521
1512136330000 11521
1512136330000 11521
1512136330000 11521
1512136330000 11522
1512136330000 11522
1512136330000 11522
1512136330000 11522
1512136330000 11522
1512136330000 11523
1512136330000 11523
1512136330000 11523
1512136330000 11523
1512136330000 11523
1512136330000 11523
1512136330000 11524
1512136330000 11524
1512136330000 11524
1512136330000 11524
1512136330000 11524
1512136330000 11525
1512136330000 11525
1512136330000 11525
1512136330000 11525
1512136330000 11525
1512136330000 11526
1512136330000 11526
1512136330000 11526
1512136330000 11526
1512136330000 11526
1512136330000 11527
1512136330000 11527
1512136330000 11527
1512136330000 11527
1512136330000 11527
1512136330000 11527
1512136330000 11528
1512136330000 11528
1512136330000 11528
1512136330000 11528
1512136330000 11528
1512136330000 11529
1512136330000 11529
1512136330000 11529
1512136340000 11510
1512136340000 11510
1512136340000 11510
1512136340000 11510
1512136340000 11511
1512136340000 11511
1512136340000 11511
1512136340000 11511
1512136340000 11511
1512136340000 11511
1512136340000 11511
1512136340000 11512
1512136340000 11512
1512136340000 11512
1512136340000 11512
1512136340000 11512
1512136340000 11512
1512136340000 11513
1512136340000 11513
1512136340000 11513
1512136340000 11513
1512136340000 11513
1512136340000 11513
1512136340000 11513
1512136340000 11514
1512136340000 11514
1512136340000 11514
1512136340000 11514
1512136340000 11514
1512136340000 11514
1512136340000 11514
1512136340000 11515
1512136340000 11515
1512136340000 11515
1512136340000 11515
1512136340000 11515
1512136340000 11515
1512136340000 11516
1512136340000 11516
1512136340000 11516
1512136340000 11516
1512136340000 11516
1512136340000 11516
1512136340000 11516
1512136340000 11517
1512136340000 11517
1512136340000 11517
1512136340000 11517
1512136340000 11517
1512136340000 11517
1512136340000 11517
1512136340000 11518
1512136340000 11518
1512136340000 11518
1512136340000 11518
1512136340000 11518
1512136340000 11518
1512136340000 11518
1512136340000 11519
1512136340000 11519
1512136340000 11519
1512136340000 11519
1512136340000 11519
1512136340000 11519
1512136340000 11519
1512136340000 11520
1512136340000 11520
1512136340000 11520
1512136340000 11520
1512136340000 11520
1512136340000 11520
1512136340000 11520
1512136340000 11521
1512136340000 11521
1512136340000 11521
1512136340000 11521
1512136340000 11521
1512136340000 11521
1512136340000 11521
1512136340000 11522
1512136340000 11522
1512136340000 11522
1512136340000 11522
1512136340000 11522
1512136340000 11522
1512136340000 11522
1512136340000 11523
1512136340000 11523
1512136340000 11523
1512136340000 11523
1512136340000 11523
1512136340000 11523
1512136340000 11524
1512136340000 11524
1512136340000 11524
1512136340000 11524
1512136340000 11524
1512136340000 11524
1512136340000 11524
1512136340000 11525
1512136350000 11485
1512136350000 11485
1512136350000 11485
1512136350000 11485
1512136350000 11486
1512136350000 11486
1512136350000 11486
1512136350000 11486
1512136350000 11486
1512136350000 11486
1512136350000 11486
1512136350000 11487
1512136350000 11487
1512136350000 11487
1512136350000 11487
1512136350000 11487
1512136350000 11487
1512136350000 11488
1512136350000 11488
1512136350000 11488
1512136350000 11488
1512136350000 11488
1512136350000 11488
1512136350000 11488
1512136350000 11489
1512136350000 11489
1512136350000 11489
1512136350000 11489
1512136350000 11489
1512136350000 11489
1512136350000 11489
1512136350000 11490
1512136350000 11490
1512136350000 11490
1512136350000 11490
1512136350000 11490
1512136350000 11490
1512136350000 11491
1512136350000 11491
1512136350000 11491
1512136350000 11491
1512136350000 11491
1512136350000 11491
1512136350000 11491
1512136350000 11492
1512136350000 11492
1512136350000 11492
1512136350000 11492
1512136350000 11492
1512136350000 11492
1512136350000 11492
1512136350000 11493
1512136350000 11493
1512136350000 11493
1512136350000 11493
1512136350000 11493
1512136350000 11493
1512136350000 11494
1512136350000 11494
1512136350000 11494
1512136350000 11494
1512136350000 11494
1512136350000 11494
1512136350000 11495
1512136350000 11495
1512136350000 11495
1512136350000 11495
1512136350000 11495
1512136350000 11495
1512136350000 11495
1512136350000 11496
1512136350000 11496
1512136350000 11496
1512136350000 11496
1512136350000 11496
1512136350000 11496
1512136350000 11497
1512136350000 11497
1512136350000 11497
1512136350000 11497
1512136350000 11497
1512136350000 11497
1512136350000 11497
1512136350000 11498
1512136350000 11498
1512136350000 11498
1512136350000 11498
1512136350000 11498
1512136350000 11498
1512136350000 11498
1512136350000 11499
1512136350000 11499
1512136350000 11499
1512136350000 11499
1512136350000 11499
1512136350000 11499
1512136350000 11500
1512136350000 11500
1512136350000 11500
1512136350000 11500
1512136360000 11462
1512136360000 11462
1512136360000 11463
1512136360000 11463
1512136360000 11463
1512136360000 11463
1512136360000 11463
1512136360000 11463
1512136360000 11463
1512136360000 11463
1512136360000 11463
1512136360000 11463
1512136360000 11463
1512136360000 11464
1512136360000 11464
1512136360000 11464
1512136360000 11464
1512136360000 11464
1512136360000 11464
1512136360000 11464
1512136360000 11464
1512136360000 11464
1512136360000 11465
1512136360000 11465
1512136360000 11465
1512136360000 11465
1512136360000 11465
1512136360000 11465
1512136360000 11465
1512136360000 11465
1512136360000 11465
1512136360000 11465
1512136360000 11465
1512136360000 11466
1512136360000 11466
1512136360000 11466
1512136360000 11466
1512136360000 11466
1512136360000 11466
1512136360000 11466
1512136360000 11466
1512136360000 11466
1512136360000 11466
1512136360000 11467
1512136360000 11467
1512136360000 11467
1512136360000 11467
1512136360000 11467
1512136360000 11467
1512136360000 11467
1512136360000 11467
1512136360000 11467
1512136360000 11467
1512136360000 11467
1512136360000 11468
1512136360000 11468
1512136360000 11468
1512136360000 11468
1512136360000 11468
1512136360000 11468
1512136360000 11468
1512136360000 11468
1512136360000 11468
1512136360000 11468
1512136360000 11469
1512136360000 11469
1512136360000 11469
1512136360000 11469
1512136360000 11469
1512136360000 11469
1512136360000 11469
1512136360000 11469
1512136360000 11469
1512136360000 11469
1512136360000 11469
1512136360000 11470
1512136360000 11470
1512136360000 11470
1512136360000 11470
1512136360000 11470
1512136360000 11470
1512136360000 11470
1512136360000 11470
1512136360000 11470
1512136360000 11470
1512136360000 11471
1512136360000 11471
1512136360000 11471
1512136360000 11471
1512136360000 11471
1512136360000 11471
1512136360000 11471
1512136360000 11471
1512136360000 11471
1512136360000 11471
1512136360000 11471
1512136360000 11472
1512136360000 11472
1512136360000 11472
1512136360000 11472
1512136370000 11497
1512136370000 11497
1512136370000 11497
1512136370000 11498
1512136370000 11498
1512136370000 11498
1512136370000 11498
1512136370000 11498
1512136370000 11498
1512136370000 11499
1512136370000 11499
1512136370000 11499
1512136370000 11499
1512136370000 11499
1512136370000 11499
1512136370000 11499
1512136370000 11500
1512136370000 11500
1512136370000 11500
1512136370000 11500
1512136370000 11500
1512136370000 11500
1512136370000 11501
1512136370000 11501
1512136370000 11501
1512136370000 11501
1512136370000 11501
1512136370000 11501
1512136370000 11501
1512136370000 11502
1512136370000 11502
1512136370000 11502
1512136370000 11502
1512136370000 11502
1512136370000 11502
1512136370000 11503
1512136370000 11503
1512136370000 11503
1512136370000 11503
1512136370000 11503
1512136370000 11503
1512136370000 11503
1512136370000 11504
1512136370000 11504
1512136370000 11504
1512136370000 11504
1512136370000 11504
1512136370000 11504
1512136370000 11505
1512136370000 11505
1512136370000 11505
1512136370000 11505
1512136370000 11505
1512136370000 11505
1512136370000 11505
1512136370000 11506
1512136370000 11506
1512136370000 11506
1512136370000 11506
1512136370000 11506
1512136370000 11506
1512136370000 11507
1512136370000 11507
1512136370000 11507
1512136370000 11507
1512136370000 11507
1512136370000 11507
1512136370000 11507
1512136370000 11508
1512136370000 11508
1512136370000 11508
1512136370000 11508
1512136370000 11508
1512136370000 11508
1512136370000 11509
1512136370000 11509
1512136370000 11509
1512136370000 11509
1512136370000 11509
1512136370000 11509
1512136370000 11509
1512136370000 11510
1512136370000 11510
1512136370000 11510
1512136370000 11510
1512136370000 11510
1512136370000 11510
1512136370000 11510
1512136370000 11511
1512136370000 11511
1512136370000 11511
1512136370000 11511
1512136370000 11511
1512136370000 11511
1512136370000 11512
1512136370000 11512
1512136370000 11512
1512136370000 11512
1512136370000 11512
1512136370000 11512
1512136380000 11478
1512136380000 11478
1512136380000 11479
1512136380000 11479
1512136380000 11479
1512136380000 11479
1512136380000 11479
1512136380000 11479
1512136380000 11480
1512136380000 11480
1512136380000 11480
1512136380000 11480
1512136380000 11480
1512136380000 11480
1512136380000 11480
1512136380000 11481
1512136380000 11481
1512136380000 11481
1512136380000 11481
1512136380000 11481
1512136380000 11481
1512136380000 11481
1512136380000 11482
1512136380000 11482
1512136380000 11482
1512136380000 11482
1512136380000 11482
1512136380000 11482
1512136380000 11482
1512136380000 11483
1512136380000 11483
1512136380000 11483
1512136380000 11483
1512136380000 11483
1512136380000 11483
1512136380000 11483
1512136380000 11484
1512136380000 11484
1512136380000 11484
1512136380000 11484
1512136380000 11484
1512136380000 11484
1512136380000 11484
1512136380000 11485
1512136380000 11485
1512136380000 11485
1512136380000 11485
1512136380000 11485
1512136380000 11485
1512136380000 11485
1512136380000 11486
1512136380000 11486
1512136380000 11486
1512136380000 11486
1512136380000 11486
1512136380000 11486
1512136380000 11486
1512136380000 11487
1512136380000 11487
1512136380000 11487
1512136380000 11487
1512136380000 11487
1512136380000 11487
1512136380000 11488
1512136380000 11488
1512136380000 11488
1512136380000 11488
1512136380000 11488
1512136380000 11488
1512136380000 11488
1512136380000 11489
1512136380000 11489
1512136380000 11489
1512136380000 11489
1512136380000 11489
1512136380000 11489
1512136380000 11489
1512136380000 11490
1512136380000 11490
1512136380000 11490
1512136380000 11490
1512136380000 11490
1512136380000 11490
1512136380000 11491
1512136380000 11491
1512136380000 11491
1512136380000 11491
1512136380000 11491
1512136380000 11491
1512136380000 11492
1512136380000 11492
1512136380000 11492
1512136380000 11492
1512136380000 11492
1512136380000 11492
1512136380000 11493
1512136380000 11493
1512136380000 11493
1512136380000 11493
1512136380000 11493
1512136390000 11483
1512136390000 11483
1512136390000 11483
1512136390000 11483
1512136390000 11483
1512136390000 11483
1512136390000 11483
1512136390000 11483
1512136390000 11484
1512136390000 11484
1512136390000 11484
1512136390000 11484
1512136390000 11484
1512136390000 11484
1512136390000 11484
1512136390000 11485
1512136390000 11485
1512136390000 11485
1512136390000 11485
1512136390000 11485
1512136390000 11485
1512136390000 11485
1512136390000 11486
1512136390000 11486
1512136390000 11486
1512136390000 11486
1512136390000 11486
1512136390000 11486
1512136390000 11486
1512136390000 11487
1512136390000 11487
1512136390000 11487
1512136390000 11487
1512136390000 11487
1512136390000 11487
1512136390000 11487
1512136390000 11488
1512136390000 11488
1512136390000 11488
1512136390000 11488
1512136390000 11488
1512136390000 11488
1512136390000 11488
1512136390000 11489
1512136390000 11489
1512136390000 11489
1512136390000 11489
1512136390000 11489
1512136390000 11489
1512136390000 11489
1512136390000 11490
1512136390000 11490
1512136390000 11490
1512136390000 11490
1512136390000 11490
1512136390000 11490
1512136390000 11490
1512136390000 11491
1512136390000 11491
1512136390000 11491
1512136390000 11491
1512136390000 11491
1512136390000 11491
1512136390000 11491
1512136390000 11492
1512136390000 11492
1512136390000 11492
1512136390000 11492
1512136390000 11492
1512136390000 11492
1512136390000 11492
1512136390000 11493
1512136390000 11493
1512136390000 11493
1512136390000 11493
1512136390000 11493
1512136390000 11493
1512136390000 11493
1512136390000 11494
1512136390000 11494
1512136390000 11494
1512136390000 11494
1512136390000 11494
1512136390000 11494
1512136390000 11494
1512136390000 11495
1512136390000 11495
1512136390000 11495
1512136390000 11495
1512136390000 11495
1512136390000 11495
1512136390000 11495
1512136390000 11496
1512136390000 11496
1512136390000 11496
1512136390000 11496
1512136390000 11496
1512136390000 11496
1512136390000 11496
1512136390000 11497
1512136400000 11459
1512136400000 11459
1512136400000 11459
1512136400000 11459
1512136400000 11459
1512136400000 11459
1512136400000 11460
1512136400000 11460
1512136400000 11460
1512136400000 11460
1512136400000 11460
1512136400000 11460
1512136400000 11460
1512136400000 11461
1512136400000 11461
1512136400000 11461
1512136400000 11461
1512136400000 11461
1512136400000 11461
1512136400000 11462
1512136400000 11462
1512136400000 11462
1512136400000 11462
1512136400000 11462
1512136400000 11462
1512136400000 11462
1512136400000 11463
1512136400000 11463
1512136400000 11463
1512136400000 11463
1512136400000 11463
1512136400000 11463
1512136400000 11463
1512136400000 11464
1512136400000 11464
1512136400000 11464
1512136400000 11464
1512136400000 11464
1512136400000 11464
1512136400000 11464
1512136400000 11465
1512136400000 11465
1512136400000 11465
1512136400000 11465
1512136400000 11465
1512136400000 11465
1512136400000 11466
1512136400000 11466
1512136400000 11466
1512136400000 11466
1512136400000 11466
1512136400000 11466
1512136400000 11466
1512136400000 11467
1512136400000 11467
1512136400000 11467
1512136400000 11467
1512136400000 11467
1512136400000 11467
1512136400000 11467
1512136400000 11468
1512136400000 11468
1512136400000 11468
1512136400000 11468
1512136400000 11468
1512136400000 11468
1512136400000 11468
1512136400000 11469
1512136400000 11469
1512136400000 11469
1512136400000 11469
1512136400000 11469
1512136400000 11469
1512136400000 11470
1512136400000 11470
1512136400000 11470
1512136400000 11470
1512136400000 11470
1512136400000 11470
1512136400000 11470
1512136400000 11471
1512136400000 11471
1512136400000 11471
1512136400000 11471
1512136400000 11471
1512136400000 11471
1512136400000 11471
1512136400000 11472
1512136400000 11472
1512136400000 11472
1512136400000 11472
1512136400000 11472
1512136400000 11472
1512136400000 11472
1512136400000 11473
1512136400000 11473
1512136400000 11473
1512136400000 11473
1512136400000 11473
1512136400000 11473
1512136410000 11507
1512136410000 11507
1512136410000 11507
1512136410000 11507
1512136410000 11507
1512136410000 11507
1512136410000 11508
1512136410000 11508
1512136410000 11508
1512136410000 11508
1512136410000 11508
1512136410000 11508
1512136410000 11508
1512136410000 11509
1512136410000 11509
1512136410000 11509
1512136410000 11509
1512136410000 11509
1512136410000 11509
1512136410000 11510
1512136410000 11510
1512136410000 11510
1512136410000 11510
1512136410000 11510
1512136410000 11510
1512136410000 11510
1512136410000 11511
1512136410000 11511
1512136410000 11511
1512136410000 11511
1512136410000 11511
1512136410000 11511
1512136410000 11512
1512136410000 11512
1512136410000 11512
1512136410000 11512
1512136410000 11512
1512136410000 11512
1512136410000 11513
1512136410000 11513
1512136410000 11513
1512136410000 11513
1512136410000 11513
1512136410000 11513
1512136410000 11514
1512136410000 11514
1512136410000 11514
1512136410000 11514
1512136410000 11514
1512136410000 11514
1512136410000 11514
1512136410000 11515
1512136410000 11515
1512136410000 11515
1512136410000 11515
1512136410000 11515
1512136410000 11515
1512136410000 11516
1512136410000 11516
1512136410000 11516
1512136410000 11516
1512136410000 11516
1512136410000 11516
1512136410000 11516
1512136410000 11517
1512136410000 11517
1512136410000 11517
1512136410000 11517
1512136410000 11517
1512136410000 11517
1512136410000 11518
1512136410000 11518
1512136410000 11518
1512136410000 11518
1512136410000 11518
1512136410000 11518
1512136410000 11518
1512136410000 11519
1512136410000 11519
1512136410000 11519
1512136410000 11519
1512136410000 11519
1512136410000 11519
1512136410000 11519
1512136410000 11520
1512136410000 11520
1512136410000 11520
1512136410000 11520
1512136410000 11520
1512136410000 11520
1512136410000 11521
1512136410000 11521
1512136410000 11521
1512136410000 11521
1512136410000 11521
1512136410000 11521
1512136410000 11521
1512136410000 11522
1512136410000 11522
1512136410000 11522
1512136420000 11449
1512136420000 11449
1512136420000 11449
1512136420000 11449
1512136420000 11450
1512136420000 11450
1512136420000 11450
1512136420000 11450
1512136420000 11450
1512136420000 11450
1512136420000 11450
1512136420000 11451
1512136420000 11451
1512136420000 11451
1512136420000 11451
1512136420000 11451
1512136420000 11451
1512136420000 11452
1512136420000 11452
1512136420000 11452
1512136420000 11452
1512136420000 11452
1512136420000 11452
1512136420000 11452
1512136420000 11453
1512136420000 11453
1512136420000 11453
1512136420000 11453
1512136420000 11453
1512136420000 11453
1512136420000 11454
1512136420000 11454
1512136420000 11454
1512136420000 11454
1512136420000 11454
1512136420000 11454
1512136420000 11454
1512136420000 11455
1512136420000 11455
1512136420000 11455
1512136420000 11455
1512136420000 11455
1512136420000 11455
1512136420000 11455
1512136420000 11456
1512136420000 11456
1512136420000 11456
1512136420000 11456
1512136420000 11456
1512136420000 11456
1512136420000 11457
1512136420000 11457
1512136420000 11457
1512136420000 11457
1512136420000 11457
1512136420000 11457
1512136420000 11458
1512136420000 11458
1512136420000 11458
1512136420000 11458
1512136420000 11458
1512136420000 11458
1512136420000 11458
1512136420000 11459
1512136420000 11459
1512136420000 11459
1512136420000 11459
1512136420000 11459
1512136420000 11459
1512136420000 11460
1512136420000 11460
1512136420000 11460
1512136420000 11460
1512136420000 11460
1512136420000 11460
1512136420000 11461
1512136420000 11461
1512136420000 11461
1512136420000 11461
1512136420000 11461
1512136420000 11461
1512136420000 11461
1512136420000 11462
1512136420000 11462
1512136420000 11462
1512136420000 11462
1512136420000 11462
1512136420000 11462
1512136420000 11463
1512136420000 11463
1512136420000 11463
1512136420000 11463
1512136420000 11463
1512136420000 11463
1512136420000 11463
1512136420000 11464
1512136420000 11464
1512136420000 11464
1512136420000 11464
1512136420000 11464
1512136430000 11457
1512136430000 11458
1512136430000 11458
1512136430000 11458
1512136430000 11458
1512136430000 11458
1512136430000 11458
1512136430000 11458
1512136430000 11459
1512136430000 11459
1512136430000 11459
1512136430000 11459
1512136430000 11459
1512136430000 11459
1512136430000 11459
1512136430000 11460
1512136430000 11460
1512136430000 11460
1512136430000 11460
1512136430000 11460
1512136430000 11460
1512136430000 11461
1512136430000 11461
1512136430000 11461
1512136430000 11461
1512136430000 11461
1512136430000 11461
1512136430000 11461
1512136430000 11462
1512136430000 11462
1512136430000 11462
1512136430000 11462
1512136430000 11462
1512136430000 11462
1512136430000 11463
1512136430000 11463
1512136430000 11463
1512136430000 11463
1512136430000 11463
1512136430000 11463
1512136430000 11463
1512136430000 11464
1512136430000 11464
1512136430000 11464
1512136430000 11464
1512136430000 11464
1512136430000 11464
1512136430000 11464
1512136430000 11464
1512136430000 11465
1512136430000 11465
1512136430000 11465
1512136430000 11465
1512136430000 11465
1512136430000 11465
1512136430000 11465
1512136430000 11466
1512136430000 11466
1512136430000 11466
1512136430000 11466
1512136430000 11466
1512136430000 11466
1512136430000 11466
1512136430000 11467
1512136430000 11467
1512136430000 11467
1512136430000 11467
1512136430000 11467
1512136430000 11467
1512136430000 11467
1512136430000 11468
1512136430000 11468
1512136430000 11468
1512136430000 11468
1512136430000 11468
1512136430000 11468
1512136430000 11468
1512136430000 11469
1512136430000 11469
1512136430000 11469
1512136430000 11469
1512136430000 11469
1512136430000 11469
1512136430000 11470
1512136430000 11470
1512136430000 11470
1512136430000 11470
1512136430000 11470
1512136430000 11470
1512136430000 11470
1512136430000 11471
1512136430000 11471
1512136430000 11471
1512136430000 11471
1512136430000 11471
1512136430000 11471
1512136430000 11471
1512136430000 11472
1512136430000 11472
1512136430000 11472
1512136440000 11498
1512136440000 11498
1512136440000 11499
1512136440000 11499
1512136440000 11499
1512136440000 11499
1512136440000 11499
1512136440000 11499
1512136440000 11499
1512136440000 11500
1512136440000 11500
1512136440000 11500
1512136440000 11500
1512136440000 11500
1512136440000 11500
1512136440000 11501
1512136440000 11501
1512136440000 11501
1512136440000 11501
1512136440000 11501
1512136440000 11501
1512136440000 11501
1512136440000 11502
1512136440000 11502
1512136440000 11502
1512136440000 11502
1512136440000 11502
1512136440000 11502
1512136440000 11502
1512136440000 11503
1512136440000 11503
1512136440000 11503
1512136440000 11503
1512136440000 11503
1512136440000 11503
1512136440000 11503
1512136440000 11504
1512136440000 11504
1512136440000 11504
1512136440000 11504
1512136440000 11504
1512136440000 11504
1512136440000 11504
1512136440000 11505
1512136440000 11505
1512136440000 11505
1512136440000 11505
1512136440000 11505
1512136440000 11505
1512136440000 11505
1512136440000 11506
1512136440000 11506
1512136440000 11506
1512136440000 11506
1512136440000 11506
1512136440000 11506
1512136440000 11506
1512136440000 11507
1512136440000 11507
1512136440000 11507
1512136440000 11507
1512136440000 11507
1512136440000 11507
1512136440000 11507
1512136440000 11508
1512136440000 11508
1512136440000 11508
1512136440000 11508
1512136440000 11508
1512136440000 11508
1512136440000 11508
1512136440000 11508
1512136440000 11509
1512136440000 11509
1512136440000 11509
1512136440000 11509
1512136440000 11509
1512136440000 11509
1512136440000 11510
1512136440000 11510
1512136440000 11510
1512136440000 11510
1512136440000 11510
1512136440000 11510
1512136440000 11510
1512136440000 11511
1512136440000 11511
1512136440000 11511
1512136440000 11511
1512136440000 11511
1512136440000 11511
1512136440000 11511
1512136440000 11512
1512136440000 11512
1512136440000 11512
1512136440000 11512
1512136440000 11512
1512136440000 11512
1512136440000 11513
1512136440000 11513
1512136450000 11485
1512136450000 11485
1512136450000 11485
1512136450000 11485
1512136450000 11485
1512136450000 11485
1512136450000 11486
1512136450000 11486
1512136450000 11486
1512136450000 11486
1512136450000 11486
1512136450000 11486
1512136450000 11486
1512136450000 11487
1512136450000 11487
1512136450000 11487
1512136450000 11487
1512136450000 11487
1512136450000 11487
1512136450000 11488
1512136450000 11488
1512136450000 11488
1512136450000 11488
1512136450000 11488
1512136450000 11488
1512136450000 11488
1512136450000 11489
1512136450000 11489
1512136450000 11489
1512136450000 11489
1512136450000 11489
1512136450000 11489
1512136450000 11490
1512136450000 11490
1512136450000 11490
1512136450000 11490
1512136450000 11490
1512136450000 11490
1512136450000 11490
1512136450000 11491
1512136450000 11491
1512136450000 11491
1512136450000 11491
1512136450000 11491
1512136450000 11491
1512136450000 11492
1512136450000 11492
1512136450000 11492
1512136450000 11492
1512136450000 11492
1512136450000 11492
1512136450000 11492
1512136450000 11493
1512136450000 11493
1512136450000 11493
1512136450000 11493
1512136450000 11493
1512136450000 11493
1512136450000 11494
1512136450000 11494
1512136450000 11494
1512136450000 11494
1512136450000 11494
1512136450000 11494
1512136450000 11494
1512136450000 11495
1512136450000 11495
1512136450000 11495
1512136450000 11495
1512136450000 11495
1512136450000 11495
1512136450000 11496
1512136450000 11496
1512136450000 11496
1512136450000 11496
1512136450000 11496
1512136450000 11496
1512136450000 11496
1512136450000 11497
1512136450000 11497
1512136450000 11497
1512136450000 11497
1512136450000 11497
1512136450000 11497
1512136450000 11498
1512136450000 11498
1512136450000 11498
1512136450000 11498
1512136450000 11498
1512136450000 11498
1512136450000 11498
1512136450000 11499
1512136450000 11499
1512136450000 11499
1512136450000 11499
1512136450000 11499
1512136450000 11499
1512136450000 11500
1512136450000 11500
1512136450000 11500
1512136460000 11506
1512136460000 11506
1512136460000 11506
1512136460000 11506
1512136460000 11506
1512136460000 11506
1512136460000 11507
1512136460000 11507
1512136460000 11507
1512136460000 11507
1512136460000 11507
1512136460000 11507
1512136460000 11507
1512136460000 11508
1512136460000 11508
1512136460000 11508
1512136460000 11508
1512136460000 11508
1512136460000 11508
1512136460000 11508
1512136460000 11509
1512136460000 11509
1512136460000 11509
1512136460000 11509
1512136460000 11509
1512136460000 11509
1512136460000 11510
1512136460000 11510
1512136460000 11510
1512136460000 11510
1512136460000 11510
1512136460000 11510
1512136460000 11510
1512136460000 11511
1512136460000 11511
1512136460000 11511
1512136460000 11511
1512136460000 11511
1512136460000 11511
1512136460000 11512
1512136460000 11512
1512136460000 11512
1512136460000 11512
1512136460000 11512
1512136460000 11513
1512136460000 11513
1512136460000 11513
1512136460000 11513
1512136460000 11513
1512136460000 11513
1512136460000 11514
1512136460000 11514
1512136460000 11514
1512136460000 11514
1512136460000 11514
1512136460000 11514
1512136460000 11515
1512136460000 11515
1512136460000 11515
1512136460000 11515
1512136460000 11515
1512136460000 11515
1512136460000 11516
1512136460000 11516
1512136460000 11516
1512136460000 11516
1512136460000 11516
1512136460000 11516
1512136460000 11517
1512136460000 11517
1512136460000 11517
1512136460000 11517
1512136460000 11517
1512136460000 11518
1512136460000 11518
1512136460000 11518
1512136460000 11518
1512136460000 11518
1512136460000 11519
1512136460000 11519
1512136460000 11519
1512136460000 11519
1512136460000 11519
1512136460000 11520
1512136460000 11520
1512136460000 11520
1512136460000 11520
1512136460000 11520
1512136460000 11520
1512136460000 11521
1512136460000 11521
1512136460000 11521
1512136460000 11521
1512136460000 11521
1512136460000 11521
1512136460000 11522
1512136460000 11522
1512136460000 11522
1512136460000 11522
1512136460000 11522
1512136470000 11485
1512136470000 11485
1512136470000 11485
1512136470000 11485
1512136470000 11485
1512136470000 11485
1512136470000 11486
1512136470000 11486
1512136470000 11486
1512136470000 11486
1512136470000 11486
1512136470000 11486
1512136470000 11486
1512136470000 11487
1512136470000 11487
1512136470000 11487
1512136470000 11487
1512136470000 11487
1512136470000 11487
1512136470000 11487
1512136470000 11488
1512136470000 11488
1512136470000 11488
1512136470000 11488
1512136470000 11488
1512136470000 11488
1512136470000 11489
1512136470000 11489
1512136470000 11489
1512136470000 11489
1512136470000 11489
1512136470000 11489
1512136470000 11490
1512136470000 11490
1512136470000 11490
1512136470000 11490
1512136470000 11490
1512136470000 11490
1512136470000 11490
1512136470000 11491
1512136470000 11491
1512136470000 11491
1512136470000 11491
1512136470000 11491
1512136470000 11491
1512136470000 11492
1512136470000 11492
1512136470000 11492
1512136470000 11492
1512136470000 11492
1512136470000 11492
1512136470000 11492
1512136470000 11493
1512136470000 11493
1512136470000 11493
1512136470000 11493
1512136470000 11493
1512136470000 11493
1512136470000 11494
1512136470000 11494
1512136470000 11494
1512136470000 11494
1512136470000 11494
1512136470000 11494
1512136470000 11494
1512136470000 11495
1512136470000 11495
1512136470000 11495
1512136470000 11495
1512136470000 11495
1512136470000 11495
1512136470000 11495
1512136470000 11496
1512136470000 11496
1512136470000 11496
1512136470000 11496
1512136470000 11496
1512136470000 11496
1512136470000 11497
1512136470000 11497
1512136470000 11497
1512136470000 11497
1512136470000 11497
1512136470000 11497
1512136470000 11497
1512136470000 11498
1512136470000 11498
1512136470000 11498
1512136470000 11498
1512136470000 11498
1512136470000 11498
1512136470000 11499
1512136470000 11499
1512136470000 11499
1512136470000 11499
1512136470000 11499
1512136470000 11499
1512136470000 11499
1512136470000 11500
1512136470000 11500
1512136480000 11498
1512136480000 11498
1512136480000 11499
1512136480000 11499
1512136480000 11499
1512136480000 11499
1512136480000 11499
1512136480000 11499
1512136480000 11499
1512136480000 11500
1512136480000 11500
1512136480000 11500
1512136480000 11500
1512136480000 11500
1512136480000 11500
1512136480000 11500
1512136480000 11501
1512136480000 11501
1512136480000 11501
1512136480000 11501
1512136480000 11501
1512136480000 11501
1512136480000 11502
1512136480000 11502
1512136480000 11502
1512136480000 11502
1512136480000 11502
1512136480000 11502
1512136480000 11502
1512136480000 11503
1512136480000 11503
1512136480000 11503
1512136480000 11503
1512136480000 11503
1512136480000 11503
1512136480000 11504
1512136480000 11504
1512136480000 11504
1512136480000 11504
1512136480000 11504
1512136480000 11504
1512136480000 11504
1512136480000 11505
1512136480000 11505
1512136480000 11505
1512136480000 11505
1512136480000 11505
1512136480000 11505
1512136480000 11506
1512136480000 11506
1512136480000 11506
1512136480000 11506
1512136480000 11506
1512136480000 11506
1512136480000 11506
1512136480000 11507
1512136480000 11507
1512136480000 11507
1512136480000 11507
1512136480000 11507
1512136480000 11507
1512136480000 11508
1512136480000 11508
1512136480000 11508
1512136480000 11508
1512136480000 11508
1512136480000 11508
1512136480000 11508
1512136480000 11509
1512136480000 11509
1512136480000 11509
1512136480000 11509
1512136480000 11509
1512136480000 11509
1512136480000 11510
1512136480000 11510
1512136480000 11510
1512136480000 11510
1512136480000 11510
1512136480000 11510
1512136480000 11510
1512136480000 11511
1512136480000 11511
1512136480000 11511
1512136480000 11511
1512136480000 11511
1512136480000 11511
1512136480000 11512
1512136480000 11512
1512136480000 11512
1512136480000 11512
1512136480000 11512
1512136480000 11512
1512136480000 11513
1512136480000 11513
1512136480000 11513
1512136480000 11513
1512136480000 11513
1512136480000 11513
1512136480000 11514
1512136490000 11473
1512136490000 11473
1512136490000 11474
1512136490000 11474
1512136490000 11474
1512136490000 11474
1512136490000 11474
1512136490000 11474
1512136490000 11474
1512136490000 11475
1512136490000 11475
1512136490000 11475
1512136490000 11475
1512136490000 11475
1512136490000 11475
1512136490000 11475
1512136490000 11476
1512136490000 11476
1512136490000 11476
1512136490000 11476
1512136490000 11476
1512136490000 11476
1512136490000 11476
1512136490000 11477
1512136490000 11477
1512136490000 11477
1512136490000 11477
1512136490000 11477
1512136490000 11477
1512136490000 11477
1512136490000 11478
1512136490000 11478
1512136490000 11478
1512136490000 11478
1512136490000 11478
1512136490000 11478
1512136490000 11478
1512136490000 11479
1512136490000 11479
1512136490000 11479
1512136490000 11479
1512136490000 11479
1512136490000 11479
1512136490000 11479
1512136490000 11479
1512136490000 11480
1512136490000 11480
1512136490000 11480
1512136490000 11480
1512136490000 11480
1512136490000 11480
1512136490000 11480
1512136490000 11481
1512136490000 11481
1512136490000 11481
1512136490000 11481
1512136490000 11481
1512136490000 11481
1512136490000 11481
1512136490000 11482
1512136490000 11482
1512136490000 11482
1512136490000 11482
1512136490000 11482
1512136490000 11482
1512136490000 11483
1512136490000 11483
1512136490000 11483
1512136490000 11483
1512136490000 11483
1512136490000 11483
1512136490000 11483
1512136490000 11484
1512136490000 11484
1512136490000 11484
1512136490000 11484
1512136490000 11484
1512136490000 11484
1512136490000 11485
1512136490000 11485
1512136490000 11485
1512136490000 11485
1512136490000 11485
1512136490000 11485
1512136490000 11485
1512136490000 11486
1512136490000 11486
1512136490000 11486
1512136490000 11486
1512136490000 11486
1512136490000 11486
1512136490000 11487
1512136490000 11487
1512136490000 11487
1512136490000 11487
1512136490000 11487
1512136490000 11487
1512136490000 11487
1512136490000 11488
1512136490000 11488
1512136500000 11456
1512136500000 11456
1512136500000 11456
1512136500000 11456
1512136500000 11456
1512136500000 11457
1512136500000 11457
1512136500000 11457
1512136500000 11457
1512136500000 11457
1512136500000 11457
1512136500000 11458
1512136500000 11458
1512136500000 11458
1512136500000 11458
1512136500000 11458
1512136500000 11458
1512136500000 11458
1512136500000 11459
1512136500000 11459
1512136500000 11459
1512136500000 11459
1512136500000 11459
1512136500000 11459
1512136500000 11460
1512136500000 11460
1512136500000 11460
1512136500000 11460
1512136500000 11460
1512136500000 11460
1512136500000 11460
1512136500000 11461
1512136500000 11461
1512136500000 11461
1512136500000 11461
1512136500000 11461
1512136500000 11462
1512136500000 11462
1512136500000 11462
1512136500000 11462
1512136500000 11462
1512136500000 11462
1512136500000 11462
1512136500000 11463
1512136500000 11463
1512136500000 11463
1512136500000 11463
1512136500000 11463
1512136500000 11463
1512136500000 11463
1512136500000 11464
1512136500000 11464
1512136500000 11464
1512136500000 11464
1512136500000 11464
1512136500000 11464
1512136500000 11465
1512136500000 11465
1512136500000 11465
1512136500000 11465
1512136500000 11465
1512136500000 11465
1512136500000 11465
1512136500000 11466
1512136500000 11466
1512136500000 11466
1512136500000 11466
1512136500000 11466
1512136500000 11466
1512136500000 11467
1512136500000 11467
1512136500000 11467
1512136500000 11467
1512136500000 11467
1512136500000 11467
1512136500000 11467
1512136500000 11468
1512136500000 11468
1512136500000 11468
1512136500000 11468
1512136500000 11468
1512136500000 11468
1512136500000 11469
1512136500000 11469
1512136500000 11469
1512136500000 11469
1512136500000 11469
1512136500000 11469
1512136500000 11469
1512136500000 11470
1512136500000 11470
1512136500000 11470
1512136500000 11470
1512136500000 11470
1512136500000 11470
1512136500000 11471
1512136500000 11471
1512136500000 11471
1512136500000 11471
1512136500000 11471
1512136510000 12013
1512136510000 12013
1512136510000 12013
1512136510000 12013
1512136510000 12013
1512136510000 12014
1512136510000 12014
1512136510000 12014
1512136510000 12014
1512136510000 12014
1512136510000 12014
1512136510000 12014
1512136510000 12015
1512136510000 12015
1512136510000 12015
1512136510000 12015
1512136510000 12015
1512136510000 12015
1512136510000 12015
1512136510000 12016
1512136510000 12016
1512136510000 12016
1512136510000 12016
1512136510000 12016
1512136510000 12016
1512136510000 12016
1512136510000 12017
1512136510000 12017
1512136510000 12017
1512136510000 12017
1512136510000 12017
1512136510000 12017
1512136510000 12017
1512136510000 12018
1512136510000 12018
1512136510000 12018
1512136510000 12018
1512136510000 12018
1512136510000 12018
1512136510000 12019
1512136510000 12019
1512136510000 12019
1512136510000 12019
1512136510000 12019
1512136510000 12019
1512136510000 12019
1512136510000 12020
1512136510000 12020
1512136510000 12020
1512136510000 12020
1512136510000 12020
1512136510000 12020
1512136510000 12020
1512136510000 12021
1512136510000 12021
1512136510000 12021
1512136510000 12021
1512136510000 12021
1512136510000 12021
1512136510000 12022
1512136510000 12022
1512136510000 12022
1512136510000 12022
1512136510000 12022
1512136510000 12022
1512136510000 12022
1512136510000 12023
1512136510000 12023
1512136510000 12023
1512136510000 12023
1512136510000 12023
1512136510000 12023
1512136510000 12024
1512136510000 12024
1512136510000 12024
1512136510000 12024
1512136510000 12024
1512136510000 12024
1512136510000 12025
1512136510000 12025
1512136510000 12025
1512136510000 12025
1512136510000 12025
1512136510000 12025
1512136510000 12025
1512136510000 12026
1512136510000 12026
1512136510000 12026
1512136510000 12026
1512136510000 12026
1512136510000 12026
1512136510000 12027
1512136510000 12027
1512136510000 12027
1512136510000 12027
1512136510000 12027
1512136510000 12027
1512136510000 12027
1512136510000 12028
1512136510000 12028
1512136520000 11463
1512136520000 11464
1512136520000 11464
1512136520000 11464
1512136520000 11464
1512136520000 11464
1512136520000 11464
1512136520000 11464
1512136520000 11464
1512136520000 11465
1512136520000 11465
1512136520000 11465
1512136520000 11465
1512136520000 11465
1512136520000 11465
1512136520000 11466
1512136520000 11466
1512136520000 11466
1512136520000 11466
1512136520000 11466
1512136520000 11466
1512136520000 11466
1512136520000 11467
1512136520000 11467
1512136520000 11467
1512136520000 11467
1512136520000 11467
1512136520000 11467
1512136520000 11467
1512136520000 11468
1512136520000 11468
1512136520000 11468
1512136520000 11468
1512136520000 11468
1512136520000 11468
1512136520000 11468
1512136520000 11469
1512136520000 11469
1512136520000 11469
1512136520000 11469
1512136520000 11469
1512136520000 11469
1512136520000 11469
1512136520000 11470
1512136520000 11470
1512136520000 11470
1512136520000 11470
1512136520000 11470
1512136520000 11470
1512136520000 11470
1512136520000 11471
1512136520000 11471
1512136520000 11471
1512136520000 11471
1512136520000 11471
1512136520000 11471
1512136520000 11471
1512136520000 11472
1512136520000 11472
1512136520000 11472
1512136520000 11472
1512136520000 11472
1512136520000 11472
1512136520000 11473
1512136520000 11473
1512136520000 11473
1512136520000 11473
1512136520000 11473
1512136520000 11473
1512136520000 11473
1512136520000 11474
1512136520000 11474
1512136520000 11474
1512136520000 11474
1512136520000 11474
1512136520000 11474
1512136520000 11475
1512136520000 11475
1512136520000 11475
1512136520000 11475
1512136520000 11475
1512136520000 11475
1512136520000 11475
1512136520000 11476
1512136520000 11476
1512136520000 11476
1512136520000 11476
1512136520000 11476
1512136520000 11476
1512136520000 11477
1512136520000 11477
1512136520000 11477
1512136520000 11477
1512136520000 11477
1512136520000 11477
1512136520000 11477
1512136520000 11478
1512136520000 11478
1512136520000 11478
1512136520000 11478
1512136530000 11458
1512136530000 11458
1512136530000 11458
1512136530000 11459
1512136530000 11459
1512136530000 11459
1512136530000 11459
1512136530000 11459
1512136530000 11459
1512136530000 11459
1512136530000 11460
1512136530000 11460
1512136530000 11460
1512136530000 11460
1512136530000 11460
1512136530000 11460
1512136530000 11461
1512136530000 11461
1512136530000 11461
1512136530000 11461
1512136530000 11461
1512136530000 11461
1512136530000 11461
1512136530000 11462
1512136530000 11462
1512136530000 11462
1512136530000 11462
1512136530000 11462
1512136530000 11462
1512136530000 11463
1512136530000 11463
1512136530000 11463
1512136530000 11463
1512136530000 11463
1512136530000 11463
1512136530000 11463
1512136530000 11464
1512136530000 11464
1512136530000 11464
1512136530000 11464
1512136530000 11464
1512136530000 11464
1512136530000 11464
1512136530000 11465
1512136530000 11465
1512136530000 11465
1512136530000 11465
1512136530000 11465
1512136530000 11465
1512136530000 11465
1512136530000 11466
1512136530000 11466
1512136530000 11466
1512136530000 11466
1512136530000 11466
1512136530000 11466
1512136530000 11467
1512136530000 11467
1512136530000 11467
1512136530000 11467
1512136530000 11467
1512136530000 11467
1512136530000 11468
1512136530000 11468
1512136530000 11468
1512136530000 11468
1512136530000 11468
1512136530000 11468
1512136530000 11469
1512136530000 11469
1512136530000 11469
1512136530000 11469
1512136530000 11469
1512136530000 11469
1512136530000 11470
1512136530000 11470
1512136530000 11470
1512136530000 11470
1512136530000 11470
1512136530000 11470
1512136530000 11470
1512136530000 11471
1512136530000 11471
1512136530000 11471
1512136530000 11471
1512136530000 11471
1512136530000 11471
1512136530000 11472
1512136530000 11472
1512136530000 11472
1512136530000 11472
1512136530000 11472
1512136530000 11472
1512136530000 11472
1512136530000 11473
1512136530000 11473
1512136530000 11473
1512136530000 11473
1512136530000 11473
1512136530000 11473
1512136540000 11482
1512136540000 11482
1512136540000 11482
1512136540000 11482
1512136540000 11482
1512136540000 11482
1512136540000 11483
1512136540000 11483
1512136540000 11483
1512136540000 11483
1512136540000 11483
1512136540000 11483
1512136540000 11483
1512136540000 11484
1512136540000 11484
1512136540000 11484
1512136540000 11484
1512136540000 11484
1512136540000 11484
1512136540000 11485
1512136540000 11485
1512136540000 11485
1512136540000 11485
1512136540000 11485
1512136540000 11485
1512136540000 11486
1512136540000 11486
1512136540000 11486
1512136540000 11486
1512136540000 11486
1512136540000 11487
1512136540000 11487
1512136540000 11487
1512136540000 11487
1512136540000 11487
1512136540000 11488
1512136540000 11488
1512136540000 11488
1512136540000 11488
1512136540000 11488
1512136540000 11488
1512136540000 11489
1512136540000 11489
1512136540000 11489
1512136540000 11489
1512136540000 11489
1512136540000 11490
1512136540000 11490
1512136540000 11490
1512136540000 11490
1512136540000 11490
1512136540000 11490
1512136540000 11491
1512136540000 11491
1512136540000 11491
1512136540000 11491
1512136540000 11491
1512136540000 11491
1512136540000 11492
1512136540000 11492
1512136540000 11492
1512136540000 11492
1512136540000 11492
1512136540000 11492
1512136540000 11493
1512136540000 11493
1512136540000 11493
1512136540000 11493
1512136540000 11493
1512136540000 11493
1512136540000 11494
1512136540000 11494
1512136540000 11494
1512136540000 11494
1512136540000 11494
1512136540000 11494
1512136540000 11494
1512136540000 11495
1512136540000 11495
1512136540000 11495
1512136540000 11495
1512136540000 11495
1512136540000 11495
1512136540000 11496
1512136540000 11496
1512136540000 11496
1512136540000 11496
1512136540000 11496
1512136540000 11496
1512136540000 11497
1512136540000 11497
1512136540000 11497
1512136540000 11497
1512136540000 11497
1512136540000 11497
1512136540000 11498
1512136540000 11498
1512136540000 11498
1512136540000 11498
1512136540000 11498
1512136550000 11463
1512136550000 11464
1512136550000 11464
1512136550000 11464
1512136550000 11464
1512136550000 11464
1512136550000 11464
1512136550000 11464
1512136550000 11465
1512136550000 11465
1512136550000 11465
1512136550000 11465
1512136550000 11465
1512136550000 11465
1512136550000 11466
1512136550000 11466
1512136550000 11466
1512136550000 11466
1512136550000 11466
1512136550000 11466
1512136550000 11466
1512136550000 11467
1512136550000 11467
1512136550000 11467
1512136550000 11467
1512136550000 11467
1512136550000 11467
1512136550000 11467
1512136550000 11468
1512136550000 11468
1512136550000 11468
1512136550000 11468
1512136550000 11468
1512136550000 11468
1512136550000 11469
1512136550000 11469
1512136550000 11469
1512136550000 11469
1512136550000 11469
1512136550000 11469
1512136550000 11470
1512136550000 11470
1512136550000 11470
1512136550000 11470
1512136550000 11470
1512136550000 11470
1512136550000 11470
1512136550000 11471
1512136550000 11471
1512136550000 11471
1512136550000 11471
1512136550000 11471
1512136550000 11471
1512136550000 11472
1512136550000 11472
1512136550000 11472
1512136550000 11472
1512136550000 11472
1512136550000 11472
1512136550000 11472
1512136550000 11473
1512136550000 11473
1512136550000 11473
1512136550000 11473
1512136550000 11473
1512136550000 11473
1512136550000 11474
1512136550000 11474
1512136550000 11474
1512136550000 11474
1512136550000 11474
1512136550000 11474
1512136550000 11474
1512136550000 11475
1512136550000 11475
1512136550000 11475
1512136550000 11475
1512136550000 11475
1512136550000 11475
1512136550000 11476
1512136550000 11476
1512136550000 11476
1512136550000 11476
1512136550000 11476
1512136550000 11476
1512136550000 11476
1512136550000 11477
1512136550000 11477
1512136550000 11477
1512136550000 11477
1512136550000 11477
1512136550000 11477
1512136550000 11478
1512136550000 11478
1512136550000 11478
1512136550000 11478
1512136550000 11478
1512136550000 11478
1512136550000 11479
1512136550000 11479
1512136560000 11511
1512136560000 11511
1512136560000 11512
1512136560000 11512
1512136560000 11512
1512136560000 11512
1512136560000 11512
1512136560000 11512
1512136560000 11513
1512136560000 11513
1512136560000 11513
1512136560000 11513
1512136560000 11513
1512136560000 11513
1512136560000 11513
1512136560000 11514
1512136560000 11514
1512136560000 11514
1512136560000 11514
1512136560000 11514
1512136560000 11514
1512136560000 11514
1512136560000 11515
1512136560000 11515
1512136560000 11515
1512136560000 11515
1512136560000 11515
1512136560000 11515
1512136560000 11515
1512136560000 11516
1512136560000 11516
1512136560000 11516
1512136560000 11516
1512136560000 11516
1512136560000 11516
1512136560000 11517
1512136560000 11517
1512136560000 11517
1512136560000 11517
1512136560000 11517
1512136560000 11517
1512136560000 11518
1512136560000 11518
1512136560000 11518
1512136560000 11518
1512136560000 11518
1512136560000 11518
1512136560000 11518
1512136560000 11519
1512136560000 11519
1512136560000 11519
1512136560000 11519
1512136560000 11519
1512136560000 11519
1512136560000 11519
1512136560000 11520
1512136560000 11520
1512136560000 11520
1512136560000 11520
1512136560000 11520
1512136560000 11520
1512136560000 11520
1512136560000 11521
1512136560000 11521
1512136560000 11521
1512136560000 11521
1512136560000 11521
1512136560000 11521
1512136560000 11521
1512136560000 11522
1512136560000 11522
1512136560000 11522
1512136560000 11522
1512136560000 11522
1512136560000 11522
1512136560000 11522
1512136560000 11523
1512136560000 11523
1512136560000 11523
1512136560000 11523
1512136560000 11523
1512136560000 11523
1512136560000 11523
1512136560000 11524
1512136560000 11524
1512136560000 11524
1512136560000 11524
1512136560000 11524
1512136560000 11524
1512136560000 11524
1512136560000 11525
1512136560000 11525
1512136560000 11525
1512136560000 11525
1512136560000 11525
1512136560000 11525
1512136560000 11526
1512136560000 11526
1512136560000 11526
1512136560000 11526
1512136570000 11495
1512136570000 11495
1512136570000 11495
1512136570000 11495
1512136570000 11496
1512136570000 11496
1512136570000 11496
1512136570000 11496
1512136570000 11496
1512136570000 11496
1512136570000 11496
1512136570000 11497
1512136570000 11497
1512136570000 11497
1512136570000 11497
1512136570000 11497
1512136570000 11497
1512136570000 11497
1512136570000 11498
1512136570000 11498
1512136570000 11498
1512136570000 11498
1512136570000 11498
1512136570000 11498
1512136570000 11498
1512136570000 11499
1512136570000 11499
1512136570000 11499
1512136570000 11499
1512136570000 11499
1512136570000 11499
1512136570000 11500
1512136570000 11500
1512136570000 11500
1512136570000 11500
1512136570000 11500
1512136570000 11500
1512136570000 11500
1512136570000 11501
1512136570000 11501
1512136570000 11501
1512136570000 11501
1512136570000 11501
1512136570000 11501
1512136570000 11501
1512136570000 11502
1512136570000 11502
1512136570000 11502
1512136570000 11502
1512136570000 11502
1512136570000 11502
1512136570000 11502
1512136570000 11503
1512136570000 11503
1512136570000 11503
1512136570000 11503
1512136570000 11503
1512136570000 11503
1512136570000 11503
1512136570000 11504
1512136570000 11504
1512136570000 11504
1512136570000 11504
1512136570000 11504
1512136570000 11504
1512136570000 11504
1512136570000 11505
1512136570000 11505
1512136570000 11505
1512136570000 11505
1512136570000 11505
1512136570000 11505
1512136570000 11505
1512136570000 11506
1512136570000 11506
1512136570000 11506
1512136570000 11506
1512136570000 11506
1512136570000 11506
1512136570000 11506
1512136570000 11507
1512136570000 11507
1512136570000 11507
1512136570000 11507
1512136570000 11507
1512136570000 11507
1512136570000 11507
1512136570000 11508
1512136570000 11508
1512136570000 11508
1512136570000 11508
1512136570000 11508
1512136570000 11508
1512136570000 11508
1512136570000 11509
1512136570000 11509
1512136570000 11509
1512136570000 11509
1512136570000 11509
1512136570000 11509
1512136580000 11501
1512136580000 11502
1512136580000 11502
1512136580000 11502
1512136580000 11502
1512136580000 11502
1512136580000 11502
1512136580000 11502
1512136580000 11503
1512136580000 11503
1512136580000 11503
1512136580000 11503
1512136580000 11503
1512136580000 11503
1512136580000 11504
1512136580000 11504
1512136580000 11504
1512136580000 11504
1512136580000 11504
1512136580000 11504
1512136580000 11504
1512136580000 11505
1512136580000 11505
1512136580000 11505
1512136580000 11505
1512136580000 11505
1512136580000 11505
1512136580000 11506
1512136580000 11506
1512136580000 11506
1512136580000 11506
1512136580000 11506
1512136580000 11506
1512136580000 11506
1512136580000 11507
1512136580000 11507
1512136580000 11507
1512136580000 11507
1512136580000 11507
1512136580000 11507
1512136580000 11507
1512136580000 11508
1512136580000 11508
1512136580000 11508
1512136580000 11508
1512136580000 11508
1512136580000 11508
1512136580000 11509
1512136580000 11509
1512136580000 11509
1512136580000 11509
1512136580000 11509
1512136580000 11509
1512136580000 11509
1512136580000 11510
1512136580000 11510
1512136580000 11510
1512136580000 11510
1512136580000 11510
1512136580000 11510
1512136580000 11511
1512136580000 11511
1512136580000 11511
1512136580000 11511
1512136580000 11511
1512136580000 11511
1512136580000 11511
1512136580000 11512
1512136580000 11512
1512136580000 11512
1512136580000 11512
1512136580000 11512
1512136580000 11513
1512136580000 11513
1512136580000 11513
1512136580000 11513
1512136580000 11513
1512136580000 11513
1512136580000 11514
1512136580000 11514
1512136580000 11514
1512136580000 11514
1512136580000 11514
1512136580000 11514
1512136580000 11514
1512136580000 11515
1512136580000 11515
1512136580000 11515
1512136580000 11515
1512136580000 11515
1512136580000 11515
1512136580000 11516
1512136580000 11516
1512136580000 11516
1512136580000 11516
1512136580000 11516
1512136580000 11516
1512136580000 11517
1512136580000 11517
1512136580000 11517
1512136590000 11505
1512136590000 11505
1512136590000 11505
1512136590000 11506
1512136590000 11506
1512136590000 11506
1512136590000 11506
1512136590000 11506
1512136590000 11507
1512136590000 11507
1512136590000 11507
1512136590000 11507
1512136590000 11507
1512136590000 11508
1512136590000 11508
1512136590000 11508
1512136590000 11508
1512136590000 11508
1512136590000 11508
1512136590000 11508
1512136590000 11509
1512136590000 11509
1512136590000 11509
1512136590000 11509
1512136590000 11509
1512136590000 11509
1512136590000 11509
1512136590000 11510
1512136590000 11510
1512136590000 11510
1512136590000 11510
1512136590000 11510
1512136590000 11510
1512136590000 11510
1512136590000 11511
1512136590000 11511
1512136590000 11511
1512136590000 11511
1512136590000 11511
1512136590000 11511
1512136590000 11511
1512136590000 11512
1512136590000 11512
1512136590000 11512
1512136590000 11512
1512136590000 11512
1512136590000 11512
1512136590000 11512
1512136590000 11513
1512136590000 11513
1512136590000 11513
1512136590000 11513
1512136590000 11513
1512136590000 11513
1512136590000 11514
1512136590000 11514
1512136590000 11514
1512136590000 11514
1512136590000 11514
1512136590000 11514
1512136590000 11514
1512136590000 11515
1512136590000 11515
1512136590000 11515
1512136590000 11515
1512136590000 11515
1512136590000 11515
1512136590000 11515
1512136590000 11516
1512136590000 11516
1512136590000 11516
1512136590000 11516
1512136590000 11516
1512136590000 11516
1512136590000 11516
1512136590000 11517
1512136590000 11517
1512136590000 11517
1512136590000 11517
1512136590000 11517
1512136590000 11517
1512136590000 11517
1512136590000 11518
1512136590000 11518
1512136590000 11518
1512136590000 11518
1512136590000 11518
1512136590000 11518
1512136590000 11518
1512136590000 11519
1512136590000 11519
1512136590000 11519
1512136590000 11519
1512136590000 11519
1512136590000 11519
1512136590000 11519
1512136590000 11520
1512136590000 11520
1512136590000 11520
1512136590000 11520
1512136600000 11486
1512136600000 11486
1512136600000 11486
1512136600000 11486
1512136600000 11487
1512136600000 11487
1512136600000 11487
1512136600000 11487
1512136600000 11487
1512136600000 11487
1512136600000 11488
1512136600000 11488
1512136600000 11488
1512136600000 11488
1512136600000 11488
1512136600000 11488
1512136600000 11488
1512136600000 11489
1512136600000 11489
1512136600000 11489
1512136600000 11489
1512136600000 11489
1512136600000 11489
1512136600000 11490
1512136600000 11490
1512136600000 11490
1512136600000 11490
1512136600000 11490
1512136600000 11490
1512136600000 11490
1512136600000 11491
1512136600000 11491
1512136600000 11491
1512136600000 11491
1512136600000 11491
1512136600000 11491
1512136600000 11491
1512136600000 11492
1512136600000 11492
1512136600000 11492
1512136600000 11492
1512136600000 11492
1512136600000 11492
1512136600000 11493
1512136600000 11493
1512136600000 11493
1512136600000 11493
1512136600000 11493
1512136600000 11493
1512136600000 11494
1512136600000 11494
1512136600000 11494
1512136600000 11494
1512136600000 11494
1512136600000 11494
1512136600000 11494
1512136600000 11495
1512136600000 11495
1512136600000 11495
1512136600000 11495
1512136600000 11495
1512136600000 11495
1512136600000 11496
1512136600000 11496
1512136600000 11496
1512136600000 11496
1512136600000 11496
1512136600000 11496
1512136600000 11496
1512136600000 11497
1512136600000 11497
1512136600000 11497
1512136600000 11497
1512136600000 11497
1512136600000 11497
1512136600000 11498
1512136600000 11498
1512136600000 11498
1512136600000 11498
1512136600000 11498
1512136600000 11498
1512136600000 11499
1512136600000 11499
1512136600000 11499
1512136600000 11499
1512136600000 11499
1512136600000 11499
1512136600000 11499
1512136600000 11500
1512136600000 11500
1512136600000 11500
1512136600000 11500
1512136600000 11500
1512136600000 11500
1512136600000 11500
1512136600000 11501
1512136600000 11501
1512136600000 11501
1512136600000 11501
1512136600000 11501
1512136610000 11485
1512136610000 11485
1512136610000 11485
1512136610000 11486
1512136610000 11486
1512136610000 11486
1512136610000 11486
1512136610000 11486
1512136610000 11486
1512136610000 11486
1512136610000 11487
1512136610000 11487
1512136610000 11487
1512136610000 11487
1512136610000 11487
1512136610000 11487
1512136610000 11488
1512136610000 11488
1512136610000 11488
1512136610000 11488
1512136610000 11488
1512136610000 11488
1512136610000 11488
1512136610000 11489
1512136610000 11489
1512136610000 11489
1512136610000 11489
1512136610000 11489
1512136610000 11489
1512136610000 11490
1512136610000 11490
1512136610000 11490
1512136610000 11490
1512136610000 11490
1512136610000 11490
1512136610000 11490
1512136610000 11491
1512136610000 11491
1512136610000 11491
1512136610000 11491
1512136610000 11491
1512136610000 11491
1512136610000 11492
1512136610000 11492
1512136610000 11492
1512136610000 11492
1512136610000 11492
1512136610000 11492
1512136610000 11492
1512136610000 11493
1512136610000 11493
1512136610000 11493
1512136610000 11493
1512136610000 11493
1512136610000 11493
1512136610000 11494
1512136610000 11494
1512136610000 11494
1512136610000 11494
1512136610000 11494
1512136610000 11494
1512136610000 11494
1512136610000 11495
1512136610000 11495
1512136610000 11495
1512136610000 11495
1512136610000 11495
1512136610000 11495
1512136610000 11495
1512136610000 11496
1512136610000 11496
1512136610000 11496
1512136610000 11496
1512136610000 11496
1512136610000 11496
1512136610000 11496
1512136610000 11497
1512136610000 11497
1512136610000 11497
1512136610000 11497
1512136610000 11497
1512136610000 11497
1512136610000 11497
1512136610000 11498
1512136610000 11498
1512136610000 11498
1512136610000 11498
1512136610000 11498
1512136610000 11498
1512136610000 11498
1512136610000 11499
1512136610000 11499
1512136610000 11499
1512136610000 11499
1512136610000 11499
1512136610000 11499
1512136610000 11499
1512136610000 11500
1512136610000 11500
1512136610000 11500
1512136620000 11480
1512136620000 11480
1512136620000 11480
1512136620000 11480
1512136620000 11480
1512136620000 11480
1512136620000 11480
1512136620000 11480
1512136620000 11481
1512136620000 11481
1512136620000 11481
1512136620000 11481
1512136620000 11481
1512136620000 11481
1512136620000 11481
1512136620000 11481
1512136620000 11481
1512136620000 11482
1512136620000 11482
1512136620000 11482
1512136620000 11482
1512136620000 11482
1512136620000 11482
1512136620000 11482
1512136620000 11482
1512136620000 11482
1512136620000 11482
1512136620000 11483
1512136620000 11483
1512136620000 11483
1512136620000 11483
1512136620000 11483
1512136620000 11483
1512136620000 11483
1512136620000 11483
1512136620000 11483
1512136620000 11483
1512136620000 11484
1512136620000 11484
1512136620000 11484
1512136620000 11484
1512136620000 11484
1512136620000 11484
1512136620000 11484
1512136620000 11484
1512136620000 11484
1512136620000 11485
1512136620000 11485
1512136620000 11485
1512136620000 11485
1512136620000 11485
1512136620000 11485
1512136620000 11485
1512136620000 11485
1512136620000 11485
1512136620000 11485
1512136620000 11486
1512136620000 11486
1512136620000 11486
1512136620000 11486
1512136620000 11486
1512136620000 11486
1512136620000 11486
1512136620000 11486
1512136620000 11486
1512136620000 11486
1512136620000 11487
1512136620000 11487
1512136620000 11487
1512136620000 11487
1512136620000 11487
1512136620000 11487
1512136620000 11487
1512136620000 11487
1512136620000 11487
1512136620000 11488
1512136620000 11488
1512136620000 11488
1512136620000 11488
1512136620000 11488
1512136620000 11488
1512136620000 11488
1512136620000 11488
1512136620000 11489
1512136620000 11489
1512136620000 11489
1512136620000 11489
1512136620000 11489
1512136620000 11489
1512136620000 11490
1512136620000 11490
1512136620000 11490
1512136620000 11490
1512136620000 11490
1512136620000 11490
1512136620000 11490
1512136620000 11491
1512136620000 11491
1512136620000 11491
1512136620000 11491
1512136630000 11439
1512136630000 11440
1512136630000 11440
1512136630000 11440
1512136630000 11440
1512136630000 11440
1512136630000 11440
1512136630000 11440
1512136630000 11440
1512136630000 11440
1512136630000 11441
1512136630000 11441
1512136630000 11441
1512136630000 11441
1512136630000 11441
1512136630000 11441
1512136630000 11441
1512136630000 11441
1512136630000 11442
1512136630000 11442
1512136630000 11442
1512136630000 11442
1512136630000 11442
1512136630000 11442
1512136630000 11442
1512136630000 11442
1512136630000 11442
1512136630000 11443
1512136630000 11443
1512136630000 11443
1512136630000 11443
1512136630000 11443
1512136630000 11443
1512136630000 11443
1512136630000 11443
1512136630000 11444
1512136630000 11444
1512136630000 11444
1512136630000 11444
1512136630000 11444
1512136630000 11444
1512136630000 11444
1512136630000 11444
1512136630000 11445
1512136630000 11445
1512136630000 11445
1512136630000 11445
1512136630000 11445
1512136630000 11445
1512136630000 11445
1512136630000 11445
1512136630000 11445
1512136630000 11446
1512136630000 11446
1512136630000 11446
1512136630000 11446
1512136630000 11446
1512136630000 11446
1512136630000 11446
1512136630000 11446
1512136630000 11447
1512136630000 11447
1512136630000 11447
1512136630000 11447
1512136630000 11447
1512136630000 11447
1512136630000 11447
1512136630000 11447
1512136630000 11447
1512136630000 11448
1512136630000 11448
1512136630000 11448
1512136630000 11448
1512136630000 11448
1512136630000 11448
1512136630000 11448
1512136630000 11448
1512136630000 11449
1512136630000 11449
1512136630000 11449
1512136630000 11449
1512136630000 11449
1512136630000 11449
1512136630000 11449
1512136630000 11449
1512136630000 11450
1512136630000 11450
1512136630000 11450
1512136630000 11450
1512136630000 11450
1512136630000 11450
1512136630000 11450
1512136630000 11450
1512136630000 11450
1512136630000 11451
1512136630000 11451
1512136630000 11451
1512136630000 11451
1512136630000 11451
1512136630000 11451
1512136640000 11473
1512136640000 11473
1512136640000 11473
1512136640000 11473
1512136640000 11474
1512136640000 11474
1512136640000 11474
1512136640000 11474
1512136640000 11474
1512136640000 11474
1512136640000 11474
1512136640000 11474
1512136640000 11474
1512136640000 11474
1512136640000 11475
1512136640000 11475
1512136640000 11475
1512136640000 11475
1512136640000 11475
1512136640000 11475
1512136640000 11475
1512136640000 11475
1512136640000 11475
1512136640000 11475
1512136640000 11475
1512136640000 11476
1512136640000 11476
1512136640000 11476
1512136640000 11476
1512136640000 11476
1512136640000 11476
1512136640000 11476
1512136640000 11476
1512136640000 11476
1512136640000 11476
1512136640000 11477
1512136640000 11477
1512136640000 11477
1512136640000 11477
1512136640000 11477
1512136640000 11477
1512136640000 11477
1512136640000 11477
1512136640000 11477
1512136640000 11477
1512136640000 11478
1512136640000 11478
1512136640000 11478
1512136640000 11478
1512136640000 11478
1512136640000 11478
1512136640000 11478
1512136640000 11478
1512136640000 11478
1512136640000 11478
1512136640000 11478
1512136640000 11479
1512136640000 11479
1512136640000 11479
1512136640000 11479
1512136640000 11479
1512136640000 11479
1512136640000 11479
1512136640000 11479
1512136640000 11479
1512136640000 11479
1512136640000 11480
1512136640000 11480
1512136640000 11480
1512136640000 11480
1512136640000 11480
1512136640000 11480
1512136640000 11480
1512136640000 11480
1512136640000 11480
1512136640000 11480
1512136640000 11480
1512136640000 11481
1512136640000 11481
1512136640000 11481
1512136640000 11481
1512136640000 11481
1512136640000 11481
1512136640000 11481
1512136640000 11481
1512136640000 11481
1512136640000 11481
1512136640000 11482
1512136640000 11482
1512136640000 11482
1512136640000 11482
1512136640000 11482
1512136640000 11482
1512136640000 11482
1512136640000 11482
1512136640000 11482
1512136640000 11482
1512136640000 11482
1512136640000 11483
1512136640000 11483
1512136650000 11495
1512136650000 11495
1512136650000 11495
1512136650000 11495
1512136650000 11495
1512136650000 11496
1512136650000 11496
1512136650000 11496
1512136650000 11496
1512136650000 11496
1512136650000 11496
1512136650000 11497
1512136650000 11497
1512136650000 11497
1512136650000 11497
1512136650000 11497
1512136650000 11498
1512136650000 11498
1512136650000 11498
1512136650000 11498
1512136650000 11498
1512136650000 11498
1512136650000 11499
1512136650000 11499
1512136650000 11499
1512136650000 11499
1512136650000 11499
1512136650000 11499
1512136650000 11500
1512136650000 11500
1512136650000 11500
1512136650000 11500
1512136650000 11500
1512136650000 11500
1512136650000 11501
1512136650000 11501
1512136650000 11501
1512136650000 11501
1512136650000 11501
1512136650000 11501
1512136650000 11502
1512136650000 11502
1512136650000 11502
1512136650000 11502
1512136650000 11502
1512136650000 11502
1512136650000 11503
1512136650000 11503
1512136650000 11503
1512136650000 11503
1512136650000 11503
1512136650000 11504
1512136650000 11504
1512136650000 11504
1512136650000 11504
1512136650000 11504
1512136650000 11504
1512136650000 11505
1512136650000 11505
1512136650000 11505
1512136650000 11505
1512136650000 11505
1512136650000 11506
1512136650000 11506
1512136650000 11506
1512136650000 11506
1512136650000 11506
1512136650000 11507
1512136650000 11507
1512136650000 11507
1512136650000 11507
1512136650000 11507
1512136650000 11508
1512136650000 11508
1512136650000 11508
1512136650000 11508
1512136650000 11509
1512136650000 11509
1512136650000 11509
1512136650000 11509
1512136650000 11509
1512136650000 11510
1512136650000 11510
1512136650000 11510
1512136650000 11510
1512136650000 11510
1512136650000 11511
1512136650000 11511
1512136650000 11511
1512136650000 11511
1512136650000 11511
1512136650000 11512
1512136650000 11512
1512136650000 11512
1512136650000 11512
1512136650000 11512
1512136650000 11513
1512136650000 11513
1512136650000 11513
1512136650000 11513
1512136660000 11496
1512136660000 11496
1512136660000 11496
1512136660000 11496
1512136660000 11496
1512136660000 11497
1512136660000 11497
1512136660000 11497
1512136660000 11497
1512136660000 11497
1512136660000 11497
1512136660000 11497
1512136660000 11498
1512136660000 11498
1512136660000 11498
1512136660000 11498
1512136660000 11498
1512136660000 11498
1512136660000 11498
1512136660000 11499
1512136660000 11499
1512136660000 11499
1512136660000 11499
1512136660000 11499
1512136660000 11499
1512136660000 11499
1512136660000 11500
1512136660000 11500
1512136660000 11500
1512136660000 11500
1512136660000 11500
1512136660000 11500
1512136660000 11501
1512136660000 11501
1512136660000 11501
1512136660000 11501
1512136660000 11501
1512136660000 11501
1512136660000 11501
1512136660000 11502
1512136660000 11502
1512136660000 11502
1512136660000 11502
1512136660000 11502
1512136660000 11502
1512136660000 11502
1512136660000 11503
1512136660000 11503
1512136660000 11503
1512136660000 11503
1512136660000 11503
1512136660000 11503
1512136660000 11503
1512136660000 11504
1512136660000 11504
1512136660000 11504
1512136660000 11504
1512136660000 11504
1512136660000 11504
1512136660000 11504
1512136660000 11505
1512136660000 11505
1512136660000 11505
1512136660000 11505
1512136660000 11505
1512136660000 11505
1512136660000 11505
1512136660000 11506
1512136660000 11506
1512136660000 11506
1512136660000 11506
1512136660000 11506
1512136660000 11506
1512136660000 11506
1512136660000 11507
1512136660000 11507
1512136660000 11507
1512136660000 11507
1512136660000 11507
1512136660000 11507
1512136660000 11507
1512136660000 11508
1512136660000 11508
1512136660000 11508
1512136660000 11508
1512136660000 11508
1512136660000 11508
1512136660000 11508
1512136660000 11509
1512136660000 11509
1512136660000 11509
1512136660000 11509
1512136660000 11509
1512136660000 11509
1512136660000 11509
1512136660000 11510
1512136660000 11510
1512136660000 11510
1512136660000 11510
1512136660000 11510
1512136670000 11493
1512136670000 11493
1512136670000 11494
1512136670000 11494
1512136670000 11494
1512136670000 11494
1512136670000 11494
1512136670000 11494
1512136670000 11495
1512136670000 11495
1512136670000 11495
1512136670000 11495
1512136670000 11495
1512136670000 11495
1512136670000 11495
1512136670000 11496
1512136670000 11496
1512136670000 11496
1512136670000 11496
1512136670000 11496
1512136670000 11496
1512136670000 11496
1512136670000 11497
1512136670000 11497
1512136670000 11497
1512136670000 11497
1512136670000 11497
1512136670000 11497
1512136670000 11497
1512136670000 11498
1512136670000 11498
1512136670000 11498
1512136670000 11498
1512136670000 11498
1512136670000 11498
1512136670000 11498
1512136670000 11499
1512136670000 11499
1512136670000 11499
1512136670000 11499
1512136670000 11499
1512136670000 11499
1512136670000 11499
1512136670000 11500
1512136670000 11500
1512136670000 11500
1512136670000 11500
1512136670000 11500
1512136670000 11500
1512136670000 11500
1512136670000 11501
1512136670000 11501
1512136670000 11501
1512136670000 11501
1512136670000 11501
1512136670000 11501
1512136670000 11501
1512136670000 11502
1512136670000 11502
1512136670000 11502
1512136670000 11502
1512136670000 11502
1512136670000 11502
1512136670000 11503
1512136670000 11503
1512136670000 11503
1512136670000 11503
1512136670000 11503
1512136670000 11503
1512136670000 11503
1512136670000 11504
1512136670000 11504
1512136670000 11504
1512136670000 11504
1512136670000 11504
1512136670000 11504
1512136670000 11504
1512136670000 11505
1512136670000 11505
1512136670000 11505
1512136670000 11505
1512136670000 11505
1512136670000 11505
1512136670000 11505
1512136670000 11506
1512136670000 11506
1512136670000 11506
1512136670000 11506
1512136670000 11506
1512136670000 11506
1512136670000 11506
1512136670000 11507
1512136670000 11507
1512136670000 11507
1512136670000 11507
1512136670000 11507
1512136670000 11507
1512136670000 11507
1512136670000 11508
1512136670000 11508
1512136680000 11479
1512136680000 11479
1512136680000 11480
1512136680000 11480
1512136680000 11480
1512136680000 11480
1512136680000 11480
1512136680000 11480
1512136680000 11480
1512136680000 11481
1512136680000 11481
1512136680000 11481
1512136680000 11481
1512136680000 11481
1512136680000 11481
1512136680000 11482
1512136680000 11482
1512136680000 11482
1512136680000 11482
1512136680000 11482
1512136680000 11482
1512136680000 11482
1512136680000 11483
1512136680000 11483
1512136680000 11483
1512136680000 11483
1512136680000 11483
1512136680000 11483
1512136680000 11483
1512136680000 11484
1512136680000 11484
1512136680000 11484
1512136680000 11484
1512136680000 11484
1512136680000 11484
1512136680000 11485
1512136680000 11485
1512136680000 11485
1512136680000 11485
1512136680000 11485
1512136680000 11485
1512136680000 11485
1512136680000 11486
1512136680000 11486
1512136680000 11486
1512136680000 11486
1512136680000 11486
1512136680000 11486
1512136680000 11487
1512136680000 11487
1512136680000 11487
1512136680000 11487
1512136680000 11487
1512136680000 11487
1512136680000 11487
1512136680000 11488
1512136680000 11488
1512136680000 11488
1512136680000 11488
1512136680000 11488
1512136680000 11488
1512136680000 11489
1512136680000 11489
1512136680000 11489
1512136680000 11489
1512136680000 11489
1512136680000 11489
1512136680000 11489
1512136680000 11490
1512136680000 11490
1512136680000 11490
1512136680000 11490
1512136680000 11490
1512136680000 11490
1512136680000 11491
1512136680000 11491
1512136680000 11491
1512136680000 11491
1512136680000 11491
1512136680000 11491
1512136680000 11491
1512136680000 11492
1512136680000 11492
1512136680000 11492
1512136680000 11492
1512136680000 11492
1512136680000 11492
1512136680000 11492
1512136680000 11493
1512136680000 11493
1512136680000 11493
1512136680000 11493
1512136680000 11493
1512136680000 11493
1512136680000 11494
1512136680000 11494
1512136680000 11494
1512136680000 11494
1512136680000 11494
1512136680000 11494
1512136690000 9563
1512136690000 9563
1512136690000 9564
1512136690000 9564
1512136690000 9564
1512136690000 9564
1512136690000 9564
1512136690000 9565
1512136690000 9565
1512136690000 9565
1512136690000 9565
1512136690000 9565
1512136690000 9566
1512136690000 9566
1512136690000 9566
1512136690000 9566
1512136690000 9566
1512136690000 9567
1512136690000 9567
1512136690000 9567
1512136690000 9567
1512136690000 9567
1512136690000 9568
1512136690000 9568
1512136690000 9568
1512136690000 9568
1512136690000 9568
1512136690000 9569
1512136690000 9569
1512136690000 9569
1512136690000 9569
1512136690000 9569
1512136690000 9569
1512136690000 9570
1512136690000 9570
1512136690000 9570
1512136690000 9570
1512136690000 9570
1512136690000 9570
1512136690000 9571
1512136690000 9571
1512136690000 9571
1512136690000 9571
1512136690000 9571
1512136690000 9571
1512136690000 9571
1512136690000 9572
1512136690000 9572
1512136690000 9572
1512136690000 9572
1512136690000 9572
1512136690000 9572
1512136690000 9573
1512136690000 9573
1512136690000 9573
1512136690000 9573
1512136690000 9573
1512136690000 9573
1512136690000 9573
1512136690000 9574
1512136690000 9574
1512136690000 9574
1512136690000 9574
1512136690000 9574
1512136690000 9574
1512136690000 9575
1512136690000 9575
1512136690000 9575
1512136690000 9575
1512136690000 9575
1512136690000 9575
1512136690000 9575
1512136690000 9576
1512136690000 9576
1512136690000 9576
1512136690000 9576
1512136690000 9576
1512136690000 9576
1512136690000 9577
1512136690000 9577
1512136690000 9577
1512136690000 9577
1512136690000 9577
1512136690000 9577
1512136690000 9577
1512136690000 9578
1512136690000 9578
1512136690000 9578
1512136690000 9578
1512136690000 9578
1512136690000 9578
1512136690000 9578
1512136690000 9579
1512136690000 9579
1512136690000 9579
1512136690000 9579
1512136690000 9579
1512136690000 9579
1512136690000 9579
1512136690000 9580
