1511993260000 1729
1511993260000 1729
1511993260000 1729
1511993260000 1730
1511993260000 1730
1511993260000 1730
1511993260000 1730
1511993260000 1730
1511993260000 1730
1511993260000 1730
1511993260000 1730
1511993260000 1731
1511993260000 1731
1511993260000 1731
1511993260000 1731
1511993260000 1731
1511993260000 1732
1511993260000 1732
1511993260000 1732
1511993260000 1733
1511993260000 1762
1511993260000 1762
1511993260000 1762
1511993260000 1762
1511993260000 1762
1511993260000 1762
1511993260000 1763
1511993260000 1763
1511993260000 1763
1511993260000 1763
1511993260000 1763
1511993260000 1763
1511993260000 1763
1511993260000 1763
1511993260000 1763
1511993260000 1763
1511993260000 1763
1511993260000 1763
1511993260000 1763
1511993260000 1764
1511993260000 1764
1511993260000 1764
1511993260000 1764
1511993260000 1764
1511993260000 1764
1511993260000 1764
1511993260000 1764
1511993260000 1764
1511993260000 1764
1511993260000 1764
1511993260000 1764
1511993260000 1764
1511993260000 1764
1511993260000 1764
1511993260000 1764
1511993260000 1764
1511993260000 1764
1511993260000 1764
1511993260000 1765
1511993260000 1765
1511993260000 1765
1511993260000 1765
1511993260000 1765
1511993260000 1765
1511993260000 1765
1511993260000 1765
1511993260000 1766
1511993260000 1766
1511993260000 1766
1511993260000 1766
1511993260000 1766
1511993260000 1766
1511993260000 1766
1511993260000 1766
1511993260000 1766
1511993260000 1767
1511993260000 1767
1511993260000 1767
1511993260000 1767
1511993260000 1767
1511993260000 1767
1511993260000 1767
1511993260000 1768
1511993260000 1768
1511993260000 1768
1511993260000 1778
1511993260000 1779
1511993260000 1779
1511993260000 1782
1511993260000 1783
1511993260000 1844
1511993260000 1845
1511993260000 1845
1511993260000 1871
1511993260000 1873
1511993260000 1873
1511993260000 1874
1511993260000 1878
1511993260000 1879
1511993260000 1879
1511993270000 328
1511993270000 328
1511993270000 328
1511993270000 328
1511993270000 329
1511993270000 329
1511993270000 329
1511993270000 329
1511993270000 329
1511993270000 329
1511993270000 329
1511993270000 329
1511993270000 329
1511993270000 329
1511993270000 329
1511993270000 329
1511993270000 329
1511993270000 329
1511993270000 329
1511993270000 329
1511993270000 329
1511993270000 329
1511993270000 329
1511993270000 329
1511993270000 329
1511993270000 329
1511993270000 329
1511993270000 330
1511993270000 330
1511993270000 330
1511993270000 330
1511993270000 330
1511993270000 330
1511993270000 330
1511993270000 330
1511993270000 330
1511993270000 330
1511993270000 330
1511993270000 330
1511993270000 330
1511993270000 330
1511993270000 331
1511993270000 331
1511993270000 331
1511993270000 331
1511993270000 331
1511993270000 331
1511993270000 331
1511993270000 331
1511993270000 331
1511993270000 331
1511993270000 331
1511993270000 332
1511993270000 332
1511993270000 332
1511993270000 332
1511993270000 332
1511993270000 332
1511993270000 333
1511993270000 333
1511993270000 333
1511993270000 333
1511993270000 333
1511993270000 333
1511993270000 333
1511993270000 333
1511993270000 333
1511993270000 333
1511993270000 334
1511993270000 334
1511993270000 334
1511993270000 334
1511993270000 334
1511993270000 334
1511993270000 334
1511993270000 334
1511993270000 334
1511993270000 334
1511993270000 334
1511993270000 334
1511993270000 334
1511993270000 334
1511993270000 334
1511993270000 334
1511993270000 334
1511993270000 334
1511993270000 335
1511993270000 335
1511993270000 335
1511993270000 335
1511993270000 335
1511993270000 335
1511993270000 335
1511993270000 335
1511993270000 335
1511993270000 335
1511993270000 335
1511993270000 335
1511993270000 336
1511993270000 336
1511993280000 352
1511993280000 352
1511993280000 352
1511993280000 352
1511993280000 352
1511993280000 352
1511993280000 352
1511993280000 352
1511993280000 352
1511993280000 352
1511993280000 352
1511993280000 352
1511993280000 352
1511993280000 352
1511993280000 352
1511993280000 352
1511993280000 352
1511993280000 353
1511993280000 353
1511993280000 353
1511993280000 353
1511993280000 353
1511993280000 353
1511993280000 353
1511993280000 353
1511993280000 353
1511993280000 353
1511993280000 353
1511993280000 353
1511993280000 353
1511993280000 353
1511993280000 354
1511993280000 354
1511993280000 354
1511993280000 354
1511993280000 354
1511993280000 354
1511993280000 354
1511993280000 354
1511993280000 354
1511993280000 354
1511993280000 354
1511993280000 354
1511993280000 354
1511993280000 354
1511993280000 354
1511993280000 354
1511993280000 354
1511993280000 354
1511993280000 354
1511993280000 354
1511993280000 354
1511993280000 354
1511993280000 354
1511993280000 354
1511993280000 354
1511993280000 354
1511993280000 354
1511993280000 354
1511993280000 354
1511993280000 354
1511993280000 355
1511993280000 355
1511993280000 355
1511993280000 355
1511993280000 355
1511993280000 355
1511993280000 355
1511993280000 355
1511993280000 355
1511993280000 355
1511993280000 355
1511993280000 355
1511993280000 355
1511993280000 355
1511993280000 355
1511993280000 355
1511993280000 355
1511993280000 355
1511993280000 355
1511993280000 356
1511993280000 356
1511993280000 356
1511993280000 356
1511993280000 356
1511993280000 356
1511993280000 356
1511993280000 356
1511993280000 357
1511993280000 357
1511993280000 357
1511993280000 357
1511993280000 357
1511993280000 375
1511993280000 377
1511993280000 377
1511993280000 378
1511993280000 378
1511993280000 378
1511993280000 379
1511993290000 355
1511993290000 355
1511993290000 355
1511993290000 355
1511993290000 355
1511993290000 355
1511993290000 355
1511993290000 355
1511993290000 356
1511993290000 356
1511993290000 356
1511993290000 356
1511993290000 356
1511993290000 356
1511993290000 356
1511993290000 356
1511993290000 356
1511993290000 356
1511993290000 356
1511993290000 356
1511993290000 356
1511993290000 356
1511993290000 356
1511993290000 356
1511993290000 356
1511993290000 356
1511993290000 356
1511993290000 356
1511993290000 356
1511993290000 356
1511993290000 356
1511993290000 356
1511993290000 356
1511993290000 356
1511993290000 356
1511993290000 356
1511993290000 356
1511993290000 356
1511993290000 356
1511993290000 357
1511993290000 357
1511993290000 357
1511993290000 357
1511993290000 357
1511993290000 357
1511993290000 357
1511993290000 357
1511993290000 357
1511993290000 357
1511993290000 357
1511993290000 357
1511993290000 357
1511993290000 357
1511993290000 357
1511993290000 357
1511993290000 357
1511993290000 357
1511993290000 357
1511993290000 357
1511993290000 358
1511993290000 358
1511993290000 358
1511993290000 358
1511993290000 358
1511993290000 358
1511993290000 358
1511993290000 358
1511993290000 358
1511993290000 358
1511993290000 358
1511993290000 358
1511993290000 358
1511993290000 358
1511993290000 358
1511993290000 358
1511993290000 358
1511993290000 358
1511993290000 358
1511993290000 358
1511993290000 358
1511993290000 358
1511993290000 358
1511993290000 359
1511993290000 359
1511993290000 359
1511993290000 359
1511993290000 359
1511993290000 359
1511993290000 359
1511993290000 359
1511993290000 359
1511993290000 359
1511993290000 359
1511993290000 359
1511993290000 359
1511993290000 359
1511993290000 359
1511993290000 359
1511993290000 359
1511993290000 360
1511993300000 312
1511993300000 312
1511993300000 313
1511993300000 313
1511993300000 313
1511993300000 313
1511993300000 313
1511993300000 313
1511993300000 313
1511993300000 313
1511993300000 313
1511993300000 313
1511993300000 313
1511993300000 313
1511993300000 313
1511993300000 313
1511993300000 313
1511993300000 313
1511993300000 313
1511993300000 313
1511993300000 313
1511993300000 313
1511993300000 313
1511993300000 313
1511993300000 313
1511993300000 313
1511993300000 313
1511993300000 313
1511993300000 313
1511993300000 313
1511993300000 313
1511993300000 313
1511993300000 313
1511993300000 313
1511993300000 313
1511993300000 313
1511993300000 314
1511993300000 314
1511993300000 314
1511993300000 314
1511993300000 314
1511993300000 314
1511993300000 314
1511993300000 314
1511993300000 314
1511993300000 314
1511993300000 314
1511993300000 314
1511993300000 314
1511993300000 314
1511993300000 314
1511993300000 314
1511993300000 314
1511993300000 314
1511993300000 314
1511993300000 314
1511993300000 314
1511993300000 314
1511993300000 314
1511993300000 314
1511993300000 315
1511993300000 315
1511993300000 315
1511993300000 315
1511993300000 315
1511993300000 315
1511993300000 315
1511993300000 315
1511993300000 315
1511993300000 315
1511993300000 315
1511993300000 315
1511993300000 315
1511993300000 315
1511993300000 315
1511993300000 315
1511993300000 315
1511993300000 315
1511993300000 315
1511993300000 315
1511993300000 315
1511993300000 315
1511993300000 315
1511993300000 315
1511993300000 315
1511993300000 315
1511993300000 315
1511993300000 316
1511993300000 316
1511993300000 316
1511993300000 316
1511993300000 316
1511993300000 316
1511993300000 316
1511993300000 316
1511993300000 316
1511993300000 316
1511993300000 316
1511993300000 316
1511993300000 316
1511993310000 332
1511993310000 332
1511993310000 332
1511993310000 332
1511993310000 332
1511993310000 332
1511993310000 332
1511993310000 332
1511993310000 332
1511993310000 332
1511993310000 332
1511993310000 332
1511993310000 332
1511993310000 332
1511993310000 332
1511993310000 332
1511993310000 332
1511993310000 332
1511993310000 332
1511993310000 333
1511993310000 333
1511993310000 333
1511993310000 333
1511993310000 333
1511993310000 333
1511993310000 333
1511993310000 333
1511993310000 333
1511993310000 333
1511993310000 333
1511993310000 333
1511993310000 333
1511993310000 333
1511993310000 333
1511993310000 333
1511993310000 333
1511993310000 333
1511993310000 333
1511993310000 333
1511993310000 333
1511993310000 333
1511993310000 333
1511993310000 333
1511993310000 333
1511993310000 333
1511993310000 333
1511993310000 333
1511993310000 333
1511993310000 333
1511993310000 333
1511993310000 333
1511993310000 333
1511993310000 333
1511993310000 333
1511993310000 333
1511993310000 333
1511993310000 334
1511993310000 334
1511993310000 334
1511993310000 334
1511993310000 334
1511993310000 334
1511993310000 334
1511993310000 334
1511993310000 334
1511993310000 334
1511993310000 334
1511993310000 334
1511993310000 334
1511993310000 334
1511993310000 334
1511993310000 334
1511993310000 334
1511993310000 334
1511993310000 334
1511993310000 334
1511993310000 334
1511993310000 334
1511993310000 334
1511993310000 334
1511993310000 334
1511993310000 334
1511993310000 335
1511993310000 335
1511993310000 335
1511993310000 335
1511993310000 335
1511993310000 335
1511993310000 335
1511993310000 335
1511993310000 335
1511993310000 335
1511993310000 335
1511993310000 335
1511993310000 336
1511993310000 336
1511993310000 336
1511993310000 379
1511993310000 381
1511993310000 382
1511993320000 408
1511993320000 408
1511993320000 408
1511993320000 408
1511993320000 408
1511993320000 408
1511993320000 408
1511993320000 408
1511993320000 409
1511993320000 409
1511993320000 409
1511993320000 409
1511993320000 409
1511993320000 409
1511993320000 409
1511993320000 409
1511993320000 409
1511993320000 409
1511993320000 409
1511993320000 409
1511993320000 409
1511993320000 409
1511993320000 409
1511993320000 409
1511993320000 409
1511993320000 409
1511993320000 409
1511993320000 410
1511993320000 410
1511993320000 410
1511993320000 410
1511993320000 410
1511993320000 410
1511993320000 410
1511993320000 410
1511993320000 410
1511993320000 410
1511993320000 410
1511993320000 410
1511993320000 410
1511993320000 410
1511993320000 410
1511993320000 410
1511993320000 410
1511993320000 410
1511993320000 410
1511993320000 410
1511993320000 410
1511993320000 410
1511993320000 410
1511993320000 410
1511993320000 410
1511993320000 411
1511993320000 411
1511993320000 411
1511993320000 411
1511993320000 411
1511993320000 411
1511993320000 411
1511993320000 411
1511993320000 411
1511993320000 411
1511993320000 411
1511993320000 411
1511993320000 411
1511993320000 411
1511993320000 411
1511993320000 411
1511993320000 411
1511993320000 411
1511993320000 411
1511993320000 411
1511993320000 411
1511993320000 411
1511993320000 411
1511993320000 411
1511993320000 411
1511993320000 411
1511993320000 411
1511993320000 411
1511993320000 412
1511993320000 412
1511993320000 412
1511993320000 412
1511993320000 412
1511993320000 412
1511993320000 412
1511993320000 412
1511993320000 412
1511993320000 412
1511993320000 412
1511993320000 412
1511993320000 412
1511993320000 412
1511993320000 412
1511993320000 412
1511993320000 413
1511993320000 413
1511993320000 413
1511993320000 413
1511993330000 327
1511993330000 327
1511993330000 327
1511993330000 327
1511993330000 327
1511993330000 327
1511993330000 327
1511993330000 328
1511993330000 328
1511993330000 328
1511993330000 328
1511993330000 328
1511993330000 328
1511993330000 328
1511993330000 328
1511993330000 328
1511993330000 329
1511993330000 329
1511993330000 329
1511993330000 329
1511993330000 329
1511993330000 329
1511993330000 329
1511993330000 329
1511993330000 329
1511993330000 329
1511993330000 329
1511993330000 329
1511993330000 329
1511993330000 329
1511993330000 329
1511993330000 329
1511993330000 330
1511993330000 330
1511993330000 330
1511993330000 330
1511993330000 330
1511993330000 330
1511993330000 330
1511993330000 330
1511993330000 330
1511993330000 330
1511993330000 331
1511993330000 331
1511993330000 331
1511993330000 331
1511993330000 331
1511993330000 332
1511993330000 332
1511993330000 332
1511993330000 332
1511993330000 332
1511993330000 332
1511993330000 332
1511993330000 332
1511993330000 332
1511993330000 332
1511993330000 332
1511993330000 332
1511993330000 332
1511993330000 332
1511993330000 332
1511993330000 332
1511993330000 332
1511993330000 332
1511993330000 332
1511993330000 332
1511993330000 333
1511993330000 333
1511993330000 333
1511993330000 333
1511993330000 333
1511993330000 333
1511993330000 333
1511993330000 333
1511993330000 333
1511993330000 333
1511993330000 333
1511993330000 333
1511993330000 333
1511993330000 334
1511993330000 334
1511993330000 334
1511993330000 334
1511993330000 334
1511993330000 334
1511993330000 334
1511993330000 334
1511993330000 334
1511993330000 334
1511993330000 334
1511993330000 334
1511993330000 334
1511993330000 334
1511993330000 335
1511993330000 335
1511993330000 335
1511993330000 356
1511993330000 356
1511993330000 356
1511993340000 297
1511993340000 297
1511993340000 297
1511993340000 297
1511993340000 297
1511993340000 297
1511993340000 297
1511993340000 297
1511993340000 297
1511993340000 297
1511993340000 298
1511993340000 298
1511993340000 298
1511993340000 298
1511993340000 298
1511993340000 298
1511993340000 298
1511993340000 298
1511993340000 298
1511993340000 298
1511993340000 298
1511993340000 298
1511993340000 298
1511993340000 298
1511993340000 298
1511993340000 298
1511993340000 298
1511993340000 298
1511993340000 298
1511993340000 298
1511993340000 298
1511993340000 298
1511993340000 298
1511993340000 298
1511993340000 298
1511993340000 298
1511993340000 298
1511993340000 298
1511993340000 299
1511993340000 299
1511993340000 299
1511993340000 299
1511993340000 299
1511993340000 299
1511993340000 299
1511993340000 299
1511993340000 299
1511993340000 299
1511993340000 299
1511993340000 299
1511993340000 299
1511993340000 299
1511993340000 299
1511993340000 299
1511993340000 299
1511993340000 299
1511993340000 299
1511993340000 299
1511993340000 299
1511993340000 299
1511993340000 299
1511993340000 299
1511993340000 299
1511993340000 299
1511993340000 299
1511993340000 300
1511993340000 300
1511993340000 300
1511993340000 300
1511993340000 300
1511993340000 300
1511993340000 300
1511993340000 300
1511993340000 300
1511993340000 300
1511993340000 300
1511993340000 300
1511993340000 300
1511993340000 300
1511993340000 300
1511993340000 300
1511993340000 300
1511993340000 300
1511993340000 300
1511993340000 300
1511993340000 300
1511993340000 300
1511993340000 300
1511993340000 300
1511993340000 300
1511993340000 300
1511993340000 301
1511993340000 301
1511993340000 301
1511993340000 301
1511993340000 301
1511993340000 301
1511993340000 302
1511993340000 302
1511993340000 345
1511993350000 363
1511993350000 363
1511993350000 363
1511993350000 363
1511993350000 363
1511993350000 363
1511993350000 363
1511993350000 363
1511993350000 363
1511993350000 363
1511993350000 363
1511993350000 363
1511993350000 363
1511993350000 363
1511993350000 364
1511993350000 364
1511993350000 364
1511993350000 364
1511993350000 364
1511993350000 364
1511993350000 364
1511993350000 364
1511993350000 364
1511993350000 364
1511993350000 364
1511993350000 364
1511993350000 364
1511993350000 364
1511993350000 364
1511993350000 364
1511993350000 364
1511993350000 364
1511993350000 364
1511993350000 364
1511993350000 364
1511993350000 364
1511993350000 364
1511993350000 364
1511993350000 364
1511993350000 364
1511993350000 364
1511993350000 364
1511993350000 364
1511993350000 365
1511993350000 365
1511993350000 365
1511993350000 365
1511993350000 365
1511993350000 365
1511993350000 365
1511993350000 365
1511993350000 365
1511993350000 365
1511993350000 365
1511993350000 365
1511993350000 365
1511993350000 365
1511993350000 365
1511993350000 365
1511993350000 365
1511993350000 365
1511993350000 365
1511993350000 365
1511993350000 365
1511993350000 365
1511993350000 365
1511993350000 365
1511993350000 365
1511993350000 365
1511993350000 365
1511993350000 365
1511993350000 365
1511993350000 365
1511993350000 365
1511993350000 366
1511993350000 366
1511993350000 366
1511993350000 366
1511993350000 366
1511993350000 366
1511993350000 366
1511993350000 366
1511993350000 366
1511993350000 366
1511993350000 366
1511993350000 366
1511993350000 366
1511993350000 367
1511993350000 367
1511993350000 367
1511993350000 367
1511993350000 367
1511993350000 367
1511993350000 367
1511993350000 368
1511993350000 415
1511993350000 416
1511993350000 422
1511993350000 423
1511993350000 424
1511993360000 376
1511993360000 376
1511993360000 376
1511993360000 376
1511993360000 376
1511993360000 376
1511993360000 376
1511993360000 376
1511993360000 376
1511993360000 376
1511993360000 376
1511993360000 376
1511993360000 376
1511993360000 377
1511993360000 377
1511993360000 377
1511993360000 377
1511993360000 377
1511993360000 377
1511993360000 377
1511993360000 377
1511993360000 377
1511993360000 377
1511993360000 377
1511993360000 377
1511993360000 377
1511993360000 377
1511993360000 377
1511993360000 377
1511993360000 377
1511993360000 378
1511993360000 378
1511993360000 378
1511993360000 378
1511993360000 378
1511993360000 378
1511993360000 378
1511993360000 378
1511993360000 378
1511993360000 378
1511993360000 378
1511993360000 378
1511993360000 378
1511993360000 378
1511993360000 378
1511993360000 378
1511993360000 379
1511993360000 379
1511993360000 379
1511993360000 379
1511993360000 379
1511993360000 379
1511993360000 379
1511993360000 379
1511993360000 379
1511993360000 380
1511993360000 380
1511993360000 380
1511993360000 380
1511993360000 380
1511993360000 380
1511993360000 380
1511993360000 380
1511993360000 380
1511993360000 381
1511993360000 381
1511993360000 381
1511993360000 381
1511993360000 381
1511993360000 381
1511993360000 381
1511993360000 381
1511993360000 381
1511993360000 381
1511993360000 381
1511993360000 381
1511993360000 381
1511993360000 381
1511993360000 381
1511993360000 381
1511993360000 381
1511993360000 381
1511993360000 382
1511993360000 382
1511993360000 382
1511993360000 382
1511993360000 382
1511993360000 382
1511993360000 382
1511993360000 382
1511993360000 382
1511993360000 382
1511993360000 382
1511993360000 382
1511993360000 382
1511993360000 382
1511993360000 383
1511993360000 393
1511993360000 394
1511993360000 395
1511993370000 396
1511993370000 396
1511993370000 396
1511993370000 396
1511993370000 396
1511993370000 396
1511993370000 396
1511993370000 396
1511993370000 396
1511993370000 396
1511993370000 396
1511993370000 396
1511993370000 396
1511993370000 396
1511993370000 396
1511993370000 396
1511993370000 396
1511993370000 397
1511993370000 397
1511993370000 397
1511993370000 397
1511993370000 397
1511993370000 397
1511993370000 397
1511993370000 397
1511993370000 397
1511993370000 397
1511993370000 397
1511993370000 397
1511993370000 397
1511993370000 397
1511993370000 397
1511993370000 397
1511993370000 397
1511993370000 397
1511993370000 397
1511993370000 397
1511993370000 397
1511993370000 397
1511993370000 397
1511993370000 397
1511993370000 397
1511993370000 397
1511993370000 397
1511993370000 397
1511993370000 398
1511993370000 398
1511993370000 398
1511993370000 398
1511993370000 398
1511993370000 398
1511993370000 398
1511993370000 398
1511993370000 398
1511993370000 398
1511993370000 398
1511993370000 398
1511993370000 398
1511993370000 398
1511993370000 398
1511993370000 398
1511993370000 398
1511993370000 398
1511993370000 398
1511993370000 398
1511993370000 398
1511993370000 398
1511993370000 398
1511993370000 398
1511993370000 398
1511993370000 398
1511993370000 398
1511993370000 398
1511993370000 398
1511993370000 398
1511993370000 398
1511993370000 399
1511993370000 399
1511993370000 399
1511993370000 399
1511993370000 399
1511993370000 399
1511993370000 399
1511993370000 399
1511993370000 399
1511993370000 399
1511993370000 399
1511993370000 399
1511993370000 399
1511993370000 399
1511993370000 399
1511993370000 399
1511993370000 399
1511993370000 399
1511993370000 399
1511993370000 399
1511993370000 399
1511993370000 400
1511993370000 400
1511993370000 400
1511993380000 336
1511993380000 336
1511993380000 336
1511993380000 336
1511993380000 336
1511993380000 336
1511993380000 336
1511993380000 336
1511993380000 336
1511993380000 336
1511993380000 336
1511993380000 336
1511993380000 336
1511993380000 336
1511993380000 336
1511993380000 337
1511993380000 337
1511993380000 337
1511993380000 337
1511993380000 337
1511993380000 337
1511993380000 337
1511993380000 337
1511993380000 337
1511993380000 337
1511993380000 337
1511993380000 337
1511993380000 337
1511993380000 337
1511993380000 337
1511993380000 337
1511993380000 337
1511993380000 337
1511993380000 337
1511993380000 337
1511993380000 337
1511993380000 337
1511993380000 337
1511993380000 337
1511993380000 337
1511993380000 337
1511993380000 337
1511993380000 337
1511993380000 337
1511993380000 337
1511993380000 337
1511993380000 337
1511993380000 337
1511993380000 337
1511993380000 338
1511993380000 338
1511993380000 338
1511993380000 338
1511993380000 338
1511993380000 338
1511993380000 338
1511993380000 338
1511993380000 338
1511993380000 338
1511993380000 338
1511993380000 338
1511993380000 338
1511993380000 338
1511993380000 338
1511993380000 338
1511993380000 338
1511993380000 338
1511993380000 338
1511993380000 338
1511993380000 338
1511993380000 338
1511993380000 339
1511993380000 339
1511993380000 339
1511993380000 339
1511993380000 339
1511993380000 339
1511993380000 339
1511993380000 339
1511993380000 339
1511993380000 339
1511993380000 339
1511993380000 339
1511993380000 339
1511993380000 339
1511993380000 339
1511993380000 339
1511993380000 339
1511993380000 339
1511993380000 339
1511993380000 339
1511993380000 339
1511993380000 339
1511993380000 340
1511993380000 340
1511993380000 340
1511993380000 340
1511993380000 365
1511993380000 365
1511993380000 366
1511993390000 320
1511993390000 320
1511993390000 320
1511993390000 320
1511993390000 320
1511993390000 320
1511993390000 320
1511993390000 320
1511993390000 320
1511993390000 320
1511993390000 320
1511993390000 321
1511993390000 321
1511993390000 321
1511993390000 321
1511993390000 321
1511993390000 321
1511993390000 321
1511993390000 321
1511993390000 321
1511993390000 321
1511993390000 321
1511993390000 321
1511993390000 321
1511993390000 321
1511993390000 321
1511993390000 321
1511993390000 321
1511993390000 321
1511993390000 321
1511993390000 321
1511993390000 321
1511993390000 321
1511993390000 321
1511993390000 321
1511993390000 321
1511993390000 321
1511993390000 321
1511993390000 321
1511993390000 321
1511993390000 321
1511993390000 321
1511993390000 321
1511993390000 321
1511993390000 321
1511993390000 322
1511993390000 322
1511993390000 322
1511993390000 322
1511993390000 322
1511993390000 322
1511993390000 322
1511993390000 322
1511993390000 323
1511993390000 323
1511993390000 323
1511993390000 323
1511993390000 323
1511993390000 323
1511993390000 323
1511993390000 323
1511993390000 323
1511993390000 323
1511993390000 324
1511993390000 324
1511993390000 324
1511993390000 324
1511993390000 324
1511993390000 324
1511993390000 324
1511993390000 324
1511993390000 324
1511993390000 324
1511993390000 324
1511993390000 324
1511993390000 324
1511993390000 324
1511993390000 324
1511993390000 324
1511993390000 324
1511993390000 324
1511993390000 324
1511993390000 324
1511993390000 325
1511993390000 325
1511993390000 325
1511993390000 325
1511993390000 325
1511993390000 325
1511993390000 325
1511993390000 325
1511993390000 325
1511993390000 325
1511993390000 325
1511993390000 325
1511993390000 325
1511993390000 326
1511993390000 326
1511993390000 326
1511993390000 326
1511993400000 341
1511993400000 341
1511993400000 341
1511993400000 341
1511993400000 341
1511993400000 342
1511993400000 342
1511993400000 342
1511993400000 342
1511993400000 342
1511993400000 342
1511993400000 342
1511993400000 342
1511993400000 342
1511993400000 342
1511993400000 342
1511993400000 342
1511993400000 342
1511993400000 342
1511993400000 342
1511993400000 342
1511993400000 342
1511993400000 342
1511993400000 342
1511993400000 342
1511993400000 342
1511993400000 343
1511993400000 343
1511993400000 343
1511993400000 343
1511993400000 343
1511993400000 343
1511993400000 343
1511993400000 343
1511993400000 343
1511993400000 343
1511993400000 343
1511993400000 343
1511993400000 343
1511993400000 343
1511993400000 343
1511993400000 343
1511993400000 343
1511993400000 343
1511993400000 343
1511993400000 343
1511993400000 343
1511993400000 343
1511993400000 343
1511993400000 344
1511993400000 344
1511993400000 344
1511993400000 344
1511993400000 344
1511993400000 344
1511993400000 344
1511993400000 344
1511993400000 344
1511993400000 344
1511993400000 344
1511993400000 344
1511993400000 344
1511993400000 344
1511993400000 344
1511993400000 344
1511993400000 344
1511993400000 344
1511993400000 344
1511993400000 344
1511993400000 345
1511993400000 345
1511993400000 345
1511993400000 345
1511993400000 345
1511993400000 345
1511993400000 345
1511993400000 345
1511993400000 345
1511993400000 345
1511993400000 345
1511993400000 345
1511993400000 345
1511993400000 345
1511993400000 345
1511993400000 345
1511993400000 345
1511993400000 346
1511993400000 346
1511993400000 346
1511993400000 346
1511993400000 346
1511993400000 346
1511993400000 348
1511993400000 349
1511993400000 349
1511993400000 352
1511993400000 352
1511993400000 352
1511993400000 352
1511993400000 352
1511993410000 324
1511993410000 324
1511993410000 324
1511993410000 324
1511993410000 324
1511993410000 324
1511993410000 324
1511993410000 324
1511993410000 324
1511993410000 324
1511993410000 324
1511993410000 324
1511993410000 324
1511993410000 325
1511993410000 325
1511993410000 325
1511993410000 325
1511993410000 325
1511993410000 325
1511993410000 325
1511993410000 325
1511993410000 325
1511993410000 325
1511993410000 325
1511993410000 325
1511993410000 325
1511993410000 325
1511993410000 325
1511993410000 325
1511993410000 325
1511993410000 325
1511993410000 325
1511993410000 325
1511993410000 325
1511993410000 325
1511993410000 325
1511993410000 325
1511993410000 325
1511993410000 325
1511993410000 325
1511993410000 325
1511993410000 325
1511993410000 325
1511993410000 325
1511993410000 325
1511993410000 325
1511993410000 325
1511993410000 325
1511993410000 325
1511993410000 326
1511993410000 326
1511993410000 326
1511993410000 326
1511993410000 326
1511993410000 326
1511993410000 326
1511993410000 326
1511993410000 326
1511993410000 326
1511993410000 326
1511993410000 326
1511993410000 326
1511993410000 326
1511993410000 326
1511993410000 326
1511993410000 326
1511993410000 326
1511993410000 326
1511993410000 326
1511993410000 326
1511993410000 326
1511993410000 326
1511993410000 326
1511993410000 327
1511993410000 327
1511993410000 327
1511993410000 327
1511993410000 327
1511993410000 327
1511993410000 327
1511993410000 327
1511993410000 327
1511993410000 327
1511993410000 327
1511993410000 327
1511993410000 327
1511993410000 327
1511993410000 327
1511993410000 327
1511993410000 327
1511993410000 327
1511993410000 328
1511993410000 328
1511993410000 328
1511993410000 328
1511993410000 355
1511993410000 355
1511993410000 355
1511993410000 355
1511993410000 355
1511993420000 297
1511993420000 297
1511993420000 297
1511993420000 298
1511993420000 298
1511993420000 298
1511993420000 298
1511993420000 298
1511993420000 298
1511993420000 298
1511993420000 298
1511993420000 298
1511993420000 298
1511993420000 298
1511993420000 298
1511993420000 298
1511993420000 298
1511993420000 298
1511993420000 298
1511993420000 298
1511993420000 298
1511993420000 298
1511993420000 298
1511993420000 298
1511993420000 298
1511993420000 298
1511993420000 298
1511993420000 298
1511993420000 298
1511993420000 298
1511993420000 298
1511993420000 298
1511993420000 298
1511993420000 298
1511993420000 298
1511993420000 298
1511993420000 298
1511993420000 298
1511993420000 298
1511993420000 299
1511993420000 299
1511993420000 299
1511993420000 299
1511993420000 299
1511993420000 299
1511993420000 299
1511993420000 299
1511993420000 299
1511993420000 299
1511993420000 299
1511993420000 299
1511993420000 299
1511993420000 299
1511993420000 299
1511993420000 299
1511993420000 299
1511993420000 299
1511993420000 299
1511993420000 299
1511993420000 299
1511993420000 299
1511993420000 299
1511993420000 299
1511993420000 299
1511993420000 299
1511993420000 299
1511993420000 299
1511993420000 299
1511993420000 299
1511993420000 299
1511993420000 300
1511993420000 300
1511993420000 300
1511993420000 300
1511993420000 300
1511993420000 300
1511993420000 300
1511993420000 300
1511993420000 300
1511993420000 300
1511993420000 300
1511993420000 300
1511993420000 300
1511993420000 300
1511993420000 300
1511993420000 300
1511993420000 301
1511993420000 301
1511993420000 302
1511993420000 302
1511993420000 303
1511993420000 303
1511993420000 326
1511993420000 326
1511993420000 326
1511993420000 327
1511993420000 327
1511993420000 327
1511993420000 327
1511993420000 328
1511993430000 297
1511993430000 297
1511993430000 297
1511993430000 297
1511993430000 298
1511993430000 298
1511993430000 298
1511993430000 298
1511993430000 298
1511993430000 298
1511993430000 298
1511993430000 298
1511993430000 298
1511993430000 298
1511993430000 298
1511993430000 298
1511993430000 298
1511993430000 299
1511993430000 299
1511993430000 299
1511993430000 299
1511993430000 299
1511993430000 299
1511993430000 299
1511993430000 299
1511993430000 299
1511993430000 299
1511993430000 299
1511993430000 299
1511993430000 299
1511993430000 299
1511993430000 299
1511993430000 299
1511993430000 299
1511993430000 299
1511993430000 299
1511993430000 299
1511993430000 299
1511993430000 299
1511993430000 299
1511993430000 299
1511993430000 299
1511993430000 299
1511993430000 299
1511993430000 299
1511993430000 299
1511993430000 300
1511993430000 300
1511993430000 300
1511993430000 300
1511993430000 300
1511993430000 300
1511993430000 300
1511993430000 300
1511993430000 300
1511993430000 300
1511993430000 300
1511993430000 300
1511993430000 300
1511993430000 301
1511993430000 301
1511993430000 301
1511993430000 301
1511993430000 301
1511993430000 301
1511993430000 301
1511993430000 301
1511993430000 302
1511993430000 302
1511993430000 302
1511993430000 302
1511993430000 302
1511993430000 302
1511993430000 302
1511993430000 302
1511993430000 302
1511993430000 302
1511993430000 302
1511993430000 302
1511993430000 302
1511993430000 302
1511993430000 302
1511993430000 302
1511993430000 302
1511993430000 302
1511993430000 302
1511993430000 302
1511993430000 302
1511993430000 303
1511993430000 303
1511993430000 303
1511993430000 303
1511993430000 303
1511993430000 303
1511993430000 303
1511993430000 303
1511993430000 303
1511993430000 303
1511993430000 304
1511993430000 304
1511993440000 409
1511993440000 409
1511993440000 409
1511993440000 409
1511993440000 409
1511993440000 409
1511993440000 409
1511993440000 409
1511993440000 409
1511993440000 409
1511993440000 409
1511993440000 409
1511993440000 409
1511993440000 409
1511993440000 409
1511993440000 409
1511993440000 409
1511993440000 409
1511993440000 409
1511993440000 409
1511993440000 410
1511993440000 410
1511993440000 410
1511993440000 410
1511993440000 410
1511993440000 410
1511993440000 410
1511993440000 410
1511993440000 410
1511993440000 410
1511993440000 410
1511993440000 410
1511993440000 410
1511993440000 410
1511993440000 410
1511993440000 410
1511993440000 410
1511993440000 410
1511993440000 410
1511993440000 410
1511993440000 410
1511993440000 410
1511993440000 410
1511993440000 410
1511993440000 410
1511993440000 411
1511993440000 411
1511993440000 411
1511993440000 411
1511993440000 411
1511993440000 411
1511993440000 411
1511993440000 411
1511993440000 411
1511993440000 411
1511993440000 411
1511993440000 411
1511993440000 411
1511993440000 411
1511993440000 411
1511993440000 411
1511993440000 411
1511993440000 411
1511993440000 411
1511993440000 411
1511993440000 411
1511993440000 411
1511993440000 411
1511993440000 411
1511993440000 411
1511993440000 412
1511993440000 412
1511993440000 412
1511993440000 412
1511993440000 412
1511993440000 412
1511993440000 412
1511993440000 412
1511993440000 412
1511993440000 412
1511993440000 412
1511993440000 412
1511993440000 413
1511993440000 413
1511993440000 413
1511993440000 414
1511993440000 415
1511993440000 415
1511993440000 415
1511993440000 415
1511993440000 426
1511993440000 426
1511993440000 427
1511993440000 427
1511993440000 428
1511993440000 438
1511993440000 438
1511993440000 439
1511993440000 439
1511993440000 440
1511993450000 322
1511993450000 322
1511993450000 322
1511993450000 322
1511993450000 322
1511993450000 322
1511993450000 322
1511993450000 322
1511993450000 322
1511993450000 322
1511993450000 322
1511993450000 323
1511993450000 323
1511993450000 323
1511993450000 323
1511993450000 323
1511993450000 323
1511993450000 323
1511993450000 323
1511993450000 323
1511993450000 323
1511993450000 323
1511993450000 323
1511993450000 323
1511993450000 323
1511993450000 323
1511993450000 323
1511993450000 323
1511993450000 323
1511993450000 323
1511993450000 323
1511993450000 323
1511993450000 323
1511993450000 323
1511993450000 323
1511993450000 324
1511993450000 324
1511993450000 324
1511993450000 324
1511993450000 324
1511993450000 324
1511993450000 324
1511993450000 324
1511993450000 324
1511993450000 324
1511993450000 325
1511993450000 325
1511993450000 325
1511993450000 325
1511993450000 325
1511993450000 325
1511993450000 325
1511993450000 325
1511993450000 325
1511993450000 325
1511993450000 325
1511993450000 325
1511993450000 325
1511993450000 325
1511993450000 325
1511993450000 326
1511993450000 326
1511993450000 326
1511993450000 326
1511993450000 326
1511993450000 326
1511993450000 327
1511993450000 327
1511993450000 327
1511993450000 327
1511993450000 327
1511993450000 327
1511993450000 327
1511993450000 327
1511993450000 327
1511993450000 327
1511993450000 327
1511993450000 327
1511993450000 327
1511993450000 327
1511993450000 327
1511993450000 328
1511993450000 328
1511993450000 328
1511993450000 328
1511993450000 328
1511993450000 328
1511993450000 328
1511993450000 328
1511993450000 328
1511993450000 328
1511993450000 329
1511993450000 329
1511993450000 329
1511993450000 329
1511993450000 329
1511993450000 330
1511993450000 341
1511993450000 341
1511993450000 342
1511993460000 336
1511993460000 336
1511993460000 337
1511993460000 337
1511993460000 337
1511993460000 337
1511993460000 337
1511993460000 337
1511993460000 337
1511993460000 337
1511993460000 337
1511993460000 337
1511993460000 337
1511993460000 337
1511993460000 337
1511993460000 337
1511993460000 337
1511993460000 337
1511993460000 337
1511993460000 338
1511993460000 338
1511993460000 338
1511993460000 338
1511993460000 338
1511993460000 338
1511993460000 338
1511993460000 338
1511993460000 338
1511993460000 338
1511993460000 338
1511993460000 338
1511993460000 338
1511993460000 338
1511993460000 338
1511993460000 338
1511993460000 338
1511993460000 338
1511993460000 338
1511993460000 338
1511993460000 338
1511993460000 338
1511993460000 338
1511993460000 338
1511993460000 338
1511993460000 338
1511993460000 339
1511993460000 339
1511993460000 339
1511993460000 339
1511993460000 339
1511993460000 339
1511993460000 339
1511993460000 339
1511993460000 339
1511993460000 339
1511993460000 339
1511993460000 339
1511993460000 339
1511993460000 340
1511993460000 340
1511993460000 340
1511993460000 340
1511993460000 340
1511993460000 340
1511993460000 340
1511993460000 340
1511993460000 340
1511993460000 340
1511993460000 340
1511993460000 340
1511993460000 340
1511993460000 340
1511993460000 340
1511993460000 340
1511993460000 340
1511993460000 340
1511993460000 340
1511993460000 340
1511993460000 340
1511993460000 340
1511993460000 341
1511993460000 341
1511993460000 341
1511993460000 341
1511993460000 341
1511993460000 341
1511993460000 341
1511993460000 341
1511993460000 341
1511993460000 341
1511993460000 341
1511993460000 342
1511993460000 342
1511993460000 342
1511993460000 347
1511993460000 347
1511993460000 348
1511993460000 348
1511993460000 349
1511993460000 349
1511993470000 322
1511993470000 322
1511993470000 322
1511993470000 322
1511993470000 322
1511993470000 322
1511993470000 322
1511993470000 322
1511993470000 322
1511993470000 322
1511993470000 322
1511993470000 322
1511993470000 322
1511993470000 322
1511993470000 322
1511993470000 322
1511993470000 322
1511993470000 322
1511993470000 322
1511993470000 322
1511993470000 323
1511993470000 323
1511993470000 323
1511993470000 323
1511993470000 323
1511993470000 323
1511993470000 323
1511993470000 323
1511993470000 323
1511993470000 323
1511993470000 323
1511993470000 323
1511993470000 323
1511993470000 323
1511993470000 323
1511993470000 323
1511993470000 323
1511993470000 323
1511993470000 323
1511993470000 323
1511993470000 323
1511993470000 323
1511993470000 323
1511993470000 323
1511993470000 323
1511993470000 323
1511993470000 323
1511993470000 323
1511993470000 323
1511993470000 323
1511993470000 323
1511993470000 323
1511993470000 324
1511993470000 324
1511993470000 324
1511993470000 324
1511993470000 324
1511993470000 324
1511993470000 324
1511993470000 324
1511993470000 324
1511993470000 324
1511993470000 324
1511993470000 324
1511993470000 324
1511993470000 324
1511993470000 324
1511993470000 324
1511993470000 324
1511993470000 324
1511993470000 324
1511993470000 324
1511993470000 324
1511993470000 324
1511993470000 324
1511993470000 324
1511993470000 324
1511993470000 324
1511993470000 324
1511993470000 324
1511993470000 324
1511993470000 324
1511993470000 324
1511993470000 324
1511993470000 325
1511993470000 325
1511993470000 325
1511993470000 325
1511993470000 325
1511993470000 325
1511993470000 325
1511993470000 325
1511993470000 325
1511993470000 325
1511993470000 325
1511993470000 325
1511993470000 325
1511993470000 325
1511993470000 325
1511993470000 326
1511993480000 320
1511993480000 320
1511993480000 320
1511993480000 320
1511993480000 320
1511993480000 320
1511993480000 320
1511993480000 320
1511993480000 320
1511993480000 320
1511993480000 320
1511993480000 320
1511993480000 320
1511993480000 320
1511993480000 321
1511993480000 321
1511993480000 321
1511993480000 321
1511993480000 321
1511993480000 321
1511993480000 321
1511993480000 321
1511993480000 321
1511993480000 322
1511993480000 322
1511993480000 322
1511993480000 322
1511993480000 322
1511993480000 322
1511993480000 322
1511993480000 322
1511993480000 322
1511993480000 322
1511993480000 322
1511993480000 322
1511993480000 322
1511993480000 322
1511993480000 322
1511993480000 322
1511993480000 322
1511993480000 322
1511993480000 322
1511993480000 322
1511993480000 323
1511993480000 323
1511993480000 323
1511993480000 323
1511993480000 323
1511993480000 323
1511993480000 323
1511993480000 323
1511993480000 323
1511993480000 323
1511993480000 323
1511993480000 323
1511993480000 323
1511993480000 323
1511993480000 324
1511993480000 324
1511993480000 324
1511993480000 324
1511993480000 324
1511993480000 324
1511993480000 324
1511993480000 324
1511993480000 324
1511993480000 324
1511993480000 324
1511993480000 324
1511993480000 324
1511993480000 324
1511993480000 325
1511993480000 325
1511993480000 325
1511993480000 325
1511993480000 325
1511993480000 325
1511993480000 325
1511993480000 325
1511993480000 325
1511993480000 325
1511993480000 325
1511993480000 325
1511993480000 325
1511993480000 326
1511993480000 326
1511993480000 326
1511993480000 326
1511993480000 326
1511993480000 326
1511993480000 326
1511993480000 341
1511993480000 342
1511993480000 342
1511993480000 342
1511993480000 342
1511993480000 342
1511993480000 372
1511993480000 375
1511993480000 376
1511993490000 328
1511993490000 328
1511993490000 328
1511993490000 328
1511993490000 328
1511993490000 329
1511993490000 329
1511993490000 329
1511993490000 329
1511993490000 329
1511993490000 329
1511993490000 329
1511993490000 330
1511993490000 330
1511993490000 330
1511993490000 330
1511993490000 330
1511993490000 330
1511993490000 330
1511993490000 330
1511993490000 330
1511993490000 330
1511993490000 330
1511993490000 330
1511993490000 330
1511993490000 330
1511993490000 330
1511993490000 330
1511993490000 330
1511993490000 330
1511993490000 330
1511993490000 330
1511993490000 330
1511993490000 330
1511993490000 330
1511993490000 330
1511993490000 330
1511993490000 330
1511993490000 330
1511993490000 330
1511993490000 330
1511993490000 330
1511993490000 330
1511993490000 330
1511993490000 330
1511993490000 330
1511993490000 330
1511993490000 331
1511993490000 331
1511993490000 331
1511993490000 331
1511993490000 331
1511993490000 331
1511993490000 331
1511993490000 331
1511993490000 332
1511993490000 332
1511993490000 332
1511993490000 332
1511993490000 332
1511993490000 332
1511993490000 332
1511993490000 332
1511993490000 332
1511993490000 332
1511993490000 332
1511993490000 332
1511993490000 332
1511993490000 332
1511993490000 332
1511993490000 332
1511993490000 332
1511993490000 332
1511993490000 332
1511993490000 332
1511993490000 332
1511993490000 332
1511993490000 332
1511993490000 333
1511993490000 333
1511993490000 333
1511993490000 333
1511993490000 333
1511993490000 333
1511993490000 333
1511993490000 333
1511993490000 333
1511993490000 333
1511993490000 333
1511993490000 333
1511993490000 333
1511993490000 334
1511993490000 334
1511993490000 334
1511993490000 353
1511993490000 354
1511993490000 355
1511993490000 355
1511993490000 356
1511993490000 356
1511993500000 361
1511993500000 361
1511993500000 361
1511993500000 361
1511993500000 361
1511993500000 362
1511993500000 362
1511993500000 362
1511993500000 362
1511993500000 362
1511993500000 362
1511993500000 362
1511993500000 362
1511993500000 363
1511993500000 363
1511993500000 363
1511993500000 363
1511993500000 363
1511993500000 363
1511993500000 363
1511993500000 363
1511993500000 363
1511993500000 363
1511993500000 363
1511993500000 364
1511993500000 364
1511993500000 364
1511993500000 364
1511993500000 364
1511993500000 364
1511993500000 364
1511993500000 364
1511993500000 364
1511993500000 364
1511993500000 364
1511993500000 364
1511993500000 364
1511993500000 364
1511993500000 364
1511993500000 365
1511993500000 365
1511993500000 365
1511993500000 365
1511993500000 365
1511993500000 365
1511993500000 365
1511993500000 365
1511993500000 365
1511993500000 365
1511993500000 365
1511993500000 365
1511993500000 365
1511993500000 365
1511993500000 366
1511993500000 366
1511993500000 366
1511993500000 366
1511993500000 366
1511993500000 366
1511993500000 366
1511993500000 366
1511993500000 366
1511993500000 366
1511993500000 366
1511993500000 366
1511993500000 366
1511993500000 366
1511993500000 367
1511993500000 367
1511993500000 367
1511993500000 367
1511993500000 367
1511993500000 367
1511993500000 367
1511993500000 367
1511993500000 367
1511993500000 367
1511993500000 367
1511993500000 367
1511993500000 367
1511993500000 368
1511993500000 368
1511993500000 368
1511993500000 368
1511993500000 368
1511993500000 368
1511993500000 368
1511993500000 368
1511993500000 368
1511993500000 368
1511993500000 368
1511993500000 368
1511993500000 368
1511993500000 369
1511993500000 369
1511993500000 369
1511993500000 369
1511993500000 369
1511993500000 369
1511993500000 370
1511993510000 327
1511993510000 327
1511993510000 327
1511993510000 327
1511993510000 327
1511993510000 327
1511993510000 327
1511993510000 327
1511993510000 327
1511993510000 327
1511993510000 327
1511993510000 328
1511993510000 328
1511993510000 328
1511993510000 328
1511993510000 328
1511993510000 328
1511993510000 328
1511993510000 328
1511993510000 328
1511993510000 328
1511993510000 328
1511993510000 328
1511993510000 328
1511993510000 328
1511993510000 328
1511993510000 328
1511993510000 328
1511993510000 328
1511993510000 328
1511993510000 329
1511993510000 329
1511993510000 329
1511993510000 329
1511993510000 329
1511993510000 329
1511993510000 329
1511993510000 329
1511993510000 329
1511993510000 329
1511993510000 329
1511993510000 329
1511993510000 329
1511993510000 329
1511993510000 329
1511993510000 329
1511993510000 329
1511993510000 329
1511993510000 329
1511993510000 329
1511993510000 329
1511993510000 329
1511993510000 329
1511993510000 329
1511993510000 330
1511993510000 330
1511993510000 330
1511993510000 330
1511993510000 330
1511993510000 330
1511993510000 330
1511993510000 330
1511993510000 330
1511993510000 331
1511993510000 331
1511993510000 331
1511993510000 331
1511993510000 331
1511993510000 331
1511993510000 331
1511993510000 331
1511993510000 331
1511993510000 331
1511993510000 331
1511993510000 331
1511993510000 331
1511993510000 332
1511993510000 332
1511993510000 332
1511993510000 332
1511993510000 332
1511993510000 332
1511993510000 332
1511993510000 332
1511993510000 332
1511993510000 332
1511993510000 332
1511993510000 332
1511993510000 332
1511993510000 332
1511993510000 332
1511993510000 332
1511993510000 333
1511993510000 333
1511993510000 333
1511993510000 333
1511993510000 333
1511993510000 333
1511993510000 334
1511993510000 334
1511993520000 339
1511993520000 340
1511993520000 340
1511993520000 340
1511993520000 340
1511993520000 340
1511993520000 340
1511993520000 340
1511993520000 340
1511993520000 340
1511993520000 340
1511993520000 340
1511993520000 340
1511993520000 340
1511993520000 340
1511993520000 340
1511993520000 340
1511993520000 340
1511993520000 340
1511993520000 341
1511993520000 341
1511993520000 341
1511993520000 341
1511993520000 341
1511993520000 341
1511993520000 341
1511993520000 341
1511993520000 341
1511993520000 341
1511993520000 341
1511993520000 341
1511993520000 341
1511993520000 341
1511993520000 342
1511993520000 342
1511993520000 342
1511993520000 342
1511993520000 342
1511993520000 342
1511993520000 342
1511993520000 342
1511993520000 342
1511993520000 342
1511993520000 342
1511993520000 342
1511993520000 342
1511993520000 342
1511993520000 342
1511993520000 342
1511993520000 342
1511993520000 342
1511993520000 342
1511993520000 342
1511993520000 342
1511993520000 343
1511993520000 343
1511993520000 343
1511993520000 343
1511993520000 343
1511993520000 343
1511993520000 343
1511993520000 343
1511993520000 343
1511993520000 344
1511993520000 344
1511993520000 344
1511993520000 344
1511993520000 344
1511993520000 344
1511993520000 344
1511993520000 344
1511993520000 344
1511993520000 344
1511993520000 344
1511993520000 344
1511993520000 344
1511993520000 344
1511993520000 344
1511993520000 344
1511993520000 344
1511993520000 344
1511993520000 345
1511993520000 345
1511993520000 345
1511993520000 345
1511993520000 345
1511993520000 345
1511993520000 345
1511993520000 345
1511993520000 345
1511993520000 346
1511993520000 346
1511993520000 346
1511993520000 362
1511993520000 362
1511993520000 363
1511993520000 364
1511993520000 364
1511993520000 365
1511993520000 365
1511993530000 317
1511993530000 317
1511993530000 317
1511993530000 317
1511993530000 317
1511993530000 318
1511993530000 318
1511993530000 318
1511993530000 318
1511993530000 318
1511993530000 318
1511993530000 318
1511993530000 318
1511993530000 318
1511993530000 318
1511993530000 318
1511993530000 318
1511993530000 318
1511993530000 318
1511993530000 318
1511993530000 318
1511993530000 318
1511993530000 318
1511993530000 318
1511993530000 318
1511993530000 318
1511993530000 318
1511993530000 318
1511993530000 318
1511993530000 318
1511993530000 318
1511993530000 318
1511993530000 318
1511993530000 319
1511993530000 319
1511993530000 319
1511993530000 319
1511993530000 319
1511993530000 319
1511993530000 319
1511993530000 319
1511993530000 319
1511993530000 319
1511993530000 319
1511993530000 319
1511993530000 319
1511993530000 319
1511993530000 319
1511993530000 319
1511993530000 319
1511993530000 319
1511993530000 319
1511993530000 319
1511993530000 319
1511993530000 319
1511993530000 319
1511993530000 319
1511993530000 319
1511993530000 319
1511993530000 319
1511993530000 319
1511993530000 320
1511993530000 320
1511993530000 320
1511993530000 320
1511993530000 320
1511993530000 320
1511993530000 320
1511993530000 320
1511993530000 320
1511993530000 320
1511993530000 320
1511993530000 320
1511993530000 320
1511993530000 320
1511993530000 320
1511993530000 320
1511993530000 320
1511993530000 320
1511993530000 320
1511993530000 320
1511993530000 320
1511993530000 320
1511993530000 320
1511993530000 320
1511993530000 321
1511993530000 321
1511993530000 321
1511993530000 321
1511993530000 321
1511993530000 321
1511993530000 321
1511993530000 321
1511993530000 322
1511993530000 331
1511993530000 331
1511993530000 335
1511993530000 336
1511993530000 336
1511993530000 336
1511993540000 364
1511993540000 364
1511993540000 365
1511993540000 365
1511993540000 365
1511993540000 365
1511993540000 365
1511993540000 365
1511993540000 365
1511993540000 365
1511993540000 365
1511993540000 365
1511993540000 365
1511993540000 365
1511993540000 365
1511993540000 365
1511993540000 365
1511993540000 365
1511993540000 365
1511993540000 365
1511993540000 365
1511993540000 365
1511993540000 365
1511993540000 365
1511993540000 365
1511993540000 365
1511993540000 365
1511993540000 365
1511993540000 365
1511993540000 366
1511993540000 366
1511993540000 366
1511993540000 366
1511993540000 366
1511993540000 366
1511993540000 366
1511993540000 366
1511993540000 366
1511993540000 366
1511993540000 366
1511993540000 366
1511993540000 366
1511993540000 366
1511993540000 366
1511993540000 366
1511993540000 366
1511993540000 366
1511993540000 366
1511993540000 366
1511993540000 366
1511993540000 366
1511993540000 366
1511993540000 366
1511993540000 366
1511993540000 366
1511993540000 366
1511993540000 366
1511993540000 366
1511993540000 366
1511993540000 367
1511993540000 367
1511993540000 367
1511993540000 367
1511993540000 367
1511993540000 367
1511993540000 367
1511993540000 367
1511993540000 367
1511993540000 367
1511993540000 367
1511993540000 367
1511993540000 367
1511993540000 367
1511993540000 367
1511993540000 367
1511993540000 367
1511993540000 367
1511993540000 367
1511993540000 367
1511993540000 367
1511993540000 367
1511993540000 367
1511993540000 367
1511993540000 367
1511993540000 367
1511993540000 367
1511993540000 367
1511993540000 367
1511993540000 367
1511993540000 367
1511993540000 368
1511993540000 368
1511993540000 368
1511993540000 368
1511993540000 368
1511993540000 368
1511993540000 368
1511993540000 368
1511993540000 368
1511993540000 368
1511993550000 340
1511993550000 340
1511993550000 340
1511993550000 340
1511993550000 340
1511993550000 340
1511993550000 340
1511993550000 340
1511993550000 341
1511993550000 341
1511993550000 341
1511993550000 341
1511993550000 341
1511993550000 341
1511993550000 341
1511993550000 341
1511993550000 341
1511993550000 341
1511993550000 341
1511993550000 341
1511993550000 341
1511993550000 341
1511993550000 341
1511993550000 341
1511993550000 341
1511993550000 341
1511993550000 341
1511993550000 341
1511993550000 341
1511993550000 341
1511993550000 341
1511993550000 341
1511993550000 341
1511993550000 341
1511993550000 341
1511993550000 341
1511993550000 341
1511993550000 341
1511993550000 341
1511993550000 341
1511993550000 341
1511993550000 341
1511993550000 341
1511993550000 341
1511993550000 341
1511993550000 341
1511993550000 341
1511993550000 341
1511993550000 341
1511993550000 342
1511993550000 342
1511993550000 342
1511993550000 342
1511993550000 342
1511993550000 342
1511993550000 342
1511993550000 342
1511993550000 342
1511993550000 342
1511993550000 342
1511993550000 342
1511993550000 342
1511993550000 342
1511993550000 342
1511993550000 342
1511993550000 342
1511993550000 342
1511993550000 342
1511993550000 342
1511993550000 342
1511993550000 342
1511993550000 342
1511993550000 342
1511993550000 342
1511993550000 343
1511993550000 343
1511993550000 343
1511993550000 343
1511993550000 343
1511993550000 343
1511993550000 343
1511993550000 343
1511993550000 343
1511993550000 343
1511993550000 343
1511993550000 343
1511993550000 343
1511993550000 343
1511993550000 343
1511993550000 343
1511993550000 343
1511993550000 343
1511993550000 343
1511993550000 343
1511993550000 344
1511993550000 353
1511993550000 354
1511993550000 355
1511993550000 356
1511993550000 356
1511993560000 310
1511993560000 310
1511993560000 310
1511993560000 310
1511993560000 310
1511993560000 310
1511993560000 311
1511993560000 311
1511993560000 311
1511993560000 311
1511993560000 311
1511993560000 311
1511993560000 311
1511993560000 311
1511993560000 311
1511993560000 311
1511993560000 311
1511993560000 311
1511993560000 311
1511993560000 311
1511993560000 311
1511993560000 311
1511993560000 311
1511993560000 311
1511993560000 311
1511993560000 311
1511993560000 311
1511993560000 311
1511993560000 311
1511993560000 311
1511993560000 311
1511993560000 311
1511993560000 311
1511993560000 311
1511993560000 311
1511993560000 311
1511993560000 311
1511993560000 311
1511993560000 311
1511993560000 311
1511993560000 311
1511993560000 311
1511993560000 311
1511993560000 311
1511993560000 311
1511993560000 311
1511993560000 311
1511993560000 311
1511993560000 311
1511993560000 311
1511993560000 312
1511993560000 312
1511993560000 312
1511993560000 312
1511993560000 312
1511993560000 312
1511993560000 312
1511993560000 312
1511993560000 312
1511993560000 312
1511993560000 312
1511993560000 312
1511993560000 312
1511993560000 312
1511993560000 312
1511993560000 312
1511993560000 312
1511993560000 312
1511993560000 312
1511993560000 312
1511993560000 312
1511993560000 312
1511993560000 313
1511993560000 313
1511993560000 313
1511993560000 313
1511993560000 313
1511993560000 313
1511993560000 313
1511993560000 313
1511993560000 313
1511993560000 313
1511993560000 313
1511993560000 313
1511993560000 313
1511993560000 313
1511993560000 313
1511993560000 313
1511993560000 313
1511993560000 313
1511993560000 313
1511993560000 313
1511993560000 314
1511993560000 314
1511993560000 314
1511993560000 314
1511993560000 347
1511993560000 347
1511993560000 353
1511993560000 354
1511993570000 313
1511993570000 313
1511993570000 313
1511993570000 313
1511993570000 313
1511993570000 313
1511993570000 313
1511993570000 313
1511993570000 313
1511993570000 313
1511993570000 313
1511993570000 313
1511993570000 313
1511993570000 313
1511993570000 313
1511993570000 313
1511993570000 313
1511993570000 313
1511993570000 314
1511993570000 314
1511993570000 314
1511993570000 314
1511993570000 314
1511993570000 314
1511993570000 314
1511993570000 314
1511993570000 314
1511993570000 314
1511993570000 314
1511993570000 314
1511993570000 314
1511993570000 314
1511993570000 314
1511993570000 314
1511993570000 314
1511993570000 314
1511993570000 314
1511993570000 314
1511993570000 314
1511993570000 314
1511993570000 314
1511993570000 314
1511993570000 314
1511993570000 314
1511993570000 314
1511993570000 314
1511993570000 314
1511993570000 314
1511993570000 314
1511993570000 315
1511993570000 315
1511993570000 315
1511993570000 315
1511993570000 315
1511993570000 315
1511993570000 315
1511993570000 315
1511993570000 315
1511993570000 315
1511993570000 315
1511993570000 315
1511993570000 315
1511993570000 315
1511993570000 315
1511993570000 315
1511993570000 315
1511993570000 315
1511993570000 315
1511993570000 315
1511993570000 315
1511993570000 315
1511993570000 315
1511993570000 315
1511993570000 315
1511993570000 315
1511993570000 315
1511993570000 315
1511993570000 315
1511993570000 315
1511993570000 315
1511993570000 315
1511993570000 315
1511993570000 316
1511993570000 316
1511993570000 316
1511993570000 316
1511993570000 316
1511993570000 316
1511993570000 316
1511993570000 316
1511993570000 316
1511993570000 316
1511993570000 316
1511993570000 316
1511993570000 316
1511993570000 316
1511993570000 317
1511993570000 339
1511993570000 340
1511993570000 341
1511993580000 304
1511993580000 304
1511993580000 304
1511993580000 304
1511993580000 304
1511993580000 304
1511993580000 304
1511993580000 304
1511993580000 304
1511993580000 304
1511993580000 305
1511993580000 305
1511993580000 305
1511993580000 305
1511993580000 305
1511993580000 305
1511993580000 305
1511993580000 305
1511993580000 305
1511993580000 305
1511993580000 305
1511993580000 305
1511993580000 305
1511993580000 305
1511993580000 305
1511993580000 305
1511993580000 305
1511993580000 305
1511993580000 305
1511993580000 306
1511993580000 306
1511993580000 306
1511993580000 306
1511993580000 306
1511993580000 306
1511993580000 306
1511993580000 306
1511993580000 306
1511993580000 306
1511993580000 306
1511993580000 306
1511993580000 306
1511993580000 306
1511993580000 306
1511993580000 306
1511993580000 306
1511993580000 306
1511993580000 306
1511993580000 306
1511993580000 306
1511993580000 306
1511993580000 306
1511993580000 306
1511993580000 306
1511993580000 306
1511993580000 306
1511993580000 306
1511993580000 307
1511993580000 307
1511993580000 307
1511993580000 307
1511993580000 307
1511993580000 307
1511993580000 307
1511993580000 307
1511993580000 307
1511993580000 307
1511993580000 307
1511993580000 307
1511993580000 307
1511993580000 307
1511993580000 307
1511993580000 307
1511993580000 307
1511993580000 307
1511993580000 307
1511993580000 307
1511993580000 307
1511993580000 307
1511993580000 307
1511993580000 307
1511993580000 307
1511993580000 307
1511993580000 307
1511993580000 308
1511993580000 308
1511993580000 308
1511993580000 308
1511993580000 308
1511993580000 308
1511993580000 308
1511993580000 308
1511993580000 308
1511993580000 308
1511993580000 308
1511993580000 308
1511993580000 308
1511993580000 308
1511993580000 309
1511993580000 310
1511993590000 317
1511993590000 318
1511993590000 318
1511993590000 318
1511993590000 318
1511993590000 318
1511993590000 318
1511993590000 318
1511993590000 318
1511993590000 318
1511993590000 318
1511993590000 318
1511993590000 318
1511993590000 318
1511993590000 318
1511993590000 318
1511993590000 318
1511993590000 318
1511993590000 318
1511993590000 318
1511993590000 318
1511993590000 319
1511993590000 319
1511993590000 319
1511993590000 319
1511993590000 319
1511993590000 319
1511993590000 319
1511993590000 319
1511993590000 319
1511993590000 319
1511993590000 319
1511993590000 319
1511993590000 319
1511993590000 319
1511993590000 319
1511993590000 319
1511993590000 319
1511993590000 319
1511993590000 319
1511993590000 319
1511993590000 319
1511993590000 319
1511993590000 319
1511993590000 320
1511993590000 320
1511993590000 320
1511993590000 320
1511993590000 320
1511993590000 320
1511993590000 320
1511993590000 320
1511993590000 320
1511993590000 320
1511993590000 320
1511993590000 320
1511993590000 320
1511993590000 320
1511993590000 320
1511993590000 320
1511993590000 320
1511993590000 320
1511993590000 320
1511993590000 320
1511993590000 320
1511993590000 320
1511993590000 321
1511993590000 321
1511993590000 321
1511993590000 321
1511993590000 321
1511993590000 321
1511993590000 321
1511993590000 321
1511993590000 321
1511993590000 321
1511993590000 321
1511993590000 321
1511993590000 321
1511993590000 321
1511993590000 321
1511993590000 321
1511993590000 322
1511993590000 322
1511993590000 322
1511993590000 322
1511993590000 322
1511993590000 322
1511993590000 322
1511993590000 322
1511993590000 322
1511993590000 322
1511993590000 322
1511993590000 322
1511993590000 322
1511993590000 323
1511993590000 323
1511993590000 323
1511993590000 323
1511993590000 323
1511993600000 332
1511993600000 333
1511993600000 333
1511993600000 333
1511993600000 333
1511993600000 333
1511993600000 333
1511993600000 333
1511993600000 333
1511993600000 333
1511993600000 334
1511993600000 334
1511993600000 334
1511993600000 334
1511993600000 334
1511993600000 334
1511993600000 334
1511993600000 334
1511993600000 334
1511993600000 334
1511993600000 334
1511993600000 334
1511993600000 334
1511993600000 334
1511993600000 334
1511993600000 334
1511993600000 334
1511993600000 334
1511993600000 334
1511993600000 334
1511993600000 334
1511993600000 334
1511993600000 334
1511993600000 334
1511993600000 334
1511993600000 335
1511993600000 335
1511993600000 335
1511993600000 335
1511993600000 335
1511993600000 335
1511993600000 335
1511993600000 335
1511993600000 335
1511993600000 335
1511993600000 335
1511993600000 335
1511993600000 335
1511993600000 335
1511993600000 335
1511993600000 335
1511993600000 335
1511993600000 335
1511993600000 335
1511993600000 335
1511993600000 335
1511993600000 336
1511993600000 336
1511993600000 336
1511993600000 336
1511993600000 336
1511993600000 336
1511993600000 336
1511993600000 336
1511993600000 336
1511993600000 336
1511993600000 336
1511993600000 336
1511993600000 337
1511993600000 337
1511993600000 337
1511993600000 337
1511993600000 337
1511993600000 337
1511993600000 337
1511993600000 337
1511993600000 337
1511993600000 337
1511993600000 337
1511993600000 337
1511993600000 337
1511993600000 337
1511993600000 337
1511993600000 337
1511993600000 337
1511993600000 337
1511993600000 337
1511993600000 337
1511993600000 338
1511993600000 338
1511993600000 338
1511993600000 338
1511993600000 338
1511993600000 338
1511993600000 338
1511993600000 338
1511993600000 338
1511993600000 338
1511993600000 339
1511993600000 339
1511993610000 300
1511993610000 300
1511993610000 300
1511993610000 300
1511993610000 301
1511993610000 301
1511993610000 301
1511993610000 301
1511993610000 301
1511993610000 301
1511993610000 301
1511993610000 301
1511993610000 301
1511993610000 301
1511993610000 301
1511993610000 301
1511993610000 301
1511993610000 301
1511993610000 301
1511993610000 301
1511993610000 301
1511993610000 301
1511993610000 301
1511993610000 301
1511993610000 301
1511993610000 302
1511993610000 302
1511993610000 302
1511993610000 302
1511993610000 302
1511993610000 302
1511993610000 302
1511993610000 302
1511993610000 302
1511993610000 302
1511993610000 302
1511993610000 302
1511993610000 302
1511993610000 302
1511993610000 302
1511993610000 302
1511993610000 302
1511993610000 302
1511993610000 302
1511993610000 302
1511993610000 302
1511993610000 302
1511993610000 302
1511993610000 302
1511993610000 302
1511993610000 302
1511993610000 302
1511993610000 302
1511993610000 302
1511993610000 302
1511993610000 303
1511993610000 303
1511993610000 303
1511993610000 303
1511993610000 303
1511993610000 303
1511993610000 303
1511993610000 303
1511993610000 303
1511993610000 303
1511993610000 303
1511993610000 303
1511993610000 303
1511993610000 303
1511993610000 303
1511993610000 303
1511993610000 303
1511993610000 303
1511993610000 303
1511993610000 303
1511993610000 303
1511993610000 303
1511993610000 303
1511993610000 303
1511993610000 303
1511993610000 304
1511993610000 304
1511993610000 304
1511993610000 304
1511993610000 304
1511993610000 304
1511993610000 304
1511993610000 304
1511993610000 304
1511993610000 304
1511993610000 304
1511993610000 304
1511993610000 304
1511993610000 304
1511993610000 304
1511993610000 305
1511993610000 305
1511993610000 305
1511993610000 306
1511993610000 306
1511993620000 326
1511993620000 326
1511993620000 326
1511993620000 326
1511993620000 326
1511993620000 326
1511993620000 326
1511993620000 326
1511993620000 326
1511993620000 326
1511993620000 326
1511993620000 326
1511993620000 326
1511993620000 326
1511993620000 326
1511993620000 327
1511993620000 327
1511993620000 327
1511993620000 327
1511993620000 327
1511993620000 327
1511993620000 327
1511993620000 327
1511993620000 327
1511993620000 327
1511993620000 327
1511993620000 327
1511993620000 327
1511993620000 327
1511993620000 327
1511993620000 327
1511993620000 327
1511993620000 327
1511993620000 327
1511993620000 327
1511993620000 327
1511993620000 327
1511993620000 327
1511993620000 327
1511993620000 327
1511993620000 327
1511993620000 327
1511993620000 327
1511993620000 327
1511993620000 327
1511993620000 327
1511993620000 327
1511993620000 327
1511993620000 328
1511993620000 328
1511993620000 328
1511993620000 328
1511993620000 328
1511993620000 328
1511993620000 328
1511993620000 328
1511993620000 328
1511993620000 328
1511993620000 328
1511993620000 328
1511993620000 328
1511993620000 328
1511993620000 328
1511993620000 328
1511993620000 328
1511993620000 328
1511993620000 328
1511993620000 328
1511993620000 328
1511993620000 328
1511993620000 328
1511993620000 328
1511993620000 329
1511993620000 329
1511993620000 329
1511993620000 329
1511993620000 329
1511993620000 329
1511993620000 329
1511993620000 329
1511993620000 329
1511993620000 329
1511993620000 329
1511993620000 329
1511993620000 329
1511993620000 329
1511993620000 329
1511993620000 329
1511993620000 329
1511993620000 329
1511993620000 330
1511993620000 330
1511993620000 330
1511993620000 332
1511993620000 332
1511993620000 340
1511993620000 340
1511993620000 341
1511993620000 341
1511993620000 342
1511993630000 331
1511993630000 332
1511993630000 332
1511993630000 332
1511993630000 332
1511993630000 332
1511993630000 332
1511993630000 332
1511993630000 332
1511993630000 332
1511993630000 332
1511993630000 332
1511993630000 332
1511993630000 332
1511993630000 332
1511993630000 332
1511993630000 332
1511993630000 332
1511993630000 332
1511993630000 332
1511993630000 332
1511993630000 332
1511993630000 332
1511993630000 332
1511993630000 332
1511993630000 332
1511993630000 333
1511993630000 333
1511993630000 333
1511993630000 333
1511993630000 333
1511993630000 333
1511993630000 333
1511993630000 333
1511993630000 333
1511993630000 333
1511993630000 333
1511993630000 333
1511993630000 333
1511993630000 333
1511993630000 333
1511993630000 333
1511993630000 333
1511993630000 333
1511993630000 333
1511993630000 333
1511993630000 333
1511993630000 333
1511993630000 333
1511993630000 333
1511993630000 333
1511993630000 333
1511993630000 333
1511993630000 333
1511993630000 333
1511993630000 333
1511993630000 333
1511993630000 333
1511993630000 333
1511993630000 333
1511993630000 333
1511993630000 333
1511993630000 333
1511993630000 334
1511993630000 334
1511993630000 334
1511993630000 334
1511993630000 334
1511993630000 334
1511993630000 334
1511993630000 334
1511993630000 334
1511993630000 334
1511993630000 334
1511993630000 334
1511993630000 334
1511993630000 334
1511993630000 334
1511993630000 334
1511993630000 334
1511993630000 334
1511993630000 334
1511993630000 334
1511993630000 334
1511993630000 334
1511993630000 334
1511993630000 334
1511993630000 334
1511993630000 334
1511993630000 334
1511993630000 335
1511993630000 335
1511993630000 335
1511993630000 335
1511993630000 335
1511993630000 335
1511993630000 335
1511993630000 335
1511993630000 335
1511993630000 335
1511993640000 320
1511993640000 320
1511993640000 320
1511993640000 320
1511993640000 320
1511993640000 320
1511993640000 320
1511993640000 321
1511993640000 321
1511993640000 321
1511993640000 321
1511993640000 321
1511993640000 321
1511993640000 321
1511993640000 321
1511993640000 321
1511993640000 321
1511993640000 321
1511993640000 321
1511993640000 321
1511993640000 321
1511993640000 321
1511993640000 321
1511993640000 321
1511993640000 321
1511993640000 321
1511993640000 321
1511993640000 321
1511993640000 321
1511993640000 321
1511993640000 321
1511993640000 321
1511993640000 321
1511993640000 321
1511993640000 321
1511993640000 321
1511993640000 321
1511993640000 321
1511993640000 321
1511993640000 321
1511993640000 321
1511993640000 322
1511993640000 322
1511993640000 322
1511993640000 322
1511993640000 322
1511993640000 323
1511993640000 323
1511993640000 323
1511993640000 323
1511993640000 323
1511993640000 323
1511993640000 323
1511993640000 323
1511993640000 323
1511993640000 323
1511993640000 323
1511993640000 323
1511993640000 323
1511993640000 323
1511993640000 323
1511993640000 323
1511993640000 323
1511993640000 324
1511993640000 324
1511993640000 324
1511993640000 324
1511993640000 324
1511993640000 324
1511993640000 324
1511993640000 324
1511993640000 324
1511993640000 324
1511993640000 324
1511993640000 324
1511993640000 324
1511993640000 325
1511993640000 325
1511993640000 325
1511993640000 325
1511993640000 325
1511993640000 325
1511993640000 325
1511993640000 326
1511993640000 329
1511993640000 330
1511993640000 330
1511993640000 332
1511993640000 333
1511993640000 333
1511993640000 334
1511993640000 345
1511993640000 345
1511993640000 345
1511993640000 346
1511993640000 346
1511993640000 347
1511993640000 347
1511993640000 348
1511993640000 348
1511993650000 329
1511993650000 329
1511993650000 330
1511993650000 330
1511993650000 330
1511993650000 330
1511993650000 330
1511993650000 330
1511993650000 330
1511993650000 330
1511993650000 330
1511993650000 330
1511993650000 331
1511993650000 331
1511993650000 331
1511993650000 331
1511993650000 331
1511993650000 331
1511993650000 331
1511993650000 331
1511993650000 331
1511993650000 331
1511993650000 331
1511993650000 331
1511993650000 331
1511993650000 331
1511993650000 331
1511993650000 331
1511993650000 331
1511993650000 331
1511993650000 331
1511993650000 331
1511993650000 331
1511993650000 331
1511993650000 331
1511993650000 331
1511993650000 331
1511993650000 331
1511993650000 331
1511993650000 331
1511993650000 331
1511993650000 331
1511993650000 331
1511993650000 331
1511993650000 331
1511993650000 331
1511993650000 332
1511993650000 332
1511993650000 332
1511993650000 332
1511993650000 332
1511993650000 333
1511993650000 333
1511993650000 333
1511993650000 333
1511993650000 333
1511993650000 333
1511993650000 333
1511993650000 333
1511993650000 333
1511993650000 333
1511993650000 334
1511993650000 334
1511993650000 334
1511993650000 334
1511993650000 334
1511993650000 334
1511993650000 334
1511993650000 334
1511993650000 334
1511993650000 334
1511993650000 334
1511993650000 334
1511993650000 334
1511993650000 334
1511993650000 334
1511993650000 334
1511993650000 334
1511993650000 335
1511993650000 335
1511993650000 335
1511993650000 335
1511993650000 335
1511993650000 335
1511993650000 335
1511993650000 335
1511993650000 335
1511993650000 336
1511993650000 336
1511993650000 336
1511993650000 336
1511993650000 336
1511993650000 336
1511993650000 336
1511993650000 336
1511993650000 336
1511993650000 336
1511993650000 336
1511993650000 337
1511993650000 337
1511993660000 -1652
1511993660000 -1674
1511993660000 -1684
1511993660000 -1747
1511993660000 -1749
1511993660000 -1749
1511993660000 -1750
1511993660000 18
1511993660000 -1962
1511993660000 -1969
1511993660000 -1972
1511993660000 -1994
1511993660000 265
1511993660000 29
1511993660000 29
1511993660000 30
1511993660000 31
1511993660000 32
1511993660000 -322
1511993660000 34
1511993660000 349
1511993660000 350
1511993660000 350
1511993660000 350
1511993660000 351
1511993660000 351
1511993660000 352
1511993660000 352
1511993660000 353
1511993660000 354
1511993660000 354
1511993660000 354
1511993660000 354
1511993660000 355
1511993660000 355
1511993660000 355
1511993660000 355
1511993660000 356
1511993660000 37
1511993660000 37
1511993660000 38
1511993660000 39
1511993660000 6
1511993660000 6
1511993660000 -637
1511993660000 -638
1511993660000 -640
1511993660000 -642
1511993660000 -649
1511993660000 -650
1511993660000 -651
1511993660000 -652
1511993660000 -657
1511993660000 -658
1511993660000 -673
1511993660000 -684
1511993660000 -685
1511993660000 -685
1511993660000 -685
1511993660000 -692
1511993660000 -696
1511993660000 -723
1511993660000 -724
1511993660000 -724
1511993660000 -724
1511993660000 -732
1511993660000 -743
1511993660000 -749
1511993660000 -752
1511993660000 -753
1511993660000 9
1511993660000 -947
1511993660000 -948
1511993660000 -948
1511993660000 -961
1511993660000 -962
1511993660000 -962
1511993660000 -962
1511993660000 -962
1511993660000 -963
1511993660000 -963
1511993660000 -963
1511993660000 -964
1511993660000 -964
1511993660000 -966
1511993660000 -966
1511993660000 -968
1511993660000 -969
1511993660000 -971
1511993660000 -972
1511993660000 -972
1511993660000 -973
1511993660000 -982
1511993660000 -991
1511993660000 -992
1511993660000 -993
1511993660000 -994
1511993660000 -994
1511993660000 -994
1511993660000 -995
