1512120300000 319
1512120300000 319
1512120300000 319
1512120300000 320
1512120300000 320
1512120300000 320
1512120300000 320
1512120300000 320
1512120300000 320
1512120300000 320
1512120300000 320
1512120300000 320
1512120300000 321
1512120300000 321
1512120300000 321
1512120300000 321
1512120300000 321
1512120300000 321
1512120300000 321
1512120300000 321
1512120300000 321
1512120300000 321
1512120300000 321
1512120300000 321
1512120300000 321
1512120300000 321
1512120300000 321
1512120300000 321
1512120300000 321
1512120300000 322
1512120300000 322
1512120300000 322
1512120300000 322
1512120300000 322
1512120300000 323
1512120300000 323
1512120300000 324
1512120300000 324
1512120300000 324
1512120300000 324
1512120300000 324
1512120300000 325
1512120300000 325
1512120300000 325
1512120300000 325
1512120300000 325
1512120300000 325
1512120300000 325
1512120300000 325
1512120300000 325
1512120300000 325
1512120300000 325
1512120300000 325
1512120300000 325
1512120300000 325
1512120300000 325
1512120300000 326
1512120300000 326
1512120300000 326
1512120300000 326
1512120300000 326
1512120300000 326
1512120300000 326
1512120300000 326
1512120300000 326
1512120300000 326
1512120300000 327
1512120300000 327
1512120300000 327
1512120300000 327
1512120300000 327
1512120300000 327
1512120300000 327
1512120300000 327
1512120300000 327
1512120300000 327
1512120300000 327
1512120300000 327
1512120300000 327
1512120300000 327
1512120300000 327
1512120300000 327
1512120300000 330
1512120300000 330
1512120300000 330
1512120300000 330
1512120300000 330
1512120300000 330
1512120300000 330
1512120300000 330
1512120300000 331
1512120300000 331
1512120300000 331
1512120300000 332
1512120300000 332
1512120300000 333
1512120300000 333
1512120300000 333
1512120300000 334
1512120300000 334
1512120310000 321
1512120310000 321
1512120310000 322
1512120310000 322
1512120310000 322
1512120310000 322
1512120310000 322
1512120310000 322
1512120310000 322
1512120310000 322
1512120310000 322
1512120310000 322
1512120310000 323
1512120310000 323
1512120310000 323
1512120310000 323
1512120310000 323
1512120310000 323
1512120310000 323
1512120310000 323
1512120310000 323
1512120310000 323
1512120310000 323
1512120310000 323
1512120310000 323
1512120310000 324
1512120310000 324
1512120310000 324
1512120310000 324
1512120310000 324
1512120310000 324
1512120310000 324
1512120310000 324
1512120310000 324
1512120310000 324
1512120310000 324
1512120310000 324
1512120310000 325
1512120310000 325
1512120310000 325
1512120310000 325
1512120310000 325
1512120310000 325
1512120310000 325
1512120310000 325
1512120310000 326
1512120310000 326
1512120310000 326
1512120310000 326
1512120310000 326
1512120310000 326
1512120310000 326
1512120310000 326
1512120310000 326
1512120310000 326
1512120310000 326
1512120310000 326
1512120310000 326
1512120310000 326
1512120310000 326
1512120310000 326
1512120310000 326
1512120310000 327
1512120310000 327
1512120310000 327
1512120310000 327
1512120310000 327
1512120310000 327
1512120310000 328
1512120310000 328
1512120310000 328
1512120310000 328
1512120310000 328
1512120310000 328
1512120310000 328
1512120310000 328
1512120310000 328
1512120310000 329
1512120310000 329
1512120310000 329
1512120310000 329
1512120310000 329
1512120310000 330
1512120310000 331
1512120310000 331
1512120310000 332
1512120310000 334
1512120310000 334
1512120310000 334
1512120310000 337
1512120310000 337
1512120310000 338
1512120310000 339
1512120310000 339
1512120310000 341
1512120310000 343
1512120310000 344
1512120310000 344
1512120310000 345
1512120310000 345
1512120320000 322
1512120320000 322
1512120320000 322
1512120320000 322
1512120320000 322
1512120320000 322
1512120320000 322
1512120320000 322
1512120320000 322
1512120320000 322
1512120320000 322
1512120320000 322
1512120320000 323
1512120320000 323
1512120320000 323
1512120320000 323
1512120320000 323
1512120320000 323
1512120320000 323
1512120320000 323
1512120320000 323
1512120320000 323
1512120320000 323
1512120320000 323
1512120320000 323
1512120320000 323
1512120320000 323
1512120320000 324
1512120320000 324
1512120320000 324
1512120320000 324
1512120320000 324
1512120320000 324
1512120320000 324
1512120320000 324
1512120320000 324
1512120320000 324
1512120320000 324
1512120320000 324
1512120320000 324
1512120320000 325
1512120320000 325
1512120320000 325
1512120320000 325
1512120320000 325
1512120320000 326
1512120320000 326
1512120320000 326
1512120320000 326
1512120320000 326
1512120320000 326
1512120320000 326
1512120320000 326
1512120320000 327
1512120320000 327
1512120320000 327
1512120320000 327
1512120320000 327
1512120320000 327
1512120320000 327
1512120320000 327
1512120320000 327
1512120320000 327
1512120320000 327
1512120320000 327
1512120320000 327
1512120320000 328
1512120320000 328
1512120320000 328
1512120320000 328
1512120320000 328
1512120320000 328
1512120320000 328
1512120320000 328
1512120320000 328
1512120320000 328
1512120320000 328
1512120320000 329
1512120320000 329
1512120320000 329
1512120320000 329
1512120320000 329
1512120320000 330
1512120320000 330
1512120320000 330
1512120320000 330
1512120320000 330
1512120320000 330
1512120320000 345
1512120320000 347
1512120320000 349
1512120320000 349
1512120320000 350
1512120320000 351
1512120320000 363
1512120320000 363
1512120320000 363
1512120320000 363
1512120320000 363
1512120320000 364
1512120330000 306
1512120330000 306
1512120330000 306
1512120330000 306
1512120330000 306
1512120330000 306
1512120330000 306
1512120330000 306
1512120330000 306
1512120330000 306
1512120330000 306
1512120330000 307
1512120330000 307
1512120330000 307
1512120330000 307
1512120330000 307
1512120330000 307
1512120330000 307
1512120330000 307
1512120330000 307
1512120330000 307
1512120330000 307
1512120330000 307
1512120330000 307
1512120330000 307
1512120330000 307
1512120330000 307
1512120330000 307
1512120330000 307
1512120330000 307
1512120330000 307
1512120330000 307
1512120330000 307
1512120330000 307
1512120330000 307
1512120330000 307
1512120330000 307
1512120330000 307
1512120330000 307
1512120330000 307
1512120330000 307
1512120330000 307
1512120330000 307
1512120330000 308
1512120330000 308
1512120330000 308
1512120330000 308
1512120330000 308
1512120330000 308
1512120330000 308
1512120330000 308
1512120330000 308
1512120330000 308
1512120330000 308
1512120330000 308
1512120330000 308
1512120330000 308
1512120330000 308
1512120330000 308
1512120330000 308
1512120330000 308
1512120330000 308
1512120330000 308
1512120330000 308
1512120330000 308
1512120330000 308
1512120330000 308
1512120330000 308
1512120330000 308
1512120330000 308
1512120330000 308
1512120330000 308
1512120330000 308
1512120330000 309
1512120330000 309
1512120330000 309
1512120330000 309
1512120330000 309
1512120330000 309
1512120330000 309
1512120330000 309
1512120330000 309
1512120330000 309
1512120330000 309
1512120330000 309
1512120330000 309
1512120330000 309
1512120330000 309
1512120330000 309
1512120330000 309
1512120330000 309
1512120330000 310
1512120330000 310
1512120330000 310
1512120330000 310
1512120330000 310
1512120330000 311
1512120330000 312
1512120330000 327
1512120330000 327
1512120340000 325
1512120340000 325
1512120340000 325
1512120340000 325
1512120340000 325
1512120340000 325
1512120340000 325
1512120340000 325
1512120340000 326
1512120340000 326
1512120340000 326
1512120340000 326
1512120340000 327
1512120340000 327
1512120340000 327
1512120340000 327
1512120340000 327
1512120340000 327
1512120340000 327
1512120340000 327
1512120340000 327
1512120340000 327
1512120340000 327
1512120340000 327
1512120340000 327
1512120340000 327
1512120340000 327
1512120340000 327
1512120340000 327
1512120340000 327
1512120340000 327
1512120340000 327
1512120340000 327
1512120340000 327
1512120340000 327
1512120340000 327
1512120340000 327
1512120340000 327
1512120340000 327
1512120340000 327
1512120340000 327
1512120340000 327
1512120340000 327
1512120340000 328
1512120340000 328
1512120340000 328
1512120340000 328
1512120340000 328
1512120340000 328
1512120340000 328
1512120340000 328
1512120340000 328
1512120340000 328
1512120340000 328
1512120340000 328
1512120340000 328
1512120340000 328
1512120340000 328
1512120340000 328
1512120340000 328
1512120340000 329
1512120340000 329
1512120340000 329
1512120340000 329
1512120340000 329
1512120340000 329
1512120340000 329
1512120340000 329
1512120340000 329
1512120340000 329
1512120340000 329
1512120340000 329
1512120340000 329
1512120340000 329
1512120340000 329
1512120340000 330
1512120340000 330
1512120340000 330
1512120340000 330
1512120340000 330
1512120340000 330
1512120340000 330
1512120340000 330
1512120340000 330
1512120340000 331
1512120340000 331
1512120340000 331
1512120340000 331
1512120340000 331
1512120340000 332
1512120340000 332
1512120340000 332
1512120340000 332
1512120340000 333
1512120340000 335
1512120340000 335
1512120340000 336
1512120340000 336
1512120340000 337
1512120340000 338
1512120350000 312
1512120350000 312
1512120350000 312
1512120350000 312
1512120350000 312
1512120350000 312
1512120350000 312
1512120350000 313
1512120350000 313
1512120350000 313
1512120350000 313
1512120350000 313
1512120350000 313
1512120350000 313
1512120350000 313
1512120350000 313
1512120350000 313
1512120350000 313
1512120350000 313
1512120350000 313
1512120350000 313
1512120350000 313
1512120350000 313
1512120350000 313
1512120350000 313
1512120350000 313
1512120350000 313
1512120350000 313
1512120350000 313
1512120350000 313
1512120350000 313
1512120350000 313
1512120350000 313
1512120350000 313
1512120350000 313
1512120350000 313
1512120350000 313
1512120350000 313
1512120350000 313
1512120350000 313
1512120350000 313
1512120350000 313
1512120350000 313
1512120350000 313
1512120350000 313
1512120350000 313
1512120350000 313
1512120350000 313
1512120350000 314
1512120350000 314
1512120350000 314
1512120350000 314
1512120350000 314
1512120350000 314
1512120350000 314
1512120350000 314
1512120350000 314
1512120350000 314
1512120350000 314
1512120350000 314
1512120350000 314
1512120350000 314
1512120350000 314
1512120350000 314
1512120350000 315
1512120350000 315
1512120350000 315
1512120350000 315
1512120350000 315
1512120350000 315
1512120350000 315
1512120350000 315
1512120350000 315
1512120350000 315
1512120350000 315
1512120350000 315
1512120350000 315
1512120350000 315
1512120350000 315
1512120350000 315
1512120350000 315
1512120350000 315
1512120350000 315
1512120350000 315
1512120350000 315
1512120350000 315
1512120350000 316
1512120350000 316
1512120350000 316
1512120350000 316
1512120350000 316
1512120350000 317
1512120350000 317
1512120350000 317
1512120350000 318
1512120350000 318
1512120350000 318
1512120350000 322
1512120350000 322
1512120350000 322
1512120360000 320
1512120360000 320
1512120360000 321
1512120360000 321
1512120360000 321
1512120360000 321
1512120360000 321
1512120360000 321
1512120360000 321
1512120360000 321
1512120360000 321
1512120360000 321
1512120360000 321
1512120360000 321
1512120360000 321
1512120360000 321
1512120360000 321
1512120360000 321
1512120360000 321
1512120360000 321
1512120360000 321
1512120360000 321
1512120360000 321
1512120360000 321
1512120360000 321
1512120360000 322
1512120360000 322
1512120360000 322
1512120360000 322
1512120360000 322
1512120360000 322
1512120360000 322
1512120360000 322
1512120360000 322
1512120360000 322
1512120360000 322
1512120360000 322
1512120360000 322
1512120360000 322
1512120360000 322
1512120360000 322
1512120360000 322
1512120360000 322
1512120360000 322
1512120360000 322
1512120360000 322
1512120360000 322
1512120360000 322
1512120360000 323
1512120360000 323
1512120360000 323
1512120360000 323
1512120360000 323
1512120360000 323
1512120360000 323
1512120360000 323
1512120360000 323
1512120360000 323
1512120360000 323
1512120360000 323
1512120360000 323
1512120360000 323
1512120360000 323
1512120360000 323
1512120360000 323
1512120360000 324
1512120360000 324
1512120360000 324
1512120360000 324
1512120360000 324
1512120360000 324
1512120360000 324
1512120360000 324
1512120360000 324
1512120360000 324
1512120360000 324
1512120360000 324
1512120360000 325
1512120360000 325
1512120360000 325
1512120360000 325
1512120360000 326
1512120360000 326
1512120360000 326
1512120360000 327
1512120360000 327
1512120360000 327
1512120360000 328
1512120360000 328
1512120360000 328
1512120360000 328
1512120360000 328
1512120360000 329
1512120360000 347
1512120360000 347
1512120360000 347
1512120360000 347
1512120360000 348
1512120360000 349
1512120360000 349
1512120370000 320
1512120370000 320
1512120370000 320
1512120370000 320
1512120370000 320
1512120370000 320
1512120370000 320
1512120370000 320
1512120370000 320
1512120370000 321
1512120370000 321
1512120370000 321
1512120370000 321
1512120370000 321
1512120370000 321
1512120370000 321
1512120370000 321
1512120370000 321
1512120370000 321
1512120370000 321
1512120370000 321
1512120370000 321
1512120370000 321
1512120370000 321
1512120370000 322
1512120370000 322
1512120370000 322
1512120370000 322
1512120370000 322
1512120370000 322
1512120370000 322
1512120370000 322
1512120370000 322
1512120370000 322
1512120370000 322
1512120370000 322
1512120370000 322
1512120370000 322
1512120370000 322
1512120370000 322
1512120370000 322
1512120370000 322
1512120370000 322
1512120370000 323
1512120370000 323
1512120370000 323
1512120370000 323
1512120370000 323
1512120370000 323
1512120370000 323
1512120370000 323
1512120370000 323
1512120370000 323
1512120370000 323
1512120370000 323
1512120370000 323
1512120370000 323
1512120370000 323
1512120370000 323
1512120370000 323
1512120370000 324
1512120370000 324
1512120370000 324
1512120370000 324
1512120370000 324
1512120370000 324
1512120370000 324
1512120370000 324
1512120370000 324
1512120370000 324
1512120370000 324
1512120370000 324
1512120370000 324
1512120370000 324
1512120370000 325
1512120370000 325
1512120370000 325
1512120370000 325
1512120370000 325
1512120370000 325
1512120370000 325
1512120370000 325
1512120370000 325
1512120370000 325
1512120370000 325
1512120370000 325
1512120370000 325
1512120370000 325
1512120370000 326
1512120370000 326
1512120370000 326
1512120370000 326
1512120370000 326
1512120370000 327
1512120370000 327
1512120370000 328
1512120370000 328
1512120370000 329
1512120370000 329
1512120370000 330
1512120380000 321
1512120380000 321
1512120380000 322
1512120380000 322
1512120380000 322
1512120380000 322
1512120380000 322
1512120380000 322
1512120380000 323
1512120380000 323
1512120380000 323
1512120380000 323
1512120380000 323
1512120380000 323
1512120380000 323
1512120380000 323
1512120380000 323
1512120380000 324
1512120380000 324
1512120380000 324
1512120380000 324
1512120380000 324
1512120380000 324
1512120380000 324
1512120380000 324
1512120380000 325
1512120380000 325
1512120380000 325
1512120380000 325
1512120380000 325
1512120380000 325
1512120380000 325
1512120380000 325
1512120380000 325
1512120380000 326
1512120380000 326
1512120380000 326
1512120380000 326
1512120380000 326
1512120380000 326
1512120380000 326
1512120380000 326
1512120380000 326
1512120380000 326
1512120380000 326
1512120380000 326
1512120380000 326
1512120380000 326
1512120380000 326
1512120380000 326
1512120380000 326
1512120380000 327
1512120380000 327
1512120380000 327
1512120380000 327
1512120380000 327
1512120380000 327
1512120380000 327
1512120380000 327
1512120380000 327
1512120380000 327
1512120380000 327
1512120380000 327
1512120380000 327
1512120380000 328
1512120380000 328
1512120380000 328
1512120380000 328
1512120380000 328
1512120380000 328
1512120380000 328
1512120380000 328
1512120380000 328
1512120380000 328
1512120380000 329
1512120380000 329
1512120380000 329
1512120380000 330
1512120380000 330
1512120380000 330
1512120380000 331
1512120380000 331
1512120380000 332
1512120380000 332
1512120380000 333
1512120380000 339
1512120380000 339
1512120380000 340
1512120380000 351
1512120380000 353
1512120380000 353
1512120380000 353
1512120380000 354
1512120380000 367
1512120380000 368
1512120380000 368
1512120380000 368
1512120380000 369
1512120380000 369
1512120380000 369
1512120390000 320
1512120390000 320
1512120390000 320
1512120390000 321
1512120390000 321
1512120390000 321
1512120390000 321
1512120390000 321
1512120390000 321
1512120390000 321
1512120390000 321
1512120390000 321
1512120390000 321
1512120390000 322
1512120390000 322
1512120390000 322
1512120390000 322
1512120390000 322
1512120390000 322
1512120390000 322
1512120390000 322
1512120390000 322
1512120390000 322
1512120390000 322
1512120390000 322
1512120390000 323
1512120390000 323
1512120390000 323
1512120390000 323
1512120390000 323
1512120390000 323
1512120390000 323
1512120390000 323
1512120390000 323
1512120390000 323
1512120390000 323
1512120390000 324
1512120390000 324
1512120390000 324
1512120390000 324
1512120390000 324
1512120390000 324
1512120390000 324
1512120390000 325
1512120390000 325
1512120390000 325
1512120390000 325
1512120390000 325
1512120390000 325
1512120390000 325
1512120390000 325
1512120390000 325
1512120390000 325
1512120390000 325
1512120390000 326
1512120390000 326
1512120390000 326
1512120390000 326
1512120390000 326
1512120390000 326
1512120390000 326
1512120390000 326
1512120390000 326
1512120390000 326
1512120390000 327
1512120390000 327
1512120390000 327
1512120390000 327
1512120390000 327
1512120390000 327
1512120390000 327
1512120390000 327
1512120390000 327
1512120390000 328
1512120390000 328
1512120390000 328
1512120390000 328
1512120390000 328
1512120390000 328
1512120390000 328
1512120390000 328
1512120390000 329
1512120390000 329
1512120390000 329
1512120390000 329
1512120390000 329
1512120390000 329
1512120390000 329
1512120390000 330
1512120390000 330
1512120390000 330
1512120390000 330
1512120390000 330
1512120390000 331
1512120390000 364
1512120390000 364
1512120390000 376
1512120390000 377
1512120390000 377
1512120390000 378
1512120400000 302
1512120400000 302
1512120400000 302
1512120400000 302
1512120400000 302
1512120400000 302
1512120400000 302
1512120400000 302
1512120400000 302
1512120400000 302
1512120400000 302
1512120400000 302
1512120400000 302
1512120400000 302
1512120400000 303
1512120400000 303
1512120400000 303
1512120400000 303
1512120400000 303
1512120400000 303
1512120400000 303
1512120400000 303
1512120400000 303
1512120400000 303
1512120400000 303
1512120400000 303
1512120400000 303
1512120400000 303
1512120400000 303
1512120400000 303
1512120400000 303
1512120400000 303
1512120400000 303
1512120400000 303
1512120400000 303
1512120400000 303
1512120400000 303
1512120400000 303
1512120400000 303
1512120400000 303
1512120400000 303
1512120400000 303
1512120400000 303
1512120400000 303
1512120400000 303
1512120400000 304
1512120400000 304
1512120400000 304
1512120400000 304
1512120400000 304
1512120400000 304
1512120400000 304
1512120400000 304
1512120400000 304
1512120400000 304
1512120400000 304
1512120400000 304
1512120400000 304
1512120400000 304
1512120400000 304
1512120400000 304
1512120400000 304
1512120400000 304
1512120400000 304
1512120400000 304
1512120400000 305
1512120400000 305
1512120400000 305
1512120400000 305
1512120400000 305
1512120400000 305
1512120400000 305
1512120400000 305
1512120400000 305
1512120400000 305
1512120400000 305
1512120400000 305
1512120400000 305
1512120400000 305
1512120400000 305
1512120400000 305
1512120400000 305
1512120400000 305
1512120400000 305
1512120400000 305
1512120400000 305
1512120400000 305
1512120400000 305
1512120400000 305
1512120400000 305
1512120400000 305
1512120400000 306
1512120400000 306
1512120400000 306
1512120400000 306
1512120400000 306
1512120400000 306
1512120400000 307
1512120400000 307
1512120400000 307
1512120410000 328
1512120410000 328
1512120410000 328
1512120410000 328
1512120410000 328
1512120410000 329
1512120410000 329
1512120410000 329
1512120410000 329
1512120410000 329
1512120410000 329
1512120410000 329
1512120410000 329
1512120410000 329
1512120410000 329
1512120410000 329
1512120410000 329
1512120410000 329
1512120410000 329
1512120410000 329
1512120410000 329
1512120410000 329
1512120410000 329
1512120410000 329
1512120410000 329
1512120410000 329
1512120410000 329
1512120410000 329
1512120410000 329
1512120410000 329
1512120410000 329
1512120410000 329
1512120410000 329
1512120410000 329
1512120410000 330
1512120410000 330
1512120410000 330
1512120410000 330
1512120410000 330
1512120410000 330
1512120410000 330
1512120410000 330
1512120410000 330
1512120410000 330
1512120410000 330
1512120410000 330
1512120410000 330
1512120410000 330
1512120410000 330
1512120410000 330
1512120410000 330
1512120410000 330
1512120410000 330
1512120410000 330
1512120410000 330
1512120410000 330
1512120410000 330
1512120410000 330
1512120410000 331
1512120410000 331
1512120410000 331
1512120410000 331
1512120410000 331
1512120410000 331
1512120410000 331
1512120410000 331
1512120410000 331
1512120410000 331
1512120410000 331
1512120410000 331
1512120410000 331
1512120410000 331
1512120410000 331
1512120410000 331
1512120410000 331
1512120410000 331
1512120410000 331
1512120410000 332
1512120410000 332
1512120410000 332
1512120410000 332
1512120410000 332
1512120410000 332
1512120410000 332
1512120410000 332
1512120410000 332
1512120410000 332
1512120410000 332
1512120410000 333
1512120410000 333
1512120410000 333
1512120410000 334
1512120410000 335
1512120410000 335
1512120410000 335
1512120410000 336
1512120410000 337
1512120410000 353
1512120410000 353
1512120410000 354
1512120420000 320
1512120420000 321
1512120420000 321
1512120420000 321
1512120420000 321
1512120420000 321
1512120420000 321
1512120420000 321
1512120420000 321
1512120420000 321
1512120420000 321
1512120420000 321
1512120420000 322
1512120420000 322
1512120420000 322
1512120420000 322
1512120420000 322
1512120420000 322
1512120420000 322
1512120420000 322
1512120420000 323
1512120420000 323
1512120420000 323
1512120420000 323
1512120420000 323
1512120420000 323
1512120420000 323
1512120420000 323
1512120420000 324
1512120420000 324
1512120420000 324
1512120420000 324
1512120420000 324
1512120420000 324
1512120420000 324
1512120420000 324
1512120420000 324
1512120420000 324
1512120420000 324
1512120420000 324
1512120420000 324
1512120420000 325
1512120420000 325
1512120420000 325
1512120420000 325
1512120420000 325
1512120420000 325
1512120420000 325
1512120420000 325
1512120420000 326
1512120420000 326
1512120420000 326
1512120420000 326
1512120420000 326
1512120420000 326
1512120420000 326
1512120420000 326
1512120420000 326
1512120420000 326
1512120420000 326
1512120420000 326
1512120420000 327
1512120420000 327
1512120420000 327
1512120420000 327
1512120420000 327
1512120420000 327
1512120420000 327
1512120420000 327
1512120420000 327
1512120420000 328
1512120420000 328
1512120420000 328
1512120420000 328
1512120420000 328
1512120420000 328
1512120420000 328
1512120420000 328
1512120420000 328
1512120420000 328
1512120420000 328
1512120420000 328
1512120420000 328
1512120420000 328
1512120420000 329
1512120420000 329
1512120420000 329
1512120420000 329
1512120420000 329
1512120420000 329
1512120420000 330
1512120420000 330
1512120420000 330
1512120420000 330
1512120420000 330
1512120420000 330
1512120420000 353
1512120420000 353
1512120420000 355
1512120420000 356
1512120430000 292
1512120430000 293
1512120430000 293
1512120430000 293
1512120430000 293
1512120430000 293
1512120430000 293
1512120430000 293
1512120430000 293
1512120430000 293
1512120430000 293
1512120430000 293
1512120430000 293
1512120430000 293
1512120430000 293
1512120430000 293
1512120430000 293
1512120430000 293
1512120430000 294
1512120430000 294
1512120430000 294
1512120430000 294
1512120430000 294
1512120430000 294
1512120430000 294
1512120430000 294
1512120430000 294
1512120430000 294
1512120430000 294
1512120430000 294
1512120430000 294
1512120430000 294
1512120430000 294
1512120430000 294
1512120430000 294
1512120430000 294
1512120430000 294
1512120430000 294
1512120430000 294
1512120430000 294
1512120430000 294
1512120430000 294
1512120430000 294
1512120430000 294
1512120430000 294
1512120430000 294
1512120430000 294
1512120430000 294
1512120430000 294
1512120430000 294
1512120430000 294
1512120430000 294
1512120430000 294
1512120430000 295
1512120430000 295
1512120430000 295
1512120430000 295
1512120430000 295
1512120430000 295
1512120430000 295
1512120430000 295
1512120430000 295
1512120430000 295
1512120430000 295
1512120430000 295
1512120430000 295
1512120430000 296
1512120430000 296
1512120430000 296
1512120430000 296
1512120430000 296
1512120430000 296
1512120430000 296
1512120430000 296
1512120430000 296
1512120430000 296
1512120430000 296
1512120430000 296
1512120430000 296
1512120430000 296
1512120430000 296
1512120430000 296
1512120430000 296
1512120430000 296
1512120430000 296
1512120430000 296
1512120430000 296
1512120430000 296
1512120430000 297
1512120430000 297
1512120430000 297
1512120430000 297
1512120430000 297
1512120430000 297
1512120430000 307
1512120430000 307
1512120430000 307
1512120430000 322
1512120430000 325
1512120430000 325
1512120440000 319
1512120440000 319
1512120440000 319
1512120440000 319
1512120440000 319
1512120440000 319
1512120440000 319
1512120440000 319
1512120440000 319
1512120440000 319
1512120440000 319
1512120440000 319
1512120440000 319
1512120440000 319
1512120440000 320
1512120440000 320
1512120440000 320
1512120440000 320
1512120440000 320
1512120440000 320
1512120440000 320
1512120440000 320
1512120440000 320
1512120440000 320
1512120440000 320
1512120440000 320
1512120440000 320
1512120440000 321
1512120440000 321
1512120440000 321
1512120440000 321
1512120440000 321
1512120440000 321
1512120440000 321
1512120440000 321
1512120440000 321
1512120440000 321
1512120440000 321
1512120440000 322
1512120440000 322
1512120440000 322
1512120440000 322
1512120440000 322
1512120440000 322
1512120440000 322
1512120440000 322
1512120440000 322
1512120440000 322
1512120440000 322
1512120440000 323
1512120440000 323
1512120440000 323
1512120440000 323
1512120440000 323
1512120440000 323
1512120440000 323
1512120440000 323
1512120440000 323
1512120440000 323
1512120440000 324
1512120440000 324
1512120440000 324
1512120440000 324
1512120440000 324
1512120440000 324
1512120440000 324
1512120440000 325
1512120440000 325
1512120440000 325
1512120440000 325
1512120440000 325
1512120440000 325
1512120440000 325
1512120440000 325
1512120440000 325
1512120440000 325
1512120440000 325
1512120440000 325
1512120440000 326
1512120440000 326
1512120440000 326
1512120440000 326
1512120440000 326
1512120440000 326
1512120440000 326
1512120440000 326
1512120440000 326
1512120440000 326
1512120440000 327
1512120440000 327
1512120440000 327
1512120440000 327
1512120440000 327
1512120440000 327
1512120440000 327
1512120440000 328
1512120440000 330
1512120440000 345
1512120440000 347
1512120440000 348
1512120450000 322
1512120450000 322
1512120450000 322
1512120450000 322
1512120450000 322
1512120450000 322
1512120450000 322
1512120450000 323
1512120450000 323
1512120450000 323
1512120450000 323
1512120450000 323
1512120450000 323
1512120450000 323
1512120450000 323
1512120450000 323
1512120450000 323
1512120450000 323
1512120450000 323
1512120450000 323
1512120450000 323
1512120450000 323
1512120450000 323
1512120450000 323
1512120450000 323
1512120450000 323
1512120450000 324
1512120450000 324
1512120450000 324
1512120450000 324
1512120450000 324
1512120450000 324
1512120450000 324
1512120450000 324
1512120450000 324
1512120450000 324
1512120450000 324
1512120450000 325
1512120450000 325
1512120450000 325
1512120450000 325
1512120450000 325
1512120450000 325
1512120450000 325
1512120450000 325
1512120450000 325
1512120450000 326
1512120450000 326
1512120450000 326
1512120450000 326
1512120450000 326
1512120450000 326
1512120450000 326
1512120450000 326
1512120450000 326
1512120450000 326
1512120450000 326
1512120450000 326
1512120450000 327
1512120450000 327
1512120450000 327
1512120450000 327
1512120450000 327
1512120450000 327
1512120450000 327
1512120450000 327
1512120450000 327
1512120450000 327
1512120450000 327
1512120450000 327
1512120450000 328
1512120450000 328
1512120450000 328
1512120450000 328
1512120450000 328
1512120450000 328
1512120450000 328
1512120450000 328
1512120450000 329
1512120450000 329
1512120450000 329
1512120450000 329
1512120450000 329
1512120450000 329
1512120450000 329
1512120450000 329
1512120450000 329
1512120450000 330
1512120450000 330
1512120450000 330
1512120450000 330
1512120450000 330
1512120450000 331
1512120450000 331
1512120450000 331
1512120450000 332
1512120450000 332
1512120450000 333
1512120450000 333
1512120450000 334
1512120460000 315
1512120460000 315
1512120460000 315
1512120460000 315
1512120460000 315
1512120460000 315
1512120460000 315
1512120460000 315
1512120460000 315
1512120460000 315
1512120460000 315
1512120460000 315
1512120460000 315
1512120460000 315
1512120460000 315
1512120460000 316
1512120460000 316
1512120460000 316
1512120460000 316
1512120460000 316
1512120460000 316
1512120460000 316
1512120460000 316
1512120460000 316
1512120460000 316
1512120460000 316
1512120460000 316
1512120460000 316
1512120460000 316
1512120460000 316
1512120460000 316
1512120460000 316
1512120460000 316
1512120460000 316
1512120460000 316
1512120460000 316
1512120460000 316
1512120460000 316
1512120460000 316
1512120460000 316
1512120460000 316
1512120460000 317
1512120460000 317
1512120460000 317
1512120460000 317
1512120460000 317
1512120460000 317
1512120460000 317
1512120460000 317
1512120460000 317
1512120460000 317
1512120460000 317
1512120460000 317
1512120460000 317
1512120460000 317
1512120460000 317
1512120460000 317
1512120460000 317
1512120460000 317
1512120460000 317
1512120460000 317
1512120460000 318
1512120460000 318
1512120460000 318
1512120460000 318
1512120460000 318
1512120460000 318
1512120460000 318
1512120460000 318
1512120460000 318
1512120460000 318
1512120460000 318
1512120460000 318
1512120460000 319
1512120460000 319
1512120460000 319
1512120460000 319
1512120460000 319
1512120460000 319
1512120460000 319
1512120460000 319
1512120460000 319
1512120460000 320
1512120460000 320
1512120460000 320
1512120460000 320
1512120460000 320
1512120460000 320
1512120460000 320
1512120460000 320
1512120460000 320
1512120460000 321
1512120460000 321
1512120460000 321
1512120460000 321
1512120460000 321
1512120460000 322
1512120460000 322
1512120460000 323
1512120460000 324
1512120470000 322
1512120470000 322
1512120470000 322
1512120470000 322
1512120470000 322
1512120470000 322
1512120470000 322
1512120470000 322
1512120470000 322
1512120470000 322
1512120470000 322
1512120470000 323
1512120470000 323
1512120470000 323
1512120470000 323
1512120470000 323
1512120470000 323
1512120470000 323
1512120470000 323
1512120470000 323
1512120470000 323
1512120470000 323
1512120470000 323
1512120470000 323
1512120470000 323
1512120470000 323
1512120470000 324
1512120470000 324
1512120470000 324
1512120470000 324
1512120470000 324
1512120470000 324
1512120470000 324
1512120470000 324
1512120470000 324
1512120470000 324
1512120470000 324
1512120470000 324
1512120470000 324
1512120470000 324
1512120470000 324
1512120470000 324
1512120470000 325
1512120470000 325
1512120470000 325
1512120470000 325
1512120470000 325
1512120470000 325
1512120470000 325
1512120470000 325
1512120470000 325
1512120470000 325
1512120470000 325
1512120470000 326
1512120470000 326
1512120470000 326
1512120470000 326
1512120470000 326
1512120470000 326
1512120470000 326
1512120470000 326
1512120470000 326
1512120470000 326
1512120470000 326
1512120470000 327
1512120470000 327
1512120470000 327
1512120470000 327
1512120470000 327
1512120470000 327
1512120470000 327
1512120470000 327
1512120470000 328
1512120470000 328
1512120470000 328
1512120470000 328
1512120470000 328
1512120470000 328
1512120470000 328
1512120470000 329
1512120470000 329
1512120470000 329
1512120470000 329
1512120470000 331
1512120470000 331
1512120470000 332
1512120470000 332
1512120470000 332
1512120470000 333
1512120470000 333
1512120470000 333
1512120470000 334
1512120470000 334
1512120470000 337
1512120470000 337
1512120470000 338
1512120470000 354
1512120470000 355
1512120470000 356
1512120470000 356
1512120480000 318
1512120480000 318
1512120480000 318
1512120480000 318
1512120480000 318
1512120480000 318
1512120480000 319
1512120480000 319
1512120480000 319
1512120480000 319
1512120480000 319
1512120480000 319
1512120480000 320
1512120480000 320
1512120480000 320
1512120480000 320
1512120480000 320
1512120480000 320
1512120480000 320
1512120480000 320
1512120480000 321
1512120480000 321
1512120480000 321
1512120480000 321
1512120480000 321
1512120480000 321
1512120480000 321
1512120480000 321
1512120480000 321
1512120480000 321
1512120480000 321
1512120480000 321
1512120480000 321
1512120480000 321
1512120480000 321
1512120480000 321
1512120480000 321
1512120480000 322
1512120480000 322
1512120480000 322
1512120480000 322
1512120480000 322
1512120480000 322
1512120480000 322
1512120480000 322
1512120480000 322
1512120480000 322
1512120480000 322
1512120480000 322
1512120480000 323
1512120480000 323
1512120480000 323
1512120480000 323
1512120480000 323
1512120480000 323
1512120480000 323
1512120480000 323
1512120480000 323
1512120480000 323
1512120480000 323
1512120480000 323
1512120480000 323
1512120480000 323
1512120480000 323
1512120480000 323
1512120480000 323
1512120480000 323
1512120480000 323
1512120480000 324
1512120480000 324
1512120480000 324
1512120480000 324
1512120480000 324
1512120480000 324
1512120480000 324
1512120480000 324
1512120480000 324
1512120480000 324
1512120480000 324
1512120480000 324
1512120480000 325
1512120480000 325
1512120480000 325
1512120480000 325
1512120480000 325
1512120480000 325
1512120480000 325
1512120480000 326
1512120480000 326
1512120480000 327
1512120480000 328
1512120480000 328
1512120480000 329
1512120480000 329
1512120480000 329
1512120480000 330
1512120480000 331
1512120480000 331
1512120480000 332
1512120480000 332
1512120490000 324
1512120490000 324
1512120490000 324
1512120490000 324
1512120490000 324
1512120490000 324
1512120490000 324
1512120490000 324
1512120490000 324
1512120490000 324
1512120490000 324
1512120490000 324
1512120490000 324
1512120490000 324
1512120490000 324
1512120490000 324
1512120490000 324
1512120490000 324
1512120490000 324
1512120490000 324
1512120490000 324
1512120490000 324
1512120490000 324
1512120490000 324
1512120490000 325
1512120490000 325
1512120490000 325
1512120490000 325
1512120490000 325
1512120490000 325
1512120490000 325
1512120490000 325
1512120490000 325
1512120490000 325
1512120490000 325
1512120490000 325
1512120490000 325
1512120490000 325
1512120490000 325
1512120490000 325
1512120490000 325
1512120490000 325
1512120490000 325
1512120490000 326
1512120490000 326
1512120490000 326
1512120490000 326
1512120490000 326
1512120490000 326
1512120490000 326
1512120490000 326
1512120490000 326
1512120490000 326
1512120490000 326
1512120490000 326
1512120490000 326
1512120490000 326
1512120490000 326
1512120490000 326
1512120490000 326
1512120490000 326
1512120490000 326
1512120490000 326
1512120490000 326
1512120490000 326
1512120490000 327
1512120490000 327
1512120490000 327
1512120490000 327
1512120490000 327
1512120490000 327
1512120490000 327
1512120490000 327
1512120490000 327
1512120490000 327
1512120490000 328
1512120490000 328
1512120490000 328
1512120490000 328
1512120490000 328
1512120490000 328
1512120490000 330
1512120490000 331
1512120490000 331
1512120490000 331
1512120490000 332
1512120490000 332
1512120490000 332
1512120490000 332
1512120490000 332
1512120490000 332
1512120490000 333
1512120490000 334
1512120490000 335
1512120490000 336
1512120490000 336
1512120490000 337
1512120490000 337
1512120490000 338
1512120490000 338
1512120500000 413
1512120500000 413
1512120500000 413
1512120500000 413
1512120500000 413
1512120500000 413
1512120500000 413
1512120500000 413
1512120500000 413
1512120500000 413
1512120500000 413
1512120500000 413
1512120500000 413
1512120500000 413
1512120500000 413
1512120500000 413
1512120500000 413
1512120500000 413
1512120500000 413
1512120500000 414
1512120500000 414
1512120500000 414
1512120500000 414
1512120500000 414
1512120500000 414
1512120500000 414
1512120500000 414
1512120500000 414
1512120500000 414
1512120500000 414
1512120500000 414
1512120500000 414
1512120500000 414
1512120500000 414
1512120500000 414
1512120500000 414
1512120500000 414
1512120500000 414
1512120500000 414
1512120500000 414
1512120500000 414
1512120500000 414
1512120500000 414
1512120500000 414
1512120500000 414
1512120500000 414
1512120500000 414
1512120500000 415
1512120500000 415
1512120500000 415
1512120500000 415
1512120500000 415
1512120500000 415
1512120500000 415
1512120500000 415
1512120500000 415
1512120500000 415
1512120500000 415
1512120500000 415
1512120500000 415
1512120500000 415
1512120500000 415
1512120500000 415
1512120500000 415
1512120500000 415
1512120500000 416
1512120500000 416
1512120500000 416
1512120500000 416
1512120500000 416
1512120500000 416
1512120500000 417
1512120500000 417
1512120500000 418
1512120500000 419
1512120500000 420
1512120500000 421
1512120500000 421
1512120500000 422
1512120500000 422
1512120500000 422
1512120500000 423
1512120500000 426
1512120500000 428
1512120500000 438
1512120500000 438
1512120500000 438
1512120500000 438
1512120500000 438
1512120500000 439
1512120500000 439
1512120500000 791
1512120500000 791
1512120500000 792
1512120500000 795
1512120500000 799
1512120500000 799
1512120500000 800
1512120500000 807
1512120500000 808
1512120510000 291
1512120510000 291
1512120510000 291
1512120510000 291
1512120510000 291
1512120510000 291
1512120510000 291
1512120510000 291
1512120510000 291
1512120510000 292
1512120510000 292
1512120510000 292
1512120510000 292
1512120510000 292
1512120510000 292
1512120510000 292
1512120510000 292
1512120510000 293
1512120510000 293
1512120510000 293
1512120510000 293
1512120510000 293
1512120510000 293
1512120510000 293
1512120510000 293
1512120510000 294
1512120510000 294
1512120510000 294
1512120510000 294
1512120510000 294
1512120510000 294
1512120510000 294
1512120510000 294
1512120510000 294
1512120510000 294
1512120510000 294
1512120510000 294
1512120510000 294
1512120510000 294
1512120510000 295
1512120510000 295
1512120510000 295
1512120510000 295
1512120510000 295
1512120510000 295
1512120510000 295
1512120510000 295
1512120510000 295
1512120510000 295
1512120510000 295
1512120510000 295
1512120510000 295
1512120510000 295
1512120510000 295
1512120510000 295
1512120510000 295
1512120510000 295
1512120510000 295
1512120510000 296
1512120510000 296
1512120510000 296
1512120510000 296
1512120510000 296
1512120510000 296
1512120510000 296
1512120510000 296
1512120510000 296
1512120510000 296
1512120510000 296
1512120510000 296
1512120510000 296
1512120510000 296
1512120510000 296
1512120510000 296
1512120510000 296
1512120510000 296
1512120510000 297
1512120510000 297
1512120510000 297
1512120510000 297
1512120510000 297
1512120510000 297
1512120510000 297
1512120510000 297
1512120510000 297
1512120510000 297
1512120510000 297
1512120510000 297
1512120510000 297
1512120510000 297
1512120510000 297
1512120510000 298
1512120510000 298
1512120510000 298
1512120510000 298
1512120510000 298
1512120510000 298
1512120510000 315
1512120510000 355
1512120510000 398
1512120520000 304
1512120520000 304
1512120520000 304
1512120520000 304
1512120520000 305
1512120520000 305
1512120520000 305
1512120520000 305
1512120520000 305
1512120520000 305
1512120520000 305
1512120520000 305
1512120520000 305
1512120520000 305
1512120520000 305
1512120520000 305
1512120520000 305
1512120520000 305
1512120520000 305
1512120520000 305
1512120520000 305
1512120520000 305
1512120520000 305
1512120520000 305
1512120520000 305
1512120520000 305
1512120520000 305
1512120520000 305
1512120520000 305
1512120520000 305
1512120520000 305
1512120520000 305
1512120520000 305
1512120520000 305
1512120520000 305
1512120520000 305
1512120520000 305
1512120520000 306
1512120520000 306
1512120520000 306
1512120520000 306
1512120520000 306
1512120520000 306
1512120520000 306
1512120520000 306
1512120520000 306
1512120520000 306
1512120520000 306
1512120520000 306
1512120520000 306
1512120520000 306
1512120520000 306
1512120520000 306
1512120520000 306
1512120520000 306
1512120520000 306
1512120520000 306
1512120520000 306
1512120520000 306
1512120520000 306
1512120520000 306
1512120520000 307
1512120520000 307
1512120520000 307
1512120520000 307
1512120520000 307
1512120520000 307
1512120520000 307
1512120520000 307
1512120520000 307
1512120520000 307
1512120520000 307
1512120520000 307
1512120520000 307
1512120520000 307
1512120520000 307
1512120520000 307
1512120520000 307
1512120520000 307
1512120520000 308
1512120520000 308
1512120520000 308
1512120520000 308
1512120520000 308
1512120520000 308
1512120520000 308
1512120520000 308
1512120520000 309
1512120520000 309
1512120520000 309
1512120520000 312
1512120520000 313
1512120520000 313
1512120520000 322
1512120520000 322
1512120520000 327
1512120520000 328
1512120520000 338
1512120520000 338
1512120520000 339
1512120530000 302
1512120530000 302
1512120530000 302
1512120530000 302
1512120530000 302
1512120530000 302
1512120530000 302
1512120530000 302
1512120530000 302
1512120530000 302
1512120530000 302
1512120530000 302
1512120530000 302
1512120530000 302
1512120530000 302
1512120530000 302
1512120530000 302
1512120530000 302
1512120530000 302
1512120530000 302
1512120530000 303
1512120530000 303
1512120530000 303
1512120530000 303
1512120530000 303
1512120530000 303
1512120530000 303
1512120530000 303
1512120530000 303
1512120530000 303
1512120530000 303
1512120530000 303
1512120530000 303
1512120530000 303
1512120530000 303
1512120530000 303
1512120530000 303
1512120530000 303
1512120530000 303
1512120530000 303
1512120530000 303
1512120530000 303
1512120530000 303
1512120530000 303
1512120530000 303
1512120530000 303
1512120530000 303
1512120530000 303
1512120530000 303
1512120530000 303
1512120530000 303
1512120530000 303
1512120530000 303
1512120530000 303
1512120530000 303
1512120530000 304
1512120530000 304
1512120530000 304
1512120530000 304
1512120530000 304
1512120530000 304
1512120530000 304
1512120530000 304
1512120530000 304
1512120530000 304
1512120530000 304
1512120530000 304
1512120530000 304
1512120530000 304
1512120530000 304
1512120530000 304
1512120530000 304
1512120530000 304
1512120530000 304
1512120530000 304
1512120530000 304
1512120530000 305
1512120530000 305
1512120530000 305
1512120530000 305
1512120530000 305
1512120530000 305
1512120530000 305
1512120530000 305
1512120530000 305
1512120530000 305
1512120530000 305
1512120530000 305
1512120530000 306
1512120530000 306
1512120530000 308
1512120530000 329
1512120530000 329
1512120530000 331
1512120530000 333
1512120530000 333
1512120530000 334
1512120530000 334
1512120530000 334
1512120530000 385
1512120540000 323
1512120540000 323
1512120540000 323
1512120540000 323
1512120540000 323
1512120540000 323
1512120540000 324
1512120540000 324
1512120540000 324
1512120540000 324
1512120540000 324
1512120540000 324
1512120540000 324
1512120540000 324
1512120540000 324
1512120540000 324
1512120540000 324
1512120540000 324
1512120540000 325
1512120540000 325
1512120540000 325
1512120540000 325
1512120540000 325
1512120540000 325
1512120540000 325
1512120540000 325
1512120540000 325
1512120540000 325
1512120540000 325
1512120540000 325
1512120540000 325
1512120540000 325
1512120540000 325
1512120540000 325
1512120540000 325
1512120540000 326
1512120540000 326
1512120540000 326
1512120540000 326
1512120540000 326
1512120540000 326
1512120540000 326
1512120540000 326
1512120540000 326
1512120540000 326
1512120540000 327
1512120540000 327
1512120540000 327
1512120540000 327
1512120540000 327
1512120540000 327
1512120540000 327
1512120540000 327
1512120540000 327
1512120540000 327
1512120540000 327
1512120540000 328
1512120540000 328
1512120540000 328
1512120540000 328
1512120540000 328
1512120540000 328
1512120540000 328
1512120540000 328
1512120540000 328
1512120540000 329
1512120540000 329
1512120540000 329
1512120540000 329
1512120540000 329
1512120540000 329
1512120540000 360
1512120540000 360
1512120540000 363
1512120540000 375
1512120540000 376
1512120540000 377
1512120540000 377
1512120540000 380
1512120540000 381
1512120540000 398
1512120540000 399
1512120540000 400
1512120540000 408
1512120540000 408
1512120540000 417
1512120540000 418
1512120540000 419
1512120540000 419
1512120540000 420
1512120540000 420
1512120540000 421
1512120540000 422
1512120540000 422
1512120540000 463
1512120540000 464
1512120540000 464
1512120540000 465
1512120540000 465
1512120540000 466
1512120550000 333
1512120550000 333
1512120550000 334
1512120550000 334
1512120550000 334
1512120550000 334
1512120550000 334
1512120550000 334
1512120550000 334
1512120550000 334
1512120550000 334
1512120550000 334
1512120550000 334
1512120550000 334
1512120550000 334
1512120550000 334
1512120550000 334
1512120550000 334
1512120550000 335
1512120550000 335
1512120550000 335
1512120550000 335
1512120550000 335
1512120550000 335
1512120550000 335
1512120550000 335
1512120550000 335
1512120550000 335
1512120550000 335
1512120550000 335
1512120550000 335
1512120550000 335
1512120550000 335
1512120550000 335
1512120550000 335
1512120550000 335
1512120550000 335
1512120550000 335
1512120550000 335
1512120550000 335
1512120550000 335
1512120550000 335
1512120550000 335
1512120550000 335
1512120550000 335
1512120550000 335
1512120550000 335
1512120550000 335
1512120550000 335
1512120550000 335
1512120550000 335
1512120550000 335
1512120550000 335
1512120550000 335
1512120550000 335
1512120550000 336
1512120550000 336
1512120550000 336
1512120550000 336
1512120550000 336
1512120550000 336
1512120550000 336
1512120550000 336
1512120550000 336
1512120550000 336
1512120550000 336
1512120550000 336
1512120550000 336
1512120550000 336
1512120550000 336
1512120550000 336
1512120550000 336
1512120550000 337
1512120550000 337
1512120550000 337
1512120550000 337
1512120550000 337
1512120550000 337
1512120550000 337
1512120550000 337
1512120550000 337
1512120550000 337
1512120550000 337
1512120550000 338
1512120550000 338
1512120550000 338
1512120550000 338
1512120550000 340
1512120550000 348
1512120550000 348
1512120550000 364
1512120550000 372
1512120550000 373
1512120550000 373
1512120550000 373
1512120550000 381
1512120550000 382
1512120550000 382
1512120550000 382
1512120550000 387
1512120560000 368
1512120560000 368
1512120560000 368
1512120560000 368
1512120560000 368
1512120560000 368
1512120560000 369
1512120560000 369
1512120560000 369
1512120560000 369
1512120560000 369
1512120560000 369
1512120560000 369
1512120560000 369
1512120560000 369
1512120560000 369
1512120560000 369
1512120560000 369
1512120560000 369
1512120560000 370
1512120560000 370
1512120560000 370
1512120560000 370
1512120560000 370
1512120560000 370
1512120560000 370
1512120560000 370
1512120560000 370
1512120560000 370
1512120560000 370
1512120560000 370
1512120560000 370
1512120560000 370
1512120560000 370
1512120560000 371
1512120560000 371
1512120560000 371
1512120560000 371
1512120560000 371
1512120560000 371
1512120560000 371
1512120560000 371
1512120560000 371
1512120560000 371
1512120560000 371
1512120560000 371
1512120560000 371
1512120560000 371
1512120560000 371
1512120560000 372
1512120560000 372
1512120560000 372
1512120560000 372
1512120560000 372
1512120560000 372
1512120560000 372
1512120560000 372
1512120560000 372
1512120560000 372
1512120560000 372
1512120560000 372
1512120560000 372
1512120560000 372
1512120560000 372
1512120560000 373
1512120560000 373
1512120560000 373
1512120560000 373
1512120560000 373
1512120560000 373
1512120560000 373
1512120560000 373
1512120560000 373
1512120560000 373
1512120560000 373
1512120560000 373
1512120560000 373
1512120560000 374
1512120560000 374
1512120560000 374
1512120560000 374
1512120560000 374
1512120560000 374
1512120560000 374
1512120560000 374
1512120560000 374
1512120560000 374
1512120560000 374
1512120560000 375
1512120560000 375
1512120560000 375
1512120560000 375
1512120560000 375
1512120560000 375
1512120560000 375
1512120560000 376
1512120560000 376
1512120560000 376
1512120560000 376
1512120560000 377
1512120570000 326
1512120570000 326
1512120570000 326
1512120570000 326
1512120570000 326
1512120570000 326
1512120570000 327
1512120570000 327
1512120570000 327
1512120570000 327
1512120570000 327
1512120570000 327
1512120570000 327
1512120570000 327
1512120570000 327
1512120570000 327
1512120570000 327
1512120570000 327
1512120570000 327
1512120570000 328
1512120570000 328
1512120570000 328
1512120570000 328
1512120570000 328
1512120570000 328
1512120570000 328
1512120570000 328
1512120570000 328
1512120570000 328
1512120570000 328
1512120570000 328
1512120570000 328
1512120570000 328
1512120570000 328
1512120570000 328
1512120570000 328
1512120570000 328
1512120570000 328
1512120570000 328
1512120570000 328
1512120570000 328
1512120570000 328
1512120570000 328
1512120570000 328
1512120570000 328
1512120570000 328
1512120570000 328
1512120570000 328
1512120570000 328
1512120570000 328
1512120570000 328
1512120570000 328
1512120570000 328
1512120570000 329
1512120570000 329
1512120570000 329
1512120570000 329
1512120570000 329
1512120570000 329
1512120570000 329
1512120570000 329
1512120570000 329
1512120570000 329
1512120570000 329
1512120570000 329
1512120570000 330
1512120570000 330
1512120570000 330
1512120570000 330
1512120570000 330
1512120570000 330
1512120570000 330
1512120570000 330
1512120570000 330
1512120570000 330
1512120570000 330
1512120570000 330
1512120570000 330
1512120570000 330
1512120570000 331
1512120570000 331
1512120570000 331
1512120570000 331
1512120570000 332
1512120570000 337
1512120570000 342
1512120570000 347
1512120570000 347
1512120570000 349
1512120570000 352
1512120570000 352
1512120570000 352
1512120570000 352
1512120570000 356
1512120570000 356
1512120570000 372
1512120570000 372
1512120570000 373
1512120570000 434
1512120570000 435
1512120580000 333
1512120580000 333
1512120580000 333
1512120580000 333
1512120580000 333
1512120580000 333
1512120580000 333
1512120580000 333
1512120580000 333
1512120580000 333
1512120580000 333
1512120580000 334
1512120580000 334
1512120580000 334
1512120580000 334
1512120580000 334
1512120580000 334
1512120580000 334
1512120580000 334
1512120580000 334
1512120580000 334
1512120580000 334
1512120580000 334
1512120580000 334
1512120580000 334
1512120580000 334
1512120580000 335
1512120580000 335
1512120580000 335
1512120580000 335
1512120580000 335
1512120580000 335
1512120580000 335
1512120580000 335
1512120580000 335
1512120580000 335
1512120580000 335
1512120580000 335
1512120580000 335
1512120580000 335
1512120580000 336
1512120580000 336
1512120580000 336
1512120580000 336
1512120580000 336
1512120580000 336
1512120580000 336
1512120580000 336
1512120580000 336
1512120580000 336
1512120580000 336
1512120580000 337
1512120580000 337
1512120580000 337
1512120580000 337
1512120580000 337
1512120580000 337
1512120580000 337
1512120580000 337
1512120580000 337
1512120580000 337
1512120580000 337
1512120580000 338
1512120580000 338
1512120580000 338
1512120580000 338
1512120580000 338
1512120580000 338
1512120580000 338
1512120580000 338
1512120580000 338
1512120580000 338
1512120580000 339
1512120580000 339
1512120580000 339
1512120580000 339
1512120580000 339
1512120580000 339
1512120580000 340
1512120580000 340
1512120580000 340
1512120580000 340
1512120580000 340
1512120580000 341
1512120580000 346
1512120580000 348
1512120580000 361
1512120580000 361
1512120580000 361
1512120580000 361
1512120580000 362
1512120580000 366
1512120580000 374
1512120580000 375
1512120580000 376
1512120580000 388
1512120580000 388
1512120580000 389
1512120580000 389
1512120580000 390
1512120590000 314
1512120590000 314
1512120590000 314
1512120590000 314
1512120590000 315
1512120590000 315
1512120590000 315
1512120590000 315
1512120590000 315
1512120590000 315
1512120590000 315
1512120590000 315
1512120590000 315
1512120590000 315
1512120590000 315
1512120590000 315
1512120590000 315
1512120590000 315
1512120590000 315
1512120590000 315
1512120590000 316
1512120590000 316
1512120590000 316
1512120590000 316
1512120590000 316
1512120590000 316
1512120590000 316
1512120590000 316
1512120590000 316
1512120590000 316
1512120590000 316
1512120590000 316
1512120590000 316
1512120590000 316
1512120590000 316
1512120590000 316
1512120590000 316
1512120590000 317
1512120590000 317
1512120590000 317
1512120590000 317
1512120590000 317
1512120590000 317
1512120590000 317
1512120590000 317
1512120590000 317
1512120590000 317
1512120590000 317
1512120590000 317
1512120590000 317
1512120590000 317
1512120590000 317
1512120590000 317
1512120590000 317
1512120590000 317
1512120590000 317
1512120590000 317
1512120590000 318
1512120590000 318
1512120590000 318
1512120590000 318
1512120590000 318
1512120590000 318
1512120590000 318
1512120590000 318
1512120590000 318
1512120590000 318
1512120590000 318
1512120590000 318
1512120590000 318
1512120590000 318
1512120590000 319
1512120590000 319
1512120590000 319
1512120590000 319
1512120590000 319
1512120590000 319
1512120590000 319
1512120590000 319
1512120590000 319
1512120590000 319
1512120590000 319
1512120590000 320
1512120590000 320
1512120590000 320
1512120590000 320
1512120590000 326
1512120590000 355
1512120590000 355
1512120590000 355
1512120590000 356
1512120590000 376
1512120590000 377
1512120590000 379
1512120590000 379
1512120590000 393
1512120590000 394
1512120590000 394
1512120590000 471
1512120590000 472
1512120600000 412
1512120600000 412
1512120600000 412
1512120600000 412
1512120600000 412
1512120600000 412
1512120600000 412
1512120600000 412
1512120600000 412
1512120600000 413
1512120600000 413
1512120600000 413
1512120600000 413
1512120600000 413
1512120600000 413
1512120600000 413
1512120600000 413
1512120600000 413
1512120600000 413
1512120600000 413
1512120600000 413
1512120600000 413
1512120600000 413
1512120600000 413
1512120600000 413
1512120600000 413
1512120600000 413
1512120600000 413
1512120600000 413
1512120600000 413
1512120600000 413
1512120600000 414
1512120600000 414
1512120600000 414
1512120600000 414
1512120600000 414
1512120600000 414
1512120600000 414
1512120600000 414
1512120600000 414
1512120600000 414
1512120600000 414
1512120600000 414
1512120600000 414
1512120600000 414
1512120600000 414
1512120600000 414
1512120600000 414
1512120600000 414
1512120600000 414
1512120600000 414
1512120600000 414
1512120600000 414
1512120600000 414
1512120600000 414
1512120600000 414
1512120600000 414
1512120600000 414
1512120600000 414
1512120600000 414
1512120600000 414
1512120600000 415
1512120600000 415
1512120600000 415
1512120600000 415
1512120600000 415
1512120600000 415
1512120600000 415
1512120600000 415
1512120600000 415
1512120600000 415
1512120600000 415
1512120600000 415
1512120600000 415
1512120600000 415
1512120600000 415
1512120600000 415
1512120600000 416
1512120600000 416
1512120600000 416
1512120600000 416
1512120600000 416
1512120600000 416
1512120600000 416
1512120600000 416
1512120600000 416
1512120600000 416
1512120600000 416
1512120600000 416
1512120600000 416
1512120600000 416
1512120600000 416
1512120600000 417
1512120600000 417
1512120600000 418
1512120600000 418
1512120600000 435
1512120600000 436
1512120600000 436
1512120600000 461
1512120610000 360
1512120610000 360
1512120610000 360
1512120610000 360
1512120610000 360
1512120610000 360
1512120610000 360
1512120610000 360
1512120610000 361
1512120610000 361
1512120610000 361
1512120610000 361
1512120610000 361
1512120610000 361
1512120610000 361
1512120610000 361
1512120610000 361
1512120610000 361
1512120610000 361
1512120610000 361
1512120610000 361
1512120610000 361
1512120610000 361
1512120610000 361
1512120610000 361
1512120610000 362
1512120610000 362
1512120610000 362
1512120610000 362
1512120610000 362
1512120610000 362
1512120610000 362
1512120610000 362
1512120610000 362
1512120610000 362
1512120610000 362
1512120610000 362
1512120610000 362
1512120610000 362
1512120610000 362
1512120610000 362
1512120610000 362
1512120610000 362
1512120610000 362
1512120610000 362
1512120610000 362
1512120610000 362
1512120610000 362
1512120610000 362
1512120610000 362
1512120610000 362
1512120610000 362
1512120610000 363
1512120610000 363
1512120610000 363
1512120610000 363
1512120610000 363
1512120610000 363
1512120610000 363
1512120610000 363
1512120610000 363
1512120610000 363
1512120610000 363
1512120610000 363
1512120610000 363
1512120610000 363
1512120610000 363
1512120610000 363
1512120610000 363
1512120610000 364
1512120610000 364
1512120610000 364
1512120610000 364
1512120610000 364
1512120610000 364
1512120610000 364
1512120610000 364
1512120610000 364
1512120610000 364
1512120610000 364
1512120610000 364
1512120610000 364
1512120610000 364
1512120610000 364
1512120610000 364
1512120610000 364
1512120610000 364
1512120610000 364
1512120610000 365
1512120610000 365
1512120610000 365
1512120610000 365
1512120610000 365
1512120610000 366
1512120610000 366
1512120610000 367
1512120610000 374
1512120610000 375
1512120610000 377
1512120610000 377
1512120620000 335
1512120620000 335
1512120620000 335
1512120620000 335
1512120620000 335
1512120620000 335
1512120620000 335
1512120620000 335
1512120620000 335
1512120620000 336
1512120620000 336
1512120620000 336
1512120620000 336
1512120620000 336
1512120620000 336
1512120620000 336
1512120620000 336
1512120620000 336
1512120620000 336
1512120620000 336
1512120620000 336
1512120620000 336
1512120620000 336
1512120620000 336
1512120620000 336
1512120620000 336
1512120620000 336
1512120620000 336
1512120620000 336
1512120620000 336
1512120620000 336
1512120620000 336
1512120620000 337
1512120620000 337
1512120620000 337
1512120620000 337
1512120620000 337
1512120620000 337
1512120620000 337
1512120620000 337
1512120620000 337
1512120620000 337
1512120620000 337
1512120620000 337
1512120620000 337
1512120620000 337
1512120620000 337
1512120620000 337
1512120620000 337
1512120620000 337
1512120620000 338
1512120620000 338
1512120620000 338
1512120620000 338
1512120620000 338
1512120620000 338
1512120620000 338
1512120620000 338
1512120620000 339
1512120620000 339
1512120620000 339
1512120620000 340
1512120620000 345
1512120620000 346
1512120620000 347
1512120620000 348
1512120620000 350
1512120620000 350
1512120620000 351
1512120620000 351
1512120620000 352
1512120620000 352
1512120620000 352
1512120620000 353
1512120620000 353
1512120620000 357
1512120620000 357
1512120620000 357
1512120620000 358
1512120620000 363
1512120620000 363
1512120620000 363
1512120620000 364
1512120620000 367
1512120620000 370
1512120620000 377
1512120620000 386
1512120620000 386
1512120620000 389
1512120620000 389
1512120620000 393
1512120620000 394
1512120620000 395
1512120620000 395
1512120620000 396
1512120620000 430
1512120620000 431
1512120620000 431
1512120620000 432
1512120620000 432
1512120630000 307
1512120630000 307
1512120630000 307
1512120630000 307
1512120630000 307
1512120630000 307
1512120630000 307
1512120630000 307
1512120630000 307
1512120630000 308
1512120630000 308
1512120630000 308
1512120630000 308
1512120630000 308
1512120630000 308
1512120630000 308
1512120630000 308
1512120630000 308
1512120630000 308
1512120630000 308
1512120630000 308
1512120630000 308
1512120630000 309
1512120630000 309
1512120630000 309
1512120630000 309
1512120630000 309
1512120630000 309
1512120630000 309
1512120630000 309
1512120630000 309
1512120630000 309
1512120630000 309
1512120630000 309
1512120630000 309
1512120630000 309
1512120630000 309
1512120630000 309
1512120630000 309
1512120630000 309
1512120630000 310
1512120630000 310
1512120630000 310
1512120630000 310
1512120630000 310
1512120630000 310
1512120630000 310
1512120630000 310
1512120630000 310
1512120630000 310
1512120630000 310
1512120630000 310
1512120630000 310
1512120630000 311
1512120630000 311
1512120630000 311
1512120630000 311
1512120630000 311
1512120630000 311
1512120630000 311
1512120630000 311
1512120630000 311
1512120630000 311
1512120630000 311
1512120630000 311
1512120630000 311
1512120630000 311
1512120630000 311
1512120630000 311
1512120630000 311
1512120630000 312
1512120630000 312
1512120630000 312
1512120630000 312
1512120630000 312
1512120630000 312
1512120630000 312
1512120630000 312
1512120630000 312
1512120630000 312
1512120630000 312
1512120630000 312
1512120630000 313
1512120630000 313
1512120630000 313
1512120630000 313
1512120630000 314
1512120630000 314
1512120630000 315
1512120630000 315
1512120630000 318
1512120630000 319
1512120630000 319
1512120630000 323
1512120630000 323
1512120630000 323
1512120630000 334
1512120630000 334
1512120630000 370
1512120630000 371
1512120640000 318
1512120640000 318
1512120640000 318
1512120640000 318
1512120640000 318
1512120640000 318
1512120640000 318
1512120640000 319
1512120640000 319
1512120640000 319
1512120640000 319
1512120640000 319
1512120640000 319
1512120640000 319
1512120640000 319
1512120640000 319
1512120640000 319
1512120640000 319
1512120640000 319
1512120640000 319
1512120640000 320
1512120640000 320
1512120640000 320
1512120640000 320
1512120640000 320
1512120640000 320
1512120640000 320
1512120640000 320
1512120640000 320
1512120640000 320
1512120640000 320
1512120640000 320
1512120640000 320
1512120640000 320
1512120640000 320
1512120640000 320
1512120640000 321
1512120640000 321
1512120640000 321
1512120640000 321
1512120640000 321
1512120640000 321
1512120640000 321
1512120640000 321
1512120640000 321
1512120640000 321
1512120640000 321
1512120640000 321
1512120640000 321
1512120640000 321
1512120640000 321
1512120640000 321
1512120640000 322
1512120640000 322
1512120640000 322
1512120640000 322
1512120640000 322
1512120640000 322
1512120640000 322
1512120640000 322
1512120640000 322
1512120640000 322
1512120640000 322
1512120640000 322
1512120640000 322
1512120640000 323
1512120640000 323
1512120640000 323
1512120640000 323
1512120640000 323
1512120640000 323
1512120640000 323
1512120640000 323
1512120640000 323
1512120640000 323
1512120640000 323
1512120640000 323
1512120640000 324
1512120640000 324
1512120640000 324
1512120640000 324
1512120640000 324
1512120640000 324
1512120640000 324
1512120640000 324
1512120640000 324
1512120640000 324
1512120640000 325
1512120640000 325
1512120640000 325
1512120640000 349
1512120640000 355
1512120640000 355
1512120640000 356
1512120640000 356
1512120640000 356
1512120640000 357
1512120640000 360
1512120640000 364
1512120640000 365
1512120650000 319
1512120650000 319
1512120650000 320
1512120650000 320
1512120650000 320
1512120650000 320
1512120650000 320
1512120650000 320
1512120650000 320
1512120650000 320
1512120650000 320
1512120650000 320
1512120650000 320
1512120650000 320
1512120650000 320
1512120650000 320
1512120650000 320
1512120650000 320
1512120650000 320
1512120650000 320
1512120650000 320
1512120650000 320
1512120650000 321
1512120650000 321
1512120650000 321
1512120650000 321
1512120650000 321
1512120650000 321
1512120650000 321
1512120650000 321
1512120650000 321
1512120650000 321
1512120650000 321
1512120650000 321
1512120650000 321
1512120650000 321
1512120650000 321
1512120650000 321
1512120650000 321
1512120650000 321
1512120650000 321
1512120650000 322
1512120650000 322
1512120650000 322
1512120650000 322
1512120650000 322
1512120650000 322
1512120650000 322
1512120650000 322
1512120650000 322
1512120650000 322
1512120650000 322
1512120650000 322
1512120650000 322
1512120650000 322
1512120650000 323
1512120650000 323
1512120650000 323
1512120650000 323
1512120650000 323
1512120650000 323
1512120650000 323
1512120650000 323
1512120650000 323
1512120650000 323
1512120650000 323
1512120650000 323
1512120650000 323
1512120650000 323
1512120650000 323
1512120650000 323
1512120650000 324
1512120650000 324
1512120650000 324
1512120650000 324
1512120650000 325
1512120650000 342
1512120650000 354
1512120650000 354
1512120650000 354
1512120650000 354
1512120650000 354
1512120650000 355
1512120650000 356
1512120650000 356
1512120650000 356
1512120650000 357
1512120650000 357
1512120650000 359
1512120650000 362
1512120650000 363
1512120650000 367
1512120650000 368
1512120650000 372
1512120650000 373
1512120650000 374
1512120650000 375
1512120650000 375
1512120650000 407
1512120650000 408
1512120660000 319
1512120660000 319
1512120660000 319
1512120660000 319
1512120660000 319
1512120660000 319
1512120660000 319
1512120660000 319
1512120660000 320
1512120660000 320
1512120660000 320
1512120660000 320
1512120660000 320
1512120660000 320
1512120660000 320
1512120660000 320
1512120660000 320
1512120660000 320
1512120660000 320
1512120660000 320
1512120660000 320
1512120660000 320
1512120660000 320
1512120660000 320
1512120660000 320
1512120660000 320
1512120660000 320
1512120660000 320
1512120660000 320
1512120660000 320
1512120660000 320
1512120660000 320
1512120660000 320
1512120660000 320
1512120660000 320
1512120660000 320
1512120660000 320
1512120660000 320
1512120660000 320
1512120660000 320
1512120660000 320
1512120660000 321
1512120660000 321
1512120660000 321
1512120660000 321
1512120660000 321
1512120660000 321
1512120660000 321
1512120660000 321
1512120660000 321
1512120660000 321
1512120660000 321
1512120660000 321
1512120660000 321
1512120660000 321
1512120660000 321
1512120660000 321
1512120660000 321
1512120660000 321
1512120660000 322
1512120660000 322
1512120660000 322
1512120660000 322
1512120660000 322
1512120660000 322
1512120660000 322
1512120660000 322
1512120660000 322
1512120660000 322
1512120660000 322
1512120660000 323
1512120660000 323
1512120660000 323
1512120660000 327
1512120660000 328
1512120660000 332
1512120660000 333
1512120660000 333
1512120660000 334
1512120660000 334
1512120660000 338
1512120660000 343
1512120660000 352
1512120660000 352
1512120660000 353
1512120660000 354
1512120660000 354
1512120660000 354
1512120660000 355
1512120660000 374
1512120660000 378
1512120660000 378
1512120660000 380
1512120660000 380
1512120660000 387
1512120660000 388
1512120660000 388
1512120660000 389
1512120660000 389
1512120660000 390
1512120670000 295
1512120670000 295
1512120670000 295
1512120670000 295
1512120670000 295
1512120670000 295
1512120670000 295
1512120670000 295
1512120670000 295
1512120670000 295
1512120670000 295
1512120670000 295
1512120670000 295
1512120670000 295
1512120670000 295
1512120670000 295
1512120670000 295
1512120670000 295
1512120670000 295
1512120670000 295
1512120670000 295
1512120670000 295
1512120670000 296
1512120670000 296
1512120670000 296
1512120670000 296
1512120670000 296
1512120670000 296
1512120670000 296
1512120670000 296
1512120670000 296
1512120670000 296
1512120670000 296
1512120670000 296
1512120670000 296
1512120670000 296
1512120670000 296
1512120670000 296
1512120670000 296
1512120670000 296
1512120670000 296
1512120670000 296
1512120670000 296
1512120670000 296
1512120670000 296
1512120670000 296
1512120670000 296
1512120670000 296
1512120670000 297
1512120670000 297
1512120670000 297
1512120670000 297
1512120670000 297
1512120670000 297
1512120670000 297
1512120670000 297
1512120670000 297
1512120670000 297
1512120670000 297
1512120670000 297
1512120670000 297
1512120670000 297
1512120670000 297
1512120670000 297
1512120670000 297
1512120670000 297
1512120670000 297
1512120670000 297
1512120670000 297
1512120670000 297
1512120670000 297
1512120670000 297
1512120670000 297
1512120670000 297
1512120670000 297
1512120670000 297
1512120670000 297
1512120670000 297
1512120670000 298
1512120670000 298
1512120670000 298
1512120670000 298
1512120670000 298
1512120670000 298
1512120670000 298
1512120670000 298
1512120670000 298
1512120670000 298
1512120670000 298
1512120670000 298
1512120670000 298
1512120670000 298
1512120670000 299
1512120670000 299
1512120670000 318
1512120670000 322
1512120670000 322
1512120670000 326
1512120670000 344
1512120670000 345
1512120680000 308
1512120680000 308
1512120680000 308
1512120680000 308
1512120680000 308
1512120680000 309
1512120680000 309
1512120680000 309
1512120680000 309
1512120680000 309
1512120680000 309
1512120680000 309
1512120680000 309
1512120680000 309
1512120680000 309
1512120680000 309
1512120680000 309
1512120680000 309
1512120680000 309
1512120680000 309
1512120680000 309
1512120680000 309
1512120680000 309
1512120680000 309
1512120680000 309
1512120680000 309
1512120680000 310
1512120680000 310
1512120680000 310
1512120680000 310
1512120680000 310
1512120680000 310
1512120680000 310
1512120680000 310
1512120680000 310
1512120680000 310
1512120680000 310
1512120680000 310
1512120680000 310
1512120680000 310
1512120680000 310
1512120680000 310
1512120680000 310
1512120680000 310
1512120680000 310
1512120680000 310
1512120680000 310
1512120680000 310
1512120680000 310
1512120680000 310
1512120680000 310
1512120680000 311
1512120680000 311
1512120680000 311
1512120680000 311
1512120680000 311
1512120680000 311
1512120680000 311
1512120680000 311
1512120680000 311
1512120680000 311
1512120680000 311
1512120680000 311
1512120680000 311
1512120680000 311
1512120680000 311
1512120680000 311
1512120680000 311
1512120680000 311
1512120680000 311
1512120680000 311
1512120680000 311
1512120680000 311
1512120680000 311
1512120680000 311
1512120680000 312
1512120680000 312
1512120680000 312
1512120680000 312
1512120680000 312
1512120680000 312
1512120680000 312
1512120680000 313
1512120680000 313
1512120680000 313
1512120680000 316
1512120680000 316
1512120680000 317
1512120680000 317
1512120680000 318
1512120680000 337
1512120680000 337
1512120680000 343
1512120680000 344
1512120680000 358
1512120680000 359
1512120680000 399
1512120680000 399
1512120680000 434
1512120680000 435
1512120690000 327
1512120690000 327
1512120690000 327
1512120690000 328
1512120690000 328
1512120690000 328
1512120690000 328
1512120690000 328
1512120690000 328
1512120690000 328
1512120690000 328
1512120690000 328
1512120690000 328
1512120690000 328
1512120690000 328
1512120690000 328
1512120690000 328
1512120690000 328
1512120690000 328
1512120690000 328
1512120690000 328
1512120690000 328
1512120690000 328
1512120690000 328
1512120690000 328
1512120690000 329
1512120690000 329
1512120690000 329
1512120690000 329
1512120690000 329
1512120690000 329
1512120690000 329
1512120690000 329
1512120690000 329
1512120690000 329
1512120690000 329
1512120690000 329
1512120690000 329
1512120690000 329
1512120690000 329
1512120690000 329
1512120690000 329
1512120690000 329
1512120690000 329
1512120690000 329
1512120690000 329
1512120690000 329
1512120690000 329
1512120690000 329
1512120690000 329
1512120690000 329
1512120690000 329
1512120690000 330
1512120690000 330
1512120690000 330
1512120690000 330
1512120690000 330
1512120690000 330
1512120690000 330
1512120690000 330
1512120690000 330
1512120690000 330
1512120690000 330
1512120690000 330
1512120690000 330
1512120690000 330
1512120690000 330
1512120690000 330
1512120690000 330
1512120690000 330
1512120690000 330
1512120690000 331
1512120690000 331
1512120690000 331
1512120690000 331
1512120690000 331
1512120690000 331
1512120690000 332
1512120690000 340
1512120690000 348
1512120690000 350
1512120690000 352
1512120690000 352
1512120690000 352
1512120690000 353
1512120690000 353
1512120690000 353
1512120690000 355
1512120690000 357
1512120690000 357
1512120690000 358
1512120690000 359
1512120690000 359
1512120690000 360
1512120690000 360
1512120690000 361
1512120690000 361
1512120690000 363
1512120690000 363
1512120690000 364
1512120700000 -3980
1512120700000 -3987
1512120700000 -4638
1512120700000 -4639
1512120700000 -4639
1512120700000 -4657
1512120700000 -4668
1512120700000 -4670
1512120700000 -4681
1512120700000 -4682
1512120700000 -4683
1512120700000 -4688
1512120700000 -4690
1512120700000 -4693
1512120700000 -4696
1512120700000 -4697
1512120700000 -4697
1512120700000 -4698
1512120700000 -4698
1512120700000 -4699
1512120700000 -4699
1512120700000 -4699
1512120700000 -4700
1512120700000 -4700
1512120700000 -4701
1512120700000 -4946
1512120700000 -4946
1512120700000 -4947
1512120700000 -4947
1512120700000 -4947
1512120700000 -4947
1512120700000 -4948
1512120700000 -4948
1512120700000 -4965
1512120700000 -4965
1512120700000 -4966
1512120700000 -4966
1512120700000 -4966
1512120700000 -4980
1512120700000 -4980
1512120700000 -4981
1512120700000 -4981
1512120700000 -4981
1512120700000 -4981
1512120700000 -4981
1512120700000 -4981
1512120700000 -4981
1512120700000 -4981
1512120700000 -4986
1512120700000 -4986
1512120700000 -4986
1512120700000 -4986
1512120700000 -4986
1512120700000 -4987
1512120700000 -4987
1512120700000 -4987
1512120700000 -4987
1512120700000 -4987
1512120700000 -4987
1512120700000 -4987
1512120700000 -4987
1512120700000 -4987
1512120700000 -4987
1512120700000 -4987
1512120700000 -4987
1512120700000 -4987
1512120700000 -4988
1512120700000 -5632
1512120700000 -5632
1512120700000 -5638
1512120700000 -5655
1512120700000 -5656
1512120700000 -5661
1512120700000 -5678
1512120700000 -5679
1512120700000 -5687
1512120700000 -5690
1512120700000 -5690
1512120700000 -5695
1512120700000 -5696
1512120700000 -5946
1512120700000 -5966
1512120700000 -5966
1512120700000 -5974
1512120700000 -5975
1512120700000 -5981
1512120700000 -5981
1512120700000 -5981
1512120700000 -5981
1512120700000 -5981
1512120700000 -5981
1512120700000 -5981
1512120700000 -5981
1512120700000 -5986
1512120700000 -5986
1512120700000 -5986
1512120700000 -5987
1512120700000 -5987
1512120700000 -6668
1512120700000 -6677
