1512148410000 3166
1512148410000 3166
1512148410000 3167
1512148410000 3167
1512148410000 3168
1512148410000 3168
1512148410000 3168
1512148410000 3168
1512148410000 3169
1512148410000 3170
1512148410000 3171
1512148410000 3171
1512148410000 3171
1512148410000 3171
1512148410000 3171
1512148410000 3171
1512148410000 3172
1512148410000 3172
1512148410000 3172
1512148410000 3172
1512148410000 3172
1512148410000 3172
1512148410000 3172
1512148410000 3172
1512148410000 3173
1512148410000 3173
1512148410000 3173
1512148410000 3173
1512148410000 3173
1512148410000 3173
1512148410000 3173
1512148410000 3174
1512148410000 3174
1512148410000 3174
1512148410000 3174
1512148410000 3174
1512148410000 3174
1512148410000 3175
1512148410000 3175
1512148410000 3175
1512148410000 3175
1512148410000 3175
1512148410000 3175
1512148410000 3176
1512148410000 3176
1512148410000 3176
1512148410000 3176
1512148410000 3176
1512148410000 3176
1512148410000 3176
1512148410000 3176
1512148410000 3177
1512148410000 3177
1512148410000 3177
1512148410000 3177
1512148410000 3177
1512148410000 3177
1512148410000 3177
1512148410000 3177
1512148410000 3178
1512148410000 3178
1512148410000 3178
1512148410000 3178
1512148410000 3178
1512148410000 3178
1512148410000 3178
1512148410000 3178
1512148410000 3179
1512148410000 3179
1512148410000 3179
1512148410000 3179
1512148410000 3179
1512148410000 3179
1512148410000 3179
1512148410000 3180
1512148410000 3180
1512148410000 3180
1512148410000 3180
1512148410000 3180
1512148410000 3180
1512148410000 3181
1512148410000 3181
1512148410000 3181
1512148410000 3181
1512148410000 3181
1512148410000 3182
1512148410000 3182
1512148410000 3182
1512148410000 3183
1512148410000 3183
1512148410000 3183
1512148410000 3200
1512148410000 3201
1512148410000 3202
1512148410000 3202
1512148410000 3202
1512148410000 3203
1512148410000 3203
1512148410000 3204
1512148410000 3204
1512148420000 1107
1512148420000 1107
1512148420000 1107
1512148420000 1108
1512148420000 1108
1512148420000 1108
1512148420000 1108
1512148420000 1108
1512148420000 1108
1512148420000 1108
1512148420000 1108
1512148420000 1108
1512148420000 1109
1512148420000 1109
1512148420000 1109
1512148420000 1110
1512148420000 1110
1512148420000 1110
1512148420000 1110
1512148420000 1110
1512148420000 1110
1512148420000 1110
1512148420000 1110
1512148420000 1110
1512148420000 1110
1512148420000 1110
1512148420000 1110
1512148420000 1110
1512148420000 1110
1512148420000 1111
1512148420000 1111
1512148420000 1111
1512148420000 1111
1512148420000 1111
1512148420000 1111
1512148420000 1111
1512148420000 1111
1512148420000 1111
1512148420000 1111
1512148420000 1111
1512148420000 1112
1512148420000 1112
1512148420000 1112
1512148420000 1112
1512148420000 1112
1512148420000 1112
1512148420000 1112
1512148420000 1112
1512148420000 1112
1512148420000 1112
1512148420000 1112
1512148420000 1113
1512148420000 1113
1512148420000 1113
1512148420000 1113
1512148420000 1113
1512148420000 1113
1512148420000 1113
1512148420000 1113
1512148420000 1113
1512148420000 1113
1512148420000 1113
1512148420000 1113
1512148420000 1113
1512148420000 1113
1512148420000 1114
1512148420000 1114
1512148420000 1114
1512148420000 1114
1512148420000 1114
1512148420000 1114
1512148420000 1114
1512148420000 1114
1512148420000 1114
1512148420000 1114
1512148420000 1114
1512148420000 1114
1512148420000 1114
1512148420000 1114
1512148420000 1114
1512148420000 1114
1512148420000 1114
1512148420000 1115
1512148420000 1115
1512148420000 1115
1512148420000 1115
1512148420000 1115
1512148420000 1115
1512148420000 1115
1512148420000 1115
1512148420000 1115
1512148420000 1115
1512148420000 1115
1512148420000 1115
1512148420000 1116
1512148420000 1116
1512148420000 1116
1512148420000 1116
1512148420000 1117
1512148420000 1117
1512148430000 1098
1512148430000 1098
1512148430000 1099
1512148430000 1099
1512148430000 1099
1512148430000 1100
1512148430000 1100
1512148430000 1100
1512148430000 1100
1512148430000 1100
1512148430000 1100
1512148430000 1100
1512148430000 1101
1512148430000 1101
1512148430000 1101
1512148430000 1101
1512148430000 1101
1512148430000 1102
1512148430000 1102
1512148430000 1102
1512148430000 1102
1512148430000 1102
1512148430000 1102
1512148430000 1102
1512148430000 1103
1512148430000 1103
1512148430000 1103
1512148430000 1103
1512148430000 1103
1512148430000 1103
1512148430000 1103
1512148430000 1103
1512148430000 1104
1512148430000 1104
1512148430000 1104
1512148430000 1104
1512148430000 1104
1512148430000 1104
1512148430000 1104
1512148430000 1104
1512148430000 1104
1512148430000 1104
1512148430000 1104
1512148430000 1104
1512148430000 1105
1512148430000 1105
1512148430000 1105
1512148430000 1105
1512148430000 1105
1512148430000 1105
1512148430000 1105
1512148430000 1105
1512148430000 1105
1512148430000 1105
1512148430000 1106
1512148430000 1106
1512148430000 1106
1512148430000 1106
1512148430000 1106
1512148430000 1106
1512148430000 1106
1512148430000 1106
1512148430000 1106
1512148430000 1106
1512148430000 1106
1512148430000 1106
1512148430000 1106
1512148430000 1106
1512148430000 1107
1512148430000 1107
1512148430000 1107
1512148430000 1107
1512148430000 1107
1512148430000 1107
1512148430000 1107
1512148430000 1107
1512148430000 1107
1512148430000 1107
1512148430000 1107
1512148430000 1107
1512148430000 1107
1512148430000 1107
1512148430000 1107
1512148430000 1108
1512148430000 1108
1512148430000 1108
1512148430000 1108
1512148430000 1108
1512148430000 1108
1512148430000 1108
1512148430000 1108
1512148430000 1110
1512148430000 1111
1512148430000 1111
1512148430000 1127
1512148430000 1127
1512148430000 1128
1512148430000 1128
1512148430000 1135
1512148430000 1136
1512148440000 1094
1512148440000 1095
1512148440000 1095
1512148440000 1095
1512148440000 1095
1512148440000 1095
1512148440000 1095
1512148440000 1096
1512148440000 1096
1512148440000 1096
1512148440000 1096
1512148440000 1096
1512148440000 1096
1512148440000 1097
1512148440000 1097
1512148440000 1097
1512148440000 1097
1512148440000 1098
1512148440000 1098
1512148440000 1098
1512148440000 1098
1512148440000 1098
1512148440000 1098
1512148440000 1098
1512148440000 1098
1512148440000 1098
1512148440000 1098
1512148440000 1098
1512148440000 1099
1512148440000 1099
1512148440000 1099
1512148440000 1099
1512148440000 1099
1512148440000 1099
1512148440000 1099
1512148440000 1099
1512148440000 1099
1512148440000 1099
1512148440000 1100
1512148440000 1100
1512148440000 1100
1512148440000 1100
1512148440000 1100
1512148440000 1100
1512148440000 1100
1512148440000 1100
1512148440000 1101
1512148440000 1101
1512148440000 1101
1512148440000 1101
1512148440000 1101
1512148440000 1101
1512148440000 1101
1512148440000 1101
1512148440000 1101
1512148440000 1101
1512148440000 1101
1512148440000 1101
1512148440000 1101
1512148440000 1102
1512148440000 1102
1512148440000 1102
1512148440000 1102
1512148440000 1102
1512148440000 1102
1512148440000 1102
1512148440000 1102
1512148440000 1102
1512148440000 1102
1512148440000 1103
1512148440000 1103
1512148440000 1103
1512148440000 1103
1512148440000 1103
1512148440000 1103
1512148440000 1103
1512148440000 1103
1512148440000 1103
1512148440000 1103
1512148440000 1103
1512148440000 1103
1512148440000 1103
1512148440000 1103
1512148440000 1104
1512148440000 1104
1512148440000 1104
1512148440000 1104
1512148440000 1104
1512148440000 1104
1512148440000 1104
1512148440000 1104
1512148440000 1104
1512148440000 1104
1512148440000 1104
1512148440000 1104
1512148440000 1105
1512148440000 1105
1512148440000 1105
1512148440000 1105
1512148440000 1106
1512148450000 1071
1512148450000 1071
1512148450000 1071
1512148450000 1071
1512148450000 1072
1512148450000 1072
1512148450000 1072
1512148450000 1072
1512148450000 1072
1512148450000 1072
1512148450000 1072
1512148450000 1073
1512148450000 1073
1512148450000 1073
1512148450000 1073
1512148450000 1073
1512148450000 1074
1512148450000 1074
1512148450000 1074
1512148450000 1074
1512148450000 1074
1512148450000 1074
1512148450000 1074
1512148450000 1074
1512148450000 1074
1512148450000 1074
1512148450000 1074
1512148450000 1074
1512148450000 1074
1512148450000 1074
1512148450000 1074
1512148450000 1074
1512148450000 1075
1512148450000 1075
1512148450000 1075
1512148450000 1075
1512148450000 1075
1512148450000 1075
1512148450000 1075
1512148450000 1075
1512148450000 1075
1512148450000 1075
1512148450000 1076
1512148450000 1076
1512148450000 1076
1512148450000 1076
1512148450000 1076
1512148450000 1076
1512148450000 1076
1512148450000 1076
1512148450000 1077
1512148450000 1077
1512148450000 1077
1512148450000 1077
1512148450000 1077
1512148450000 1077
1512148450000 1077
1512148450000 1077
1512148450000 1077
1512148450000 1077
1512148450000 1077
1512148450000 1078
1512148450000 1078
1512148450000 1078
1512148450000 1078
1512148450000 1078
1512148450000 1078
1512148450000 1078
1512148450000 1078
1512148450000 1078
1512148450000 1078
1512148450000 1079
1512148450000 1079
1512148450000 1079
1512148450000 1079
1512148450000 1079
1512148450000 1079
1512148450000 1079
1512148450000 1079
1512148450000 1079
1512148450000 1079
1512148450000 1079
1512148450000 1080
1512148450000 1080
1512148450000 1080
1512148450000 1080
1512148450000 1080
1512148450000 1080
1512148450000 1080
1512148450000 1080
1512148450000 1080
1512148450000 1080
1512148450000 1080
1512148450000 1080
1512148450000 1081
1512148450000 1081
1512148450000 1081
1512148450000 1081
1512148450000 1081
1512148450000 1082
1512148460000 1118
1512148460000 1118
1512148460000 1119
1512148460000 1119
1512148460000 1119
1512148460000 1120
1512148460000 1120
1512148460000 1120
1512148460000 1120
1512148460000 1120
1512148460000 1120
1512148460000 1120
1512148460000 1121
1512148460000 1121
1512148460000 1121
1512148460000 1121
1512148460000 1121
1512148460000 1121
1512148460000 1121
1512148460000 1121
1512148460000 1122
1512148460000 1122
1512148460000 1122
1512148460000 1122
1512148460000 1122
1512148460000 1122
1512148460000 1122
1512148460000 1122
1512148460000 1122
1512148460000 1122
1512148460000 1123
1512148460000 1123
1512148460000 1123
1512148460000 1123
1512148460000 1123
1512148460000 1123
1512148460000 1123
1512148460000 1123
1512148460000 1123
1512148460000 1123
1512148460000 1123
1512148460000 1123
1512148460000 1124
1512148460000 1124
1512148460000 1124
1512148460000 1124
1512148460000 1124
1512148460000 1124
1512148460000 1124
1512148460000 1124
1512148460000 1125
1512148460000 1125
1512148460000 1125
1512148460000 1125
1512148460000 1125
1512148460000 1125
1512148460000 1125
1512148460000 1125
1512148460000 1125
1512148460000 1125
1512148460000 1125
1512148460000 1126
1512148460000 1126
1512148460000 1126
1512148460000 1126
1512148460000 1126
1512148460000 1126
1512148460000 1126
1512148460000 1126
1512148460000 1126
1512148460000 1126
1512148460000 1126
1512148460000 1126
1512148460000 1127
1512148460000 1127
1512148460000 1127
1512148460000 1127
1512148460000 1127
1512148460000 1127
1512148460000 1127
1512148460000 1127
1512148460000 1127
1512148460000 1127
1512148460000 1127
1512148460000 1127
1512148460000 1127
1512148460000 1128
1512148460000 1128
1512148460000 1128
1512148460000 1128
1512148460000 1128
1512148460000 1128
1512148460000 1128
1512148460000 1128
1512148460000 1128
1512148460000 1129
1512148460000 1129
1512148460000 1129
1512148460000 1156
1512148460000 1156
1512148470000 1100
1512148470000 1100
1512148470000 1100
1512148470000 1100
1512148470000 1100
1512148470000 1100
1512148470000 1100
1512148470000 1101
1512148470000 1101
1512148470000 1101
1512148470000 1101
1512148470000 1101
1512148470000 1101
1512148470000 1101
1512148470000 1102
1512148470000 1102
1512148470000 1102
1512148470000 1102
1512148470000 1102
1512148470000 1102
1512148470000 1102
1512148470000 1102
1512148470000 1102
1512148470000 1103
1512148470000 1103
1512148470000 1103
1512148470000 1103
1512148470000 1103
1512148470000 1103
1512148470000 1103
1512148470000 1103
1512148470000 1103
1512148470000 1103
1512148470000 1103
1512148470000 1103
1512148470000 1103
1512148470000 1104
1512148470000 1104
1512148470000 1104
1512148470000 1104
1512148470000 1104
1512148470000 1104
1512148470000 1104
1512148470000 1104
1512148470000 1104
1512148470000 1105
1512148470000 1105
1512148470000 1105
1512148470000 1105
1512148470000 1105
1512148470000 1105
1512148470000 1105
1512148470000 1105
1512148470000 1105
1512148470000 1105
1512148470000 1105
1512148470000 1105
1512148470000 1105
1512148470000 1105
1512148470000 1105
1512148470000 1106
1512148470000 1106
1512148470000 1106
1512148470000 1106
1512148470000 1106
1512148470000 1106
1512148470000 1106
1512148470000 1106
1512148470000 1106
1512148470000 1106
1512148470000 1106
1512148470000 1106
1512148470000 1107
1512148470000 1107
1512148470000 1107
1512148470000 1107
1512148470000 1107
1512148470000 1107
1512148470000 1108
1512148470000 1109
1512148470000 1109
1512148470000 1110
1512148470000 1111
1512148470000 1115
1512148470000 1116
1512148470000 1116
1512148470000 1116
1512148470000 1116
1512148470000 1131
1512148470000 1131
1512148470000 1132
1512148470000 1132
1512148470000 1133
1512148470000 1139
1512148470000 1139
1512148470000 1140
1512148470000 1141
1512148470000 1142
1512148470000 1143
1512148470000 1143
1512148480000 803
1512148480000 803
1512148480000 804
1512148480000 804
1512148480000 804
1512148480000 805
1512148480000 805
1512148480000 805
1512148480000 805
1512148480000 805
1512148480000 805
1512148480000 805
1512148480000 806
1512148480000 806
1512148480000 806
1512148480000 806
1512148480000 806
1512148480000 807
1512148480000 807
1512148480000 807
1512148480000 807
1512148480000 807
1512148480000 807
1512148480000 807
1512148480000 807
1512148480000 807
1512148480000 807
1512148480000 807
1512148480000 807
1512148480000 808
1512148480000 808
1512148480000 808
1512148480000 808
1512148480000 808
1512148480000 808
1512148480000 808
1512148480000 808
1512148480000 808
1512148480000 808
1512148480000 808
1512148480000 808
1512148480000 808
1512148480000 809
1512148480000 809
1512148480000 809
1512148480000 809
1512148480000 809
1512148480000 809
1512148480000 809
1512148480000 809
1512148480000 809
1512148480000 809
1512148480000 809
1512148480000 809
1512148480000 809
1512148480000 809
1512148480000 809
1512148480000 809
1512148480000 809
1512148480000 809
1512148480000 810
1512148480000 810
1512148480000 810
1512148480000 810
1512148480000 810
1512148480000 810
1512148480000 810
1512148480000 810
1512148480000 810
1512148480000 810
1512148480000 810
1512148480000 810
1512148480000 810
1512148480000 810
1512148480000 810
1512148480000 810
1512148480000 810
1512148480000 810
1512148480000 810
1512148480000 810
1512148480000 810
1512148480000 810
1512148480000 810
1512148480000 810
1512148480000 811
1512148480000 811
1512148480000 811
1512148480000 811
1512148480000 811
1512148480000 812
1512148480000 812
1512148480000 812
1512148480000 812
1512148480000 812
1512148480000 813
1512148480000 813
1512148480000 826
1512148480000 826
1512148480000 839
1512148480000 839
1512148490000 1075
1512148490000 1077
1512148490000 1077
1512148490000 1077
1512148490000 1078
1512148490000 1078
1512148490000 1078
1512148490000 1078
1512148490000 1078
1512148490000 1078
1512148490000 1079
1512148490000 1079
1512148490000 1079
1512148490000 1079
1512148490000 1079
1512148490000 1079
1512148490000 1079
1512148490000 1079
1512148490000 1079
1512148490000 1079
1512148490000 1080
1512148490000 1080
1512148490000 1080
1512148490000 1080
1512148490000 1080
1512148490000 1081
1512148490000 1081
1512148490000 1081
1512148490000 1081
1512148490000 1081
1512148490000 1081
1512148490000 1081
1512148490000 1081
1512148490000 1081
1512148490000 1081
1512148490000 1081
1512148490000 1081
1512148490000 1082
1512148490000 1082
1512148490000 1082
1512148490000 1082
1512148490000 1082
1512148490000 1082
1512148490000 1083
1512148490000 1083
1512148490000 1083
1512148490000 1083
1512148490000 1083
1512148490000 1083
1512148490000 1083
1512148490000 1083
1512148490000 1083
1512148490000 1083
1512148490000 1083
1512148490000 1083
1512148490000 1083
1512148490000 1084
1512148490000 1084
1512148490000 1084
1512148490000 1084
1512148490000 1084
1512148490000 1084
1512148490000 1084
1512148490000 1084
1512148490000 1084
1512148490000 1085
1512148490000 1085
1512148490000 1085
1512148490000 1085
1512148490000 1085
1512148490000 1085
1512148490000 1085
1512148490000 1085
1512148490000 1085
1512148490000 1085
1512148490000 1085
1512148490000 1085
1512148490000 1086
1512148490000 1086
1512148490000 1086
1512148490000 1086
1512148490000 1086
1512148490000 1086
1512148490000 1086
1512148490000 1086
1512148490000 1086
1512148490000 1087
1512148490000 1087
1512148490000 1087
1512148490000 1087
1512148490000 1087
1512148490000 1087
1512148490000 1088
1512148490000 1088
1512148490000 1088
1512148490000 1088
1512148490000 1088
1512148490000 1100
1512148490000 1111
1512148490000 1111
1512148500000 1119
1512148500000 1119
1512148500000 1119
1512148500000 1119
1512148500000 1119
1512148500000 1119
1512148500000 1119
1512148500000 1119
1512148500000 1119
1512148500000 1120
1512148500000 1120
1512148500000 1120
1512148500000 1120
1512148500000 1120
1512148500000 1120
1512148500000 1120
1512148500000 1120
1512148500000 1120
1512148500000 1120
1512148500000 1120
1512148500000 1121
1512148500000 1121
1512148500000 1121
1512148500000 1121
1512148500000 1121
1512148500000 1121
1512148500000 1121
1512148500000 1121
1512148500000 1121
1512148500000 1121
1512148500000 1121
1512148500000 1121
1512148500000 1121
1512148500000 1121
1512148500000 1122
1512148500000 1122
1512148500000 1122
1512148500000 1122
1512148500000 1122
1512148500000 1122
1512148500000 1122
1512148500000 1122
1512148500000 1122
1512148500000 1122
1512148500000 1122
1512148500000 1123
1512148500000 1123
1512148500000 1123
1512148500000 1123
1512148500000 1123
1512148500000 1123
1512148500000 1123
1512148500000 1123
1512148500000 1123
1512148500000 1123
1512148500000 1123
1512148500000 1123
1512148500000 1124
1512148500000 1124
1512148500000 1124
1512148500000 1124
1512148500000 1124
1512148500000 1124
1512148500000 1124
1512148500000 1124
1512148500000 1124
1512148500000 1124
1512148500000 1124
1512148500000 1124
1512148500000 1124
1512148500000 1124
1512148500000 1124
1512148500000 1124
1512148500000 1124
1512148500000 1124
1512148500000 1124
1512148500000 1125
1512148500000 1125
1512148500000 1125
1512148500000 1125
1512148500000 1125
1512148500000 1125
1512148500000 1125
1512148500000 1125
1512148500000 1125
1512148500000 1125
1512148500000 1125
1512148500000 1125
1512148500000 1125
1512148500000 1125
1512148500000 1125
1512148500000 1126
1512148500000 1126
1512148500000 1126
1512148500000 1126
1512148500000 1126
1512148500000 1126
1512148500000 1126
1512148500000 1126
1512148500000 1127
1512148510000 1057
1512148510000 1057
1512148510000 1058
1512148510000 1058
1512148510000 1058
1512148510000 1059
1512148510000 1059
1512148510000 1059
1512148510000 1059
1512148510000 1059
1512148510000 1060
1512148510000 1060
1512148510000 1060
1512148510000 1060
1512148510000 1061
1512148510000 1061
1512148510000 1061
1512148510000 1061
1512148510000 1061
1512148510000 1061
1512148510000 1061
1512148510000 1061
1512148510000 1061
1512148510000 1061
1512148510000 1061
1512148510000 1061
1512148510000 1062
1512148510000 1062
1512148510000 1062
1512148510000 1062
1512148510000 1062
1512148510000 1062
1512148510000 1062
1512148510000 1063
1512148510000 1063
1512148510000 1063
1512148510000 1063
1512148510000 1063
1512148510000 1063
1512148510000 1063
1512148510000 1063
1512148510000 1063
1512148510000 1063
1512148510000 1063
1512148510000 1063
1512148510000 1063
1512148510000 1063
1512148510000 1063
1512148510000 1063
1512148510000 1063
1512148510000 1063
1512148510000 1064
1512148510000 1064
1512148510000 1064
1512148510000 1064
1512148510000 1064
1512148510000 1064
1512148510000 1064
1512148510000 1064
1512148510000 1064
1512148510000 1064
1512148510000 1065
1512148510000 1065
1512148510000 1065
1512148510000 1065
1512148510000 1065
1512148510000 1065
1512148510000 1065
1512148510000 1065
1512148510000 1065
1512148510000 1065
1512148510000 1066
1512148510000 1066
1512148510000 1066
1512148510000 1066
1512148510000 1066
1512148510000 1066
1512148510000 1066
1512148510000 1066
1512148510000 1066
1512148510000 1066
1512148510000 1067
1512148510000 1067
1512148510000 1067
1512148510000 1067
1512148510000 1067
1512148510000 1067
1512148510000 1067
1512148510000 1067
1512148510000 1067
1512148510000 1068
1512148510000 1068
1512148510000 1068
1512148510000 1068
1512148510000 1068
1512148510000 1068
1512148510000 1068
1512148510000 1068
1512148510000 1069
1512148510000 1069
1512148520000 1064
1512148520000 1065
1512148520000 1065
1512148520000 1065
1512148520000 1065
1512148520000 1066
1512148520000 1066
1512148520000 1066
1512148520000 1066
1512148520000 1066
1512148520000 1066
1512148520000 1067
1512148520000 1067
1512148520000 1067
1512148520000 1067
1512148520000 1067
1512148520000 1067
1512148520000 1067
1512148520000 1067
1512148520000 1067
1512148520000 1067
1512148520000 1067
1512148520000 1067
1512148520000 1068
1512148520000 1068
1512148520000 1068
1512148520000 1068
1512148520000 1068
1512148520000 1068
1512148520000 1068
1512148520000 1068
1512148520000 1068
1512148520000 1068
1512148520000 1069
1512148520000 1069
1512148520000 1069
1512148520000 1069
1512148520000 1069
1512148520000 1069
1512148520000 1069
1512148520000 1069
1512148520000 1069
1512148520000 1070
1512148520000 1070
1512148520000 1070
1512148520000 1070
1512148520000 1070
1512148520000 1070
1512148520000 1070
1512148520000 1070
1512148520000 1070
1512148520000 1070
1512148520000 1070
1512148520000 1071
1512148520000 1071
1512148520000 1071
1512148520000 1071
1512148520000 1071
1512148520000 1071
1512148520000 1071
1512148520000 1071
1512148520000 1071
1512148520000 1071
1512148520000 1072
1512148520000 1072
1512148520000 1072
1512148520000 1072
1512148520000 1072
1512148520000 1072
1512148520000 1072
1512148520000 1072
1512148520000 1072
1512148520000 1072
1512148520000 1072
1512148520000 1072
1512148520000 1072
1512148520000 1072
1512148520000 1072
1512148520000 1073
1512148520000 1073
1512148520000 1073
1512148520000 1073
1512148520000 1073
1512148520000 1073
1512148520000 1073
1512148520000 1073
1512148520000 1074
1512148520000 1074
1512148520000 1074
1512148520000 1074
1512148520000 1074
1512148520000 1075
1512148520000 1075
1512148520000 1075
1512148520000 1076
1512148520000 1091
1512148520000 1091
1512148520000 1091
1512148520000 1109
1512148520000 1110
1512148530000 1068
1512148530000 1069
1512148530000 1069
1512148530000 1070
1512148530000 1070
1512148530000 1070
1512148530000 1070
1512148530000 1070
1512148530000 1071
1512148530000 1071
1512148530000 1071
1512148530000 1071
1512148530000 1071
1512148530000 1072
1512148530000 1072
1512148530000 1072
1512148530000 1073
1512148530000 1073
1512148530000 1073
1512148530000 1073
1512148530000 1073
1512148530000 1073
1512148530000 1073
1512148530000 1073
1512148530000 1073
1512148530000 1073
1512148530000 1073
1512148530000 1073
1512148530000 1073
1512148530000 1073
1512148530000 1073
1512148530000 1073
1512148530000 1074
1512148530000 1074
1512148530000 1074
1512148530000 1074
1512148530000 1074
1512148530000 1074
1512148530000 1074
1512148530000 1074
1512148530000 1074
1512148530000 1074
1512148530000 1074
1512148530000 1075
1512148530000 1075
1512148530000 1075
1512148530000 1075
1512148530000 1075
1512148530000 1075
1512148530000 1075
1512148530000 1075
1512148530000 1075
1512148530000 1075
1512148530000 1075
1512148530000 1075
1512148530000 1075
1512148530000 1075
1512148530000 1075
1512148530000 1075
1512148530000 1076
1512148530000 1076
1512148530000 1076
1512148530000 1076
1512148530000 1076
1512148530000 1076
1512148530000 1076
1512148530000 1076
1512148530000 1076
1512148530000 1076
1512148530000 1076
1512148530000 1076
1512148530000 1077
1512148530000 1077
1512148530000 1077
1512148530000 1077
1512148530000 1077
1512148530000 1077
1512148530000 1077
1512148530000 1077
1512148530000 1077
1512148530000 1077
1512148530000 1077
1512148530000 1077
1512148530000 1077
1512148530000 1077
1512148530000 1077
1512148530000 1077
1512148530000 1077
1512148530000 1078
1512148530000 1078
1512148530000 1078
1512148530000 1078
1512148530000 1078
1512148530000 1079
1512148530000 1079
1512148530000 1099
1512148530000 1100
1512148530000 1100
1512148530000 1120
1512148530000 1121
1512148540000 1068
1512148540000 1069
1512148540000 1069
1512148540000 1069
1512148540000 1069
1512148540000 1069
1512148540000 1069
1512148540000 1069
1512148540000 1070
1512148540000 1070
1512148540000 1070
1512148540000 1070
1512148540000 1070
1512148540000 1070
1512148540000 1070
1512148540000 1070
1512148540000 1070
1512148540000 1070
1512148540000 1070
1512148540000 1071
1512148540000 1071
1512148540000 1071
1512148540000 1071
1512148540000 1071
1512148540000 1071
1512148540000 1071
1512148540000 1071
1512148540000 1071
1512148540000 1071
1512148540000 1071
1512148540000 1071
1512148540000 1072
1512148540000 1072
1512148540000 1072
1512148540000 1072
1512148540000 1072
1512148540000 1072
1512148540000 1072
1512148540000 1072
1512148540000 1072
1512148540000 1072
1512148540000 1072
1512148540000 1072
1512148540000 1072
1512148540000 1073
1512148540000 1073
1512148540000 1073
1512148540000 1073
1512148540000 1073
1512148540000 1073
1512148540000 1073
1512148540000 1073
1512148540000 1073
1512148540000 1073
1512148540000 1073
1512148540000 1073
1512148540000 1073
1512148540000 1073
1512148540000 1073
1512148540000 1074
1512148540000 1074
1512148540000 1074
1512148540000 1074
1512148540000 1074
1512148540000 1074
1512148540000 1074
1512148540000 1074
1512148540000 1074
1512148540000 1074
1512148540000 1074
1512148540000 1074
1512148540000 1074
1512148540000 1074
1512148540000 1074
1512148540000 1074
1512148540000 1074
1512148540000 1075
1512148540000 1075
1512148540000 1075
1512148540000 1075
1512148540000 1075
1512148540000 1075
1512148540000 1076
1512148540000 1076
1512148540000 1076
1512148540000 1076
1512148540000 1077
1512148540000 1077
1512148540000 1077
1512148540000 1078
1512148540000 1078
1512148540000 1078
1512148540000 1078
1512148540000 1078
1512148540000 1079
1512148540000 1079
1512148540000 1080
1512148540000 1080
1512148540000 1094
1512148540000 1094
1512148550000 791
1512148550000 791
1512148550000 792
1512148550000 792
1512148550000 793
1512148550000 793
1512148550000 793
1512148550000 793
1512148550000 793
1512148550000 793
1512148550000 794
1512148550000 794
1512148550000 794
1512148550000 794
1512148550000 794
1512148550000 795
1512148550000 795
1512148550000 795
1512148550000 795
1512148550000 795
1512148550000 796
1512148550000 796
1512148550000 796
1512148550000 796
1512148550000 796
1512148550000 796
1512148550000 796
1512148550000 796
1512148550000 797
1512148550000 797
1512148550000 797
1512148550000 797
1512148550000 798
1512148550000 798
1512148550000 798
1512148550000 798
1512148550000 798
1512148550000 798
1512148550000 799
1512148550000 799
1512148550000 799
1512148550000 799
1512148550000 799
1512148550000 799
1512148550000 799
1512148550000 799
1512148550000 800
1512148550000 800
1512148550000 800
1512148550000 800
1512148550000 800
1512148550000 800
1512148550000 800
1512148550000 800
1512148550000 800
1512148550000 800
1512148550000 800
1512148550000 801
1512148550000 801
1512148550000 801
1512148550000 801
1512148550000 801
1512148550000 801
1512148550000 801
1512148550000 801
1512148550000 801
1512148550000 801
1512148550000 801
1512148550000 801
1512148550000 801
1512148550000 801
1512148550000 802
1512148550000 802
1512148550000 802
1512148550000 802
1512148550000 802
1512148550000 802
1512148550000 802
1512148550000 802
1512148550000 802
1512148550000 802
1512148550000 802
1512148550000 802
1512148550000 802
1512148550000 802
1512148550000 803
1512148550000 803
1512148550000 803
1512148550000 803
1512148550000 803
1512148550000 803
1512148550000 803
1512148550000 803
1512148550000 815
1512148550000 815
1512148550000 815
1512148550000 816
1512148550000 816
1512148550000 823
1512148550000 823
1512148560000 1139
1512148560000 1139
1512148560000 1139
1512148560000 1140
1512148560000 1140
1512148560000 1140
1512148560000 1140
1512148560000 1140
1512148560000 1140
1512148560000 1140
1512148560000 1140
1512148560000 1140
1512148560000 1141
1512148560000 1141
1512148560000 1141
1512148560000 1141
1512148560000 1141
1512148560000 1142
1512148560000 1142
1512148560000 1142
1512148560000 1142
1512148560000 1142
1512148560000 1142
1512148560000 1142
1512148560000 1142
1512148560000 1143
1512148560000 1143
1512148560000 1143
1512148560000 1143
1512148560000 1143
1512148560000 1143
1512148560000 1143
1512148560000 1143
1512148560000 1143
1512148560000 1143
1512148560000 1143
1512148560000 1144
1512148560000 1144
1512148560000 1144
1512148560000 1144
1512148560000 1144
1512148560000 1144
1512148560000 1144
1512148560000 1145
1512148560000 1145
1512148560000 1145
1512148560000 1145
1512148560000 1145
1512148560000 1145
1512148560000 1145
1512148560000 1145
1512148560000 1146
1512148560000 1146
1512148560000 1146
1512148560000 1146
1512148560000 1146
1512148560000 1146
1512148560000 1146
1512148560000 1146
1512148560000 1146
1512148560000 1147
1512148560000 1147
1512148560000 1147
1512148560000 1147
1512148560000 1147
1512148560000 1148
1512148560000 1148
1512148560000 1148
1512148560000 1148
1512148560000 1148
1512148560000 1148
1512148560000 1148
1512148560000 1148
1512148560000 1148
1512148560000 1149
1512148560000 1149
1512148560000 1149
1512148560000 1149
1512148560000 1149
1512148560000 1149
1512148560000 1149
1512148560000 1149
1512148560000 1149
1512148560000 1150
1512148560000 1150
1512148560000 1150
1512148560000 1150
1512148560000 1150
1512148560000 1150
1512148560000 1150
1512148560000 1150
1512148560000 1150
1512148560000 1151
1512148560000 1151
1512148560000 1151
1512148560000 1151
1512148560000 1151
1512148560000 1171
1512148560000 1171
1512148560000 1194
1512148570000 1142
1512148570000 1143
1512148570000 1144
1512148570000 1144
1512148570000 1144
1512148570000 1144
1512148570000 1145
1512148570000 1145
1512148570000 1145
1512148570000 1145
1512148570000 1146
1512148570000 1146
1512148570000 1146
1512148570000 1146
1512148570000 1146
1512148570000 1147
1512148570000 1147
1512148570000 1147
1512148570000 1147
1512148570000 1147
1512148570000 1147
1512148570000 1147
1512148570000 1148
1512148570000 1148
1512148570000 1148
1512148570000 1148
1512148570000 1148
1512148570000 1148
1512148570000 1148
1512148570000 1148
1512148570000 1149
1512148570000 1149
1512148570000 1149
1512148570000 1149
1512148570000 1149
1512148570000 1149
1512148570000 1149
1512148570000 1149
1512148570000 1149
1512148570000 1149
1512148570000 1150
1512148570000 1150
1512148570000 1150
1512148570000 1150
1512148570000 1150
1512148570000 1150
1512148570000 1150
1512148570000 1150
1512148570000 1151
1512148570000 1151
1512148570000 1151
1512148570000 1151
1512148570000 1151
1512148570000 1151
1512148570000 1151
1512148570000 1151
1512148570000 1151
1512148570000 1152
1512148570000 1152
1512148570000 1152
1512148570000 1152
1512148570000 1152
1512148570000 1152
1512148570000 1152
1512148570000 1152
1512148570000 1152
1512148570000 1153
1512148570000 1153
1512148570000 1153
1512148570000 1153
1512148570000 1153
1512148570000 1153
1512148570000 1153
1512148570000 1153
1512148570000 1153
1512148570000 1154
1512148570000 1154
1512148570000 1154
1512148570000 1154
1512148570000 1154
1512148570000 1154
1512148570000 1154
1512148570000 1155
1512148570000 1155
1512148570000 1155
1512148570000 1155
1512148570000 1155
1512148570000 1155
1512148570000 1155
1512148570000 1155
1512148570000 1155
1512148570000 1156
1512148570000 1156
1512148570000 1156
1512148570000 1156
1512148570000 1157
1512148570000 1157
1512148570000 1157
1512148570000 1164
1512148570000 1164
1512148580000 1106
1512148580000 1107
1512148580000 1107
1512148580000 1107
1512148580000 1107
1512148580000 1107
1512148580000 1108
1512148580000 1108
1512148580000 1108
1512148580000 1108
1512148580000 1108
1512148580000 1108
1512148580000 1108
1512148580000 1108
1512148580000 1108
1512148580000 1109
1512148580000 1109
1512148580000 1109
1512148580000 1109
1512148580000 1109
1512148580000 1109
1512148580000 1109
1512148580000 1109
1512148580000 1109
1512148580000 1110
1512148580000 1110
1512148580000 1110
1512148580000 1110
1512148580000 1110
1512148580000 1110
1512148580000 1110
1512148580000 1110
1512148580000 1110
1512148580000 1111
1512148580000 1111
1512148580000 1111
1512148580000 1111
1512148580000 1111
1512148580000 1111
1512148580000 1111
1512148580000 1111
1512148580000 1111
1512148580000 1111
1512148580000 1112
1512148580000 1112
1512148580000 1112
1512148580000 1112
1512148580000 1112
1512148580000 1112
1512148580000 1112
1512148580000 1112
1512148580000 1112
1512148580000 1112
1512148580000 1112
1512148580000 1113
1512148580000 1113
1512148580000 1113
1512148580000 1113
1512148580000 1113
1512148580000 1113
1512148580000 1113
1512148580000 1113
1512148580000 1113
1512148580000 1113
1512148580000 1113
1512148580000 1113
1512148580000 1113
1512148580000 1114
1512148580000 1114
1512148580000 1114
1512148580000 1114
1512148580000 1114
1512148580000 1114
1512148580000 1114
1512148580000 1114
1512148580000 1114
1512148580000 1115
1512148580000 1115
1512148580000 1115
1512148580000 1115
1512148580000 1115
1512148580000 1115
1512148580000 1115
1512148580000 1115
1512148580000 1116
1512148580000 1116
1512148580000 1116
1512148580000 1116
1512148580000 1116
1512148580000 1117
1512148580000 1117
1512148580000 1134
1512148580000 1134
1512148580000 1134
1512148580000 1135
1512148580000 1135
1512148580000 1135
1512148580000 1135
1512148580000 1151
1512148580000 1152
1512148590000 1104
1512148590000 1105
1512148590000 1105
1512148590000 1105
1512148590000 1106
1512148590000 1106
1512148590000 1106
1512148590000 1106
1512148590000 1106
1512148590000 1106
1512148590000 1106
1512148590000 1106
1512148590000 1106
1512148590000 1107
1512148590000 1107
1512148590000 1107
1512148590000 1107
1512148590000 1108
1512148590000 1108
1512148590000 1108
1512148590000 1108
1512148590000 1108
1512148590000 1108
1512148590000 1109
1512148590000 1109
1512148590000 1109
1512148590000 1109
1512148590000 1109
1512148590000 1109
1512148590000 1109
1512148590000 1109
1512148590000 1109
1512148590000 1110
1512148590000 1110
1512148590000 1110
1512148590000 1110
1512148590000 1110
1512148590000 1111
1512148590000 1111
1512148590000 1111
1512148590000 1111
1512148590000 1111
1512148590000 1111
1512148590000 1111
1512148590000 1111
1512148590000 1112
1512148590000 1112
1512148590000 1112
1512148590000 1112
1512148590000 1112
1512148590000 1112
1512148590000 1112
1512148590000 1112
1512148590000 1112
1512148590000 1112
1512148590000 1112
1512148590000 1112
1512148590000 1112
1512148590000 1113
1512148590000 1113
1512148590000 1113
1512148590000 1113
1512148590000 1113
1512148590000 1113
1512148590000 1114
1512148590000 1114
1512148590000 1114
1512148590000 1114
1512148590000 1114
1512148590000 1114
1512148590000 1114
1512148590000 1114
1512148590000 1114
1512148590000 1114
1512148590000 1114
1512148590000 1114
1512148590000 1114
1512148590000 1114
1512148590000 1115
1512148590000 1115
1512148590000 1115
1512148590000 1115
1512148590000 1115
1512148590000 1115
1512148590000 1115
1512148590000 1115
1512148590000 1115
1512148590000 1115
1512148590000 1115
1512148590000 1116
1512148590000 1116
1512148590000 1116
1512148590000 1116
1512148590000 1116
1512148590000 1116
1512148590000 1117
1512148590000 1117
1512148590000 1118
1512148590000 1147
1512148590000 1148
1512148600000 1135
1512148600000 1136
1512148600000 1136
1512148600000 1137
1512148600000 1137
1512148600000 1137
1512148600000 1137
1512148600000 1137
1512148600000 1137
1512148600000 1137
1512148600000 1138
1512148600000 1138
1512148600000 1138
1512148600000 1138
1512148600000 1138
1512148600000 1138
1512148600000 1138
1512148600000 1138
1512148600000 1138
1512148600000 1138
1512148600000 1139
1512148600000 1139
1512148600000 1139
1512148600000 1139
1512148600000 1139
1512148600000 1139
1512148600000 1139
1512148600000 1139
1512148600000 1139
1512148600000 1139
1512148600000 1139
1512148600000 1139
1512148600000 1140
1512148600000 1140
1512148600000 1140
1512148600000 1140
1512148600000 1140
1512148600000 1140
1512148600000 1141
1512148600000 1141
1512148600000 1141
1512148600000 1141
1512148600000 1141
1512148600000 1141
1512148600000 1141
1512148600000 1141
1512148600000 1141
1512148600000 1142
1512148600000 1142
1512148600000 1142
1512148600000 1142
1512148600000 1142
1512148600000 1142
1512148600000 1142
1512148600000 1142
1512148600000 1142
1512148600000 1143
1512148600000 1143
1512148600000 1143
1512148600000 1143
1512148600000 1143
1512148600000 1143
1512148600000 1143
1512148600000 1143
1512148600000 1143
1512148600000 1143
1512148600000 1143
1512148600000 1143
1512148600000 1143
1512148600000 1144
1512148600000 1144
1512148600000 1144
1512148600000 1144
1512148600000 1144
1512148600000 1144
1512148600000 1145
1512148600000 1145
1512148600000 1145
1512148600000 1145
1512148600000 1145
1512148600000 1145
1512148600000 1145
1512148600000 1145
1512148600000 1145
1512148600000 1145
1512148600000 1145
1512148600000 1145
1512148600000 1146
1512148600000 1146
1512148600000 1146
1512148600000 1146
1512148600000 1146
1512148600000 1147
1512148600000 1147
1512148600000 1147
1512148600000 1148
1512148600000 1149
1512148600000 1149
1512148600000 1163
1512148600000 1163
1512148610000 1068
1512148610000 1069
1512148610000 1069
1512148610000 1069
1512148610000 1069
1512148610000 1069
1512148610000 1069
1512148610000 1069
1512148610000 1069
1512148610000 1070
1512148610000 1070
1512148610000 1070
1512148610000 1071
1512148610000 1071
1512148610000 1071
1512148610000 1071
1512148610000 1071
1512148610000 1071
1512148610000 1071
1512148610000 1071
1512148610000 1071
1512148610000 1071
1512148610000 1071
1512148610000 1071
1512148610000 1071
1512148610000 1072
1512148610000 1072
1512148610000 1072
1512148610000 1072
1512148610000 1072
1512148610000 1073
1512148610000 1073
1512148610000 1073
1512148610000 1073
1512148610000 1074
1512148610000 1074
1512148610000 1074
1512148610000 1074
1512148610000 1074
1512148610000 1074
1512148610000 1074
1512148610000 1074
1512148610000 1074
1512148610000 1075
1512148610000 1075
1512148610000 1075
1512148610000 1075
1512148610000 1075
1512148610000 1075
1512148610000 1075
1512148610000 1075
1512148610000 1075
1512148610000 1075
1512148610000 1075
1512148610000 1075
1512148610000 1075
1512148610000 1075
1512148610000 1075
1512148610000 1076
1512148610000 1076
1512148610000 1076
1512148610000 1076
1512148610000 1076
1512148610000 1076
1512148610000 1076
1512148610000 1076
1512148610000 1076
1512148610000 1077
1512148610000 1077
1512148610000 1077
1512148610000 1077
1512148610000 1077
1512148610000 1077
1512148610000 1077
1512148610000 1077
1512148610000 1077
1512148610000 1077
1512148610000 1077
1512148610000 1077
1512148610000 1078
1512148610000 1078
1512148610000 1078
1512148610000 1078
1512148610000 1078
1512148610000 1078
1512148610000 1078
1512148610000 1078
1512148610000 1078
1512148610000 1078
1512148610000 1079
1512148610000 1079
1512148610000 1079
1512148610000 1079
1512148610000 1079
1512148610000 1079
1512148610000 1079
1512148610000 1080
1512148610000 1080
1512148610000 1107
1512148610000 1107
1512148620000 1116
1512148620000 1116
1512148620000 1117
1512148620000 1117
1512148620000 1117
1512148620000 1118
1512148620000 1118
1512148620000 1118
1512148620000 1118
1512148620000 1118
1512148620000 1118
1512148620000 1118
1512148620000 1118
1512148620000 1118
1512148620000 1119
1512148620000 1119
1512148620000 1119
1512148620000 1119
1512148620000 1119
1512148620000 1119
1512148620000 1119
1512148620000 1119
1512148620000 1119
1512148620000 1119
1512148620000 1119
1512148620000 1120
1512148620000 1120
1512148620000 1120
1512148620000 1120
1512148620000 1120
1512148620000 1120
1512148620000 1120
1512148620000 1120
1512148620000 1120
1512148620000 1121
1512148620000 1121
1512148620000 1121
1512148620000 1121
1512148620000 1121
1512148620000 1121
1512148620000 1121
1512148620000 1121
1512148620000 1121
1512148620000 1121
1512148620000 1121
1512148620000 1122
1512148620000 1122
1512148620000 1122
1512148620000 1122
1512148620000 1122
1512148620000 1122
1512148620000 1122
1512148620000 1122
1512148620000 1122
1512148620000 1122
1512148620000 1122
1512148620000 1123
1512148620000 1123
1512148620000 1123
1512148620000 1123
1512148620000 1123
1512148620000 1123
1512148620000 1123
1512148620000 1123
1512148620000 1123
1512148620000 1123
1512148620000 1123
1512148620000 1123
1512148620000 1123
1512148620000 1124
1512148620000 1124
1512148620000 1124
1512148620000 1124
1512148620000 1124
1512148620000 1124
1512148620000 1124
1512148620000 1124
1512148620000 1125
1512148620000 1125
1512148620000 1125
1512148620000 1125
1512148620000 1125
1512148620000 1125
1512148620000 1125
1512148620000 1125
1512148620000 1125
1512148620000 1126
1512148620000 1126
1512148620000 1126
1512148620000 1126
1512148620000 1134
1512148620000 1134
1512148620000 1135
1512148620000 1135
1512148620000 1135
1512148620000 1144
1512148620000 1144
1512148620000 1144
1512148620000 1152
1512148620000 1152
1512148630000 1063
1512148630000 1063
1512148630000 1063
1512148630000 1064
1512148630000 1064
1512148630000 1064
1512148630000 1064
1512148630000 1064
1512148630000 1065
1512148630000 1065
1512148630000 1065
1512148630000 1065
1512148630000 1065
1512148630000 1065
1512148630000 1065
1512148630000 1065
1512148630000 1066
1512148630000 1066
1512148630000 1066
1512148630000 1066
1512148630000 1066
1512148630000 1066
1512148630000 1067
1512148630000 1067
1512148630000 1067
1512148630000 1067
1512148630000 1067
1512148630000 1067
1512148630000 1067
1512148630000 1067
1512148630000 1067
1512148630000 1068
1512148630000 1068
1512148630000 1068
1512148630000 1068
1512148630000 1068
1512148630000 1068
1512148630000 1068
1512148630000 1068
1512148630000 1068
1512148630000 1069
1512148630000 1069
1512148630000 1069
1512148630000 1069
1512148630000 1069
1512148630000 1069
1512148630000 1069
1512148630000 1069
1512148630000 1069
1512148630000 1069
1512148630000 1069
1512148630000 1070
1512148630000 1070
1512148630000 1070
1512148630000 1070
1512148630000 1070
1512148630000 1070
1512148630000 1070
1512148630000 1070
1512148630000 1070
1512148630000 1070
1512148630000 1071
1512148630000 1071
1512148630000 1071
1512148630000 1071
1512148630000 1071
1512148630000 1071
1512148630000 1071
1512148630000 1071
1512148630000 1071
1512148630000 1071
1512148630000 1071
1512148630000 1071
1512148630000 1071
1512148630000 1071
1512148630000 1072
1512148630000 1072
1512148630000 1072
1512148630000 1072
1512148630000 1072
1512148630000 1072
1512148630000 1072
1512148630000 1072
1512148630000 1072
1512148630000 1072
1512148630000 1072
1512148630000 1072
1512148630000 1072
1512148630000 1072
1512148630000 1073
1512148630000 1073
1512148630000 1073
1512148630000 1073
1512148630000 1073
1512148630000 1073
1512148630000 1073
1512148630000 1073
1512148630000 1073
1512148630000 1074
1512148630000 1074
1512148640000 1093
1512148640000 1093
1512148640000 1094
1512148640000 1094
1512148640000 1094
1512148640000 1094
1512148640000 1094
1512148640000 1094
1512148640000 1094
1512148640000 1094
1512148640000 1094
1512148640000 1094
1512148640000 1095
1512148640000 1095
1512148640000 1095
1512148640000 1095
1512148640000 1095
1512148640000 1095
1512148640000 1096
1512148640000 1096
1512148640000 1096
1512148640000 1096
1512148640000 1096
1512148640000 1097
1512148640000 1097
1512148640000 1097
1512148640000 1097
1512148640000 1097
1512148640000 1097
1512148640000 1097
1512148640000 1097
1512148640000 1097
1512148640000 1098
1512148640000 1098
1512148640000 1098
1512148640000 1098
1512148640000 1098
1512148640000 1098
1512148640000 1098
1512148640000 1098
1512148640000 1098
1512148640000 1098
1512148640000 1099
1512148640000 1099
1512148640000 1099
1512148640000 1099
1512148640000 1099
1512148640000 1099
1512148640000 1099
1512148640000 1099
1512148640000 1099
1512148640000 1099
1512148640000 1099
1512148640000 1100
1512148640000 1100
1512148640000 1100
1512148640000 1100
1512148640000 1100
1512148640000 1100
1512148640000 1100
1512148640000 1100
1512148640000 1100
1512148640000 1100
1512148640000 1100
1512148640000 1100
1512148640000 1100
1512148640000 1100
1512148640000 1100
1512148640000 1100
1512148640000 1101
1512148640000 1101
1512148640000 1101
1512148640000 1101
1512148640000 1101
1512148640000 1101
1512148640000 1101
1512148640000 1101
1512148640000 1101
1512148640000 1101
1512148640000 1101
1512148640000 1101
1512148640000 1102
1512148640000 1102
1512148640000 1102
1512148640000 1102
1512148640000 1102
1512148640000 1102
1512148640000 1102
1512148640000 1102
1512148640000 1102
1512148640000 1103
1512148640000 1112
1512148640000 1112
1512148640000 1112
1512148640000 1114
1512148640000 1114
1512148640000 1115
1512148640000 1115
1512148640000 1146
1512148640000 1146
1512148650000 594
1512148650000 594
1512148650000 594
1512148650000 594
1512148650000 594
1512148650000 594
1512148650000 595
1512148650000 595
1512148650000 595
1512148650000 595
1512148650000 595
1512148650000 595
1512148650000 595
1512148650000 595
1512148650000 595
1512148650000 595
1512148650000 595
1512148650000 595
1512148650000 595
1512148650000 595
1512148650000 595
1512148650000 595
1512148650000 595
1512148650000 595
1512148650000 595
1512148650000 595
1512148650000 596
1512148650000 596
1512148650000 596
1512148650000 596
1512148650000 596
1512148650000 596
1512148650000 596
1512148650000 596
1512148650000 596
1512148650000 596
1512148650000 596
1512148650000 596
1512148650000 596
1512148650000 596
1512148650000 596
1512148650000 596
1512148650000 596
1512148650000 596
1512148650000 596
1512148650000 596
1512148650000 596
1512148650000 596
1512148650000 596
1512148650000 596
1512148650000 596
1512148650000 597
1512148650000 597
1512148650000 597
1512148650000 597
1512148650000 597
1512148650000 597
1512148650000 597
1512148650000 597
1512148650000 597
1512148650000 597
1512148650000 597
1512148650000 597
1512148650000 597
1512148650000 597
1512148650000 597
1512148650000 597
1512148650000 597
1512148650000 597
1512148650000 598
1512148650000 598
1512148650000 610
1512148650000 610
1512148650000 610
1512148650000 610
1512148650000 610
1512148650000 610
1512148650000 611
1512148650000 611
1512148650000 611
1512148650000 611
1512148650000 611
1512148650000 631
1512148650000 631
1512148650000 632
1512148650000 632
1512148650000 632
1512148650000 632
1512148650000 632
1512148650000 633
1512148650000 633
1512148650000 633
1512148650000 634
1512148650000 634
1512148650000 634
1512148650000 634
1512148650000 635
1512148650000 635
1512148650000 636
1512148650000 636
1512148660000 556
1512148660000 556
1512148660000 557
1512148660000 557
1512148660000 557
1512148660000 558
1512148660000 558
1512148660000 558
1512148660000 558
1512148660000 558
1512148660000 558
1512148660000 558
1512148660000 558
1512148660000 558
1512148660000 559
1512148660000 559
1512148660000 559
1512148660000 559
1512148660000 559
1512148660000 560
1512148660000 560
1512148660000 560
1512148660000 560
1512148660000 560
1512148660000 560
1512148660000 560
1512148660000 561
1512148660000 561
1512148660000 561
1512148660000 561
1512148660000 561
1512148660000 561
1512148660000 561
1512148660000 561
1512148660000 562
1512148660000 562
1512148660000 562
1512148660000 562
1512148660000 562
1512148660000 562
1512148660000 562
1512148660000 563
1512148660000 563
1512148660000 563
1512148660000 563
1512148660000 563
1512148660000 563
1512148660000 563
1512148660000 563
1512148660000 563
1512148660000 564
1512148660000 564
1512148660000 564
1512148660000 564
1512148660000 564
1512148660000 564
1512148660000 564
1512148660000 564
1512148660000 564
1512148660000 564
1512148660000 564
1512148660000 565
1512148660000 565
1512148660000 565
1512148660000 565
1512148660000 565
1512148660000 565
1512148660000 565
1512148660000 565
1512148660000 565
1512148660000 566
1512148660000 590
1512148660000 591
1512148660000 592
1512148660000 592
1512148660000 593
1512148660000 593
1512148660000 593
1512148660000 593
1512148660000 594
1512148660000 594
1512148660000 594
1512148660000 594
1512148660000 594
1512148660000 594
1512148660000 594
1512148660000 595
1512148660000 595
1512148660000 595
1512148660000 595
1512148660000 595
1512148660000 595
1512148660000 595
1512148660000 595
1512148660000 595
1512148660000 595
1512148660000 595
1512148660000 596
1512148660000 601
1512148660000 601
1512148670000 578
1512148670000 579
1512148670000 579
1512148670000 579
1512148670000 579
1512148670000 579
1512148670000 579
1512148670000 579
1512148670000 579
1512148670000 579
1512148670000 579
1512148670000 580
1512148670000 580
1512148670000 580
1512148670000 580
1512148670000 580
1512148670000 580
1512148670000 580
1512148670000 580
1512148670000 580
1512148670000 581
1512148670000 581
1512148670000 581
1512148670000 581
1512148670000 581
1512148670000 581
1512148670000 581
1512148670000 581
1512148670000 581
1512148670000 581
1512148670000 582
1512148670000 582
1512148670000 582
1512148670000 582
1512148670000 582
1512148670000 582
1512148670000 582
1512148670000 582
1512148670000 582
1512148670000 583
1512148670000 583
1512148670000 583
1512148670000 583
1512148670000 583
1512148670000 583
1512148670000 583
1512148670000 583
1512148670000 583
1512148670000 583
1512148670000 583
1512148670000 583
1512148670000 584
1512148670000 584
1512148670000 584
1512148670000 584
1512148670000 584
1512148670000 584
1512148670000 584
1512148670000 584
1512148670000 584
1512148670000 585
1512148670000 585
1512148670000 585
1512148670000 585
1512148670000 585
1512148670000 585
1512148670000 585
1512148670000 585
1512148670000 585
1512148670000 585
1512148670000 585
1512148670000 586
1512148670000 586
1512148670000 586
1512148670000 587
1512148670000 587
1512148670000 588
1512148670000 588
1512148670000 607
1512148670000 608
1512148670000 608
1512148670000 608
1512148670000 609
1512148670000 615
1512148670000 616
1512148670000 616
1512148670000 616
1512148670000 616
1512148670000 617
1512148670000 618
1512148670000 618
1512148670000 618
1512148670000 618
1512148670000 619
1512148670000 619
1512148670000 619
1512148670000 620
1512148670000 620
1512148670000 620
1512148670000 621
1512148680000 572
1512148680000 572
1512148680000 573
1512148680000 573
1512148680000 573
1512148680000 573
1512148680000 574
1512148680000 574
1512148680000 574
1512148680000 574
1512148680000 574
1512148680000 574
1512148680000 574
1512148680000 574
1512148680000 574
1512148680000 575
1512148680000 575
1512148680000 575
1512148680000 575
1512148680000 575
1512148680000 575
1512148680000 575
1512148680000 576
1512148680000 576
1512148680000 576
1512148680000 576
1512148680000 576
1512148680000 576
1512148680000 576
1512148680000 576
1512148680000 576
1512148680000 576
1512148680000 576
1512148680000 576
1512148680000 576
1512148680000 576
1512148680000 576
1512148680000 576
1512148680000 577
1512148680000 577
1512148680000 577
1512148680000 577
1512148680000 577
1512148680000 577
1512148680000 577
1512148680000 577
1512148680000 577
1512148680000 577
1512148680000 577
1512148680000 577
1512148680000 577
1512148680000 577
1512148680000 577
1512148680000 577
1512148680000 577
1512148680000 577
1512148680000 577
1512148680000 577
1512148680000 578
1512148680000 578
1512148680000 578
1512148680000 578
1512148680000 578
1512148680000 578
1512148680000 578
1512148680000 578
1512148680000 578
1512148680000 578
1512148680000 578
1512148680000 578
1512148680000 578
1512148680000 578
1512148680000 578
1512148680000 578
1512148680000 578
1512148680000 579
1512148680000 580
1512148680000 580
1512148680000 580
1512148680000 609
1512148680000 609
1512148680000 609
1512148680000 609
1512148680000 610
1512148680000 611
1512148680000 612
1512148680000 612
1512148680000 613
1512148680000 613
1512148680000 613
1512148680000 613
1512148680000 613
1512148680000 613
1512148680000 613
1512148680000 614
1512148680000 614
1512148680000 614
1512148680000 614
1512148680000 615
1512148680000 615
1512148690000 531
1512148690000 531
1512148690000 532
1512148690000 532
1512148690000 532
1512148690000 532
1512148690000 532
1512148690000 533
1512148690000 533
1512148690000 533
1512148690000 533
1512148690000 533
1512148690000 533
1512148690000 533
1512148690000 533
1512148690000 533
1512148690000 534
1512148690000 534
1512148690000 534
1512148690000 534
1512148690000 534
1512148690000 534
1512148690000 534
1512148690000 534
1512148690000 535
1512148690000 535
1512148690000 535
1512148690000 535
1512148690000 535
1512148690000 535
1512148690000 535
1512148690000 535
1512148690000 536
1512148690000 536
1512148690000 536
1512148690000 536
1512148690000 536
1512148690000 536
1512148690000 536
1512148690000 536
1512148690000 536
1512148690000 536
1512148690000 536
1512148690000 536
1512148690000 536
1512148690000 536
1512148690000 536
1512148690000 536
1512148690000 537
1512148690000 537
1512148690000 537
1512148690000 537
1512148690000 537
1512148690000 537
1512148690000 537
1512148690000 537
1512148690000 537
1512148690000 537
1512148690000 537
1512148690000 537
1512148690000 537
1512148690000 537
1512148690000 537
1512148690000 537
1512148690000 537
1512148690000 538
1512148690000 538
1512148690000 538
1512148690000 538
1512148690000 539
1512148690000 566
1512148690000 566
1512148690000 568
1512148690000 568
1512148690000 568
1512148690000 569
1512148690000 569
1512148690000 569
1512148690000 569
1512148690000 570
1512148690000 570
1512148690000 570
1512148690000 570
1512148690000 570
1512148690000 570
1512148690000 571
1512148690000 571
1512148690000 571
1512148690000 571
1512148690000 571
1512148690000 571
1512148690000 571
1512148690000 571
1512148690000 572
1512148690000 572
1512148690000 572
1512148690000 572
1512148690000 572
1512148690000 591
1512148690000 592
1512148700000 528
1512148700000 528
1512148700000 529
1512148700000 529
1512148700000 529
1512148700000 529
1512148700000 529
1512148700000 530
1512148700000 530
1512148700000 530
1512148700000 530
1512148700000 530
1512148700000 530
1512148700000 530
1512148700000 530
1512148700000 530
1512148700000 531
1512148700000 531
1512148700000 531
1512148700000 531
1512148700000 531
1512148700000 531
1512148700000 531
1512148700000 531
1512148700000 531
1512148700000 531
1512148700000 531
1512148700000 531
1512148700000 532
1512148700000 532
1512148700000 532
1512148700000 532
1512148700000 532
1512148700000 532
1512148700000 532
1512148700000 532
1512148700000 532
1512148700000 532
1512148700000 532
1512148700000 532
1512148700000 532
1512148700000 533
1512148700000 533
1512148700000 533
1512148700000 533
1512148700000 533
1512148700000 533
1512148700000 533
1512148700000 533
1512148700000 533
1512148700000 533
1512148700000 533
1512148700000 533
1512148700000 533
1512148700000 533
1512148700000 533
1512148700000 533
1512148700000 533
1512148700000 533
1512148700000 533
1512148700000 533
1512148700000 533
1512148700000 534
1512148700000 534
1512148700000 534
1512148700000 534
1512148700000 534
1512148700000 534
1512148700000 534
1512148700000 534
1512148700000 534
1512148700000 534
1512148700000 534
1512148700000 535
1512148700000 556
1512148700000 557
1512148700000 557
1512148700000 557
1512148700000 558
1512148700000 558
1512148700000 565
1512148700000 565
1512148700000 565
1512148700000 566
1512148700000 566
1512148700000 566
1512148700000 566
1512148700000 567
1512148700000 567
1512148700000 568
1512148700000 568
1512148700000 568
1512148700000 568
1512148700000 569
1512148700000 569
1512148700000 569
1512148700000 569
1512148700000 569
1512148700000 570
1512148700000 570
1512148710000 552
1512148710000 552
1512148710000 553
1512148710000 553
1512148710000 553
1512148710000 553
1512148710000 553
1512148710000 553
1512148710000 553
1512148710000 553
1512148710000 553
1512148710000 553
1512148710000 553
1512148710000 553
1512148710000 554
1512148710000 554
1512148710000 554
1512148710000 554
1512148710000 554
1512148710000 554
1512148710000 554
1512148710000 554
1512148710000 554
1512148710000 554
1512148710000 554
1512148710000 554
1512148710000 554
1512148710000 554
1512148710000 554
1512148710000 555
1512148710000 555
1512148710000 555
1512148710000 555
1512148710000 555
1512148710000 555
1512148710000 555
1512148710000 555
1512148710000 555
1512148710000 555
1512148710000 555
1512148710000 556
1512148710000 556
1512148710000 556
1512148710000 556
1512148710000 556
1512148710000 556
1512148710000 556
1512148710000 556
1512148710000 556
1512148710000 556
1512148710000 556
1512148710000 556
1512148710000 556
1512148710000 556
1512148710000 556
1512148710000 556
1512148710000 556
1512148710000 556
1512148710000 556
1512148710000 557
1512148710000 557
1512148710000 557
1512148710000 557
1512148710000 557
1512148710000 557
1512148710000 557
1512148710000 557
1512148710000 557
1512148710000 557
1512148710000 557
1512148710000 557
1512148710000 557
1512148710000 557
1512148710000 557
1512148710000 557
1512148710000 557
1512148710000 557
1512148710000 558
1512148710000 558
1512148710000 558
1512148710000 558
1512148710000 558
1512148710000 588
1512148710000 588
1512148710000 589
1512148710000 590
1512148710000 590
1512148710000 591
1512148710000 591
1512148710000 592
1512148710000 592
1512148710000 592
1512148710000 592
1512148710000 594
1512148710000 594
1512148710000 594
1512148710000 595
1512148710000 595
1512148710000 596
1512148710000 597
1512148720000 547
1512148720000 548
1512148720000 549
1512148720000 549
1512148720000 549
1512148720000 549
1512148720000 549
1512148720000 549
1512148720000 550
1512148720000 550
1512148720000 550
1512148720000 551
1512148720000 552
1512148720000 552
1512148720000 552
1512148720000 553
1512148720000 553
1512148720000 553
1512148720000 553
1512148720000 553
1512148720000 553
1512148720000 554
1512148720000 554
1512148720000 554
1512148720000 554
1512148720000 554
1512148720000 554
1512148720000 555
1512148720000 555
1512148720000 555
1512148720000 555
1512148720000 555
1512148720000 555
1512148720000 555
1512148720000 555
1512148720000 555
1512148720000 556
1512148720000 556
1512148720000 556
1512148720000 556
1512148720000 556
1512148720000 556
1512148720000 556
1512148720000 556
1512148720000 556
1512148720000 556
1512148720000 556
1512148720000 556
1512148720000 557
1512148720000 557
1512148720000 557
1512148720000 557
1512148720000 557
1512148720000 557
1512148720000 557
1512148720000 557
1512148720000 557
1512148720000 557
1512148720000 558
1512148720000 558
1512148720000 558
1512148720000 558
1512148720000 559
1512148720000 559
1512148720000 559
1512148720000 559
1512148720000 559
1512148720000 562
1512148720000 563
1512148720000 564
1512148720000 581
1512148720000 581
1512148720000 581
1512148720000 581
1512148720000 582
1512148720000 583
1512148720000 583
1512148720000 583
1512148720000 585
1512148720000 585
1512148720000 585
1512148720000 585
1512148720000 585
1512148720000 585
1512148720000 585
1512148720000 585
1512148720000 586
1512148720000 586
1512148720000 586
1512148720000 586
1512148720000 586
1512148720000 586
1512148720000 586
1512148720000 586
1512148720000 586
1512148720000 587
1512148720000 587
1512148720000 587
1512148720000 587
1512148720000 587
1512148730000 565
1512148730000 565
1512148730000 565
1512148730000 565
1512148730000 565
1512148730000 566
1512148730000 566
1512148730000 566
1512148730000 567
1512148730000 567
1512148730000 567
1512148730000 567
1512148730000 567
1512148730000 567
1512148730000 567
1512148730000 567
1512148730000 568
1512148730000 568
1512148730000 568
1512148730000 568
1512148730000 568
1512148730000 568
1512148730000 568
1512148730000 568
1512148730000 569
1512148730000 569
1512148730000 569
1512148730000 569
1512148730000 569
1512148730000 569
1512148730000 569
1512148730000 569
1512148730000 569
1512148730000 569
1512148730000 569
1512148730000 570
1512148730000 570
1512148730000 570
1512148730000 570
1512148730000 570
1512148730000 570
1512148730000 570
1512148730000 570
1512148730000 570
1512148730000 570
1512148730000 570
1512148730000 570
1512148730000 570
1512148730000 570
1512148730000 570
1512148730000 570
1512148730000 570
1512148730000 570
1512148730000 571
1512148730000 571
1512148730000 571
1512148730000 571
1512148730000 571
1512148730000 571
1512148730000 571
1512148730000 571
1512148730000 572
1512148730000 572
1512148730000 572
1512148730000 573
1512148730000 573
1512148730000 573
1512148730000 583
1512148730000 584
1512148730000 584
1512148730000 585
1512148730000 585
1512148730000 590
1512148730000 591
1512148730000 591
1512148730000 591
1512148730000 599
1512148730000 600
1512148730000 600
1512148730000 600
1512148730000 600
1512148730000 601
1512148730000 601
1512148730000 601
1512148730000 601
1512148730000 601
1512148730000 602
1512148730000 602
1512148730000 602
1512148730000 603
1512148730000 603
1512148730000 603
1512148730000 603
1512148730000 603
1512148730000 603
1512148730000 603
1512148730000 603
1512148730000 603
1512148730000 604
1512148730000 604
1512148740000 598
1512148740000 599
1512148740000 599
1512148740000 600
1512148740000 600
1512148740000 600
1512148740000 600
1512148740000 600
1512148740000 600
1512148740000 601
1512148740000 601
1512148740000 601
1512148740000 601
1512148740000 601
1512148740000 602
1512148740000 602
1512148740000 602
1512148740000 602
1512148740000 602
1512148740000 602
1512148740000 602
1512148740000 602
1512148740000 603
1512148740000 603
1512148740000 603
1512148740000 603
1512148740000 603
1512148740000 603
1512148740000 603
1512148740000 603
1512148740000 603
1512148740000 604
1512148740000 604
1512148740000 604
1512148740000 604
1512148740000 604
1512148740000 604
1512148740000 604
1512148740000 604
1512148740000 604
1512148740000 604
1512148740000 604
1512148740000 604
1512148740000 605
1512148740000 605
1512148740000 605
1512148740000 605
1512148740000 605
1512148740000 605
1512148740000 605
1512148740000 605
1512148740000 605
1512148740000 605
1512148740000 605
1512148740000 605
1512148740000 605
1512148740000 605
1512148740000 605
1512148740000 605
1512148740000 605
1512148740000 606
1512148740000 606
1512148740000 606
1512148740000 606
1512148740000 606
1512148740000 606
1512148740000 606
1512148740000 606
1512148740000 606
1512148740000 606
1512148740000 606
1512148740000 606
1512148740000 607
1512148740000 607
1512148740000 612
1512148740000 614
1512148740000 614
1512148740000 614
1512148740000 614
1512148740000 615
1512148740000 615
1512148740000 635
1512148740000 635
1512148740000 636
1512148740000 636
1512148740000 636
1512148740000 637
1512148740000 637
1512148740000 637
1512148740000 637
1512148740000 638
1512148740000 638
1512148740000 638
1512148740000 638
1512148740000 638
1512148740000 639
1512148740000 639
1512148740000 639
1512148740000 641
1512148740000 641
1512148750000 579
1512148750000 579
1512148750000 579
1512148750000 579
1512148750000 579
1512148750000 580
1512148750000 580
1512148750000 580
1512148750000 580
1512148750000 580
1512148750000 581
1512148750000 581
1512148750000 581
1512148750000 581
1512148750000 582
1512148750000 582
1512148750000 582
1512148750000 582
1512148750000 582
1512148750000 582
1512148750000 582
1512148750000 582
1512148750000 582
1512148750000 582
1512148750000 582
1512148750000 582
1512148750000 582
1512148750000 582
1512148750000 582
1512148750000 583
1512148750000 583
1512148750000 583
1512148750000 583
1512148750000 583
1512148750000 583
1512148750000 583
1512148750000 583
1512148750000 583
1512148750000 583
1512148750000 583
1512148750000 583
1512148750000 583
1512148750000 584
1512148750000 584
1512148750000 584
1512148750000 584
1512148750000 584
1512148750000 584
1512148750000 584
1512148750000 585
1512148750000 585
1512148750000 585
1512148750000 585
1512148750000 585
1512148750000 585
1512148750000 585
1512148750000 585
1512148750000 585
1512148750000 585
1512148750000 585
1512148750000 586
1512148750000 586
1512148750000 586
1512148750000 586
1512148750000 586
1512148750000 586
1512148750000 586
1512148750000 587
1512148750000 587
1512148750000 587
1512148750000 587
1512148750000 614
1512148750000 615
1512148750000 616
1512148750000 616
1512148750000 616
1512148750000 616
1512148750000 616
1512148750000 616
1512148750000 617
1512148750000 617
1512148750000 617
1512148750000 617
1512148750000 617
1512148750000 617
1512148750000 617
1512148750000 617
1512148750000 617
1512148750000 618
1512148750000 618
1512148750000 618
1512148750000 618
1512148750000 618
1512148750000 618
1512148750000 618
1512148750000 619
1512148750000 619
1512148750000 619
1512148750000 619
1512148750000 620
1512148760000 574
1512148760000 575
1512148760000 575
1512148760000 575
1512148760000 576
1512148760000 576
1512148760000 576
1512148760000 576
1512148760000 576
1512148760000 576
1512148760000 576
1512148760000 576
1512148760000 576
1512148760000 576
1512148760000 576
1512148760000 577
1512148760000 577
1512148760000 577
1512148760000 577
1512148760000 577
1512148760000 577
1512148760000 577
1512148760000 577
1512148760000 577
1512148760000 577
1512148760000 578
1512148760000 578
1512148760000 578
1512148760000 578
1512148760000 578
1512148760000 578
1512148760000 578
1512148760000 578
1512148760000 578
1512148760000 578
1512148760000 578
1512148760000 579
1512148760000 579
1512148760000 579
1512148760000 579
1512148760000 579
1512148760000 579
1512148760000 579
1512148760000 579
1512148760000 579
1512148760000 579
1512148760000 579
1512148760000 579
1512148760000 579
1512148760000 579
1512148760000 579
1512148760000 579
1512148760000 579
1512148760000 580
1512148760000 580
1512148760000 580
1512148760000 580
1512148760000 580
1512148760000 580
1512148760000 580
1512148760000 580
1512148760000 580
1512148760000 580
1512148760000 580
1512148760000 580
1512148760000 580
1512148760000 580
1512148760000 580
1512148760000 580
1512148760000 581
1512148760000 581
1512148760000 581
1512148760000 581
1512148760000 581
1512148760000 581
1512148760000 582
1512148760000 582
1512148760000 610
1512148760000 611
1512148760000 612
1512148760000 612
1512148760000 612
1512148760000 612
1512148760000 612
1512148760000 613
1512148760000 613
1512148760000 613
1512148760000 613
1512148760000 613
1512148760000 613
1512148760000 614
1512148760000 614
1512148760000 614
1512148760000 615
1512148760000 615
1512148760000 615
1512148760000 616
1512148760000 617
1512148760000 639
1512148760000 640
1512148770000 593
1512148770000 594
1512148770000 594
1512148770000 595
1512148770000 595
1512148770000 595
1512148770000 595
1512148770000 596
1512148770000 596
1512148770000 596
1512148770000 596
1512148770000 596
1512148770000 596
1512148770000 596
1512148770000 596
1512148770000 596
1512148770000 596
1512148770000 596
1512148770000 596
1512148770000 597
1512148770000 597
1512148770000 597
1512148770000 597
1512148770000 597
1512148770000 597
1512148770000 598
1512148770000 598
1512148770000 598
1512148770000 598
1512148770000 598
1512148770000 598
1512148770000 599
1512148770000 599
1512148770000 599
1512148770000 599
1512148770000 599
1512148770000 599
1512148770000 599
1512148770000 599
1512148770000 600
1512148770000 600
1512148770000 600
1512148770000 600
1512148770000 600
1512148770000 600
1512148770000 600
1512148770000 600
1512148770000 600
1512148770000 600
1512148770000 600
1512148770000 600
1512148770000 600
1512148770000 601
1512148770000 601
1512148770000 601
1512148770000 601
1512148770000 601
1512148770000 601
1512148770000 601
1512148770000 601
1512148770000 601
1512148770000 601
1512148770000 601
1512148770000 602
1512148770000 602
1512148770000 602
1512148770000 602
1512148770000 602
1512148770000 602
1512148770000 602
1512148770000 602
1512148770000 602
1512148770000 602
1512148770000 603
1512148770000 603
1512148770000 603
1512148770000 603
1512148770000 603
1512148770000 603
1512148770000 604
1512148770000 630
1512148770000 631
1512148770000 631
1512148770000 632
1512148770000 632
1512148770000 633
1512148770000 633
1512148770000 633
1512148770000 634
1512148770000 634
1512148770000 634
1512148770000 635
1512148770000 635
1512148770000 635
1512148770000 635
1512148770000 635
1512148770000 635
1512148770000 636
1512148770000 646
1512148770000 659
1512148780000 579
1512148780000 579
1512148780000 580
1512148780000 580
1512148780000 580
1512148780000 581
1512148780000 581
1512148780000 581
1512148780000 581
1512148780000 582
1512148780000 582
1512148780000 582
1512148780000 582
1512148780000 582
1512148780000 582
1512148780000 582
1512148780000 582
1512148780000 582
1512148780000 582
1512148780000 582
1512148780000 582
1512148780000 582
1512148780000 582
1512148780000 583
1512148780000 583
1512148780000 583
1512148780000 583
1512148780000 583
1512148780000 583
1512148780000 583
1512148780000 583
1512148780000 583
1512148780000 583
1512148780000 583
1512148780000 583
1512148780000 583
1512148780000 583
1512148780000 583
1512148780000 583
1512148780000 583
1512148780000 584
1512148780000 584
1512148780000 584
1512148780000 584
1512148780000 584
1512148780000 584
1512148780000 584
1512148780000 584
1512148780000 584
1512148780000 585
1512148780000 585
1512148780000 585
1512148780000 585
1512148780000 585
1512148780000 585
1512148780000 585
1512148780000 585
1512148780000 585
1512148780000 585
1512148780000 585
1512148780000 585
1512148780000 585
1512148780000 586
1512148780000 586
1512148780000 586
1512148780000 586
1512148780000 586
1512148780000 586
1512148780000 586
1512148780000 587
1512148780000 608
1512148780000 608
1512148780000 608
1512148780000 608
1512148780000 608
1512148780000 608
1512148780000 616
1512148780000 616
1512148780000 616
1512148780000 617
1512148780000 617
1512148780000 617
1512148780000 617
1512148780000 617
1512148780000 617
1512148780000 618
1512148780000 618
1512148780000 618
1512148780000 619
1512148780000 619
1512148780000 620
1512148780000 620
1512148780000 620
1512148780000 621
1512148780000 622
1512148780000 622
1512148780000 631
1512148780000 644
1512148780000 644
1512148780000 645
1512148790000 562
1512148790000 562
1512148790000 562
1512148790000 562
1512148790000 562
1512148790000 562
1512148790000 563
1512148790000 563
1512148790000 563
1512148790000 563
1512148790000 563
1512148790000 563
1512148790000 564
1512148790000 564
1512148790000 564
1512148790000 564
1512148790000 564
1512148790000 564
1512148790000 564
1512148790000 564
1512148790000 564
1512148790000 564
1512148790000 564
1512148790000 564
1512148790000 564
1512148790000 564
1512148790000 564
1512148790000 565
1512148790000 565
1512148790000 565
1512148790000 565
1512148790000 565
1512148790000 565
1512148790000 565
1512148790000 565
1512148790000 565
1512148790000 565
1512148790000 565
1512148790000 565
1512148790000 565
1512148790000 565
1512148790000 565
1512148790000 565
1512148790000 566
1512148790000 566
1512148790000 566
1512148790000 566
1512148790000 566
1512148790000 566
1512148790000 566
1512148790000 566
1512148790000 566
1512148790000 566
1512148790000 566
1512148790000 567
1512148790000 567
1512148790000 567
1512148790000 567
1512148790000 567
1512148790000 567
1512148790000 567
1512148790000 567
1512148790000 568
1512148790000 568
1512148790000 578
1512148790000 579
1512148790000 580
1512148790000 580
1512148790000 581
1512148790000 587
1512148790000 588
1512148790000 588
1512148790000 588
1512148790000 589
1512148790000 589
1512148790000 598
1512148790000 598
1512148790000 600
1512148790000 600
1512148790000 600
1512148790000 601
1512148790000 601
1512148790000 601
1512148790000 601
1512148790000 601
1512148790000 601
1512148790000 601
1512148790000 601
1512148790000 601
1512148790000 602
1512148790000 602
1512148790000 602
1512148790000 602
1512148790000 602
1512148790000 602
1512148790000 602
1512148790000 603
1512148790000 603
1512148790000 603
1512148790000 632
1512148800000 550
1512148800000 551
1512148800000 551
1512148800000 552
1512148800000 552
1512148800000 553
1512148800000 553
1512148800000 553
1512148800000 553
1512148800000 554
1512148800000 554
1512148800000 554
1512148800000 554
1512148800000 554
1512148800000 554
1512148800000 554
1512148800000 554
1512148800000 554
1512148800000 555
1512148800000 555
1512148800000 555
1512148800000 556
1512148800000 556
1512148800000 556
1512148800000 556
1512148800000 556
1512148800000 556
1512148800000 556
1512148800000 557
1512148800000 557
1512148800000 557
1512148800000 558
1512148800000 558
1512148800000 558
1512148800000 558
1512148800000 558
1512148800000 558
1512148800000 558
1512148800000 558
1512148800000 558
1512148800000 558
1512148800000 558
1512148800000 559
1512148800000 559
1512148800000 559
1512148800000 559
1512148800000 559
1512148800000 559
1512148800000 559
1512148800000 559
1512148800000 559
1512148800000 559
1512148800000 559
1512148800000 559
1512148800000 559
1512148800000 560
1512148800000 560
1512148800000 560
1512148800000 560
1512148800000 560
1512148800000 560
1512148800000 560
1512148800000 560
1512148800000 560
1512148800000 560
1512148800000 560
1512148800000 560
1512148800000 560
1512148800000 560
1512148800000 561
1512148800000 561
1512148800000 561
1512148800000 561
1512148800000 561
1512148800000 561
1512148800000 561
1512148800000 561
1512148800000 562
1512148800000 562
1512148800000 562
1512148800000 569
1512148800000 570
1512148800000 570
1512148800000 570
1512148800000 571
1512148800000 586
1512148800000 586
1512148800000 587
1512148800000 587
1512148800000 588
1512148800000 588
1512148800000 588
1512148800000 588
1512148800000 588
1512148800000 589
1512148800000 589
1512148800000 589
1512148800000 590
1512148800000 591
1512148800000 592
1512148810000 -1331
1512148810000 -1333
1512148810000 -1335
1512148810000 -1335
1512148810000 -1335
1512148810000 -1335
1512148810000 -1335
1512148810000 -1336
1512148810000 -1336
1512148810000 -1369
1512148810000 -1369
1512148810000 -1369
1512148810000 -1369
1512148810000 -1369
1512148810000 -1369
1512148810000 -1369
1512148810000 -1369
1512148810000 -1370
1512148810000 -1370
1512148810000 -1370
1512148810000 -1370
1512148810000 -1370
1512148810000 -1370
1512148810000 -1370
1512148810000 -1370
1512148810000 -1370
1512148810000 -1370
1512148810000 -1370
1512148810000 -1370
1512148810000 -1370
1512148810000 -1371
1512148810000 -1371
1512148810000 -1371
1512148810000 -1371
1512148810000 -1371
1512148810000 -1371
1512148810000 -1372
1512148810000 -1372
1512148810000 -1372
1512148810000 -1372
1512148810000 -1372
1512148810000 -1372
1512148810000 -1372
1512148810000 -1372
1512148810000 -1372
1512148810000 -1373
1512148810000 -1373
1512148810000 -3378
1512148810000 -3379
1512148810000 -3379
1512148810000 -3380
1512148810000 -3380
1512148810000 -3380
1512148810000 -3380
1512148810000 -3380
1512148810000 -3380
1512148810000 -3381
1512148810000 -3381
1512148810000 -3381
1512148810000 -3382
1512148810000 -3382
1512148810000 -3415
1512148810000 -3415
1512148810000 -3415
1512148810000 -3415
1512148810000 -3415
1512148810000 -3415
1512148810000 -3416
1512148810000 -3416
1512148810000 -3416
1512148810000 -3416
1512148810000 -3416
1512148810000 -3416
1512148810000 -3416
1512148810000 -3416
1512148810000 -3416
1512148810000 -3416
1512148810000 -3417
1512148810000 -3417
1512148810000 -3417
1512148810000 -3417
1512148810000 -3417
1512148810000 -3417
1512148810000 -3417
1512148810000 -3417
1512148810000 -3417
1512148810000 -3417
1512148810000 -3418
1512148810000 -3418
1512148810000 -3418
1512148810000 -3418
1512148810000 -3418
1512148810000 -3419
1512148810000 -3419
1512148810000 -3419
1512148810000 -3419
1512148810000 -3420
1512148810000 -3420
1512148810000 -3420
1512148810000 -3420
