1512122410000 1820
1512122410000 1821
1512122410000 1822
1512122410000 1822
1512122410000 1823
1512122410000 1835
1512122410000 1835
1512122410000 1836
1512122410000 1836
1512122410000 1836
1512122410000 1836
1512122410000 1837
1512122410000 1837
1512122410000 1837
1512122410000 1837
1512122410000 1838
1512122410000 1839
1512122410000 1839
1512122410000 1840
1512122410000 1840
1512122410000 1841
1512122410000 1855
1512122410000 1855
1512122410000 1855
1512122410000 1856
1512122410000 1856
1512122410000 1856
1512122410000 1856
1512122410000 1856
1512122410000 1856
1512122410000 1856
1512122410000 1857
1512122410000 1857
1512122410000 1857
1512122410000 1857
1512122410000 1857
1512122410000 1857
1512122410000 1857
1512122410000 1857
1512122410000 1857
1512122410000 1857
1512122410000 1857
1512122410000 1857
1512122410000 1857
1512122410000 1857
1512122410000 1858
1512122410000 1858
1512122410000 1858
1512122410000 1858
1512122410000 1858
1512122410000 1858
1512122410000 1858
1512122410000 1858
1512122410000 1858
1512122410000 1858
1512122410000 1858
1512122410000 1858
1512122410000 1858
1512122410000 1858
1512122410000 1858
1512122410000 1858
1512122410000 1858
1512122410000 1859
1512122410000 1859
1512122410000 1859
1512122410000 1859
1512122410000 1859
1512122410000 1859
1512122410000 1859
1512122410000 1859
1512122410000 1859
1512122410000 1859
1512122410000 1859
1512122410000 1859
1512122410000 1859
1512122410000 1860
1512122410000 1860
1512122410000 1860
1512122410000 1860
1512122410000 1860
1512122410000 1860
1512122410000 1860
1512122410000 1860
1512122410000 1860
1512122410000 1861
1512122410000 1861
1512122410000 1861
1512122410000 1862
1512122410000 1865
1512122410000 1866
1512122410000 1867
1512122410000 1867
1512122410000 1872
1512122410000 1928
1512122410000 1929
1512122410000 1929
1512122410000 1930
1512122410000 1931
1512122410000 1931
1512122410000 1932
1512122420000 312
1512122420000 312
1512122420000 312
1512122420000 312
1512122420000 312
1512122420000 312
1512122420000 312
1512122420000 313
1512122420000 313
1512122420000 313
1512122420000 313
1512122420000 313
1512122420000 313
1512122420000 313
1512122420000 313
1512122420000 313
1512122420000 313
1512122420000 313
1512122420000 313
1512122420000 313
1512122420000 313
1512122420000 314
1512122420000 314
1512122420000 314
1512122420000 314
1512122420000 314
1512122420000 314
1512122420000 314
1512122420000 314
1512122420000 314
1512122420000 314
1512122420000 314
1512122420000 314
1512122420000 314
1512122420000 314
1512122420000 314
1512122420000 314
1512122420000 314
1512122420000 314
1512122420000 314
1512122420000 314
1512122420000 314
1512122420000 314
1512122420000 315
1512122420000 315
1512122420000 315
1512122420000 315
1512122420000 315
1512122420000 315
1512122420000 315
1512122420000 315
1512122420000 315
1512122420000 315
1512122420000 316
1512122420000 316
1512122420000 316
1512122420000 316
1512122420000 316
1512122420000 316
1512122420000 316
1512122420000 316
1512122420000 316
1512122420000 317
1512122420000 317
1512122420000 317
1512122420000 317
1512122420000 317
1512122420000 317
1512122420000 317
1512122420000 317
1512122420000 317
1512122420000 317
1512122420000 317
1512122420000 317
1512122420000 317
1512122420000 317
1512122420000 317
1512122420000 318
1512122420000 318
1512122420000 318
1512122420000 318
1512122420000 318
1512122420000 318
1512122420000 318
1512122420000 318
1512122420000 318
1512122420000 318
1512122420000 318
1512122420000 318
1512122420000 318
1512122420000 318
1512122420000 319
1512122420000 319
1512122420000 319
1512122420000 319
1512122420000 319
1512122420000 320
1512122420000 320
1512122420000 321
1512122420000 322
1512122430000 314
1512122430000 314
1512122430000 314
1512122430000 314
1512122430000 314
1512122430000 314
1512122430000 314
1512122430000 314
1512122430000 314
1512122430000 314
1512122430000 315
1512122430000 315
1512122430000 315
1512122430000 315
1512122430000 315
1512122430000 315
1512122430000 315
1512122430000 315
1512122430000 315
1512122430000 315
1512122430000 315
1512122430000 315
1512122430000 315
1512122430000 315
1512122430000 315
1512122430000 315
1512122430000 315
1512122430000 315
1512122430000 315
1512122430000 315
1512122430000 315
1512122430000 315
1512122430000 315
1512122430000 315
1512122430000 315
1512122430000 315
1512122430000 315
1512122430000 315
1512122430000 315
1512122430000 316
1512122430000 316
1512122430000 316
1512122430000 316
1512122430000 316
1512122430000 316
1512122430000 316
1512122430000 316
1512122430000 316
1512122430000 316
1512122430000 316
1512122430000 316
1512122430000 316
1512122430000 316
1512122430000 316
1512122430000 316
1512122430000 316
1512122430000 316
1512122430000 316
1512122430000 316
1512122430000 316
1512122430000 316
1512122430000 316
1512122430000 316
1512122430000 317
1512122430000 317
1512122430000 317
1512122430000 317
1512122430000 317
1512122430000 317
1512122430000 317
1512122430000 317
1512122430000 317
1512122430000 317
1512122430000 317
1512122430000 317
1512122430000 317
1512122430000 317
1512122430000 317
1512122430000 317
1512122430000 317
1512122430000 317
1512122430000 317
1512122430000 317
1512122430000 318
1512122430000 318
1512122430000 318
1512122430000 318
1512122430000 318
1512122430000 318
1512122430000 318
1512122430000 318
1512122430000 318
1512122430000 318
1512122430000 318
1512122430000 319
1512122430000 319
1512122430000 319
1512122430000 321
1512122430000 321
1512122430000 321
1512122440000 331
1512122440000 332
1512122440000 332
1512122440000 332
1512122440000 332
1512122440000 332
1512122440000 332
1512122440000 332
1512122440000 332
1512122440000 333
1512122440000 333
1512122440000 333
1512122440000 333
1512122440000 333
1512122440000 333
1512122440000 333
1512122440000 333
1512122440000 333
1512122440000 333
1512122440000 333
1512122440000 333
1512122440000 334
1512122440000 334
1512122440000 334
1512122440000 334
1512122440000 334
1512122440000 334
1512122440000 334
1512122440000 334
1512122440000 334
1512122440000 334
1512122440000 334
1512122440000 334
1512122440000 334
1512122440000 334
1512122440000 334
1512122440000 334
1512122440000 334
1512122440000 334
1512122440000 334
1512122440000 335
1512122440000 335
1512122440000 335
1512122440000 335
1512122440000 335
1512122440000 335
1512122440000 335
1512122440000 335
1512122440000 335
1512122440000 335
1512122440000 335
1512122440000 335
1512122440000 335
1512122440000 335
1512122440000 336
1512122440000 336
1512122440000 336
1512122440000 336
1512122440000 336
1512122440000 336
1512122440000 336
1512122440000 336
1512122440000 337
1512122440000 337
1512122440000 337
1512122440000 337
1512122440000 337
1512122440000 337
1512122440000 337
1512122440000 337
1512122440000 337
1512122440000 337
1512122440000 337
1512122440000 337
1512122440000 338
1512122440000 338
1512122440000 338
1512122440000 338
1512122440000 338
1512122440000 338
1512122440000 338
1512122440000 339
1512122440000 339
1512122440000 339
1512122440000 339
1512122440000 340
1512122440000 340
1512122440000 341
1512122440000 341
1512122440000 342
1512122440000 350
1512122440000 351
1512122440000 351
1512122440000 357
1512122440000 358
1512122440000 358
1512122440000 359
1512122440000 360
1512122440000 360
1512122440000 361
1512122450000 318
1512122450000 318
1512122450000 318
1512122450000 318
1512122450000 318
1512122450000 318
1512122450000 318
1512122450000 318
1512122450000 318
1512122450000 318
1512122450000 318
1512122450000 318
1512122450000 318
1512122450000 318
1512122450000 318
1512122450000 318
1512122450000 318
1512122450000 318
1512122450000 318
1512122450000 318
1512122450000 318
1512122450000 318
1512122450000 318
1512122450000 318
1512122450000 318
1512122450000 319
1512122450000 319
1512122450000 319
1512122450000 319
1512122450000 319
1512122450000 319
1512122450000 319
1512122450000 319
1512122450000 319
1512122450000 319
1512122450000 319
1512122450000 319
1512122450000 319
1512122450000 319
1512122450000 319
1512122450000 319
1512122450000 319
1512122450000 319
1512122450000 319
1512122450000 319
1512122450000 319
1512122450000 319
1512122450000 319
1512122450000 319
1512122450000 319
1512122450000 319
1512122450000 319
1512122450000 319
1512122450000 319
1512122450000 319
1512122450000 320
1512122450000 320
1512122450000 320
1512122450000 320
1512122450000 320
1512122450000 320
1512122450000 320
1512122450000 320
1512122450000 320
1512122450000 320
1512122450000 320
1512122450000 320
1512122450000 320
1512122450000 320
1512122450000 320
1512122450000 320
1512122450000 320
1512122450000 320
1512122450000 320
1512122450000 320
1512122450000 320
1512122450000 320
1512122450000 320
1512122450000 320
1512122450000 321
1512122450000 321
1512122450000 321
1512122450000 321
1512122450000 321
1512122450000 321
1512122450000 321
1512122450000 321
1512122450000 321
1512122450000 321
1512122450000 321
1512122450000 321
1512122450000 321
1512122450000 322
1512122450000 322
1512122450000 322
1512122450000 322
1512122450000 322
1512122450000 322
1512122450000 322
1512122450000 323
1512122460000 302
1512122460000 302
1512122460000 302
1512122460000 302
1512122460000 302
1512122460000 302
1512122460000 302
1512122460000 302
1512122460000 302
1512122460000 302
1512122460000 302
1512122460000 302
1512122460000 303
1512122460000 303
1512122460000 303
1512122460000 303
1512122460000 303
1512122460000 303
1512122460000 303
1512122460000 303
1512122460000 303
1512122460000 303
1512122460000 303
1512122460000 303
1512122460000 303
1512122460000 303
1512122460000 303
1512122460000 303
1512122460000 303
1512122460000 303
1512122460000 303
1512122460000 303
1512122460000 303
1512122460000 303
1512122460000 303
1512122460000 303
1512122460000 303
1512122460000 303
1512122460000 303
1512122460000 303
1512122460000 303
1512122460000 303
1512122460000 303
1512122460000 303
1512122460000 303
1512122460000 303
1512122460000 304
1512122460000 304
1512122460000 304
1512122460000 304
1512122460000 304
1512122460000 304
1512122460000 304
1512122460000 304
1512122460000 304
1512122460000 304
1512122460000 304
1512122460000 304
1512122460000 304
1512122460000 304
1512122460000 304
1512122460000 304
1512122460000 304
1512122460000 304
1512122460000 304
1512122460000 304
1512122460000 304
1512122460000 305
1512122460000 305
1512122460000 305
1512122460000 305
1512122460000 305
1512122460000 305
1512122460000 305
1512122460000 305
1512122460000 305
1512122460000 305
1512122460000 305
1512122460000 305
1512122460000 305
1512122460000 305
1512122460000 306
1512122460000 306
1512122460000 306
1512122460000 306
1512122460000 307
1512122460000 317
1512122460000 318
1512122460000 318
1512122460000 318
1512122460000 319
1512122460000 319
1512122460000 320
1512122460000 320
1512122460000 320
1512122460000 321
1512122460000 334
1512122460000 334
1512122460000 336
1512122460000 345
1512122470000 332
1512122470000 332
1512122470000 332
1512122470000 332
1512122470000 332
1512122470000 332
1512122470000 332
1512122470000 333
1512122470000 333
1512122470000 333
1512122470000 333
1512122470000 333
1512122470000 333
1512122470000 333
1512122470000 333
1512122470000 333
1512122470000 333
1512122470000 333
1512122470000 333
1512122470000 333
1512122470000 333
1512122470000 333
1512122470000 333
1512122470000 334
1512122470000 334
1512122470000 334
1512122470000 334
1512122470000 334
1512122470000 334
1512122470000 334
1512122470000 334
1512122470000 334
1512122470000 334
1512122470000 334
1512122470000 334
1512122470000 334
1512122470000 334
1512122470000 334
1512122470000 334
1512122470000 334
1512122470000 334
1512122470000 334
1512122470000 334
1512122470000 335
1512122470000 335
1512122470000 335
1512122470000 335
1512122470000 335
1512122470000 335
1512122470000 335
1512122470000 335
1512122470000 335
1512122470000 335
1512122470000 335
1512122470000 335
1512122470000 335
1512122470000 335
1512122470000 335
1512122470000 335
1512122470000 335
1512122470000 335
1512122470000 335
1512122470000 336
1512122470000 336
1512122470000 336
1512122470000 336
1512122470000 336
1512122470000 336
1512122470000 336
1512122470000 336
1512122470000 337
1512122470000 337
1512122470000 337
1512122470000 337
1512122470000 337
1512122470000 337
1512122470000 337
1512122470000 341
1512122470000 341
1512122470000 341
1512122470000 342
1512122470000 342
1512122470000 342
1512122470000 342
1512122470000 342
1512122470000 343
1512122470000 343
1512122470000 343
1512122470000 343
1512122470000 343
1512122470000 344
1512122470000 344
1512122470000 344
1512122470000 345
1512122470000 355
1512122470000 362
1512122470000 362
1512122470000 362
1512122470000 363
1512122470000 363
1512122480000 327
1512122480000 327
1512122480000 327
1512122480000 327
1512122480000 327
1512122480000 328
1512122480000 328
1512122480000 328
1512122480000 328
1512122480000 328
1512122480000 328
1512122480000 328
1512122480000 328
1512122480000 328
1512122480000 328
1512122480000 328
1512122480000 328
1512122480000 328
1512122480000 328
1512122480000 328
1512122480000 328
1512122480000 328
1512122480000 328
1512122480000 328
1512122480000 328
1512122480000 328
1512122480000 328
1512122480000 328
1512122480000 328
1512122480000 328
1512122480000 328
1512122480000 328
1512122480000 328
1512122480000 328
1512122480000 328
1512122480000 329
1512122480000 329
1512122480000 329
1512122480000 329
1512122480000 329
1512122480000 329
1512122480000 329
1512122480000 329
1512122480000 329
1512122480000 329
1512122480000 329
1512122480000 329
1512122480000 329
1512122480000 329
1512122480000 329
1512122480000 329
1512122480000 330
1512122480000 330
1512122480000 330
1512122480000 330
1512122480000 330
1512122480000 330
1512122480000 330
1512122480000 330
1512122480000 330
1512122480000 330
1512122480000 330
1512122480000 330
1512122480000 331
1512122480000 331
1512122480000 331
1512122480000 331
1512122480000 331
1512122480000 331
1512122480000 331
1512122480000 331
1512122480000 331
1512122480000 331
1512122480000 331
1512122480000 331
1512122480000 331
1512122480000 331
1512122480000 331
1512122480000 332
1512122480000 332
1512122480000 332
1512122480000 332
1512122480000 332
1512122480000 332
1512122480000 332
1512122480000 332
1512122480000 332
1512122480000 333
1512122480000 333
1512122480000 333
1512122480000 333
1512122480000 333
1512122480000 333
1512122480000 334
1512122480000 335
1512122480000 344
1512122480000 349
1512122480000 349
1512122480000 357
1512122480000 358
1512122490000 308
1512122490000 308
1512122490000 308
1512122490000 308
1512122490000 308
1512122490000 308
1512122490000 308
1512122490000 309
1512122490000 309
1512122490000 309
1512122490000 309
1512122490000 309
1512122490000 309
1512122490000 309
1512122490000 309
1512122490000 309
1512122490000 309
1512122490000 309
1512122490000 309
1512122490000 309
1512122490000 309
1512122490000 309
1512122490000 309
1512122490000 309
1512122490000 309
1512122490000 309
1512122490000 309
1512122490000 309
1512122490000 309
1512122490000 309
1512122490000 309
1512122490000 309
1512122490000 309
1512122490000 309
1512122490000 309
1512122490000 309
1512122490000 309
1512122490000 309
1512122490000 309
1512122490000 309
1512122490000 309
1512122490000 309
1512122490000 309
1512122490000 309
1512122490000 309
1512122490000 309
1512122490000 309
1512122490000 309
1512122490000 310
1512122490000 310
1512122490000 310
1512122490000 310
1512122490000 310
1512122490000 310
1512122490000 310
1512122490000 310
1512122490000 310
1512122490000 310
1512122490000 310
1512122490000 310
1512122490000 310
1512122490000 310
1512122490000 310
1512122490000 310
1512122490000 310
1512122490000 310
1512122490000 310
1512122490000 310
1512122490000 310
1512122490000 310
1512122490000 310
1512122490000 310
1512122490000 311
1512122490000 311
1512122490000 311
1512122490000 311
1512122490000 311
1512122490000 311
1512122490000 311
1512122490000 311
1512122490000 311
1512122490000 311
1512122490000 311
1512122490000 311
1512122490000 311
1512122490000 311
1512122490000 311
1512122490000 311
1512122490000 311
1512122490000 311
1512122490000 312
1512122490000 312
1512122490000 312
1512122490000 315
1512122490000 316
1512122490000 319
1512122490000 319
1512122490000 319
1512122490000 320
1512122490000 320
1512122500000 322
1512122500000 322
1512122500000 322
1512122500000 322
1512122500000 322
1512122500000 322
1512122500000 322
1512122500000 322
1512122500000 322
1512122500000 322
1512122500000 323
1512122500000 323
1512122500000 323
1512122500000 323
1512122500000 323
1512122500000 323
1512122500000 323
1512122500000 323
1512122500000 323
1512122500000 323
1512122500000 323
1512122500000 323
1512122500000 323
1512122500000 323
1512122500000 323
1512122500000 323
1512122500000 323
1512122500000 323
1512122500000 323
1512122500000 323
1512122500000 323
1512122500000 323
1512122500000 323
1512122500000 323
1512122500000 323
1512122500000 323
1512122500000 323
1512122500000 323
1512122500000 323
1512122500000 323
1512122500000 323
1512122500000 323
1512122500000 323
1512122500000 323
1512122500000 323
1512122500000 324
1512122500000 324
1512122500000 324
1512122500000 324
1512122500000 324
1512122500000 324
1512122500000 324
1512122500000 324
1512122500000 324
1512122500000 324
1512122500000 324
1512122500000 324
1512122500000 324
1512122500000 324
1512122500000 324
1512122500000 324
1512122500000 324
1512122500000 324
1512122500000 324
1512122500000 324
1512122500000 324
1512122500000 324
1512122500000 325
1512122500000 325
1512122500000 325
1512122500000 325
1512122500000 325
1512122500000 325
1512122500000 325
1512122500000 325
1512122500000 325
1512122500000 325
1512122500000 325
1512122500000 325
1512122500000 325
1512122500000 325
1512122500000 325
1512122500000 325
1512122500000 325
1512122500000 326
1512122500000 326
1512122500000 326
1512122500000 326
1512122500000 326
1512122500000 326
1512122500000 326
1512122500000 326
1512122500000 326
1512122500000 327
1512122500000 327
1512122500000 346
1512122500000 346
1512122500000 350
1512122500000 350
1512122500000 350
1512122510000 309
1512122510000 309
1512122510000 309
1512122510000 309
1512122510000 309
1512122510000 309
1512122510000 309
1512122510000 309
1512122510000 309
1512122510000 309
1512122510000 309
1512122510000 309
1512122510000 309
1512122510000 309
1512122510000 310
1512122510000 310
1512122510000 310
1512122510000 310
1512122510000 310
1512122510000 310
1512122510000 310
1512122510000 310
1512122510000 310
1512122510000 310
1512122510000 310
1512122510000 310
1512122510000 310
1512122510000 310
1512122510000 310
1512122510000 310
1512122510000 310
1512122510000 310
1512122510000 310
1512122510000 310
1512122510000 310
1512122510000 310
1512122510000 310
1512122510000 310
1512122510000 310
1512122510000 310
1512122510000 310
1512122510000 310
1512122510000 310
1512122510000 310
1512122510000 310
1512122510000 310
1512122510000 310
1512122510000 311
1512122510000 311
1512122510000 311
1512122510000 311
1512122510000 311
1512122510000 311
1512122510000 311
1512122510000 311
1512122510000 311
1512122510000 311
1512122510000 311
1512122510000 311
1512122510000 311
1512122510000 311
1512122510000 311
1512122510000 311
1512122510000 311
1512122510000 311
1512122510000 311
1512122510000 311
1512122510000 311
1512122510000 311
1512122510000 311
1512122510000 311
1512122510000 312
1512122510000 312
1512122510000 312
1512122510000 312
1512122510000 312
1512122510000 312
1512122510000 312
1512122510000 312
1512122510000 312
1512122510000 312
1512122510000 312
1512122510000 312
1512122510000 312
1512122510000 312
1512122510000 312
1512122510000 312
1512122510000 313
1512122510000 313
1512122510000 314
1512122510000 314
1512122510000 324
1512122510000 324
1512122510000 326
1512122510000 327
1512122510000 327
1512122510000 329
1512122510000 330
1512122510000 333
1512122510000 333
1512122520000 393
1512122520000 402
1512122520000 402
1512122520000 402
1512122520000 404
1512122520000 404
1512122520000 405
1512122520000 411
1512122520000 412
1512122520000 413
1512122520000 414
1512122520000 414
1512122520000 414
1512122520000 414
1512122520000 414
1512122520000 414
1512122520000 414
1512122520000 415
1512122520000 415
1512122520000 415
1512122520000 415
1512122520000 416
1512122520000 416
1512122520000 416
1512122520000 417
1512122520000 417
1512122520000 417
1512122520000 417
1512122520000 417
1512122520000 418
1512122520000 418
1512122520000 418
1512122520000 418
1512122520000 421
1512122520000 421
1512122520000 421
1512122520000 421
1512122520000 421
1512122520000 421
1512122520000 421
1512122520000 422
1512122520000 422
1512122520000 422
1512122520000 422
1512122520000 422
1512122520000 422
1512122520000 422
1512122520000 422
1512122520000 422
1512122520000 422
1512122520000 423
1512122520000 423
1512122520000 423
1512122520000 424
1512122520000 424
1512122520000 424
1512122520000 424
1512122520000 424
1512122520000 424
1512122520000 425
1512122520000 425
1512122520000 425
1512122520000 425
1512122520000 426
1512122520000 426
1512122520000 426
1512122520000 426
1512122520000 426
1512122520000 426
1512122520000 427
1512122520000 427
1512122520000 427
1512122520000 427
1512122520000 428
1512122520000 429
1512122520000 430
1512122520000 430
1512122520000 432
1512122520000 432
1512122520000 433
1512122520000 433
1512122520000 433
1512122520000 433
1512122520000 433
1512122520000 434
1512122520000 434
1512122520000 434
1512122520000 445
1512122520000 446
1512122520000 446
1512122520000 447
1512122520000 448
1512122520000 808
1512122520000 810
1512122520000 810
1512122520000 811
1512122520000 811
1512122520000 812
1512122520000 812
1512122520000 813
1512122530000 306
1512122530000 306
1512122530000 306
1512122530000 306
1512122530000 306
1512122530000 306
1512122530000 306
1512122530000 306
1512122530000 306
1512122530000 306
1512122530000 306
1512122530000 306
1512122530000 306
1512122530000 306
1512122530000 306
1512122530000 306
1512122530000 306
1512122530000 306
1512122530000 306
1512122530000 306
1512122530000 306
1512122530000 306
1512122530000 307
1512122530000 307
1512122530000 307
1512122530000 307
1512122530000 307
1512122530000 307
1512122530000 307
1512122530000 307
1512122530000 307
1512122530000 307
1512122530000 307
1512122530000 307
1512122530000 307
1512122530000 307
1512122530000 307
1512122530000 307
1512122530000 307
1512122530000 307
1512122530000 307
1512122530000 307
1512122530000 307
1512122530000 307
1512122530000 307
1512122530000 307
1512122530000 307
1512122530000 307
1512122530000 307
1512122530000 307
1512122530000 307
1512122530000 307
1512122530000 307
1512122530000 307
1512122530000 307
1512122530000 307
1512122530000 307
1512122530000 307
1512122530000 308
1512122530000 308
1512122530000 308
1512122530000 308
1512122530000 308
1512122530000 308
1512122530000 308
1512122530000 308
1512122530000 308
1512122530000 308
1512122530000 308
1512122530000 308
1512122530000 308
1512122530000 308
1512122530000 308
1512122530000 308
1512122530000 308
1512122530000 308
1512122530000 308
1512122530000 308
1512122530000 308
1512122530000 308
1512122530000 308
1512122530000 308
1512122530000 308
1512122530000 308
1512122530000 308
1512122530000 308
1512122530000 309
1512122530000 309
1512122530000 309
1512122530000 309
1512122530000 309
1512122530000 309
1512122530000 309
1512122530000 309
1512122530000 309
1512122530000 310
1512122530000 310
1512122530000 310
1512122530000 318
1512122530000 319
1512122540000 321
1512122540000 321
1512122540000 321
1512122540000 321
1512122540000 321
1512122540000 321
1512122540000 321
1512122540000 321
1512122540000 321
1512122540000 321
1512122540000 321
1512122540000 321
1512122540000 321
1512122540000 321
1512122540000 321
1512122540000 321
1512122540000 321
1512122540000 321
1512122540000 321
1512122540000 321
1512122540000 322
1512122540000 322
1512122540000 322
1512122540000 322
1512122540000 322
1512122540000 322
1512122540000 322
1512122540000 322
1512122540000 322
1512122540000 322
1512122540000 322
1512122540000 322
1512122540000 322
1512122540000 322
1512122540000 322
1512122540000 322
1512122540000 322
1512122540000 322
1512122540000 322
1512122540000 322
1512122540000 322
1512122540000 322
1512122540000 322
1512122540000 322
1512122540000 323
1512122540000 323
1512122540000 323
1512122540000 323
1512122540000 323
1512122540000 323
1512122540000 323
1512122540000 323
1512122540000 323
1512122540000 323
1512122540000 323
1512122540000 323
1512122540000 323
1512122540000 323
1512122540000 323
1512122540000 323
1512122540000 323
1512122540000 323
1512122540000 323
1512122540000 323
1512122540000 323
1512122540000 323
1512122540000 323
1512122540000 323
1512122540000 323
1512122540000 323
1512122540000 324
1512122540000 324
1512122540000 324
1512122540000 324
1512122540000 324
1512122540000 324
1512122540000 324
1512122540000 324
1512122540000 324
1512122540000 324
1512122540000 324
1512122540000 324
1512122540000 324
1512122540000 324
1512122540000 324
1512122540000 324
1512122540000 325
1512122540000 325
1512122540000 325
1512122540000 325
1512122540000 325
1512122540000 325
1512122540000 325
1512122540000 325
1512122540000 325
1512122540000 325
1512122540000 325
1512122540000 326
1512122540000 326
1512122540000 355
1512122550000 320
1512122550000 321
1512122550000 321
1512122550000 321
1512122550000 321
1512122550000 321
1512122550000 321
1512122550000 321
1512122550000 321
1512122550000 321
1512122550000 321
1512122550000 321
1512122550000 321
1512122550000 321
1512122550000 321
1512122550000 321
1512122550000 321
1512122550000 321
1512122550000 321
1512122550000 321
1512122550000 321
1512122550000 321
1512122550000 321
1512122550000 321
1512122550000 321
1512122550000 321
1512122550000 321
1512122550000 322
1512122550000 322
1512122550000 322
1512122550000 322
1512122550000 322
1512122550000 322
1512122550000 322
1512122550000 322
1512122550000 322
1512122550000 322
1512122550000 322
1512122550000 322
1512122550000 322
1512122550000 322
1512122550000 322
1512122550000 322
1512122550000 322
1512122550000 322
1512122550000 322
1512122550000 322
1512122550000 322
1512122550000 322
1512122550000 322
1512122550000 322
1512122550000 322
1512122550000 323
1512122550000 323
1512122550000 323
1512122550000 323
1512122550000 323
1512122550000 323
1512122550000 323
1512122550000 323
1512122550000 323
1512122550000 323
1512122550000 323
1512122550000 323
1512122550000 323
1512122550000 323
1512122550000 323
1512122550000 323
1512122550000 323
1512122550000 323
1512122550000 323
1512122550000 323
1512122550000 323
1512122550000 323
1512122550000 324
1512122550000 324
1512122550000 324
1512122550000 324
1512122550000 324
1512122550000 324
1512122550000 324
1512122550000 324
1512122550000 324
1512122550000 324
1512122550000 324
1512122550000 324
1512122550000 324
1512122550000 324
1512122550000 324
1512122550000 324
1512122550000 325
1512122550000 325
1512122550000 325
1512122550000 327
1512122550000 328
1512122550000 342
1512122550000 343
1512122550000 344
1512122550000 344
1512122550000 345
1512122560000 315
1512122560000 315
1512122560000 316
1512122560000 316
1512122560000 316
1512122560000 316
1512122560000 316
1512122560000 316
1512122560000 316
1512122560000 316
1512122560000 316
1512122560000 316
1512122560000 316
1512122560000 316
1512122560000 316
1512122560000 316
1512122560000 316
1512122560000 316
1512122560000 316
1512122560000 316
1512122560000 316
1512122560000 316
1512122560000 316
1512122560000 316
1512122560000 316
1512122560000 316
1512122560000 316
1512122560000 316
1512122560000 316
1512122560000 316
1512122560000 316
1512122560000 316
1512122560000 316
1512122560000 316
1512122560000 316
1512122560000 316
1512122560000 316
1512122560000 316
1512122560000 317
1512122560000 317
1512122560000 317
1512122560000 317
1512122560000 317
1512122560000 317
1512122560000 317
1512122560000 317
1512122560000 317
1512122560000 317
1512122560000 317
1512122560000 317
1512122560000 317
1512122560000 317
1512122560000 317
1512122560000 317
1512122560000 317
1512122560000 317
1512122560000 317
1512122560000 317
1512122560000 317
1512122560000 317
1512122560000 317
1512122560000 317
1512122560000 317
1512122560000 317
1512122560000 317
1512122560000 317
1512122560000 318
1512122560000 318
1512122560000 318
1512122560000 318
1512122560000 318
1512122560000 318
1512122560000 318
1512122560000 318
1512122560000 318
1512122560000 318
1512122560000 318
1512122560000 318
1512122560000 318
1512122560000 318
1512122560000 318
1512122560000 318
1512122560000 318
1512122560000 318
1512122560000 318
1512122560000 318
1512122560000 318
1512122560000 318
1512122560000 319
1512122560000 319
1512122560000 319
1512122560000 319
1512122560000 319
1512122560000 320
1512122560000 320
1512122560000 325
1512122560000 325
1512122560000 326
1512122560000 326
1512122560000 327
1512122570000 328
1512122570000 328
1512122570000 329
1512122570000 330
1512122570000 331
1512122570000 331
1512122570000 331
1512122570000 331
1512122570000 332
1512122570000 332
1512122570000 332
1512122570000 332
1512122570000 332
1512122570000 332
1512122570000 332
1512122570000 332
1512122570000 332
1512122570000 332
1512122570000 332
1512122570000 332
1512122570000 333
1512122570000 333
1512122570000 333
1512122570000 333
1512122570000 333
1512122570000 333
1512122570000 333
1512122570000 333
1512122570000 333
1512122570000 333
1512122570000 333
1512122570000 333
1512122570000 333
1512122570000 333
1512122570000 333
1512122570000 333
1512122570000 333
1512122570000 333
1512122570000 334
1512122570000 334
1512122570000 334
1512122570000 334
1512122570000 334
1512122570000 334
1512122570000 334
1512122570000 334
1512122570000 334
1512122570000 334
1512122570000 334
1512122570000 334
1512122570000 334
1512122570000 334
1512122570000 334
1512122570000 334
1512122570000 334
1512122570000 334
1512122570000 334
1512122570000 334
1512122570000 335
1512122570000 335
1512122570000 335
1512122570000 335
1512122570000 335
1512122570000 335
1512122570000 335
1512122570000 335
1512122570000 335
1512122570000 335
1512122570000 335
1512122570000 335
1512122570000 335
1512122570000 335
1512122570000 335
1512122570000 336
1512122570000 336
1512122570000 336
1512122570000 336
1512122570000 336
1512122570000 336
1512122570000 336
1512122570000 336
1512122570000 336
1512122570000 337
1512122570000 337
1512122570000 337
1512122570000 337
1512122570000 337
1512122570000 337
1512122570000 337
1512122570000 337
1512122570000 338
1512122570000 338
1512122570000 338
1512122570000 339
1512122570000 339
1512122570000 339
1512122570000 340
1512122570000 342
1512122570000 343
1512122570000 343
1512122580000 333
1512122580000 333
1512122580000 333
1512122580000 333
1512122580000 334
1512122580000 334
1512122580000 334
1512122580000 334
1512122580000 334
1512122580000 334
1512122580000 334
1512122580000 334
1512122580000 334
1512122580000 334
1512122580000 334
1512122580000 335
1512122580000 335
1512122580000 335
1512122580000 335
1512122580000 335
1512122580000 335
1512122580000 335
1512122580000 335
1512122580000 335
1512122580000 335
1512122580000 336
1512122580000 336
1512122580000 336
1512122580000 336
1512122580000 336
1512122580000 336
1512122580000 336
1512122580000 336
1512122580000 336
1512122580000 336
1512122580000 336
1512122580000 337
1512122580000 337
1512122580000 337
1512122580000 337
1512122580000 337
1512122580000 337
1512122580000 337
1512122580000 337
1512122580000 337
1512122580000 337
1512122580000 337
1512122580000 337
1512122580000 337
1512122580000 337
1512122580000 337
1512122580000 338
1512122580000 338
1512122580000 338
1512122580000 338
1512122580000 338
1512122580000 338
1512122580000 338
1512122580000 338
1512122580000 338
1512122580000 339
1512122580000 339
1512122580000 339
1512122580000 339
1512122580000 339
1512122580000 339
1512122580000 339
1512122580000 339
1512122580000 339
1512122580000 340
1512122580000 340
1512122580000 340
1512122580000 340
1512122580000 340
1512122580000 341
1512122580000 341
1512122580000 341
1512122580000 341
1512122580000 341
1512122580000 342
1512122580000 342
1512122580000 343
1512122580000 343
1512122580000 343
1512122580000 343
1512122580000 343
1512122580000 343
1512122580000 344
1512122580000 344
1512122580000 344
1512122580000 344
1512122580000 344
1512122580000 345
1512122580000 345
1512122580000 345
1512122580000 346
1512122580000 363
1512122580000 364
1512122580000 364
1512122580000 365
1512122590000 312
1512122590000 312
1512122590000 312
1512122590000 312
1512122590000 312
1512122590000 312
1512122590000 312
1512122590000 312
1512122590000 312
1512122590000 312
1512122590000 312
1512122590000 312
1512122590000 312
1512122590000 312
1512122590000 313
1512122590000 313
1512122590000 313
1512122590000 313
1512122590000 313
1512122590000 313
1512122590000 313
1512122590000 313
1512122590000 313
1512122590000 313
1512122590000 313
1512122590000 313
1512122590000 313
1512122590000 313
1512122590000 313
1512122590000 313
1512122590000 313
1512122590000 313
1512122590000 313
1512122590000 313
1512122590000 313
1512122590000 313
1512122590000 313
1512122590000 313
1512122590000 313
1512122590000 313
1512122590000 313
1512122590000 313
1512122590000 313
1512122590000 314
1512122590000 314
1512122590000 314
1512122590000 314
1512122590000 314
1512122590000 314
1512122590000 314
1512122590000 314
1512122590000 315
1512122590000 315
1512122590000 315
1512122590000 315
1512122590000 315
1512122590000 315
1512122590000 315
1512122590000 315
1512122590000 315
1512122590000 315
1512122590000 315
1512122590000 315
1512122590000 315
1512122590000 315
1512122590000 315
1512122590000 315
1512122590000 315
1512122590000 315
1512122590000 315
1512122590000 315
1512122590000 316
1512122590000 316
1512122590000 316
1512122590000 316
1512122590000 316
1512122590000 316
1512122590000 316
1512122590000 316
1512122590000 316
1512122590000 316
1512122590000 316
1512122590000 316
1512122590000 316
1512122590000 316
1512122590000 317
1512122590000 317
1512122590000 317
1512122590000 317
1512122590000 317
1512122590000 317
1512122590000 317
1512122590000 318
1512122590000 318
1512122590000 338
1512122590000 338
1512122590000 339
1512122590000 343
1512122590000 343
1512122590000 344
1512122600000 324
1512122600000 324
1512122600000 324
1512122600000 324
1512122600000 324
1512122600000 324
1512122600000 324
1512122600000 324
1512122600000 324
1512122600000 324
1512122600000 324
1512122600000 324
1512122600000 324
1512122600000 325
1512122600000 325
1512122600000 325
1512122600000 325
1512122600000 325
1512122600000 325
1512122600000 325
1512122600000 325
1512122600000 325
1512122600000 325
1512122600000 325
1512122600000 325
1512122600000 325
1512122600000 325
1512122600000 325
1512122600000 325
1512122600000 325
1512122600000 325
1512122600000 325
1512122600000 325
1512122600000 325
1512122600000 325
1512122600000 325
1512122600000 325
1512122600000 325
1512122600000 325
1512122600000 325
1512122600000 325
1512122600000 325
1512122600000 326
1512122600000 326
1512122600000 326
1512122600000 326
1512122600000 326
1512122600000 326
1512122600000 326
1512122600000 326
1512122600000 326
1512122600000 326
1512122600000 326
1512122600000 326
1512122600000 326
1512122600000 326
1512122600000 326
1512122600000 326
1512122600000 326
1512122600000 326
1512122600000 326
1512122600000 326
1512122600000 326
1512122600000 326
1512122600000 326
1512122600000 326
1512122600000 326
1512122600000 326
1512122600000 327
1512122600000 327
1512122600000 327
1512122600000 327
1512122600000 327
1512122600000 327
1512122600000 327
1512122600000 327
1512122600000 327
1512122600000 327
1512122600000 327
1512122600000 327
1512122600000 327
1512122600000 327
1512122600000 328
1512122600000 328
1512122600000 328
1512122600000 328
1512122600000 329
1512122600000 330
1512122600000 353
1512122600000 354
1512122600000 355
1512122600000 355
1512122600000 356
1512122600000 356
1512122600000 356
1512122600000 356
1512122600000 357
1512122600000 359
1512122600000 360
1512122600000 360
1512122610000 311
1512122610000 311
1512122610000 311
1512122610000 311
1512122610000 311
1512122610000 311
1512122610000 311
1512122610000 311
1512122610000 311
1512122610000 311
1512122610000 311
1512122610000 311
1512122610000 311
1512122610000 311
1512122610000 311
1512122610000 311
1512122610000 311
1512122610000 311
1512122610000 311
1512122610000 311
1512122610000 311
1512122610000 311
1512122610000 311
1512122610000 311
1512122610000 311
1512122610000 311
1512122610000 312
1512122610000 312
1512122610000 312
1512122610000 312
1512122610000 312
1512122610000 312
1512122610000 312
1512122610000 312
1512122610000 312
1512122610000 312
1512122610000 312
1512122610000 312
1512122610000 312
1512122610000 312
1512122610000 312
1512122610000 312
1512122610000 312
1512122610000 312
1512122610000 312
1512122610000 312
1512122610000 312
1512122610000 312
1512122610000 312
1512122610000 312
1512122610000 312
1512122610000 313
1512122610000 313
1512122610000 313
1512122610000 313
1512122610000 313
1512122610000 313
1512122610000 313
1512122610000 313
1512122610000 313
1512122610000 313
1512122610000 313
1512122610000 313
1512122610000 313
1512122610000 313
1512122610000 313
1512122610000 313
1512122610000 313
1512122610000 314
1512122610000 314
1512122610000 314
1512122610000 314
1512122610000 314
1512122610000 314
1512122610000 314
1512122610000 314
1512122610000 314
1512122610000 314
1512122610000 314
1512122610000 314
1512122610000 315
1512122610000 315
1512122610000 315
1512122610000 315
1512122610000 315
1512122610000 315
1512122610000 315
1512122610000 316
1512122610000 316
1512122610000 317
1512122610000 317
1512122610000 317
1512122610000 318
1512122610000 318
1512122610000 318
1512122610000 320
1512122610000 320
1512122610000 320
1512122610000 320
1512122610000 321
1512122620000 336
1512122620000 337
1512122620000 337
1512122620000 337
1512122620000 337
1512122620000 337
1512122620000 337
1512122620000 337
1512122620000 337
1512122620000 337
1512122620000 337
1512122620000 337
1512122620000 337
1512122620000 337
1512122620000 337
1512122620000 337
1512122620000 337
1512122620000 337
1512122620000 337
1512122620000 337
1512122620000 337
1512122620000 337
1512122620000 337
1512122620000 337
1512122620000 338
1512122620000 338
1512122620000 338
1512122620000 338
1512122620000 338
1512122620000 338
1512122620000 338
1512122620000 338
1512122620000 338
1512122620000 338
1512122620000 338
1512122620000 338
1512122620000 338
1512122620000 338
1512122620000 338
1512122620000 338
1512122620000 338
1512122620000 338
1512122620000 339
1512122620000 339
1512122620000 339
1512122620000 339
1512122620000 339
1512122620000 339
1512122620000 339
1512122620000 339
1512122620000 339
1512122620000 339
1512122620000 339
1512122620000 340
1512122620000 340
1512122620000 340
1512122620000 340
1512122620000 340
1512122620000 340
1512122620000 340
1512122620000 340
1512122620000 340
1512122620000 340
1512122620000 340
1512122620000 340
1512122620000 340
1512122620000 340
1512122620000 340
1512122620000 340
1512122620000 341
1512122620000 341
1512122620000 341
1512122620000 341
1512122620000 341
1512122620000 341
1512122620000 341
1512122620000 341
1512122620000 341
1512122620000 341
1512122620000 341
1512122620000 342
1512122620000 342
1512122620000 342
1512122620000 342
1512122620000 342
1512122620000 342
1512122620000 342
1512122620000 342
1512122620000 342
1512122620000 343
1512122620000 343
1512122620000 343
1512122620000 343
1512122620000 343
1512122620000 344
1512122620000 344
1512122620000 344
1512122620000 344
1512122620000 345
1512122620000 346
1512122630000 331
1512122630000 331
1512122630000 332
1512122630000 332
1512122630000 332
1512122630000 332
1512122630000 332
1512122630000 332
1512122630000 332
1512122630000 332
1512122630000 332
1512122630000 332
1512122630000 332
1512122630000 332
1512122630000 333
1512122630000 333
1512122630000 333
1512122630000 333
1512122630000 333
1512122630000 333
1512122630000 333
1512122630000 333
1512122630000 333
1512122630000 333
1512122630000 333
1512122630000 333
1512122630000 333
1512122630000 333
1512122630000 333
1512122630000 333
1512122630000 334
1512122630000 334
1512122630000 334
1512122630000 334
1512122630000 334
1512122630000 334
1512122630000 334
1512122630000 334
1512122630000 334
1512122630000 334
1512122630000 335
1512122630000 335
1512122630000 335
1512122630000 335
1512122630000 335
1512122630000 335
1512122630000 335
1512122630000 335
1512122630000 335
1512122630000 336
1512122630000 336
1512122630000 336
1512122630000 336
1512122630000 336
1512122630000 336
1512122630000 336
1512122630000 336
1512122630000 336
1512122630000 336
1512122630000 336
1512122630000 337
1512122630000 337
1512122630000 337
1512122630000 337
1512122630000 337
1512122630000 337
1512122630000 337
1512122630000 337
1512122630000 338
1512122630000 338
1512122630000 338
1512122630000 338
1512122630000 339
1512122630000 339
1512122630000 339
1512122630000 340
1512122630000 340
1512122630000 340
1512122630000 340
1512122630000 340
1512122630000 341
1512122630000 341
1512122630000 342
1512122630000 343
1512122630000 343
1512122630000 343
1512122630000 344
1512122630000 344
1512122630000 344
1512122630000 345
1512122630000 345
1512122630000 347
1512122630000 347
1512122630000 348
1512122630000 362
1512122630000 364
1512122630000 364
1512122630000 365
1512122630000 365
1512122630000 365
1512122640000 331
1512122640000 331
1512122640000 331
1512122640000 331
1512122640000 331
1512122640000 331
1512122640000 332
1512122640000 332
1512122640000 332
1512122640000 332
1512122640000 332
1512122640000 332
1512122640000 332
1512122640000 332
1512122640000 332
1512122640000 332
1512122640000 332
1512122640000 333
1512122640000 333
1512122640000 333
1512122640000 333
1512122640000 333
1512122640000 333
1512122640000 333
1512122640000 333
1512122640000 333
1512122640000 333
1512122640000 334
1512122640000 334
1512122640000 334
1512122640000 334
1512122640000 334
1512122640000 334
1512122640000 334
1512122640000 334
1512122640000 334
1512122640000 334
1512122640000 334
1512122640000 334
1512122640000 334
1512122640000 334
1512122640000 334
1512122640000 334
1512122640000 335
1512122640000 335
1512122640000 335
1512122640000 335
1512122640000 335
1512122640000 336
1512122640000 336
1512122640000 336
1512122640000 337
1512122640000 337
1512122640000 337
1512122640000 337
1512122640000 337
1512122640000 337
1512122640000 337
1512122640000 337
1512122640000 338
1512122640000 338
1512122640000 338
1512122640000 338
1512122640000 338
1512122640000 338
1512122640000 338
1512122640000 338
1512122640000 338
1512122640000 338
1512122640000 339
1512122640000 339
1512122640000 339
1512122640000 339
1512122640000 339
1512122640000 339
1512122640000 339
1512122640000 339
1512122640000 339
1512122640000 339
1512122640000 340
1512122640000 340
1512122640000 340
1512122640000 340
1512122640000 340
1512122640000 340
1512122640000 340
1512122640000 340
1512122640000 341
1512122640000 341
1512122640000 341
1512122640000 345
1512122640000 345
1512122640000 346
1512122640000 346
1512122640000 347
1512122640000 347
1512122640000 347
1512122640000 360
1512122640000 360
1512122640000 361
1512122650000 336
1512122650000 336
1512122650000 336
1512122650000 336
1512122650000 336
1512122650000 336
1512122650000 336
1512122650000 337
1512122650000 337
1512122650000 337
1512122650000 337
1512122650000 337
1512122650000 337
1512122650000 337
1512122650000 337
1512122650000 337
1512122650000 337
1512122650000 337
1512122650000 337
1512122650000 337
1512122650000 337
1512122650000 338
1512122650000 338
1512122650000 338
1512122650000 338
1512122650000 338
1512122650000 338
1512122650000 338
1512122650000 338
1512122650000 338
1512122650000 338
1512122650000 338
1512122650000 338
1512122650000 338
1512122650000 338
1512122650000 338
1512122650000 339
1512122650000 339
1512122650000 339
1512122650000 339
1512122650000 339
1512122650000 339
1512122650000 339
1512122650000 339
1512122650000 339
1512122650000 339
1512122650000 339
1512122650000 339
1512122650000 339
1512122650000 339
1512122650000 339
1512122650000 339
1512122650000 340
1512122650000 340
1512122650000 340
1512122650000 340
1512122650000 340
1512122650000 340
1512122650000 340
1512122650000 340
1512122650000 341
1512122650000 341
1512122650000 341
1512122650000 341
1512122650000 341
1512122650000 341
1512122650000 341
1512122650000 341
1512122650000 341
1512122650000 341
1512122650000 341
1512122650000 341
1512122650000 341
1512122650000 342
1512122650000 342
1512122650000 342
1512122650000 342
1512122650000 342
1512122650000 342
1512122650000 342
1512122650000 342
1512122650000 342
1512122650000 343
1512122650000 343
1512122650000 343
1512122650000 343
1512122650000 343
1512122650000 343
1512122650000 344
1512122650000 408
1512122650000 416
1512122650000 429
1512122650000 430
1512122650000 430
1512122650000 434
1512122650000 452
1512122650000 510
1512122650000 510
1512122650000 511
1512122650000 511
1512122660000 315
1512122660000 315
1512122660000 315
1512122660000 315
1512122660000 315
1512122660000 315
1512122660000 315
1512122660000 315
1512122660000 315
1512122660000 315
1512122660000 315
1512122660000 315
1512122660000 315
1512122660000 315
1512122660000 315
1512122660000 315
1512122660000 315
1512122660000 315
1512122660000 315
1512122660000 315
1512122660000 315
1512122660000 315
1512122660000 315
1512122660000 315
1512122660000 315
1512122660000 315
1512122660000 315
1512122660000 315
1512122660000 316
1512122660000 316
1512122660000 316
1512122660000 316
1512122660000 316
1512122660000 316
1512122660000 316
1512122660000 316
1512122660000 316
1512122660000 316
1512122660000 316
1512122660000 316
1512122660000 316
1512122660000 316
1512122660000 316
1512122660000 316
1512122660000 316
1512122660000 316
1512122660000 316
1512122660000 316
1512122660000 316
1512122660000 316
1512122660000 316
1512122660000 316
1512122660000 316
1512122660000 316
1512122660000 317
1512122660000 317
1512122660000 317
1512122660000 317
1512122660000 317
1512122660000 317
1512122660000 317
1512122660000 317
1512122660000 317
1512122660000 317
1512122660000 317
1512122660000 317
1512122660000 317
1512122660000 317
1512122660000 317
1512122660000 317
1512122660000 317
1512122660000 317
1512122660000 317
1512122660000 317
1512122660000 317
1512122660000 317
1512122660000 317
1512122660000 317
1512122660000 317
1512122660000 317
1512122660000 317
1512122660000 318
1512122660000 318
1512122660000 318
1512122660000 318
1512122660000 318
1512122660000 318
1512122660000 318
1512122660000 318
1512122660000 318
1512122660000 318
1512122660000 318
1512122660000 318
1512122660000 319
1512122660000 319
1512122660000 320
1512122660000 331
1512122660000 331
1512122660000 331
1512122660000 358
1512122670000 308
1512122670000 309
1512122670000 309
1512122670000 309
1512122670000 309
1512122670000 309
1512122670000 309
1512122670000 309
1512122670000 309
1512122670000 309
1512122670000 309
1512122670000 309
1512122670000 309
1512122670000 309
1512122670000 309
1512122670000 309
1512122670000 309
1512122670000 309
1512122670000 309
1512122670000 309
1512122670000 309
1512122670000 309
1512122670000 309
1512122670000 309
1512122670000 309
1512122670000 309
1512122670000 309
1512122670000 309
1512122670000 310
1512122670000 310
1512122670000 310
1512122670000 310
1512122670000 310
1512122670000 310
1512122670000 310
1512122670000 310
1512122670000 310
1512122670000 310
1512122670000 310
1512122670000 310
1512122670000 310
1512122670000 310
1512122670000 310
1512122670000 310
1512122670000 310
1512122670000 310
1512122670000 310
1512122670000 310
1512122670000 310
1512122670000 310
1512122670000 310
1512122670000 310
1512122670000 310
1512122670000 310
1512122670000 310
1512122670000 310
1512122670000 310
1512122670000 311
1512122670000 311
1512122670000 311
1512122670000 311
1512122670000 311
1512122670000 311
1512122670000 311
1512122670000 311
1512122670000 311
1512122670000 311
1512122670000 311
1512122670000 311
1512122670000 311
1512122670000 311
1512122670000 311
1512122670000 311
1512122670000 311
1512122670000 311
1512122670000 311
1512122670000 311
1512122670000 311
1512122670000 311
1512122670000 311
1512122670000 311
1512122670000 311
1512122670000 311
1512122670000 311
1512122670000 311
1512122670000 311
1512122670000 311
1512122670000 311
1512122670000 312
1512122670000 312
1512122670000 312
1512122670000 312
1512122670000 312
1512122670000 312
1512122670000 312
1512122670000 313
1512122670000 314
1512122670000 314
1512122670000 315
1512122670000 391
1512122680000 347
1512122680000 347
1512122680000 347
1512122680000 347
1512122680000 347
1512122680000 347
1512122680000 348
1512122680000 348
1512122680000 348
1512122680000 348
1512122680000 348
1512122680000 348
1512122680000 348
1512122680000 348
1512122680000 348
1512122680000 348
1512122680000 348
1512122680000 348
1512122680000 348
1512122680000 348
1512122680000 348
1512122680000 348
1512122680000 348
1512122680000 349
1512122680000 349
1512122680000 349
1512122680000 349
1512122680000 349
1512122680000 349
1512122680000 349
1512122680000 349
1512122680000 349
1512122680000 349
1512122680000 349
1512122680000 349
1512122680000 349
1512122680000 349
1512122680000 349
1512122680000 349
1512122680000 349
1512122680000 349
1512122680000 349
1512122680000 349
1512122680000 349
1512122680000 349
1512122680000 349
1512122680000 349
1512122680000 349
1512122680000 350
1512122680000 350
1512122680000 350
1512122680000 350
1512122680000 350
1512122680000 350
1512122680000 350
1512122680000 350
1512122680000 350
1512122680000 350
1512122680000 350
1512122680000 350
1512122680000 350
1512122680000 350
1512122680000 350
1512122680000 350
1512122680000 350
1512122680000 350
1512122680000 350
1512122680000 350
1512122680000 350
1512122680000 350
1512122680000 350
1512122680000 350
1512122680000 350
1512122680000 350
1512122680000 350
1512122680000 351
1512122680000 351
1512122680000 351
1512122680000 351
1512122680000 351
1512122680000 351
1512122680000 351
1512122680000 351
1512122680000 352
1512122680000 353
1512122680000 378
1512122680000 379
1512122680000 407
1512122680000 424
1512122680000 431
1512122680000 431
1512122680000 434
1512122680000 457
1512122680000 458
1512122680000 461
1512122680000 462
1512122680000 549
1512122680000 550
1512122680000 550
1512122680000 551
1512122690000 335
1512122690000 335
1512122690000 335
1512122690000 335
1512122690000 335
1512122690000 335
1512122690000 335
1512122690000 335
1512122690000 335
1512122690000 335
1512122690000 335
1512122690000 335
1512122690000 335
1512122690000 335
1512122690000 335
1512122690000 335
1512122690000 336
1512122690000 336
1512122690000 336
1512122690000 336
1512122690000 336
1512122690000 336
1512122690000 336
1512122690000 336
1512122690000 336
1512122690000 336
1512122690000 336
1512122690000 336
1512122690000 336
1512122690000 336
1512122690000 336
1512122690000 336
1512122690000 336
1512122690000 336
1512122690000 336
1512122690000 336
1512122690000 336
1512122690000 336
1512122690000 336
1512122690000 336
1512122690000 336
1512122690000 336
1512122690000 336
1512122690000 336
1512122690000 336
1512122690000 337
1512122690000 337
1512122690000 337
1512122690000 337
1512122690000 337
1512122690000 337
1512122690000 337
1512122690000 337
1512122690000 337
1512122690000 337
1512122690000 337
1512122690000 337
1512122690000 337
1512122690000 337
1512122690000 337
1512122690000 337
1512122690000 337
1512122690000 337
1512122690000 337
1512122690000 337
1512122690000 337
1512122690000 337
1512122690000 337
1512122690000 337
1512122690000 338
1512122690000 338
1512122690000 338
1512122690000 338
1512122690000 338
1512122690000 338
1512122690000 338
1512122690000 338
1512122690000 338
1512122690000 338
1512122690000 338
1512122690000 338
1512122690000 339
1512122690000 339
1512122690000 340
1512122690000 342
1512122690000 345
1512122690000 346
1512122690000 346
1512122690000 354
1512122690000 355
1512122690000 356
1512122690000 356
1512122690000 357
1512122690000 358
1512122690000 358
1512122690000 374
1512122690000 425
1512122690000 425
1512122690000 425
1512122690000 426
1512122700000 333
1512122700000 333
1512122700000 334
1512122700000 334
1512122700000 334
1512122700000 334
1512122700000 334
1512122700000 334
1512122700000 334
1512122700000 334
1512122700000 334
1512122700000 334
1512122700000 334
1512122700000 334
1512122700000 334
1512122700000 334
1512122700000 334
1512122700000 334
1512122700000 334
1512122700000 334
1512122700000 334
1512122700000 334
1512122700000 334
1512122700000 334
1512122700000 334
1512122700000 334
1512122700000 334
1512122700000 334
1512122700000 334
1512122700000 334
1512122700000 334
1512122700000 334
1512122700000 334
1512122700000 334
1512122700000 334
1512122700000 335
1512122700000 335
1512122700000 335
1512122700000 335
1512122700000 335
1512122700000 335
1512122700000 335
1512122700000 335
1512122700000 335
1512122700000 335
1512122700000 335
1512122700000 335
1512122700000 335
1512122700000 335
1512122700000 335
1512122700000 335
1512122700000 335
1512122700000 335
1512122700000 335
1512122700000 336
1512122700000 336
1512122700000 336
1512122700000 336
1512122700000 336
1512122700000 336
1512122700000 336
1512122700000 336
1512122700000 336
1512122700000 336
1512122700000 336
1512122700000 336
1512122700000 336
1512122700000 336
1512122700000 336
1512122700000 336
1512122700000 336
1512122700000 336
1512122700000 336
1512122700000 336
1512122700000 336
1512122700000 336
1512122700000 336
1512122700000 336
1512122700000 336
1512122700000 336
1512122700000 336
1512122700000 337
1512122700000 337
1512122700000 337
1512122700000 337
1512122700000 337
1512122700000 337
1512122700000 337
1512122700000 337
1512122700000 337
1512122700000 337
1512122700000 337
1512122700000 338
1512122700000 338
1512122700000 338
1512122700000 338
1512122700000 339
1512122700000 346
1512122700000 424
1512122700000 448
1512122710000 318
1512122710000 318
1512122710000 318
1512122710000 318
1512122710000 318
1512122710000 318
1512122710000 318
1512122710000 318
1512122710000 318
1512122710000 319
1512122710000 319
1512122710000 319
1512122710000 319
1512122710000 319
1512122710000 319
1512122710000 319
1512122710000 319
1512122710000 319
1512122710000 319
1512122710000 319
1512122710000 319
1512122710000 319
1512122710000 319
1512122710000 319
1512122710000 319
1512122710000 319
1512122710000 319
1512122710000 319
1512122710000 319
1512122710000 319
1512122710000 319
1512122710000 319
1512122710000 319
1512122710000 319
1512122710000 319
1512122710000 319
1512122710000 319
1512122710000 319
1512122710000 319
1512122710000 319
1512122710000 319
1512122710000 319
1512122710000 319
1512122710000 319
1512122710000 319
1512122710000 319
1512122710000 319
1512122710000 319
1512122710000 320
1512122710000 320
1512122710000 320
1512122710000 320
1512122710000 320
1512122710000 320
1512122710000 320
1512122710000 320
1512122710000 320
1512122710000 320
1512122710000 320
1512122710000 320
1512122710000 320
1512122710000 320
1512122710000 320
1512122710000 320
1512122710000 320
1512122710000 320
1512122710000 320
1512122710000 320
1512122710000 320
1512122710000 320
1512122710000 320
1512122710000 320
1512122710000 321
1512122710000 321
1512122710000 321
1512122710000 321
1512122710000 321
1512122710000 321
1512122710000 321
1512122710000 321
1512122710000 321
1512122710000 321
1512122710000 321
1512122710000 322
1512122710000 322
1512122710000 322
1512122710000 322
1512122710000 322
1512122710000 322
1512122710000 322
1512122710000 322
1512122710000 322
1512122710000 322
1512122710000 323
1512122710000 323
1512122710000 323
1512122710000 419
1512122710000 425
1512122710000 435
1512122710000 436
1512122720000 334
1512122720000 335
1512122720000 335
1512122720000 335
1512122720000 335
1512122720000 335
1512122720000 335
1512122720000 335
1512122720000 335
1512122720000 335
1512122720000 335
1512122720000 335
1512122720000 335
1512122720000 335
1512122720000 335
1512122720000 335
1512122720000 335
1512122720000 335
1512122720000 335
1512122720000 335
1512122720000 335
1512122720000 335
1512122720000 335
1512122720000 335
1512122720000 335
1512122720000 335
1512122720000 335
1512122720000 335
1512122720000 335
1512122720000 335
1512122720000 335
1512122720000 335
1512122720000 335
1512122720000 335
1512122720000 335
1512122720000 335
1512122720000 335
1512122720000 335
1512122720000 335
1512122720000 335
1512122720000 335
1512122720000 335
1512122720000 335
1512122720000 336
1512122720000 336
1512122720000 336
1512122720000 336
1512122720000 336
1512122720000 336
1512122720000 336
1512122720000 336
1512122720000 336
1512122720000 336
1512122720000 336
1512122720000 336
1512122720000 336
1512122720000 336
1512122720000 336
1512122720000 336
1512122720000 336
1512122720000 336
1512122720000 337
1512122720000 337
1512122720000 337
1512122720000 337
1512122720000 337
1512122720000 337
1512122720000 337
1512122720000 337
1512122720000 337
1512122720000 337
1512122720000 337
1512122720000 337
1512122720000 337
1512122720000 337
1512122720000 337
1512122720000 337
1512122720000 337
1512122720000 338
1512122720000 338
1512122720000 338
1512122720000 338
1512122720000 339
1512122720000 364
1512122720000 365
1512122720000 399
1512122720000 400
1512122720000 400
1512122720000 404
1512122720000 405
1512122720000 405
1512122720000 418
1512122720000 428
1512122720000 428
1512122720000 446
1512122720000 447
1512122720000 467
1512122720000 468
1512122720000 468
1512122720000 469
1512122730000 435
1512122730000 436
1512122730000 437
1512122730000 437
1512122730000 438
1512122730000 438
1512122730000 439
1512122730000 450
1512122730000 450
1512122730000 450
1512122730000 450
1512122730000 450
1512122730000 450
1512122730000 450
1512122730000 450
1512122730000 450
1512122730000 450
1512122730000 451
1512122730000 451
1512122730000 451
1512122730000 451
1512122730000 451
1512122730000 451
1512122730000 451
1512122730000 451
1512122730000 451
1512122730000 451
1512122730000 451
1512122730000 451
1512122730000 451
1512122730000 452
1512122730000 452
1512122730000 452
1512122730000 452
1512122730000 452
1512122730000 452
1512122730000 452
1512122730000 452
1512122730000 452
1512122730000 452
1512122730000 452
1512122730000 452
1512122730000 452
1512122730000 452
1512122730000 452
1512122730000 452
1512122730000 452
1512122730000 452
1512122730000 452
1512122730000 452
1512122730000 452
1512122730000 452
1512122730000 453
1512122730000 453
1512122730000 453
1512122730000 453
1512122730000 453
1512122730000 453
1512122730000 453
1512122730000 453
1512122730000 453
1512122730000 453
1512122730000 453
1512122730000 453
1512122730000 454
1512122730000 454
1512122730000 454
1512122730000 454
1512122730000 454
1512122730000 454
1512122730000 454
1512122730000 454
1512122730000 454
1512122730000 454
1512122730000 454
1512122730000 454
1512122730000 454
1512122730000 454
1512122730000 454
1512122730000 454
1512122730000 454
1512122730000 455
1512122730000 455
1512122730000 455
1512122730000 455
1512122730000 455
1512122730000 455
1512122730000 455
1512122730000 455
1512122730000 455
1512122730000 455
1512122730000 455
1512122730000 455
1512122730000 455
1512122730000 455
1512122730000 455
1512122730000 456
1512122730000 456
1512122730000 456
1512122730000 456
1512122740000 316
1512122740000 317
1512122740000 317
1512122740000 317
1512122740000 317
1512122740000 317
1512122740000 317
1512122740000 317
1512122740000 317
1512122740000 317
1512122740000 317
1512122740000 317
1512122740000 317
1512122740000 317
1512122740000 317
1512122740000 317
1512122740000 317
1512122740000 317
1512122740000 318
1512122740000 318
1512122740000 318
1512122740000 318
1512122740000 318
1512122740000 318
1512122740000 318
1512122740000 318
1512122740000 318
1512122740000 318
1512122740000 318
1512122740000 318
1512122740000 318
1512122740000 318
1512122740000 318
1512122740000 318
1512122740000 318
1512122740000 318
1512122740000 318
1512122740000 318
1512122740000 318
1512122740000 318
1512122740000 318
1512122740000 318
1512122740000 318
1512122740000 318
1512122740000 318
1512122740000 318
1512122740000 318
1512122740000 318
1512122740000 319
1512122740000 319
1512122740000 319
1512122740000 319
1512122740000 319
1512122740000 319
1512122740000 319
1512122740000 319
1512122740000 319
1512122740000 319
1512122740000 319
1512122740000 319
1512122740000 319
1512122740000 319
1512122740000 319
1512122740000 319
1512122740000 319
1512122740000 319
1512122740000 319
1512122740000 319
1512122740000 319
1512122740000 319
1512122740000 319
1512122740000 319
1512122740000 320
1512122740000 320
1512122740000 320
1512122740000 320
1512122740000 320
1512122740000 320
1512122740000 320
1512122740000 321
1512122740000 321
1512122740000 321
1512122740000 321
1512122740000 322
1512122740000 322
1512122740000 323
1512122740000 324
1512122740000 324
1512122740000 325
1512122740000 326
1512122740000 326
1512122740000 332
1512122740000 332
1512122740000 332
1512122740000 347
1512122740000 347
1512122740000 411
1512122740000 499
1512122740000 499
1512122740000 500
1512122750000 335
1512122750000 335
1512122750000 335
1512122750000 335
1512122750000 335
1512122750000 335
1512122750000 335
1512122750000 335
1512122750000 335
1512122750000 335
1512122750000 335
1512122750000 335
1512122750000 335
1512122750000 335
1512122750000 335
1512122750000 335
1512122750000 335
1512122750000 336
1512122750000 336
1512122750000 336
1512122750000 336
1512122750000 336
1512122750000 336
1512122750000 336
1512122750000 336
1512122750000 336
1512122750000 336
1512122750000 336
1512122750000 336
1512122750000 336
1512122750000 336
1512122750000 336
1512122750000 336
1512122750000 336
1512122750000 336
1512122750000 336
1512122750000 336
1512122750000 336
1512122750000 336
1512122750000 336
1512122750000 336
1512122750000 336
1512122750000 336
1512122750000 336
1512122750000 336
1512122750000 336
1512122750000 336
1512122750000 336
1512122750000 337
1512122750000 337
1512122750000 337
1512122750000 337
1512122750000 337
1512122750000 337
1512122750000 337
1512122750000 337
1512122750000 337
1512122750000 337
1512122750000 337
1512122750000 337
1512122750000 337
1512122750000 337
1512122750000 337
1512122750000 337
1512122750000 337
1512122750000 337
1512122750000 337
1512122750000 337
1512122750000 337
1512122750000 337
1512122750000 337
1512122750000 337
1512122750000 337
1512122750000 337
1512122750000 337
1512122750000 338
1512122750000 338
1512122750000 338
1512122750000 338
1512122750000 338
1512122750000 338
1512122750000 338
1512122750000 339
1512122750000 339
1512122750000 340
1512122750000 353
1512122750000 353
1512122750000 363
1512122750000 364
1512122750000 365
1512122750000 366
1512122750000 368
1512122750000 391
1512122750000 392
1512122750000 397
1512122750000 397
1512122750000 472
1512122750000 472
1512122750000 473
1512122750000 473
1512122760000 303
1512122760000 303
1512122760000 304
1512122760000 304
1512122760000 305
1512122760000 305
1512122760000 305
1512122760000 305
1512122760000 305
1512122760000 305
1512122760000 305
1512122760000 306
1512122760000 306
1512122760000 306
1512122760000 306
1512122760000 306
1512122760000 306
1512122760000 306
1512122760000 306
1512122760000 306
1512122760000 306
1512122760000 306
1512122760000 306
1512122760000 306
1512122760000 306
1512122760000 306
1512122760000 306
1512122760000 306
1512122760000 306
1512122760000 306
1512122760000 306
1512122760000 306
1512122760000 306
1512122760000 306
1512122760000 306
1512122760000 306
1512122760000 307
1512122760000 307
1512122760000 307
1512122760000 307
1512122760000 307
1512122760000 307
1512122760000 307
1512122760000 307
1512122760000 307
1512122760000 307
1512122760000 307
1512122760000 307
1512122760000 307
1512122760000 307
1512122760000 307
1512122760000 307
1512122760000 307
1512122760000 307
1512122760000 307
1512122760000 307
1512122760000 307
1512122760000 307
1512122760000 307
1512122760000 307
1512122760000 307
1512122760000 307
1512122760000 307
1512122760000 307
1512122760000 307
1512122760000 307
1512122760000 307
1512122760000 307
1512122760000 308
1512122760000 308
1512122760000 308
1512122760000 308
1512122760000 308
1512122760000 308
1512122760000 308
1512122760000 308
1512122760000 308
1512122760000 308
1512122760000 308
1512122760000 308
1512122760000 308
1512122760000 309
1512122760000 309
1512122760000 312
1512122760000 313
1512122760000 313
1512122760000 314
1512122760000 314
1512122760000 314
1512122760000 369
1512122760000 380
1512122760000 381
1512122760000 381
1512122760000 381
1512122760000 382
1512122760000 390
1512122760000 404
1512122760000 404
1512122760000 405
1512122760000 405
1512122770000 356
1512122770000 356
1512122770000 356
1512122770000 356
1512122770000 356
1512122770000 356
1512122770000 356
1512122770000 356
1512122770000 356
1512122770000 356
1512122770000 356
1512122770000 356
1512122770000 356
1512122770000 356
1512122770000 356
1512122770000 356
1512122770000 357
1512122770000 357
1512122770000 357
1512122770000 357
1512122770000 357
1512122770000 357
1512122770000 357
1512122770000 357
1512122770000 357
1512122770000 357
1512122770000 357
1512122770000 357
1512122770000 357
1512122770000 357
1512122770000 357
1512122770000 357
1512122770000 357
1512122770000 357
1512122770000 357
1512122770000 357
1512122770000 357
1512122770000 357
1512122770000 357
1512122770000 357
1512122770000 357
1512122770000 357
1512122770000 357
1512122770000 357
1512122770000 357
1512122770000 357
1512122770000 358
1512122770000 358
1512122770000 358
1512122770000 358
1512122770000 358
1512122770000 358
1512122770000 358
1512122770000 358
1512122770000 358
1512122770000 358
1512122770000 358
1512122770000 358
1512122770000 358
1512122770000 358
1512122770000 358
1512122770000 358
1512122770000 358
1512122770000 358
1512122770000 358
1512122770000 358
1512122770000 358
1512122770000 358
1512122770000 358
1512122770000 358
1512122770000 359
1512122770000 359
1512122770000 359
1512122770000 359
1512122770000 359
1512122770000 359
1512122770000 359
1512122770000 359
1512122770000 359
1512122770000 360
1512122770000 360
1512122770000 408
1512122770000 409
1512122770000 429
1512122770000 429
1512122770000 436
1512122770000 436
1512122770000 436
1512122770000 448
1512122770000 458
1512122770000 471
1512122770000 471
1512122770000 471
1512122770000 505
1512122770000 506
1512122770000 506
1512122770000 507
1512122770000 507
1512122770000 508
1512122770000 509
1512122780000 387
1512122780000 387
1512122780000 387
1512122780000 387
1512122780000 387
1512122780000 387
1512122780000 387
1512122780000 387
1512122780000 387
1512122780000 387
1512122780000 387
1512122780000 387
1512122780000 387
1512122780000 387
1512122780000 387
1512122780000 387
1512122780000 387
1512122780000 387
1512122780000 387
1512122780000 387
1512122780000 387
1512122780000 387
1512122780000 387
1512122780000 387
1512122780000 387
1512122780000 387
1512122780000 387
1512122780000 387
1512122780000 387
1512122780000 387
1512122780000 387
1512122780000 387
1512122780000 387
1512122780000 387
1512122780000 387
1512122780000 387
1512122780000 388
1512122780000 388
1512122780000 388
1512122780000 388
1512122780000 388
1512122780000 388
1512122780000 388
1512122780000 388
1512122780000 388
1512122780000 388
1512122780000 388
1512122780000 388
1512122780000 388
1512122780000 388
1512122780000 388
1512122780000 388
1512122780000 388
1512122780000 388
1512122780000 388
1512122780000 388
1512122780000 388
1512122780000 388
1512122780000 388
1512122780000 388
1512122780000 388
1512122780000 389
1512122780000 389
1512122780000 389
1512122780000 389
1512122780000 389
1512122780000 389
1512122780000 389
1512122780000 389
1512122780000 389
1512122780000 389
1512122780000 389
1512122780000 389
1512122780000 389
1512122780000 389
1512122780000 389
1512122780000 389
1512122780000 389
1512122780000 389
1512122780000 389
1512122780000 389
1512122780000 389
1512122780000 389
1512122780000 389
1512122780000 389
1512122780000 389
1512122780000 389
1512122780000 389
1512122780000 390
1512122780000 390
1512122780000 390
1512122780000 390
1512122780000 390
1512122780000 390
1512122780000 390
1512122780000 390
1512122780000 390
1512122780000 390
1512122780000 390
1512122780000 391
1512122790000 332
1512122790000 332
1512122790000 332
1512122790000 333
1512122790000 333
1512122790000 333
1512122790000 333
1512122790000 333
1512122790000 333
1512122790000 333
1512122790000 333
1512122790000 334
1512122790000 334
1512122790000 334
1512122790000 334
1512122790000 334
1512122790000 334
1512122790000 334
1512122790000 334
1512122790000 334
1512122790000 334
1512122790000 334
1512122790000 334
1512122790000 334
1512122790000 334
1512122790000 334
1512122790000 334
1512122790000 334
1512122790000 334
1512122790000 334
1512122790000 334
1512122790000 334
1512122790000 334
1512122790000 334
1512122790000 334
1512122790000 334
1512122790000 334
1512122790000 335
1512122790000 335
1512122790000 335
1512122790000 335
1512122790000 335
1512122790000 335
1512122790000 335
1512122790000 335
1512122790000 335
1512122790000 335
1512122790000 335
1512122790000 335
1512122790000 335
1512122790000 335
1512122790000 335
1512122790000 335
1512122790000 335
1512122790000 335
1512122790000 335
1512122790000 335
1512122790000 335
1512122790000 335
1512122790000 335
1512122790000 335
1512122790000 335
1512122790000 335
1512122790000 336
1512122790000 336
1512122790000 336
1512122790000 336
1512122790000 336
1512122790000 336
1512122790000 336
1512122790000 336
1512122790000 336
1512122790000 336
1512122790000 336
1512122790000 336
1512122790000 336
1512122790000 336
1512122790000 336
1512122790000 336
1512122790000 336
1512122790000 336
1512122790000 337
1512122790000 337
1512122790000 337
1512122790000 337
1512122790000 337
1512122790000 337
1512122790000 350
1512122790000 351
1512122790000 352
1512122790000 352
1512122790000 353
1512122790000 353
1512122790000 356
1512122790000 356
1512122790000 357
1512122790000 358
1512122790000 358
1512122790000 359
1512122790000 396
1512122800000 324
1512122800000 324
1512122800000 324
1512122800000 324
1512122800000 324
1512122800000 324
1512122800000 325
1512122800000 325
1512122800000 325
1512122800000 325
1512122800000 325
1512122800000 325
1512122800000 325
1512122800000 325
1512122800000 325
1512122800000 325
1512122800000 325
1512122800000 325
1512122800000 325
1512122800000 325
1512122800000 325
1512122800000 325
1512122800000 325
1512122800000 325
1512122800000 325
1512122800000 325
1512122800000 325
1512122800000 325
1512122800000 325
1512122800000 325
1512122800000 325
1512122800000 325
1512122800000 325
1512122800000 325
1512122800000 325
1512122800000 325
1512122800000 325
1512122800000 325
1512122800000 326
1512122800000 326
1512122800000 326
1512122800000 326
1512122800000 326
1512122800000 326
1512122800000 326
1512122800000 326
1512122800000 326
1512122800000 326
1512122800000 326
1512122800000 326
1512122800000 326
1512122800000 326
1512122800000 326
1512122800000 326
1512122800000 326
1512122800000 326
1512122800000 326
1512122800000 326
1512122800000 326
1512122800000 326
1512122800000 326
1512122800000 326
1512122800000 326
1512122800000 326
1512122800000 327
1512122800000 327
1512122800000 327
1512122800000 327
1512122800000 327
1512122800000 327
1512122800000 327
1512122800000 327
1512122800000 327
1512122800000 327
1512122800000 327
1512122800000 327
1512122800000 327
1512122800000 327
1512122800000 327
1512122800000 327
1512122800000 327
1512122800000 327
1512122800000 327
1512122800000 327
1512122800000 327
1512122800000 327
1512122800000 327
1512122800000 327
1512122800000 328
1512122800000 328
1512122800000 328
1512122800000 328
1512122800000 328
1512122800000 328
1512122800000 328
1512122800000 328
1512122800000 328
1512122800000 328
1512122800000 329
1512122800000 329
1512122810000 -1197
1512122810000 -1553
1512122810000 -1554
1512122810000 -1573
1512122810000 -1578
1512122810000 -1579
1512122810000 -1580
1512122810000 -1583
1512122810000 -1583
1512122810000 -1586
1512122810000 -1595
1512122810000 -1595
1512122810000 -1595
1512122810000 -1595
1512122810000 -1596
1512122810000 -1596
1512122810000 -1597
1512122810000 -1602
1512122810000 -1604
1512122810000 -1605
1512122810000 -1606
1512122810000 -1615
1512122810000 -1616
1512122810000 -1616
1512122810000 -1623
1512122810000 -1623
1512122810000 -1627
1512122810000 -1627
1512122810000 -1631
1512122810000 -1637
1512122810000 -1642
1512122810000 17
1512122810000 -1870
1512122810000 -1898
1512122810000 -1913
1512122810000 -1945
1512122810000 -1947
1512122810000 -1974
1512122810000 -1974
1512122810000 -1980
1512122810000 -1986
1512122810000 -1988
1512122810000 20
1512122810000 -2595
1512122810000 -2642
1512122810000 -554
1512122810000 -578
1512122810000 -578
1512122810000 -579
1512122810000 -579
1512122810000 -580
1512122810000 -582
1512122810000 -586
1512122810000 -586
1512122810000 -586
1512122810000 -591
1512122810000 -594
1512122810000 -594
1512122810000 -595
1512122810000 -595
1512122810000 -600
1512122810000 -601
1512122810000 -610
1512122810000 -612
1512122810000 -612
1512122810000 -613
1512122810000 -615
1512122810000 -615
1512122810000 -625
1512122810000 -632
1512122810000 -633
1512122810000 -633
1512122810000 -638
1512122810000 -640
1512122810000 -641
1512122810000 -644
1512122810000 -646
1512122810000 -647
1512122810000 -648
1512122810000 -651
1512122810000 -855
1512122810000 -915
1512122810000 -945
1512122810000 -971
1512122810000 -972
1512122810000 -974
1512122810000 -977
1512122810000 -977
1512122810000 -978
1512122810000 -978
1512122810000 -978
1512122810000 -978
1512122810000 -980
1512122810000 -981
1512122810000 -985
1512122810000 -986
1512122810000 -986
1512122810000 -987
1512122810000 -987
1512122810000 -989
