1512062360000 10320
1512062360000 10320
1512062360000 10321
1512062360000 10321
1512062360000 10321
1512062360000 10322
1512062360000 10322
1512062360000 10323
1512062360000 10323
1512062360000 10324
1512062360000 10324
1512062360000 10324
1512062360000 10325
1512062360000 10325
1512062360000 10326
1512062360000 10326
1512062360000 10327
1512062360000 10327
1512062360000 10328
1512062360000 10328
1512062360000 10460
1512062360000 10461
1512062360000 10461
1512062360000 10461
1512062360000 10462
1512062360000 10462
1512062360000 10462
1512062360000 10463
1512062360000 10463
1512062360000 10463
1512062360000 10464
1512062360000 10464
1512062360000 10464
1512062360000 10465
1512062360000 10465
1512062360000 10466
1512062360000 10466
1512062360000 10517
1512062360000 10518
1512062360000 10518
1512062360000 10518
1512062360000 10519
1512062360000 10519
1512062360000 10519
1512062360000 10520
1512062360000 10520
1512062360000 10520
1512062360000 10521
1512062360000 10521
1512062360000 10521
1512062360000 10522
1512062360000 10522
1512062360000 10522
1512062360000 10523
1512062360000 10523
1512062360000 10523
1512062360000 10524
1512062360000 10524
1512062360000 10524
1512062360000 10616
1512062360000 10637
1512062360000 10637
1512062360000 10638
1512062360000 10638
1512062360000 10638
1512062360000 10639
1512062360000 10639
1512062360000 10639
1512062360000 10640
1512062360000 10640
1512062360000 10640
1512062360000 10644
1512062360000 10645
1512062360000 10645
1512062360000 10646
1512062360000 10646
1512062360000 10646
1512062360000 10647
1512062360000 10647
1512062360000 10647
1512062360000 10648
1512062360000 10648
1512062360000 10648
1512062360000 10649
1512062360000 10649
1512062360000 11081
1512062360000 11082
1512062360000 11082
1512062360000 11083
1512062360000 11083
1512062360000 11083
1512062360000 11084
1512062360000 11084
1512062360000 11085
1512062360000 11085
1512062360000 11086
1512062360000 11086
1512062360000 11087
1512062360000 11087
1512062360000 11088
1512062370000 10188
1512062370000 10188
1512062370000 10189
1512062370000 10189
1512062370000 10190
1512062370000 10190
1512062370000 10191
1512062370000 10191
1512062370000 10191
1512062370000 10192
1512062370000 10192
1512062370000 10193
1512062370000 10193
1512062370000 10193
1512062370000 10194
1512062370000 10194
1512062370000 10195
1512062370000 10195
1512062370000 10195
1512062370000 10252
1512062370000 10253
1512062370000 10253
1512062370000 10253
1512062370000 10253
1512062370000 10254
1512062370000 10254
1512062370000 10254
1512062370000 10255
1512062370000 10255
1512062370000 10255
1512062370000 10255
1512062370000 10256
1512062370000 10256
1512062370000 10256
1512062370000 10257
1512062370000 10257
1512062370000 10261
1512062370000 10262
1512062370000 10262
1512062370000 10262
1512062370000 10263
1512062370000 10263
1512062370000 10263
1512062370000 10263
1512062370000 10263
1512062370000 10264
1512062370000 10264
1512062370000 10264
1512062370000 10264
1512062370000 10264
1512062370000 10264
1512062370000 10264
1512062370000 10264
1512062370000 10264
1512062370000 10265
1512062370000 10265
1512062370000 10265
1512062370000 10265
1512062370000 10265
1512062370000 10265
1512062370000 10265
1512062370000 10266
1512062370000 10266
1512062370000 10266
1512062370000 10266
1512062370000 10266
1512062370000 10266
1512062370000 10266
1512062370000 10266
1512062370000 10267
1512062370000 10267
1512062370000 10267
1512062370000 10267
1512062370000 10267
1512062370000 10267
1512062370000 10267
1512062370000 10267
1512062370000 10268
1512062370000 10268
1512062370000 10268
1512062370000 10268
1512062370000 10268
1512062370000 10268
1512062370000 10268
1512062370000 10269
1512062370000 10269
1512062370000 10269
1512062370000 10269
1512062370000 10269
1512062370000 10270
1512062370000 10270
1512062370000 10270
1512062370000 10270
1512062370000 10270
1512062370000 10271
1512062370000 10271
1512062370000 10271
1512062370000 10271
1512062370000 10271
1512062370000 10272
1512062380000 10196
1512062380000 10197
1512062380000 10197
1512062380000 10198
1512062380000 10198
1512062380000 10199
1512062380000 10199
1512062380000 10200
1512062380000 10200
1512062380000 10206
1512062380000 10219
1512062380000 10220
1512062380000 10221
1512062380000 10222
1512062380000 10222
1512062380000 10223
1512062380000 10223
1512062380000 10224
1512062380000 10224
1512062380000 10225
1512062380000 10225
1512062380000 10226
1512062380000 10227
1512062380000 10227
1512062380000 10228
1512062380000 10228
1512062380000 10229
1512062380000 10252
1512062380000 10253
1512062380000 10253
1512062380000 10253
1512062380000 10253
1512062380000 10254
1512062380000 10254
1512062380000 10254
1512062380000 10254
1512062380000 10254
1512062380000 10254
1512062380000 10255
1512062380000 10255
1512062380000 10255
1512062380000 10255
1512062380000 10255
1512062380000 10255
1512062380000 10256
1512062380000 10256
1512062380000 10256
1512062380000 10256
1512062380000 10256
1512062380000 10256
1512062380000 10257
1512062380000 10257
1512062380000 10257
1512062380000 10257
1512062380000 10258
1512062380000 10258
1512062380000 10258
1512062380000 10258
1512062380000 10258
1512062380000 10258
1512062380000 10259
1512062380000 10259
1512062380000 10259
1512062380000 10259
1512062380000 10259
1512062380000 10259
1512062380000 10260
1512062380000 10260
1512062380000 10260
1512062380000 10260
1512062380000 10260
1512062380000 10260
1512062380000 10260
1512062380000 10261
1512062380000 10261
1512062380000 10261
1512062380000 10261
1512062380000 10261
1512062380000 10261
1512062380000 10261
1512062380000 10261
1512062380000 10262
1512062380000 10262
1512062380000 10262
1512062380000 10262
1512062380000 10262
1512062380000 10263
1512062380000 10263
1512062380000 10263
1512062380000 10263
1512062380000 10264
1512062380000 10264
1512062380000 10264
1512062380000 10264
1512062380000 10265
1512062380000 10265
1512062380000 10265
1512062380000 10265
1512062380000 10266
1512062380000 10266
1512062390000 10184
1512062390000 10185
1512062390000 10185
1512062390000 10186
1512062390000 10186
1512062390000 10187
1512062390000 10187
1512062390000 10188
1512062390000 10188
1512062390000 10189
1512062390000 10189
1512062390000 10190
1512062390000 10190
1512062390000 10190
1512062390000 10191
1512062390000 10192
1512062390000 10192
1512062390000 10192
1512062390000 10193
1512062390000 10193
1512062390000 10244
1512062390000 10245
1512062390000 10245
1512062390000 10245
1512062390000 10245
1512062390000 10246
1512062390000 10246
1512062390000 10246
1512062390000 10246
1512062390000 10247
1512062390000 10247
1512062390000 10247
1512062390000 10248
1512062390000 10248
1512062390000 10248
1512062390000 10248
1512062390000 10253
1512062390000 10254
1512062390000 10254
1512062390000 10254
1512062390000 10254
1512062390000 10254
1512062390000 10254
1512062390000 10254
1512062390000 10255
1512062390000 10255
1512062390000 10255
1512062390000 10255
1512062390000 10255
1512062390000 10255
1512062390000 10255
1512062390000 10255
1512062390000 10256
1512062390000 10256
1512062390000 10256
1512062390000 10256
1512062390000 10256
1512062390000 10256
1512062390000 10256
1512062390000 10257
1512062390000 10257
1512062390000 10257
1512062390000 10257
1512062390000 10257
1512062390000 10257
1512062390000 10257
1512062390000 10257
1512062390000 10258
1512062390000 10258
1512062390000 10258
1512062390000 10258
1512062390000 10258
1512062390000 10258
1512062390000 10258
1512062390000 10258
1512062390000 10258
1512062390000 10259
1512062390000 10259
1512062390000 10259
1512062390000 10259
1512062390000 10259
1512062390000 10259
1512062390000 10260
1512062390000 10260
1512062390000 10260
1512062390000 10260
1512062390000 10261
1512062390000 10261
1512062390000 10261
1512062390000 10261
1512062390000 10262
1512062390000 10262
1512062390000 10262
1512062390000 10263
1512062390000 10263
1512062390000 10263
1512062390000 10264
1512062390000 10264
1512062390000 10264
1512062390000 10265
1512062400000 10175
1512062400000 10175
1512062400000 10176
1512062400000 10176
1512062400000 10176
1512062400000 10177
1512062400000 10177
1512062400000 10178
1512062400000 10178
1512062400000 10178
1512062400000 10179
1512062400000 10179
1512062400000 10179
1512062400000 10180
1512062400000 10180
1512062400000 10180
1512062400000 10181
1512062400000 10181
1512062400000 10181
1512062400000 10182
1512062400000 10182
1512062400000 10182
1512062400000 10183
1512062400000 10183
1512062400000 10183
1512062400000 10184
1512062400000 10184
1512062400000 10185
1512062400000 10249
1512062400000 10249
1512062400000 10250
1512062400000 10250
1512062400000 10250
1512062400000 10251
1512062400000 10251
1512062400000 10251
1512062400000 10252
1512062400000 10252
1512062400000 10252
1512062400000 10252
1512062400000 10253
1512062400000 10253
1512062400000 10253
1512062400000 10253
1512062400000 10254
1512062400000 10254
1512062400000 10254
1512062400000 10255
1512062400000 10255
1512062400000 10255
1512062400000 10255
1512062400000 10255
1512062400000 10256
1512062400000 10256
1512062400000 10256
1512062400000 10256
1512062400000 10256
1512062400000 10256
1512062400000 10256
1512062400000 10257
1512062400000 10257
1512062400000 10257
1512062400000 10257
1512062400000 10257
1512062400000 10257
1512062400000 10257
1512062400000 10257
1512062400000 10258
1512062400000 10258
1512062400000 10258
1512062400000 10258
1512062400000 10258
1512062400000 10258
1512062400000 10258
1512062400000 10259
1512062400000 10259
1512062400000 10259
1512062400000 10259
1512062400000 10259
1512062400000 10259
1512062400000 10259
1512062400000 10259
1512062400000 10259
1512062400000 10260
1512062400000 10260
1512062400000 10260
1512062400000 10260
1512062400000 10260
1512062400000 10261
1512062400000 10261
1512062400000 10261
1512062400000 10262
1512062400000 10262
1512062400000 10263
1512062400000 10263
1512062400000 10263
1512062400000 10264
1512062400000 10264
1512062400000 10265
1512062400000 10265
1512062410000 10109
1512062410000 10110
1512062410000 10110
1512062410000 10110
1512062410000 10111
1512062410000 10111
1512062410000 10111
1512062410000 10111
1512062410000 10112
1512062410000 10112
1512062410000 10112
1512062410000 10112
1512062410000 10112
1512062410000 10113
1512062410000 10113
1512062410000 10113
1512062410000 10113
1512062410000 10113
1512062410000 10114
1512062410000 10114
1512062410000 10114
1512062410000 10114
1512062410000 10114
1512062410000 10115
1512062410000 10115
1512062410000 10115
1512062410000 10115
1512062410000 10115
1512062410000 10116
1512062410000 10116
1512062410000 10116
1512062410000 10116
1512062410000 10117
1512062410000 10117
1512062410000 10117
1512062410000 10117
1512062410000 10117
1512062410000 10117
1512062410000 10118
1512062410000 10118
1512062410000 10118
1512062410000 10118
1512062410000 10119
1512062410000 10119
1512062410000 10119
1512062410000 10119
1512062410000 10120
1512062410000 10120
1512062410000 10120
1512062410000 10120
1512062410000 10121
1512062410000 10121
1512062410000 10133
1512062410000 10134
1512062410000 10134
1512062410000 10135
1512062410000 10135
1512062410000 10135
1512062410000 10136
1512062410000 10136
1512062410000 10137
1512062410000 10137
1512062410000 10137
1512062410000 10138
1512062410000 10245
1512062410000 10245
1512062410000 10246
1512062410000 10246
1512062410000 10246
1512062410000 10246
1512062410000 10247
1512062410000 10247
1512062410000 10247
1512062410000 10248
1512062410000 10248
1512062410000 10248
1512062410000 10248
1512062410000 10249
1512062410000 10249
1512062410000 10253
1512062410000 10253
1512062410000 10254
1512062410000 10254
1512062410000 10254
1512062410000 10254
1512062410000 10255
1512062410000 10255
1512062410000 10255
1512062410000 10255
1512062410000 10256
1512062410000 10256
1512062410000 10256
1512062410000 10256
1512062410000 10257
1512062410000 10257
1512062410000 10257
1512062410000 10257
1512062410000 10258
1512062410000 10258
1512062410000 10258
1512062420000 10097
1512062420000 10098
1512062420000 10098
1512062420000 10098
1512062420000 10099
1512062420000 10099
1512062420000 10099
1512062420000 10099
1512062420000 10100
1512062420000 10100
1512062420000 10100
1512062420000 10101
1512062420000 10101
1512062420000 10101
1512062420000 10102
1512062420000 10102
1512062420000 10102
1512062420000 10102
1512062420000 10103
1512062420000 10103
1512062420000 10103
1512062420000 10104
1512062420000 10104
1512062420000 10104
1512062420000 10105
1512062420000 10160
1512062420000 10160
1512062420000 10161
1512062420000 10161
1512062420000 10162
1512062420000 10162
1512062420000 10162
1512062420000 10163
1512062420000 10163
1512062420000 10163
1512062420000 10164
1512062420000 10164
1512062420000 10165
1512062420000 10165
1512062420000 10165
1512062420000 10166
1512062420000 10166
1512062420000 10166
1512062420000 10167
1512062420000 10167
1512062420000 10245
1512062420000 10245
1512062420000 10246
1512062420000 10246
1512062420000 10246
1512062420000 10247
1512062420000 10247
1512062420000 10247
1512062420000 10247
1512062420000 10248
1512062420000 10248
1512062420000 10248
1512062420000 10248
1512062420000 10248
1512062420000 10248
1512062420000 10248
1512062420000 10249
1512062420000 10249
1512062420000 10249
1512062420000 10249
1512062420000 10249
1512062420000 10250
1512062420000 10250
1512062420000 10250
1512062420000 10251
1512062420000 10251
1512062420000 10251
1512062420000 10252
1512062420000 10252
1512062420000 10252
1512062420000 10253
1512062420000 10253
1512062420000 10261
1512062420000 10262
1512062420000 10262
1512062420000 10262
1512062420000 10263
1512062420000 10263
1512062420000 10263
1512062420000 10264
1512062420000 10264
1512062420000 10264
1512062420000 10265
1512062420000 10265
1512062420000 10266
1512062420000 10266
1512062420000 10266
1512062420000 10266
1512062420000 10267
1512062420000 10267
1512062420000 10267
1512062420000 10268
1512062420000 10268
1512062420000 10268
1512062420000 10269
1512062430000 10107
1512062430000 10107
1512062430000 10107
1512062430000 10108
1512062430000 10108
1512062430000 10109
1512062430000 10109
1512062430000 10109
1512062430000 10110
1512062430000 10110
1512062430000 10110
1512062430000 10110
1512062430000 10111
1512062430000 10111
1512062430000 10112
1512062430000 10112
1512062430000 10113
1512062430000 10113
1512062430000 10113
1512062430000 10114
1512062430000 10114
1512062430000 10115
1512062430000 10115
1512062430000 10115
1512062430000 10116
1512062430000 10116
1512062430000 10151
1512062430000 10151
1512062430000 10151
1512062430000 10152
1512062430000 10152
1512062430000 10153
1512062430000 10153
1512062430000 10153
1512062430000 10154
1512062430000 10154
1512062430000 10155
1512062430000 10155
1512062430000 10155
1512062430000 10156
1512062430000 10156
1512062430000 10157
1512062430000 10157
1512062430000 10157
1512062430000 10158
1512062430000 10252
1512062430000 10252
1512062430000 10252
1512062430000 10253
1512062430000 10253
1512062430000 10253
1512062430000 10253
1512062430000 10253
1512062430000 10253
1512062430000 10253
1512062430000 10253
1512062430000 10254
1512062430000 10254
1512062430000 10254
1512062430000 10254
1512062430000 10254
1512062430000 10254
1512062430000 10254
1512062430000 10254
1512062430000 10254
1512062430000 10254
1512062430000 10255
1512062430000 10255
1512062430000 10255
1512062430000 10255
1512062430000 10255
1512062430000 10255
1512062430000 10255
1512062430000 10255
1512062430000 10256
1512062430000 10256
1512062430000 10256
1512062430000 10256
1512062430000 10256
1512062430000 10256
1512062430000 10264
1512062430000 10265
1512062430000 10265
1512062430000 10265
1512062430000 10266
1512062430000 10266
1512062430000 10266
1512062430000 10267
1512062430000 10267
1512062430000 10267
1512062430000 10267
1512062430000 10268
1512062430000 10268
1512062430000 10268
1512062430000 10269
1512062430000 10269
1512062430000 10270
1512062430000 10270
1512062430000 10270
1512062430000 10271
1512062440000 10245
1512062440000 10245
1512062440000 10246
1512062440000 10246
1512062440000 10246
1512062440000 10246
1512062440000 10247
1512062440000 10247
1512062440000 10247
1512062440000 10247
1512062440000 10248
1512062440000 10248
1512062440000 10248
1512062440000 10248
1512062440000 10249
1512062440000 10249
1512062440000 10249
1512062440000 10249
1512062440000 10249
1512062440000 10250
1512062440000 10250
1512062440000 10250
1512062440000 10250
1512062440000 10250
1512062440000 10250
1512062440000 10250
1512062440000 10251
1512062440000 10251
1512062440000 10251
1512062440000 10251
1512062440000 10252
1512062440000 10252
1512062440000 10252
1512062440000 10252
1512062440000 10253
1512062440000 10253
1512062440000 10253
1512062440000 10264
1512062440000 10265
1512062440000 10265
1512062440000 10265
1512062440000 10266
1512062440000 10266
1512062440000 10266
1512062440000 10267
1512062440000 10267
1512062440000 10267
1512062440000 10267
1512062440000 10267
1512062440000 10267
1512062440000 10268
1512062440000 10268
1512062440000 10268
1512062440000 10268
1512062440000 10268
1512062440000 10268
1512062440000 10268
1512062440000 10269
1512062440000 10269
1512062440000 10269
1512062440000 10269
1512062440000 10269
1512062440000 10269
1512062440000 10269
1512062440000 10270
1512062440000 10270
1512062440000 10270
1512062440000 10270
1512062440000 10270
1512062440000 10270
1512062440000 10270
1512062440000 10271
1512062440000 10271
1512062440000 10271
1512062440000 10271
1512062440000 10271
1512062440000 10271
1512062440000 10271
1512062440000 10272
1512062440000 10272
1512062440000 10272
1512062440000 10272
1512062440000 10292
1512062440000 10292
1512062440000 10293
1512062440000 10293
1512062440000 10293
1512062440000 10294
1512062440000 10294
1512062440000 10295
1512062440000 10295
1512062440000 10295
1512062440000 10296
1512062440000 10296
1512062440000 10297
1512062440000 10297
1512062440000 10297
1512062440000 10298
1512062440000 10298
1512062440000 10299
1512062450000 10095
1512062450000 10095
1512062450000 10096
1512062450000 10096
1512062450000 10096
1512062450000 10097
1512062450000 10097
1512062450000 10097
1512062450000 10098
1512062450000 10098
1512062450000 10099
1512062450000 10099
1512062450000 10099
1512062450000 10100
1512062450000 10100
1512062450000 10100
1512062450000 10101
1512062450000 10101
1512062450000 10101
1512062450000 10140
1512062450000 10141
1512062450000 10141
1512062450000 10141
1512062450000 10142
1512062450000 10142
1512062450000 10143
1512062450000 10143
1512062450000 10143
1512062450000 10144
1512062450000 10144
1512062450000 10145
1512062450000 10145
1512062450000 10145
1512062450000 10146
1512062450000 10146
1512062450000 10147
1512062450000 10253
1512062450000 10254
1512062450000 10254
1512062450000 10254
1512062450000 10255
1512062450000 10255
1512062450000 10255
1512062450000 10255
1512062450000 10256
1512062450000 10256
1512062450000 10256
1512062450000 10256
1512062450000 10256
1512062450000 10256
1512062450000 10256
1512062450000 10257
1512062450000 10257
1512062450000 10257
1512062450000 10257
1512062450000 10257
1512062450000 10257
1512062450000 10257
1512062450000 10258
1512062450000 10258
1512062450000 10258
1512062450000 10258
1512062450000 10258
1512062450000 10258
1512062450000 10258
1512062450000 10258
1512062450000 10258
1512062450000 10259
1512062450000 10259
1512062450000 10259
1512062450000 10259
1512062450000 10259
1512062450000 10259
1512062450000 10260
1512062450000 10260
1512062450000 10260
1512062450000 10260
1512062450000 10261
1512062450000 10262
1512062450000 10263
1512062450000 10263
1512062450000 10263
1512062450000 10264
1512062450000 10264
1512062450000 10264
1512062450000 10265
1512062450000 10265
1512062450000 10265
1512062450000 10265
1512062450000 10266
1512062450000 10266
1512062450000 10266
1512062450000 10266
1512062450000 10267
1512062450000 10267
1512062450000 10267
1512062450000 10268
1512062450000 10268
1512062450000 10268
1512062450000 10268
1512062460000 10172
1512062460000 10172
1512062460000 10173
1512062460000 10173
1512062460000 10173
1512062460000 10174
1512062460000 10174
1512062460000 10174
1512062460000 10175
1512062460000 10175
1512062460000 10175
1512062460000 10176
1512062460000 10176
1512062460000 10176
1512062460000 10176
1512062460000 10177
1512062460000 10177
1512062460000 10177
1512062460000 10178
1512062460000 10178
1512062460000 10178
1512062460000 10179
1512062460000 10179
1512062460000 10247
1512062460000 10247
1512062460000 10247
1512062460000 10248
1512062460000 10248
1512062460000 10248
1512062460000 10248
1512062460000 10248
1512062460000 10248
1512062460000 10248
1512062460000 10248
1512062460000 10249
1512062460000 10249
1512062460000 10249
1512062460000 10249
1512062460000 10249
1512062460000 10249
1512062460000 10249
1512062460000 10250
1512062460000 10250
1512062460000 10250
1512062460000 10250
1512062460000 10250
1512062460000 10250
1512062460000 10250
1512062460000 10251
1512062460000 10251
1512062460000 10251
1512062460000 10251
1512062460000 10251
1512062460000 10251
1512062460000 10251
1512062460000 10251
1512062460000 10251
1512062460000 10252
1512062460000 10252
1512062460000 10252
1512062460000 10252
1512062460000 10252
1512062460000 10252
1512062460000 10252
1512062460000 10252
1512062460000 10253
1512062460000 10253
1512062460000 10253
1512062460000 10253
1512062460000 10253
1512062460000 10253
1512062460000 10253
1512062460000 10254
1512062460000 10254
1512062460000 10254
1512062460000 10254
1512062460000 10254
1512062460000 10254
1512062460000 10254
1512062460000 10254
1512062460000 10255
1512062460000 10255
1512062460000 10255
1512062460000 10255
1512062460000 10255
1512062460000 10255
1512062460000 10255
1512062460000 10256
1512062460000 10256
1512062460000 10256
1512062460000 10256
1512062460000 10256
1512062460000 10256
1512062460000 10257
1512062460000 10257
1512062460000 10257
1512062460000 10258
1512062460000 10258
1512062460000 10258
1512062460000 10258
1512062470000 10093
1512062470000 10094
1512062470000 10094
1512062470000 10095
1512062470000 10095
1512062470000 10095
1512062470000 10096
1512062470000 10096
1512062470000 10097
1512062470000 10097
1512062470000 10097
1512062470000 10098
1512062470000 10098
1512062470000 10098
1512062470000 10099
1512062470000 10099
1512062470000 10100
1512062470000 10100
1512062470000 10100
1512062470000 10101
1512062470000 10101
1512062470000 10248
1512062470000 10249
1512062470000 10249
1512062470000 10249
1512062470000 10249
1512062470000 10250
1512062470000 10250
1512062470000 10250
1512062470000 10250
1512062470000 10251
1512062470000 10251
1512062470000 10251
1512062470000 10252
1512062470000 10252
1512062470000 10252
1512062470000 10252
1512062470000 10254
1512062470000 10254
1512062470000 10254
1512062470000 10255
1512062470000 10255
1512062470000 10255
1512062470000 10255
1512062470000 10256
1512062470000 10256
1512062470000 10256
1512062470000 10256
1512062470000 10257
1512062470000 10257
1512062470000 10257
1512062470000 10257
1512062470000 10258
1512062470000 10258
1512062470000 10258
1512062470000 10259
1512062470000 10259
1512062470000 10260
1512062470000 10261
1512062470000 10261
1512062470000 10261
1512062470000 10261
1512062470000 10262
1512062470000 10262
1512062470000 10262
1512062470000 10263
1512062470000 10263
1512062470000 10263
1512062470000 10264
1512062470000 10264
1512062470000 10264
1512062470000 10265
1512062470000 10265
1512062470000 10265
1512062470000 10266
1512062470000 10266
1512062470000 10266
1512062470000 10299
1512062470000 10299
1512062470000 10300
1512062470000 10300
1512062470000 10300
1512062470000 10301
1512062470000 10301
1512062470000 10302
1512062470000 10302
1512062470000 10302
1512062470000 10303
1512062470000 10303
1512062470000 10304
1512062470000 10304
1512062470000 10304
1512062470000 10305
1512062470000 10305
1512062470000 10306
1512062470000 10306
1512062470000 10306
1512062470000 10307
1512062470000 10307
1512062470000 10308
1512062480000 10091
1512062480000 10091
1512062480000 10092
1512062480000 10092
1512062480000 10092
1512062480000 10092
1512062480000 10093
1512062480000 10093
1512062480000 10093
1512062480000 10094
1512062480000 10094
1512062480000 10094
1512062480000 10095
1512062480000 10095
1512062480000 10095
1512062480000 10096
1512062480000 10096
1512062480000 10096
1512062480000 10097
1512062480000 10097
1512062480000 10098
1512062480000 10110
1512062480000 10111
1512062480000 10111
1512062480000 10112
1512062480000 10112
1512062480000 10112
1512062480000 10113
1512062480000 10113
1512062480000 10113
1512062480000 10114
1512062480000 10114
1512062480000 10115
1512062480000 10115
1512062480000 10115
1512062480000 10116
1512062480000 10116
1512062480000 10117
1512062480000 10117
1512062480000 10117
1512062480000 10118
1512062480000 10118
1512062480000 10119
1512062480000 10119
1512062480000 10119
1512062480000 10120
1512062480000 10120
1512062480000 10121
1512062480000 10121
1512062480000 10155
1512062480000 10155
1512062480000 10156
1512062480000 10156
1512062480000 10157
1512062480000 10157
1512062480000 10157
1512062480000 10158
1512062480000 10158
1512062480000 10159
1512062480000 10159
1512062480000 10159
1512062480000 10160
1512062480000 10160
1512062480000 10161
1512062480000 10161
1512062480000 10161
1512062480000 10162
1512062480000 10162
1512062480000 10163
1512062480000 10163
1512062480000 10163
1512062480000 10246
1512062480000 10246
1512062480000 10247
1512062480000 10247
1512062480000 10247
1512062480000 10247
1512062480000 10248
1512062480000 10248
1512062480000 10248
1512062480000 10249
1512062480000 10249
1512062480000 10249
1512062480000 10250
1512062480000 10250
1512062480000 10250
1512062480000 10251
1512062480000 10251
1512062480000 10251
1512062480000 10251
1512062480000 10252
1512062480000 10252
1512062480000 10252
1512062480000 10252
1512062480000 10253
1512062480000 10253
1512062480000 10253
1512062480000 10253
1512062480000 10254
1512062480000 10254
1512062490000 10164
1512062490000 10165
1512062490000 10165
1512062490000 10165
1512062490000 10166
1512062490000 10166
1512062490000 10167
1512062490000 10167
1512062490000 10167
1512062490000 10168
1512062490000 10168
1512062490000 10169
1512062490000 10169
1512062490000 10169
1512062490000 10170
1512062490000 10170
1512062490000 10171
1512062490000 10171
1512062490000 10171
1512062490000 10172
1512062490000 10172
1512062490000 10173
1512062490000 10250
1512062490000 10250
1512062490000 10251
1512062490000 10251
1512062490000 10251
1512062490000 10251
1512062490000 10251
1512062490000 10251
1512062490000 10252
1512062490000 10252
1512062490000 10252
1512062490000 10252
1512062490000 10252
1512062490000 10252
1512062490000 10253
1512062490000 10253
1512062490000 10253
1512062490000 10253
1512062490000 10253
1512062490000 10253
1512062490000 10254
1512062490000 10254
1512062490000 10254
1512062490000 10254
1512062490000 10254
1512062490000 10254
1512062490000 10254
1512062490000 10254
1512062490000 10254
1512062490000 10254
1512062490000 10254
1512062490000 10254
1512062490000 10255
1512062490000 10255
1512062490000 10255
1512062490000 10255
1512062490000 10255
1512062490000 10255
1512062490000 10255
1512062490000 10255
1512062490000 10255
1512062490000 10255
1512062490000 10255
1512062490000 10255
1512062490000 10256
1512062490000 10256
1512062490000 10256
1512062490000 10256
1512062490000 10256
1512062490000 10256
1512062490000 10256
1512062490000 10256
1512062490000 10256
1512062490000 10256
1512062490000 10257
1512062490000 10257
1512062490000 10257
1512062490000 10257
1512062490000 10257
1512062490000 10257
1512062490000 10258
1512062490000 10258
1512062490000 10258
1512062490000 10258
1512062490000 10258
1512062490000 10258
1512062490000 10259
1512062490000 10259
1512062490000 10259
1512062490000 10259
1512062490000 10259
1512062490000 10259
1512062490000 10260
1512062490000 10260
1512062490000 10260
1512062490000 10261
1512062490000 10261
1512062490000 10261
1512062500000 10097
1512062500000 10097
1512062500000 10098
1512062500000 10098
1512062500000 10098
1512062500000 10099
1512062500000 10099
1512062500000 10099
1512062500000 10100
1512062500000 10100
1512062500000 10100
1512062500000 10101
1512062500000 10101
1512062500000 10101
1512062500000 10102
1512062500000 10102
1512062500000 10102
1512062500000 10103
1512062500000 10103
1512062500000 10103
1512062500000 10103
1512062500000 10103
1512062500000 10104
1512062500000 10104
1512062500000 10104
1512062500000 10104
1512062500000 10104
1512062500000 10104
1512062500000 10105
1512062500000 10105
1512062500000 10106
1512062500000 10106
1512062500000 10106
1512062500000 10107
1512062500000 10107
1512062500000 10108
1512062500000 10108
1512062500000 10108
1512062500000 10109
1512062500000 10109
1512062500000 10109
1512062500000 10110
1512062500000 10110
1512062500000 10110
1512062500000 10172
1512062500000 10172
1512062500000 10173
1512062500000 10173
1512062500000 10174
1512062500000 10174
1512062500000 10174
1512062500000 10175
1512062500000 10175
1512062500000 10176
1512062500000 10176
1512062500000 10176
1512062500000 10177
1512062500000 10177
1512062500000 10178
1512062500000 10178
1512062500000 10178
1512062500000 10179
1512062500000 10179
1512062500000 10179
1512062500000 10180
1512062500000 10180
1512062500000 10181
1512062500000 10181
1512062500000 10246
1512062500000 10246
1512062500000 10246
1512062500000 10246
1512062500000 10247
1512062500000 10247
1512062500000 10247
1512062500000 10247
1512062500000 10248
1512062500000 10248
1512062500000 10248
1512062500000 10249
1512062500000 10249
1512062500000 10249
1512062500000 10249
1512062500000 10250
1512062500000 10250
1512062500000 10250
1512062500000 10250
1512062500000 10251
1512062500000 10251
1512062500000 10251
1512062500000 10251
1512062500000 10252
1512062500000 10252
1512062500000 10252
1512062500000 10252
1512062500000 10253
1512062500000 10253
1512062500000 10253
1512062500000 10253
1512062500000 10254
1512062510000 10145
1512062510000 10145
1512062510000 10146
1512062510000 10146
1512062510000 10146
1512062510000 10147
1512062510000 10147
1512062510000 10148
1512062510000 10148
1512062510000 10148
1512062510000 10149
1512062510000 10149
1512062510000 10149
1512062510000 10150
1512062510000 10150
1512062510000 10150
1512062510000 10151
1512062510000 10151
1512062510000 10243
1512062510000 10243
1512062510000 10244
1512062510000 10244
1512062510000 10244
1512062510000 10244
1512062510000 10245
1512062510000 10245
1512062510000 10245
1512062510000 10245
1512062510000 10246
1512062510000 10246
1512062510000 10246
1512062510000 10246
1512062510000 10258
1512062510000 10258
1512062510000 10258
1512062510000 10259
1512062510000 10259
1512062510000 10259
1512062510000 10260
1512062510000 10260
1512062510000 10260
1512062510000 10261
1512062510000 10261
1512062510000 10261
1512062510000 10261
1512062510000 10262
1512062510000 10262
1512062510000 10262
1512062510000 10263
1512062510000 10263
1512062510000 10263
1512062510000 10264
1512062510000 10264
1512062510000 10264
1512062510000 10266
1512062510000 10267
1512062510000 10267
1512062510000 10268
1512062510000 10268
1512062510000 10268
1512062510000 10268
1512062510000 10268
1512062510000 10269
1512062510000 10269
1512062510000 10269
1512062510000 10269
1512062510000 10269
1512062510000 10270
1512062510000 10270
1512062510000 10270
1512062510000 10270
1512062510000 10270
1512062510000 10270
1512062510000 10270
1512062510000 10271
1512062510000 10271
1512062510000 10271
1512062510000 10271
1512062510000 10271
1512062510000 10272
1512062510000 10272
1512062510000 10272
1512062510000 10272
1512062510000 10272
1512062510000 10272
1512062510000 10273
1512062510000 10273
1512062510000 10273
1512062510000 10273
1512062510000 10273
1512062510000 10274
1512062510000 10274
1512062510000 10274
1512062510000 10274
1512062510000 10274
1512062510000 10274
1512062510000 10275
1512062510000 10275
1512062510000 10276
1512062510000 10276
1512062520000 10098
1512062520000 10099
1512062520000 10099
1512062520000 10099
1512062520000 10099
1512062520000 10100
1512062520000 10100
1512062520000 10100
1512062520000 10101
1512062520000 10101
1512062520000 10101
1512062520000 10102
1512062520000 10102
1512062520000 10102
1512062520000 10103
1512062520000 10103
1512062520000 10103
1512062520000 10104
1512062520000 10104
1512062520000 10104
1512062520000 10105
1512062520000 10105
1512062520000 10105
1512062520000 10106
1512062520000 10106
1512062520000 10106
1512062520000 10107
1512062520000 10108
1512062520000 10109
1512062520000 10109
1512062520000 10109
1512062520000 10109
1512062520000 10110
1512062520000 10110
1512062520000 10110
1512062520000 10110
1512062520000 10111
1512062520000 10111
1512062520000 10111
1512062520000 10111
1512062520000 10112
1512062520000 10112
1512062520000 10112
1512062520000 10112
1512062520000 10113
1512062520000 10113
1512062520000 10113
1512062520000 10113
1512062520000 10114
1512062520000 10114
1512062520000 10114
1512062520000 10114
1512062520000 10114
1512062520000 10115
1512062520000 10115
1512062520000 10121
1512062520000 10121
1512062520000 10121
1512062520000 10122
1512062520000 10122
1512062520000 10122
1512062520000 10123
1512062520000 10123
1512062520000 10123
1512062520000 10123
1512062520000 10246
1512062520000 10246
1512062520000 10246
1512062520000 10247
1512062520000 10247
1512062520000 10247
1512062520000 10247
1512062520000 10248
1512062520000 10248
1512062520000 10248
1512062520000 10248
1512062520000 10248
1512062520000 10249
1512062520000 10249
1512062520000 10249
1512062520000 10249
1512062520000 10250
1512062520000 10250
1512062520000 10260
1512062520000 10261
1512062520000 10261
1512062520000 10261
1512062520000 10262
1512062520000 10262
1512062520000 10262
1512062520000 10263
1512062520000 10263
1512062520000 10263
1512062520000 10263
1512062520000 10264
1512062520000 10264
1512062520000 10264
1512062520000 10265
1512062520000 10265
1512062520000 10265
1512062530000 10110
1512062530000 10110
1512062530000 10110
1512062530000 10111
1512062530000 10111
1512062530000 10111
1512062530000 10111
1512062530000 10111
1512062530000 10112
1512062530000 10112
1512062530000 10112
1512062530000 10112
1512062530000 10113
1512062530000 10113
1512062530000 10113
1512062530000 10113
1512062530000 10114
1512062530000 10114
1512062530000 10114
1512062530000 10148
1512062530000 10149
1512062530000 10149
1512062530000 10150
1512062530000 10150
1512062530000 10150
1512062530000 10151
1512062530000 10151
1512062530000 10151
1512062530000 10152
1512062530000 10152
1512062530000 10152
1512062530000 10153
1512062530000 10153
1512062530000 10153
1512062530000 10251
1512062530000 10251
1512062530000 10251
1512062530000 10251
1512062530000 10252
1512062530000 10252
1512062530000 10252
1512062530000 10252
1512062530000 10253
1512062530000 10253
1512062530000 10253
1512062530000 10254
1512062530000 10254
1512062530000 10254
1512062530000 10255
1512062530000 10255
1512062530000 10256
1512062530000 10256
1512062530000 10256
1512062530000 10257
1512062530000 10257
1512062530000 10257
1512062530000 10258
1512062530000 10258
1512062530000 10258
1512062530000 10258
1512062530000 10259
1512062530000 10259
1512062530000 10260
1512062530000 10260
1512062530000 10260
1512062530000 10260
1512062530000 10261
1512062530000 10261
1512062530000 10263
1512062530000 10263
1512062530000 10264
1512062530000 10264
1512062530000 10264
1512062530000 10264
1512062530000 10265
1512062530000 10265
1512062530000 10265
1512062530000 10266
1512062530000 10266
1512062530000 10266
1512062530000 10267
1512062530000 10267
1512062530000 10267
1512062530000 10268
1512062530000 10268
1512062530000 10269
1512062530000 10269
1512062530000 10269
1512062530000 10270
1512062530000 10270
1512062530000 10270
1512062530000 10271
1512062530000 10271
1512062530000 10272
1512062530000 10272
1512062530000 10272
1512062530000 10273
1512062530000 10273
1512062530000 10274
1512062530000 10274
1512062540000 10247
1512062540000 10247
1512062540000 10248
1512062540000 10248
1512062540000 10248
1512062540000 10249
1512062540000 10249
1512062540000 10249
1512062540000 10250
1512062540000 10250
1512062540000 10250
1512062540000 10251
1512062540000 10251
1512062540000 10251
1512062540000 10251
1512062540000 10251
1512062540000 10251
1512062540000 10251
1512062540000 10251
1512062540000 10252
1512062540000 10252
1512062540000 10252
1512062540000 10252
1512062540000 10252
1512062540000 10252
1512062540000 10252
1512062540000 10252
1512062540000 10253
1512062540000 10253
1512062540000 10253
1512062540000 10253
1512062540000 10254
1512062540000 10254
1512062540000 10254
1512062540000 10254
1512062540000 10255
1512062540000 10255
1512062540000 10255
1512062540000 10255
1512062540000 10255
1512062540000 10255
1512062540000 10255
1512062540000 10255
1512062540000 10256
1512062540000 10256
1512062540000 10256
1512062540000 10256
1512062540000 10256
1512062540000 10256
1512062540000 10257
1512062540000 10257
1512062540000 10257
1512062540000 10257
1512062540000 10258
1512062540000 10258
1512062540000 10258
1512062540000 10258
1512062540000 10259
1512062540000 10259
1512062540000 10260
1512062540000 10260
1512062540000 10260
1512062540000 10261
1512062540000 10261
1512062540000 10261
1512062540000 10261
1512062540000 10262
1512062540000 10262
1512062540000 10262
1512062540000 10262
1512062540000 10262
1512062540000 10263
1512062540000 10263
1512062540000 10263
1512062540000 10263
1512062540000 10264
1512062540000 10264
1512062540000 10264
1512062540000 10264
1512062540000 10265
1512062540000 10309
1512062540000 10309
1512062540000 10310
1512062540000 10310
1512062540000 10310
1512062540000 10311
1512062540000 10311
1512062540000 10311
1512062540000 10312
1512062540000 10312
1512062540000 10312
1512062540000 10313
1512062540000 10313
1512062540000 10313
1512062540000 10314
1512062540000 10314
1512062540000 10314
1512062540000 10315
1512062540000 10315
1512062540000 10316
1512062550000 10160
1512062550000 10160
1512062550000 10161
1512062550000 10161
1512062550000 10161
1512062550000 10162
1512062550000 10162
1512062550000 10162
1512062550000 10163
1512062550000 10163
1512062550000 10163
1512062550000 10164
1512062550000 10164
1512062550000 10165
1512062550000 10165
1512062550000 10165
1512062550000 10166
1512062550000 10166
1512062550000 10166
1512062550000 10167
1512062550000 10167
1512062550000 10167
1512062550000 10168
1512062550000 10168
1512062550000 10168
1512062550000 10169
1512062550000 10169
1512062550000 10169
1512062550000 10247
1512062550000 10247
1512062550000 10248
1512062550000 10248
1512062550000 10248
1512062550000 10248
1512062550000 10249
1512062550000 10249
1512062550000 10249
1512062550000 10249
1512062550000 10249
1512062550000 10250
1512062550000 10250
1512062550000 10250
1512062550000 10250
1512062550000 10250
1512062550000 10250
1512062550000 10250
1512062550000 10250
1512062550000 10251
1512062550000 10251
1512062550000 10251
1512062550000 10251
1512062550000 10251
1512062550000 10251
1512062550000 10252
1512062550000 10252
1512062550000 10252
1512062550000 10252
1512062550000 10253
1512062550000 10253
1512062550000 10253
1512062550000 10254
1512062550000 10254
1512062550000 10254
1512062550000 10254
1512062550000 10255
1512062550000 10257
1512062550000 10258
1512062550000 10258
1512062550000 10258
1512062550000 10258
1512062550000 10258
1512062550000 10258
1512062550000 10259
1512062550000 10259
1512062550000 10259
1512062550000 10259
1512062550000 10259
1512062550000 10259
1512062550000 10259
1512062550000 10259
1512062550000 10260
1512062550000 10260
1512062550000 10260
1512062550000 10260
1512062550000 10260
1512062550000 10260
1512062550000 10260
1512062550000 10260
1512062550000 10261
1512062550000 10261
1512062550000 10261
1512062550000 10261
1512062550000 10261
1512062550000 10261
1512062550000 10261
1512062550000 10262
1512062550000 10262
1512062550000 10262
1512062550000 10262
1512062550000 10262
1512062560000 10088
1512062560000 10089
1512062560000 10089
1512062560000 10089
1512062560000 10090
1512062560000 10090
1512062560000 10090
1512062560000 10091
1512062560000 10091
1512062560000 10091
1512062560000 10092
1512062560000 10092
1512062560000 10092
1512062560000 10093
1512062560000 10093
1512062560000 10093
1512062560000 10093
1512062560000 10094
1512062560000 10094
1512062560000 10095
1512062560000 10096
1512062560000 10096
1512062560000 10097
1512062560000 10097
1512062560000 10098
1512062560000 10098
1512062560000 10098
1512062560000 10099
1512062560000 10099
1512062560000 10099
1512062560000 10100
1512062560000 10100
1512062560000 10101
1512062560000 10101
1512062560000 10101
1512062560000 10102
1512062560000 10102
1512062560000 10103
1512062560000 10103
1512062560000 10103
1512062560000 10104
1512062560000 10104
1512062560000 10105
1512062560000 10247
1512062560000 10248
1512062560000 10248
1512062560000 10248
1512062560000 10248
1512062560000 10249
1512062560000 10249
1512062560000 10249
1512062560000 10249
1512062560000 10249
1512062560000 10249
1512062560000 10250
1512062560000 10250
1512062560000 10250
1512062560000 10250
1512062560000 10250
1512062560000 10250
1512062560000 10250
1512062560000 10250
1512062560000 10251
1512062560000 10251
1512062560000 10251
1512062560000 10251
1512062560000 10251
1512062560000 10251
1512062560000 10251
1512062560000 10251
1512062560000 10252
1512062560000 10252
1512062560000 10252
1512062560000 10252
1512062560000 10304
1512062560000 10305
1512062560000 10305
1512062560000 10305
1512062560000 10306
1512062560000 10306
1512062560000 10306
1512062560000 10307
1512062560000 10307
1512062560000 10307
1512062560000 10308
1512062560000 10308
1512062560000 10308
1512062560000 10309
1512062560000 10309
1512062560000 10309
1512062560000 10310
1512062560000 10310
1512062560000 10310
1512062560000 10311
1512062560000 10311
1512062560000 10311
1512062560000 10312
1512062560000 10312
1512062560000 10312
1512062560000 10313
1512062570000 10248
1512062570000 10248
1512062570000 10249
1512062570000 10249
1512062570000 10249
1512062570000 10249
1512062570000 10250
1512062570000 10250
1512062570000 10250
1512062570000 10250
1512062570000 10251
1512062570000 10251
1512062570000 10251
1512062570000 10251
1512062570000 10252
1512062570000 10253
1512062570000 10253
1512062570000 10253
1512062570000 10253
1512062570000 10254
1512062570000 10254
1512062570000 10254
1512062570000 10254
1512062570000 10254
1512062570000 10254
1512062570000 10255
1512062570000 10255
1512062570000 10255
1512062570000 10255
1512062570000 10255
1512062570000 10255
1512062570000 10255
1512062570000 10255
1512062570000 10256
1512062570000 10256
1512062570000 10256
1512062570000 10256
1512062570000 10256
1512062570000 10256
1512062570000 10256
1512062570000 10256
1512062570000 10257
1512062570000 10257
1512062570000 10257
1512062570000 10257
1512062570000 10257
1512062570000 10257
1512062570000 10257
1512062570000 10257
1512062570000 10258
1512062570000 10258
1512062570000 10258
1512062570000 10258
1512062570000 10258
1512062570000 10258
1512062570000 10258
1512062570000 10261
1512062570000 10261
1512062570000 10262
1512062570000 10262
1512062570000 10262
1512062570000 10263
1512062570000 10263
1512062570000 10263
1512062570000 10264
1512062570000 10264
1512062570000 10264
1512062570000 10265
1512062570000 10265
1512062570000 10265
1512062570000 10266
1512062570000 10266
1512062570000 10266
1512062570000 10267
1512062570000 10267
1512062570000 10267
1512062570000 10268
1512062570000 10268
1512062570000 10269
1512062570000 10269
1512062570000 10297
1512062570000 10298
1512062570000 10298
1512062570000 10298
1512062570000 10299
1512062570000 10299
1512062570000 10299
1512062570000 10300
1512062570000 10300
1512062570000 10301
1512062570000 10301
1512062570000 10301
1512062570000 10302
1512062570000 10302
1512062570000 10302
1512062570000 10302
1512062570000 10303
1512062570000 10303
1512062570000 10303
1512062570000 10304
1512062580000 13385
1512062580000 13386
1512062580000 13386
1512062580000 13386
1512062580000 13387
1512062580000 13387
1512062580000 13387
1512062580000 13387
1512062580000 13387
1512062580000 13387
1512062580000 13388
1512062580000 13388
1512062580000 13388
1512062580000 13388
1512062580000 13388
1512062580000 13389
1512062580000 13389
1512062580000 13389
1512062580000 13389
1512062580000 13389
1512062580000 13390
1512062580000 13390
1512062580000 13390
1512062580000 13390
1512062580000 13391
1512062580000 13391
1512062580000 13391
1512062580000 13391
1512062580000 13391
1512062580000 13391
1512062580000 13392
1512062580000 13392
1512062580000 13392
1512062580000 13392
1512062580000 13393
1512062580000 13393
1512062580000 13393
1512062580000 13394
1512062580000 13394
1512062580000 13394
1512062580000 13395
1512062580000 13395
1512062580000 13395
1512062580000 13395
1512062580000 13396
1512062580000 13396
1512062580000 13397
1512062580000 13397
1512062580000 13397
1512062580000 13398
1512062580000 13398
1512062580000 13398
1512062580000 13399
1512062580000 13399
1512062580000 13399
1512062580000 13399
1512062580000 13399
1512062580000 13400
1512062580000 13400
1512062580000 13400
1512062580000 13400
1512062580000 13400
1512062580000 13400
1512062580000 13401
1512062580000 13401
1512062580000 13401
1512062580000 13401
1512062580000 13401
1512062580000 13402
1512062580000 13402
1512062580000 13402
1512062580000 13403
1512062580000 13403
1512062580000 13403
1512062580000 13403
1512062580000 13404
1512062580000 13404
1512062580000 13405
1512062580000 13405
1512062580000 13405
1512062580000 13406
1512062580000 13406
1512062580000 13406
1512062580000 13417
1512062580000 13417
1512062580000 13417
1512062580000 13418
1512062580000 13418
1512062580000 13418
1512062580000 13419
1512062580000 13419
1512062580000 13419
1512062580000 13420
1512062580000 13420
1512062580000 13420
1512062580000 13421
1512062580000 13421
1512062580000 13421
1512062580000 13422
1512062580000 13422
1512062590000 10167
1512062590000 10167
1512062590000 10167
1512062590000 10168
1512062590000 10168
1512062590000 10169
1512062590000 10169
1512062590000 10169
1512062590000 10170
1512062590000 10170
1512062590000 10170
1512062590000 10170
1512062590000 10171
1512062590000 10171
1512062590000 10172
1512062590000 10172
1512062590000 10172
1512062590000 10172
1512062590000 10173
1512062590000 10173
1512062590000 10173
1512062590000 10174
1512062590000 10174
1512062590000 10174
1512062590000 10246
1512062590000 10246
1512062590000 10246
1512062590000 10247
1512062590000 10247
1512062590000 10247
1512062590000 10248
1512062590000 10248
1512062590000 10248
1512062590000 10248
1512062590000 10248
1512062590000 10249
1512062590000 10249
1512062590000 10249
1512062590000 10250
1512062590000 10250
1512062590000 10250
1512062590000 10250
1512062590000 10250
1512062590000 10251
1512062590000 10251
1512062590000 10251
1512062590000 10252
1512062590000 10252
1512062590000 10252
1512062590000 10253
1512062590000 10253
1512062590000 10253
1512062590000 10253
1512062590000 10254
1512062590000 10254
1512062590000 10254
1512062590000 10254
1512062590000 10254
1512062590000 10254
1512062590000 10255
1512062590000 10255
1512062590000 10255
1512062590000 10255
1512062590000 10255
1512062590000 10255
1512062590000 10255
1512062590000 10256
1512062590000 10256
1512062590000 10256
1512062590000 10256
1512062590000 10256
1512062590000 10257
1512062590000 10257
1512062590000 10257
1512062590000 10257
1512062590000 10257
1512062590000 10257
1512062590000 10257
1512062590000 10257
1512062590000 10258
1512062590000 10258
1512062590000 10258
1512062590000 10258
1512062590000 10258
1512062590000 10258
1512062590000 10258
1512062590000 10258
1512062590000 10259
1512062590000 10259
1512062590000 10259
1512062590000 10259
1512062590000 10260
1512062590000 10260
1512062590000 10260
1512062590000 10260
1512062590000 10261
1512062590000 10261
1512062590000 10261
1512062590000 10261
1512062590000 10262
1512062600000 10247
1512062600000 10247
1512062600000 10247
1512062600000 10248
1512062600000 10248
1512062600000 10248
1512062600000 10248
1512062600000 10249
1512062600000 10249
1512062600000 10249
1512062600000 10250
1512062600000 10250
1512062600000 10250
1512062600000 10250
1512062600000 10250
1512062600000 10250
1512062600000 10250
1512062600000 10251
1512062600000 10251
1512062600000 10251
1512062600000 10251
1512062600000 10251
1512062600000 10251
1512062600000 10251
1512062600000 10252
1512062600000 10252
1512062600000 10252
1512062600000 10252
1512062600000 10252
1512062600000 10252
1512062600000 10252
1512062600000 10252
1512062600000 10252
1512062600000 10253
1512062600000 10253
1512062600000 10253
1512062600000 10253
1512062600000 10253
1512062600000 10253
1512062600000 10253
1512062600000 10253
1512062600000 10253
1512062600000 10254
1512062600000 10254
1512062600000 10254
1512062600000 10254
1512062600000 10254
1512062600000 10254
1512062600000 10254
1512062600000 10254
1512062600000 10254
1512062600000 10255
1512062600000 10255
1512062600000 10255
1512062600000 10256
1512062600000 10256
1512062600000 10256
1512062600000 10256
1512062600000 10258
1512062600000 10258
1512062600000 10258
1512062600000 10259
1512062600000 10259
1512062600000 10259
1512062600000 10259
1512062600000 10260
1512062600000 10260
1512062600000 10260
1512062600000 10260
1512062600000 10261
1512062600000 10261
1512062600000 10261
1512062600000 10261
1512062600000 10262
1512062600000 10262
1512062600000 10262
1512062600000 10263
1512062600000 10263
1512062600000 10263
1512062600000 10263
1512062600000 10298
1512062600000 10299
1512062600000 10299
1512062600000 10299
1512062600000 10300
1512062600000 10300
1512062600000 10300
1512062600000 10301
1512062600000 10301
1512062600000 10301
1512062600000 10302
1512062600000 10302
1512062600000 10302
1512062600000 10303
1512062600000 10303
1512062600000 10303
1512062600000 10304
1512062600000 10304
1512062600000 10304
1512062600000 10305
1512062610000 10095
1512062610000 10096
1512062610000 10096
1512062610000 10096
1512062610000 10097
1512062610000 10097
1512062610000 10097
1512062610000 10098
1512062610000 10098
1512062610000 10098
1512062610000 10098
1512062610000 10099
1512062610000 10099
1512062610000 10099
1512062610000 10100
1512062610000 10100
1512062610000 10100
1512062610000 10100
1512062610000 10100
1512062610000 10101
1512062610000 10101
1512062610000 10101
1512062610000 10101
1512062610000 10102
1512062610000 10102
1512062610000 10102
1512062610000 10102
1512062610000 10103
1512062610000 10145
1512062610000 10145
1512062610000 10145
1512062610000 10146
1512062610000 10146
1512062610000 10146
1512062610000 10147
1512062610000 10147
1512062610000 10147
1512062610000 10148
1512062610000 10148
1512062610000 10148
1512062610000 10149
1512062610000 10149
1512062610000 10149
1512062610000 10150
1512062610000 10150
1512062610000 10150
1512062610000 10151
1512062610000 10151
1512062610000 10151
1512062610000 10152
1512062610000 10243
1512062610000 10243
1512062610000 10244
1512062610000 10244
1512062610000 10244
1512062610000 10245
1512062610000 10245
1512062610000 10245
1512062610000 10245
1512062610000 10245
1512062610000 10246
1512062610000 10246
1512062610000 10246
1512062610000 10246
1512062610000 10246
1512062610000 10246
1512062610000 10246
1512062610000 10246
1512062610000 10247
1512062610000 10247
1512062610000 10247
1512062610000 10247
1512062610000 10247
1512062610000 10248
1512062610000 10248
1512062610000 10248
1512062610000 10248
1512062610000 10248
1512062610000 10249
1512062610000 10249
1512062610000 10249
1512062610000 10249
1512062610000 10258
1512062610000 10258
1512062610000 10259
1512062610000 10259
1512062610000 10259
1512062610000 10260
1512062610000 10260
1512062610000 10260
1512062610000 10261
1512062610000 10261
1512062610000 10261
1512062610000 10262
1512062610000 10262
1512062610000 10262
1512062610000 10263
1512062610000 10263
1512062610000 10263
1512062610000 10264
1512062620000 10147
1512062620000 10148
1512062620000 10148
1512062620000 10148
1512062620000 10149
1512062620000 10149
1512062620000 10149
1512062620000 10149
1512062620000 10150
1512062620000 10150
1512062620000 10150
1512062620000 10150
1512062620000 10151
1512062620000 10151
1512062620000 10151
1512062620000 10151
1512062620000 10152
1512062620000 10152
1512062620000 10152
1512062620000 10152
1512062620000 10246
1512062620000 10246
1512062620000 10247
1512062620000 10247
1512062620000 10247
1512062620000 10247
1512062620000 10247
1512062620000 10247
1512062620000 10247
1512062620000 10248
1512062620000 10248
1512062620000 10248
1512062620000 10248
1512062620000 10248
1512062620000 10248
1512062620000 10248
1512062620000 10248
1512062620000 10249
1512062620000 10249
1512062620000 10249
1512062620000 10249
1512062620000 10249
1512062620000 10249
1512062620000 10249
1512062620000 10250
1512062620000 10250
1512062620000 10250
1512062620000 10250
1512062620000 10251
1512062620000 10251
1512062620000 10251
1512062620000 10252
1512062620000 10253
1512062620000 10253
1512062620000 10253
1512062620000 10253
1512062620000 10254
1512062620000 10254
1512062620000 10254
1512062620000 10254
1512062620000 10254
1512062620000 10254
1512062620000 10254
1512062620000 10254
1512062620000 10255
1512062620000 10255
1512062620000 10255
1512062620000 10255
1512062620000 10255
1512062620000 10255
1512062620000 10255
1512062620000 10256
1512062620000 10256
1512062620000 10256
1512062620000 10256
1512062620000 10256
1512062620000 10256
1512062620000 10256
1512062620000 10256
1512062620000 10256
1512062620000 10257
1512062620000 10257
1512062620000 10257
1512062620000 10257
1512062620000 10257
1512062620000 10257
1512062620000 10257
1512062620000 10257
1512062620000 10258
1512062620000 10258
1512062620000 10258
1512062620000 10258
1512062620000 10258
1512062620000 10258
1512062620000 10258
1512062620000 10258
1512062620000 10258
1512062620000 10259
1512062620000 10259
1512062620000 10259
1512062630000 10144
1512062630000 10144
1512062630000 10144
1512062630000 10145
1512062630000 10145
1512062630000 10145
1512062630000 10146
1512062630000 10146
1512062630000 10147
1512062630000 10147
1512062630000 10147
1512062630000 10147
1512062630000 10148
1512062630000 10148
1512062630000 10148
1512062630000 10149
1512062630000 10149
1512062630000 10149
1512062630000 10150
1512062630000 10150
1512062630000 10151
1512062630000 10252
1512062630000 10252
1512062630000 10252
1512062630000 10253
1512062630000 10253
1512062630000 10254
1512062630000 10254
1512062630000 10254
1512062630000 10254
1512062630000 10255
1512062630000 10255
1512062630000 10255
1512062630000 10255
1512062630000 10256
1512062630000 10256
1512062630000 10256
1512062630000 10256
1512062630000 10256
1512062630000 10257
1512062630000 10257
1512062630000 10257
1512062630000 10257
1512062630000 10257
1512062630000 10257
1512062630000 10257
1512062630000 10257
1512062630000 10258
1512062630000 10258
1512062630000 10258
1512062630000 10258
1512062630000 10258
1512062630000 10258
1512062630000 10258
1512062630000 10258
1512062630000 10258
1512062630000 10258
1512062630000 10258
1512062630000 10259
1512062630000 10259
1512062630000 10259
1512062630000 10259
1512062630000 10259
1512062630000 10259
1512062630000 10259
1512062630000 10259
1512062630000 10259
1512062630000 10259
1512062630000 10259
1512062630000 10260
1512062630000 10260
1512062630000 10260
1512062630000 10260
1512062630000 10260
1512062630000 10260
1512062630000 10260
1512062630000 10260
1512062630000 10260
1512062630000 10260
1512062630000 10260
1512062630000 10261
1512062630000 10261
1512062630000 10261
1512062630000 10261
1512062630000 10261
1512062630000 10261
1512062630000 10261
1512062630000 10261
1512062630000 10261
1512062630000 10261
1512062630000 10261
1512062630000 10261
1512062630000 10261
1512062630000 10262
1512062630000 10262
1512062630000 10262
1512062630000 10262
1512062630000 10262
1512062630000 10262
1512062630000 10262
1512062640000 10145
1512062640000 10145
1512062640000 10146
1512062640000 10146
1512062640000 10146
1512062640000 10147
1512062640000 10147
1512062640000 10147
1512062640000 10147
1512062640000 10148
1512062640000 10148
1512062640000 10148
1512062640000 10148
1512062640000 10149
1512062640000 10149
1512062640000 10149
1512062640000 10150
1512062640000 10150
1512062640000 10150
1512062640000 10150
1512062640000 10151
1512062640000 10249
1512062640000 10250
1512062640000 10250
1512062640000 10250
1512062640000 10251
1512062640000 10251
1512062640000 10251
1512062640000 10251
1512062640000 10251
1512062640000 10251
1512062640000 10251
1512062640000 10251
1512062640000 10252
1512062640000 10252
1512062640000 10252
1512062640000 10252
1512062640000 10252
1512062640000 10252
1512062640000 10252
1512062640000 10252
1512062640000 10252
1512062640000 10253
1512062640000 10253
1512062640000 10253
1512062640000 10253
1512062640000 10253
1512062640000 10253
1512062640000 10253
1512062640000 10253
1512062640000 10254
1512062640000 10254
1512062640000 10254
1512062640000 10254
1512062640000 10254
1512062640000 10254
1512062640000 10254
1512062640000 10255
1512062640000 10255
1512062640000 10255
1512062640000 10256
1512062640000 10256
1512062640000 10256
1512062640000 10256
1512062640000 10256
1512062640000 10257
1512062640000 10257
1512062640000 10257
1512062640000 10258
1512062640000 10258
1512062640000 10258
1512062640000 10258
1512062640000 10259
1512062640000 10259
1512062640000 10259
1512062640000 10259
1512062640000 10259
1512062640000 10259
1512062640000 10260
1512062640000 10260
1512062640000 10260
1512062640000 10260
1512062640000 10261
1512062640000 10261
1512062640000 10261
1512062640000 10261
1512062640000 10262
1512062640000 10262
1512062640000 10262
1512062640000 10262
1512062640000 10263
1512062640000 10263
1512062640000 10263
1512062640000 10263
1512062640000 10264
1512062640000 10264
1512062640000 10264
1512062640000 10265
1512062640000 10265
1512062640000 10265
1512062650000 10089
1512062650000 10089
1512062650000 10089
1512062650000 10090
1512062650000 10090
1512062650000 10090
1512062650000 10091
1512062650000 10091
1512062650000 10092
1512062650000 10092
1512062650000 10092
1512062650000 10093
1512062650000 10093
1512062650000 10094
1512062650000 10094
1512062650000 10152
1512062650000 10153
1512062650000 10153
1512062650000 10154
1512062650000 10154
1512062650000 10154
1512062650000 10155
1512062650000 10155
1512062650000 10155
1512062650000 10156
1512062650000 10156
1512062650000 10156
1512062650000 10157
1512062650000 10157
1512062650000 10157
1512062650000 10158
1512062650000 10158
1512062650000 10158
1512062650000 10159
1512062650000 10159
1512062650000 10159
1512062650000 10160
1512062650000 10248
1512062650000 10249
1512062650000 10249
1512062650000 10249
1512062650000 10249
1512062650000 10249
1512062650000 10249
1512062650000 10249
1512062650000 10250
1512062650000 10250
1512062650000 10250
1512062650000 10250
1512062650000 10250
1512062650000 10250
1512062650000 10250
1512062650000 10250
1512062650000 10251
1512062650000 10251
1512062650000 10251
1512062650000 10251
1512062650000 10251
1512062650000 10251
1512062650000 10251
1512062650000 10251
1512062650000 10251
1512062650000 10251
1512062650000 10251
1512062650000 10252
1512062650000 10252
1512062650000 10252
1512062650000 10252
1512062650000 10252
1512062650000 10252
1512062650000 10252
1512062650000 10252
1512062650000 10252
1512062650000 10252
1512062650000 10252
1512062650000 10252
1512062650000 10253
1512062650000 10253
1512062650000 10253
1512062650000 10253
1512062650000 10253
1512062650000 10253
1512062650000 10253
1512062650000 10253
1512062650000 10253
1512062650000 10253
1512062650000 10253
1512062650000 10253
1512062650000 10254
1512062650000 10254
1512062650000 10254
1512062650000 10254
1512062650000 10254
1512062650000 10254
1512062650000 10254
1512062650000 10254
1512062650000 10255
1512062650000 10255
1512062650000 10256
1512062650000 10256
1512062660000 10095
1512062660000 10095
1512062660000 10095
1512062660000 10095
1512062660000 10096
1512062660000 10096
1512062660000 10096
1512062660000 10097
1512062660000 10097
1512062660000 10097
1512062660000 10097
1512062660000 10098
1512062660000 10098
1512062660000 10098
1512062660000 10098
1512062660000 10099
1512062660000 10099
1512062660000 10099
1512062660000 10099
1512062660000 10100
1512062660000 10100
1512062660000 10100
1512062660000 10101
1512062660000 10101
1512062660000 10254
1512062660000 10254
1512062660000 10254
1512062660000 10255
1512062660000 10255
1512062660000 10255
1512062660000 10255
1512062660000 10255
1512062660000 10255
1512062660000 10255
1512062660000 10255
1512062660000 10255
1512062660000 10256
1512062660000 10256
1512062660000 10256
1512062660000 10256
1512062660000 10256
1512062660000 10256
1512062660000 10256
1512062660000 10256
1512062660000 10257
1512062660000 10257
1512062660000 10257
1512062660000 10257
1512062660000 10257
1512062660000 10257
1512062660000 10257
1512062660000 10258
1512062660000 10258
1512062660000 10258
1512062660000 10258
1512062660000 10258
1512062660000 10258
1512062660000 10258
1512062660000 10258
1512062660000 10258
1512062660000 10258
1512062660000 10258
1512062660000 10258
1512062660000 10259
1512062660000 10259
1512062660000 10259
1512062660000 10259
1512062660000 10259
1512062660000 10259
1512062660000 10259
1512062660000 10259
1512062660000 10260
1512062660000 10260
1512062660000 10260
1512062660000 10260
1512062660000 10260
1512062660000 10260
1512062660000 10260
1512062660000 10260
1512062660000 10261
1512062660000 10261
1512062660000 10261
1512062660000 10261
1512062660000 10296
1512062660000 10297
1512062660000 10297
1512062660000 10297
1512062660000 10298
1512062660000 10298
1512062660000 10298
1512062660000 10299
1512062660000 10299
1512062660000 10299
1512062660000 10300
1512062660000 10300
1512062660000 10300
1512062660000 10301
1512062660000 10301
1512062660000 10301
1512062660000 10302
1512062670000 10246
1512062670000 10247
1512062670000 10247
1512062670000 10247
1512062670000 10248
1512062670000 10248
1512062670000 10248
1512062670000 10248
1512062670000 10249
1512062670000 10249
1512062670000 10249
1512062670000 10249
1512062670000 10249
1512062670000 10249
1512062670000 10249
1512062670000 10250
1512062670000 10250
1512062670000 10250
1512062670000 10250
1512062670000 10250
1512062670000 10251
1512062670000 10251
1512062670000 10251
1512062670000 10251
1512062670000 10252
1512062670000 10252
1512062670000 10252
1512062670000 10252
1512062670000 10253
1512062670000 10253
1512062670000 10253
1512062670000 10253
1512062670000 10254
1512062670000 10254
1512062670000 10254
1512062670000 10254
1512062670000 10254
1512062670000 10255
1512062670000 10255
1512062670000 10255
1512062670000 10255
1512062670000 10255
1512062670000 10256
1512062670000 10256
1512062670000 10256
1512062670000 10256
1512062670000 10256
1512062670000 10257
1512062670000 10257
1512062670000 10257
1512062670000 10257
1512062670000 10257
1512062670000 10258
1512062670000 10258
1512062670000 10258
1512062670000 10258
1512062670000 10258
1512062670000 10259
1512062670000 10259
1512062670000 10259
1512062670000 10259
1512062670000 10259
1512062670000 10260
1512062670000 10260
1512062670000 10260
1512062670000 10261
1512062670000 10261
1512062670000 10262
1512062670000 10262
1512062670000 10262
1512062670000 10263
1512062670000 10263
1512062670000 10263
1512062670000 10264
1512062670000 10264
1512062670000 10265
1512062670000 10265
1512062670000 10265
1512062670000 10266
1512062670000 10266
1512062670000 10266
1512062670000 10267
1512062670000 10267
1512062670000 10292
1512062670000 10293
1512062670000 10293
1512062670000 10293
1512062670000 10294
1512062670000 10294
1512062670000 10294
1512062670000 10294
1512062670000 10295
1512062670000 10295
1512062670000 10295
1512062670000 10296
1512062670000 10296
1512062670000 10296
1512062670000 10296
1512062670000 10297
1512062670000 10297
1512062680000 10165
1512062680000 10165
1512062680000 10165
1512062680000 10166
1512062680000 10166
1512062680000 10166
1512062680000 10167
1512062680000 10167
1512062680000 10167
1512062680000 10167
1512062680000 10168
1512062680000 10168
1512062680000 10168
1512062680000 10169
1512062680000 10169
1512062680000 10169
1512062680000 10170
1512062680000 10170
1512062680000 10170
1512062680000 10171
1512062680000 10171
1512062680000 10171
1512062680000 10172
1512062680000 10172
1512062680000 10172
1512062680000 10173
1512062680000 10173
1512062680000 10247
1512062680000 10248
1512062680000 10248
1512062680000 10248
1512062680000 10248
1512062680000 10249
1512062680000 10249
1512062680000 10249
1512062680000 10249
1512062680000 10250
1512062680000 10250
1512062680000 10250
1512062680000 10251
1512062680000 10251
1512062680000 10251
1512062680000 10251
1512062680000 10251
1512062680000 10252
1512062680000 10252
1512062680000 10252
1512062680000 10252
1512062680000 10253
1512062680000 10253
1512062680000 10255
1512062680000 10255
1512062680000 10255
1512062680000 10255
1512062680000 10255
1512062680000 10255
1512062680000 10255
1512062680000 10255
1512062680000 10256
1512062680000 10256
1512062680000 10256
1512062680000 10256
1512062680000 10256
1512062680000 10256
1512062680000 10256
1512062680000 10256
1512062680000 10256
1512062680000 10257
1512062680000 10257
1512062680000 10257
1512062680000 10257
1512062680000 10257
1512062680000 10257
1512062680000 10257
1512062680000 10257
1512062680000 10257
1512062680000 10257
1512062680000 10257
1512062680000 10258
1512062680000 10258
1512062680000 10258
1512062680000 10258
1512062680000 10258
1512062680000 10258
1512062680000 10258
1512062680000 10258
1512062680000 10259
1512062680000 10259
1512062680000 10259
1512062680000 10259
1512062680000 10259
1512062680000 10260
1512062680000 10260
1512062680000 10261
1512062680000 10261
1512062680000 10261
1512062680000 10262
1512062680000 10262
1512062680000 10263
1512062680000 10263
1512062690000 10103
1512062690000 10104
1512062690000 10104
1512062690000 10105
1512062690000 10105
1512062690000 10105
1512062690000 10106
1512062690000 10106
1512062690000 10107
1512062690000 10107
1512062690000 10107
1512062690000 10108
1512062690000 10108
1512062690000 10109
1512062690000 10109
1512062690000 10109
1512062690000 10110
1512062690000 10110
1512062690000 10111
1512062690000 10111
1512062690000 10111
1512062690000 10112
1512062690000 10112
1512062690000 10112
1512062690000 10113
1512062690000 10113
1512062690000 10114
1512062690000 10145
1512062690000 10146
1512062690000 10146
1512062690000 10147
1512062690000 10147
1512062690000 10147
1512062690000 10148
1512062690000 10148
1512062690000 10148
1512062690000 10149
1512062690000 10149
1512062690000 10149
1512062690000 10150
1512062690000 10150
1512062690000 10150
1512062690000 10151
1512062690000 10151
1512062690000 10151
1512062690000 10248
1512062690000 10248
1512062690000 10248
1512062690000 10248
1512062690000 10249
1512062690000 10249
1512062690000 10249
1512062690000 10249
1512062690000 10250
1512062690000 10250
1512062690000 10250
1512062690000 10250
1512062690000 10251
1512062690000 10251
1512062690000 10251
1512062690000 10251
1512062690000 10253
1512062690000 10253
1512062690000 10253
1512062690000 10254
1512062690000 10254
1512062690000 10254
1512062690000 10254
1512062690000 10254
1512062690000 10254
1512062690000 10255
1512062690000 10255
1512062690000 10255
1512062690000 10255
1512062690000 10255
1512062690000 10255
1512062690000 10255
1512062690000 10255
1512062690000 10256
1512062690000 10256
1512062690000 10256
1512062690000 10256
1512062690000 10256
1512062690000 10256
1512062690000 10256
1512062690000 10256
1512062690000 10256
1512062690000 10257
1512062690000 10257
1512062690000 10257
1512062690000 10257
1512062690000 10257
1512062690000 10258
1512062690000 10258
1512062690000 10258
1512062690000 10259
1512062690000 10259
1512062690000 10260
1512062690000 10260
1512062690000 10260
1512062700000 10311
1512062700000 10311
1512062700000 10312
1512062700000 10312
1512062700000 10312
1512062700000 10312
1512062700000 10312
1512062700000 10312
1512062700000 10313
1512062700000 10313
1512062700000 10313
1512062700000 10313
1512062700000 10313
1512062700000 10313
1512062700000 10313
1512062700000 10313
1512062700000 10314
1512062700000 10314
1512062700000 10314
1512062700000 10314
1512062700000 10314
1512062700000 10314
1512062700000 10314
1512062700000 10314
1512062700000 10315
1512062700000 10315
1512062700000 10315
1512062700000 10316
1512062700000 10316
1512062700000 10316
1512062700000 10317
1512062700000 10317
1512062700000 10317
1512062700000 10318
1512062700000 10318
1512062700000 10321
1512062700000 10321
1512062700000 10322
1512062700000 10322
1512062700000 10322
1512062700000 10322
1512062700000 10322
1512062700000 10323
1512062700000 10323
1512062700000 10323
1512062700000 10323
1512062700000 10324
1512062700000 10324
1512062700000 10324
1512062700000 10324
1512062700000 10325
1512062700000 10325
1512062700000 10325
1512062700000 10325
1512062700000 10326
1512062700000 10327
1512062700000 10327
1512062700000 10327
1512062700000 10328
1512062700000 10328
1512062700000 10328
1512062700000 10329
1512062700000 10329
1512062700000 10329
1512062700000 10330
1512062700000 10330
1512062700000 10330
1512062700000 10330
1512062700000 10331
1512062700000 10331
1512062700000 10331
1512062700000 10331
1512062700000 10332
1512062700000 10332
1512062700000 10332
1512062700000 10333
1512062700000 10358
1512062700000 10359
1512062700000 10359
1512062700000 10359
1512062700000 10360
1512062700000 10360
1512062700000 10360
1512062700000 10360
1512062700000 10361
1512062700000 10361
1512062700000 10361
1512062700000 10361
1512062700000 10362
1512062700000 10362
1512062700000 10362
1512062700000 10363
1512062700000 10363
1512062700000 10363
1512062700000 10363
1512062700000 10364
1512062700000 10364
1512062700000 10364
1512062700000 10364
1512062700000 10365
1512062710000 10161
1512062710000 10162
1512062710000 10162
1512062710000 10162
1512062710000 10162
1512062710000 10163
1512062710000 10163
1512062710000 10163
1512062710000 10163
1512062710000 10163
1512062710000 10164
1512062710000 10164
1512062710000 10164
1512062710000 10164
1512062710000 10164
1512062710000 10164
1512062710000 10165
1512062710000 10165
1512062710000 10165
1512062710000 10165
1512062710000 10165
1512062710000 10165
1512062710000 10165
1512062710000 10166
1512062710000 10166
1512062710000 10166
1512062710000 10166
1512062710000 10166
1512062710000 10166
1512062710000 10166
1512062710000 10167
1512062710000 10167
1512062710000 10167
1512062710000 10167
1512062710000 10167
1512062710000 10167
1512062710000 10167
1512062710000 10167
1512062710000 10168
1512062710000 10168
1512062710000 10168
1512062710000 10168
1512062710000 10168
1512062710000 10168
1512062710000 10168
1512062710000 10168
1512062710000 10168
1512062710000 10168
1512062710000 10169
1512062710000 10169
1512062710000 10169
1512062710000 10169
1512062710000 10169
1512062710000 10169
1512062710000 10169
1512062710000 10169
1512062710000 10170
1512062710000 10170
1512062710000 10170
1512062710000 10170
1512062710000 10170
1512062710000 10170
1512062710000 10170
1512062710000 10170
1512062710000 10171
1512062710000 10171
1512062710000 10171
1512062710000 10171
1512062710000 10171
1512062710000 10171
1512062710000 10172
1512062710000 10172
1512062710000 10172
1512062710000 10172
1512062710000 10173
1512062710000 10173
1512062710000 10173
1512062710000 10173
1512062710000 10174
1512062710000 10174
1512062710000 10175
1512062710000 10175
1512062710000 10175
1512062710000 10176
1512062710000 10176
1512062710000 10177
1512062710000 10177
1512062710000 10177
1512062710000 10178
1512062710000 10178
1512062710000 10179
1512062710000 10288
1512062710000 10288
1512062710000 10288
1512062710000 10288
1512062710000 10289
1512062710000 10289
1512062710000 10289
1512062710000 10289
1512062710000 10290
1512062720000 10168
1512062720000 10169
1512062720000 10169
1512062720000 10169
1512062720000 10170
1512062720000 10170
1512062720000 10170
1512062720000 10171
1512062720000 10171
1512062720000 10171
1512062720000 10172
1512062720000 10172
1512062720000 10172
1512062720000 10173
1512062720000 10173
1512062720000 10174
1512062720000 10174
1512062720000 10174
1512062720000 10175
1512062720000 10175
1512062720000 10175
1512062720000 10175
1512062720000 10176
1512062720000 10257
1512062720000 10257
1512062720000 10257
1512062720000 10257
1512062720000 10257
1512062720000 10257
1512062720000 10258
1512062720000 10258
1512062720000 10258
1512062720000 10258
1512062720000 10258
1512062720000 10258
1512062720000 10258
1512062720000 10258
1512062720000 10259
1512062720000 10259
1512062720000 10259
1512062720000 10259
1512062720000 10259
1512062720000 10259
1512062720000 10259
1512062720000 10259
1512062720000 10259
1512062720000 10259
1512062720000 10259
1512062720000 10260
1512062720000 10260
1512062720000 10260
1512062720000 10260
1512062720000 10260
1512062720000 10260
1512062720000 10260
1512062720000 10260
1512062720000 10260
1512062720000 10260
1512062720000 10260
1512062720000 10260
1512062720000 10260
1512062720000 10260
1512062720000 10261
1512062720000 10261
1512062720000 10261
1512062720000 10261
1512062720000 10261
1512062720000 10261
1512062720000 10261
1512062720000 10261
1512062720000 10261
1512062720000 10261
1512062720000 10261
1512062720000 10262
1512062720000 10262
1512062720000 10262
1512062720000 10262
1512062720000 10262
1512062720000 10262
1512062720000 10262
1512062720000 10263
1512062720000 10263
1512062720000 10263
1512062720000 10263
1512062720000 10263
1512062720000 10263
1512062720000 10263
1512062720000 10263
1512062720000 10263
1512062720000 10264
1512062720000 10264
1512062720000 10264
1512062720000 10264
1512062720000 10264
1512062720000 10265
1512062720000 10265
1512062720000 10265
1512062720000 10266
1512062720000 10266
1512062720000 10266
1512062730000 10091
1512062730000 10091
1512062730000 10091
1512062730000 10092
1512062730000 10092
1512062730000 10092
1512062730000 10092
1512062730000 10093
1512062730000 10093
1512062730000 10093
1512062730000 10093
1512062730000 10094
1512062730000 10094
1512062730000 10094
1512062730000 10094
1512062730000 10095
1512062730000 10095
1512062730000 10095
1512062730000 10095
1512062730000 10096
1512062730000 10096
1512062730000 10096
1512062730000 10250
1512062730000 10251
1512062730000 10251
1512062730000 10251
1512062730000 10251
1512062730000 10252
1512062730000 10252
1512062730000 10252
1512062730000 10253
1512062730000 10253
1512062730000 10253
1512062730000 10254
1512062730000 10254
1512062730000 10254
1512062730000 10255
1512062730000 10255
1512062730000 10255
1512062730000 10255
1512062730000 10256
1512062730000 10256
1512062730000 10257
1512062730000 10257
1512062730000 10257
1512062730000 10258
1512062730000 10258
1512062730000 10258
1512062730000 10259
1512062730000 10259
1512062730000 10259
1512062730000 10260
1512062730000 10260
1512062730000 10260
1512062730000 10260
1512062730000 10261
1512062730000 10261
1512062730000 10261
1512062730000 10262
1512062730000 10262
1512062730000 10262
1512062730000 10262
1512062730000 10262
1512062730000 10263
1512062730000 10263
1512062730000 10263
1512062730000 10263
1512062730000 10263
1512062730000 10264
1512062730000 10264
1512062730000 10264
1512062730000 10264
1512062730000 10264
1512062730000 10264
1512062730000 10264
1512062730000 10264
1512062730000 10265
1512062730000 10265
1512062730000 10265
1512062730000 10266
1512062730000 10266
1512062730000 10266
1512062730000 10267
1512062730000 10331
1512062730000 10331
1512062730000 10331
1512062730000 10332
1512062730000 10332
1512062730000 10332
1512062730000 10333
1512062730000 10333
1512062730000 10333
1512062730000 10334
1512062730000 10334
1512062730000 10334
1512062730000 10335
1512062730000 10335
1512062730000 10336
1512062730000 10336
1512062730000 10336
1512062740000 10104
1512062740000 10104
1512062740000 10104
1512062740000 10105
1512062740000 10105
1512062740000 10105
1512062740000 10106
1512062740000 10106
1512062740000 10106
1512062740000 10107
1512062740000 10107
1512062740000 10107
1512062740000 10108
1512062740000 10108
1512062740000 10108
1512062740000 10108
1512062740000 10108
1512062740000 10108
1512062740000 10109
1512062740000 10109
1512062740000 10109
1512062740000 10109
1512062740000 10109
1512062740000 10109
1512062740000 10110
1512062740000 10110
1512062740000 10110
1512062740000 10110
1512062740000 10110
1512062740000 10111
1512062740000 10111
1512062740000 10111
1512062740000 10111
1512062740000 10111
1512062740000 10111
1512062740000 10112
1512062740000 10112
1512062740000 10112
1512062740000 10112
1512062740000 10113
1512062740000 10113
1512062740000 10113
1512062740000 10114
1512062740000 10114
1512062740000 10115
1512062740000 10115
1512062740000 10115
1512062740000 10115
1512062740000 10116
1512062740000 10116
1512062740000 10116
1512062740000 10154
1512062740000 10155
1512062740000 10155
1512062740000 10155
1512062740000 10156
1512062740000 10156
1512062740000 10156
1512062740000 10157
1512062740000 10157
1512062740000 10157
1512062740000 10158
1512062740000 10158
1512062740000 10158
1512062740000 10159
1512062740000 10253
1512062740000 10254
1512062740000 10254
1512062740000 10254
1512062740000 10254
1512062740000 10255
1512062740000 10255
1512062740000 10255
1512062740000 10255
1512062740000 10256
1512062740000 10256
1512062740000 10256
1512062740000 10256
1512062740000 10256
1512062740000 10257
1512062740000 10257
1512062740000 10257
1512062740000 10257
1512062740000 10257
1512062740000 10257
1512062740000 10257
1512062740000 10258
1512062740000 10258
1512062740000 10258
1512062740000 10258
1512062740000 10258
1512062740000 10258
1512062740000 10259
1512062740000 10259
1512062740000 10259
1512062740000 10259
1512062740000 10260
1512062740000 10260
1512062740000 10260
1512062740000 10260
1512062750000 10210
1512062750000 10210
1512062750000 10210
1512062750000 10211
1512062750000 10211
1512062750000 10211
1512062750000 10211
1512062750000 10212
1512062750000 10212
1512062750000 10212
1512062750000 10213
1512062750000 10215
1512062750000 10215
1512062750000 10216
1512062750000 10216
1512062750000 10216
1512062750000 10217
1512062750000 10217
1512062750000 10218
1512062750000 10218
1512062750000 10218
1512062750000 10219
1512062750000 10219
1512062750000 10219
1512062750000 10220
1512062750000 10220
1512062750000 10220
1512062750000 10220
1512062750000 10221
1512062750000 10221
1512062750000 10221
1512062750000 10221
1512062750000 10221
1512062750000 10222
1512062750000 10222
1512062750000 10222
1512062750000 10222
1512062750000 10222
1512062750000 10223
1512062750000 10223
1512062750000 10225
1512062750000 10225
1512062750000 10226
1512062750000 10226
1512062750000 10226
1512062750000 10226
1512062750000 10227
1512062750000 10227
1512062750000 10227
1512062750000 10227
1512062750000 10227
1512062750000 10228
1512062750000 10228
1512062750000 10229
1512062750000 10229
1512062750000 10229
1512062750000 10229
1512062750000 10230
1512062750000 10230
1512062750000 10230
1512062750000 10230
1512062750000 10230
1512062750000 10232
1512062750000 10232
1512062750000 10233
1512062750000 10235
1512062750000 10235
1512062750000 10235
1512062750000 10235
1512062750000 10236
1512062750000 10236
1512062750000 10236
1512062750000 10236
1512062750000 10237
1512062750000 10237
1512062750000 10237
1512062750000 10237
1512062750000 10238
1512062750000 10238
1512062750000 10250
1512062750000 10251
1512062750000 10251
1512062750000 10252
1512062750000 10252
1512062750000 10252
1512062750000 10253
1512062750000 10254
1512062750000 10254
1512062750000 10254
1512062750000 10255
1512062750000 10256
1512062750000 10256
1512062750000 10256
1512062750000 10257
1512062750000 10257
1512062750000 10257
1512062750000 10258
1512062750000 10258
1512062750000 10258
1512062750000 10259
1512062760000 9295
1512062760000 9296
1512062760000 9296
1512062760000 9296
1512062760000 9296
1512062760000 9296
1512062760000 9296
1512062760000 9296
1512062760000 9296
1512062760000 9297
1512062760000 9297
1512062760000 9297
1512062760000 9297
1512062760000 9297
1512062760000 9297
1512062760000 9297
1512062760000 9297
1512062760000 9297
1512062760000 9298
1512062760000 9298
1512062760000 9298
1512062760000 9298
1512062760000 9298
1512062760000 9298
1512062760000 9298
1512062760000 9298
1512062760000 9298
1512062760000 9299
1512062760000 9299
1512062760000 9299
1512062760000 9299
1512062760000 9299
1512062760000 9299
1512062760000 9299
1512062760000 9299
1512062760000 9299
1512062760000 9299
1512062760000 9300
1512062760000 9300
1512062760000 9300
1512062760000 9300
1512062760000 9300
1512062760000 9300
1512062760000 9300
1512062760000 9300
1512062760000 9301
1512062760000 9301
1512062760000 9301
1512062760000 9301
1512062760000 9301
1512062760000 9301
1512062760000 9301
1512062760000 9302
1512062760000 9302
1512062760000 9302
1512062760000 9302
1512062760000 9302
1512062760000 9302
1512062760000 9303
1512062760000 9303
1512062760000 9303
1512062760000 9303
1512062760000 9304
1512062760000 9304
1512062760000 9305
1512062760000 9305
1512062760000 9305
1512062760000 9306
1512062760000 9306
1512062760000 9306
1512062760000 9307
1512062760000 9307
1512062760000 9308
1512062760000 9308
1512062760000 9308
1512062760000 9309
1512062760000 9309
1512062760000 9310
1512062760000 9310
1512062760000 9310
1512062760000 9354
1512062760000 9354
1512062760000 9355
1512062760000 9355
1512062760000 9355
1512062760000 9356
1512062760000 9356
1512062760000 9356
1512062760000 9356
1512062760000 9357
1512062760000 9357
1512062760000 9357
1512062760000 9358
1512062760000 9358
1512062760000 9358
1512062760000 9359
1512062760000 9359
1512062760000 9359
1512062760000 9360
1512062760000 9360
