1512121480000 300
1512121480000 303
1512121480000 303
1512121480000 303
1512121480000 303
1512121480000 303
1512121480000 303
1512121480000 303
1512121480000 304
1512121480000 304
1512121480000 304
1512121480000 304
1512121480000 305
1512121480000 305
1512121480000 306
1512121480000 306
1512121480000 306
1512121480000 306
1512121480000 307
1512121480000 307
1512121480000 307
1512121480000 308
1512121480000 308
1512121480000 308
1512121480000 308
1512121480000 309
1512121480000 309
1512121480000 313
1512121480000 314
1512121480000 335
1512121480000 335
1512121480000 335
1512121480000 335
1512121480000 335
1512121480000 335
1512121480000 336
1512121480000 336
1512121480000 336
1512121480000 336
1512121480000 336
1512121480000 336
1512121480000 336
1512121480000 336
1512121480000 337
1512121480000 337
1512121480000 337
1512121480000 337
1512121480000 337
1512121480000 337
1512121480000 337
1512121480000 337
1512121480000 337
1512121480000 337
1512121480000 337
1512121480000 337
1512121480000 337
1512121480000 338
1512121480000 338
1512121480000 338
1512121480000 338
1512121480000 338
1512121480000 338
1512121480000 338
1512121480000 338
1512121480000 338
1512121480000 338
1512121480000 338
1512121480000 338
1512121480000 338
1512121480000 338
1512121480000 338
1512121480000 338
1512121480000 339
1512121480000 339
1512121480000 339
1512121480000 339
1512121480000 339
1512121480000 339
1512121480000 339
1512121480000 339
1512121480000 339
1512121480000 339
1512121480000 339
1512121480000 339
1512121480000 339
1512121480000 339
1512121480000 339
1512121480000 340
1512121480000 340
1512121480000 340
1512121480000 340
1512121480000 340
1512121480000 340
1512121480000 340
1512121480000 346
1512121480000 346
1512121480000 346
1512121480000 346
1512121480000 347
1512121480000 347
1512121490000 303
1512121490000 303
1512121490000 304
1512121490000 304
1512121490000 304
1512121490000 304
1512121490000 304
1512121490000 304
1512121490000 304
1512121490000 304
1512121490000 304
1512121490000 305
1512121490000 305
1512121490000 305
1512121490000 305
1512121490000 305
1512121490000 305
1512121490000 305
1512121490000 305
1512121490000 305
1512121490000 305
1512121490000 305
1512121490000 305
1512121490000 305
1512121490000 305
1512121490000 305
1512121490000 305
1512121490000 306
1512121490000 306
1512121490000 306
1512121490000 306
1512121490000 306
1512121490000 306
1512121490000 306
1512121490000 306
1512121490000 306
1512121490000 306
1512121490000 306
1512121490000 306
1512121490000 306
1512121490000 306
1512121490000 306
1512121490000 306
1512121490000 306
1512121490000 306
1512121490000 306
1512121490000 306
1512121490000 306
1512121490000 306
1512121490000 306
1512121490000 306
1512121490000 306
1512121490000 306
1512121490000 306
1512121490000 306
1512121490000 307
1512121490000 307
1512121490000 307
1512121490000 307
1512121490000 307
1512121490000 307
1512121490000 307
1512121490000 307
1512121490000 307
1512121490000 307
1512121490000 307
1512121490000 307
1512121490000 307
1512121490000 307
1512121490000 307
1512121490000 307
1512121490000 307
1512121490000 307
1512121490000 307
1512121490000 307
1512121490000 307
1512121490000 308
1512121490000 308
1512121490000 308
1512121490000 308
1512121490000 308
1512121490000 308
1512121490000 308
1512121490000 308
1512121490000 308
1512121490000 309
1512121490000 309
1512121490000 309
1512121490000 309
1512121490000 309
1512121490000 309
1512121490000 309
1512121490000 310
1512121490000 310
1512121490000 310
1512121490000 310
1512121490000 310
1512121490000 311
1512121490000 311
1512121490000 329
1512121500000 302
1512121500000 302
1512121500000 302
1512121500000 302
1512121500000 302
1512121500000 302
1512121500000 302
1512121500000 302
1512121500000 302
1512121500000 303
1512121500000 303
1512121500000 303
1512121500000 303
1512121500000 303
1512121500000 303
1512121500000 303
1512121500000 303
1512121500000 303
1512121500000 303
1512121500000 303
1512121500000 303
1512121500000 303
1512121500000 303
1512121500000 303
1512121500000 304
1512121500000 304
1512121500000 304
1512121500000 304
1512121500000 304
1512121500000 304
1512121500000 304
1512121500000 304
1512121500000 304
1512121500000 304
1512121500000 304
1512121500000 304
1512121500000 304
1512121500000 304
1512121500000 304
1512121500000 304
1512121500000 304
1512121500000 304
1512121500000 304
1512121500000 304
1512121500000 305
1512121500000 305
1512121500000 305
1512121500000 305
1512121500000 305
1512121500000 305
1512121500000 305
1512121500000 305
1512121500000 305
1512121500000 305
1512121500000 306
1512121500000 306
1512121500000 306
1512121500000 306
1512121500000 306
1512121500000 306
1512121500000 306
1512121500000 306
1512121500000 306
1512121500000 306
1512121500000 306
1512121500000 306
1512121500000 306
1512121500000 306
1512121500000 306
1512121500000 307
1512121500000 307
1512121500000 307
1512121500000 307
1512121500000 307
1512121500000 307
1512121500000 307
1512121500000 307
1512121500000 307
1512121500000 307
1512121500000 307
1512121500000 307
1512121500000 307
1512121500000 307
1512121500000 308
1512121500000 308
1512121500000 308
1512121500000 308
1512121500000 308
1512121500000 308
1512121500000 308
1512121500000 308
1512121500000 309
1512121500000 309
1512121500000 309
1512121500000 309
1512121500000 309
1512121500000 310
1512121500000 310
1512121500000 311
1512121500000 311
1512121510000 302
1512121510000 302
1512121510000 302
1512121510000 302
1512121510000 302
1512121510000 302
1512121510000 302
1512121510000 302
1512121510000 302
1512121510000 302
1512121510000 303
1512121510000 303
1512121510000 303
1512121510000 303
1512121510000 303
1512121510000 303
1512121510000 303
1512121510000 303
1512121510000 303
1512121510000 303
1512121510000 303
1512121510000 303
1512121510000 303
1512121510000 303
1512121510000 303
1512121510000 304
1512121510000 304
1512121510000 304
1512121510000 304
1512121510000 304
1512121510000 304
1512121510000 304
1512121510000 304
1512121510000 304
1512121510000 304
1512121510000 304
1512121510000 304
1512121510000 304
1512121510000 304
1512121510000 304
1512121510000 304
1512121510000 304
1512121510000 304
1512121510000 305
1512121510000 305
1512121510000 305
1512121510000 305
1512121510000 305
1512121510000 305
1512121510000 305
1512121510000 305
1512121510000 305
1512121510000 305
1512121510000 305
1512121510000 305
1512121510000 305
1512121510000 305
1512121510000 306
1512121510000 306
1512121510000 306
1512121510000 306
1512121510000 306
1512121510000 306
1512121510000 306
1512121510000 306
1512121510000 306
1512121510000 306
1512121510000 306
1512121510000 306
1512121510000 306
1512121510000 306
1512121510000 306
1512121510000 307
1512121510000 307
1512121510000 307
1512121510000 307
1512121510000 307
1512121510000 307
1512121510000 307
1512121510000 307
1512121510000 307
1512121510000 307
1512121510000 308
1512121510000 308
1512121510000 308
1512121510000 308
1512121510000 308
1512121510000 308
1512121510000 308
1512121510000 308
1512121510000 309
1512121510000 309
1512121510000 313
1512121510000 313
1512121510000 314
1512121510000 314
1512121510000 322
1512121510000 322
1512121510000 329
1512121510000 330
1512121520000 297
1512121520000 297
1512121520000 297
1512121520000 297
1512121520000 297
1512121520000 297
1512121520000 297
1512121520000 297
1512121520000 298
1512121520000 298
1512121520000 298
1512121520000 298
1512121520000 298
1512121520000 298
1512121520000 298
1512121520000 298
1512121520000 298
1512121520000 298
1512121520000 298
1512121520000 298
1512121520000 299
1512121520000 299
1512121520000 299
1512121520000 299
1512121520000 299
1512121520000 299
1512121520000 299
1512121520000 299
1512121520000 299
1512121520000 299
1512121520000 299
1512121520000 300
1512121520000 300
1512121520000 300
1512121520000 300
1512121520000 300
1512121520000 300
1512121520000 300
1512121520000 300
1512121520000 300
1512121520000 300
1512121520000 300
1512121520000 300
1512121520000 300
1512121520000 300
1512121520000 300
1512121520000 300
1512121520000 301
1512121520000 301
1512121520000 301
1512121520000 301
1512121520000 301
1512121520000 301
1512121520000 301
1512121520000 301
1512121520000 301
1512121520000 301
1512121520000 301
1512121520000 301
1512121520000 301
1512121520000 301
1512121520000 301
1512121520000 301
1512121520000 301
1512121520000 301
1512121520000 301
1512121520000 301
1512121520000 301
1512121520000 301
1512121520000 302
1512121520000 302
1512121520000 302
1512121520000 302
1512121520000 302
1512121520000 302
1512121520000 302
1512121520000 302
1512121520000 302
1512121520000 302
1512121520000 302
1512121520000 302
1512121520000 302
1512121520000 303
1512121520000 303
1512121520000 303
1512121520000 303
1512121520000 303
1512121520000 303
1512121520000 303
1512121520000 303
1512121520000 303
1512121520000 304
1512121520000 304
1512121520000 304
1512121520000 304
1512121520000 304
1512121520000 304
1512121520000 305
1512121520000 306
1512121520000 307
1512121530000 313
1512121530000 314
1512121530000 314
1512121530000 314
1512121530000 314
1512121530000 314
1512121530000 314
1512121530000 314
1512121530000 314
1512121530000 314
1512121530000 314
1512121530000 314
1512121530000 314
1512121530000 314
1512121530000 314
1512121530000 314
1512121530000 314
1512121530000 314
1512121530000 314
1512121530000 314
1512121530000 314
1512121530000 314
1512121530000 314
1512121530000 314
1512121530000 314
1512121530000 314
1512121530000 314
1512121530000 314
1512121530000 314
1512121530000 314
1512121530000 314
1512121530000 314
1512121530000 314
1512121530000 315
1512121530000 315
1512121530000 315
1512121530000 315
1512121530000 315
1512121530000 315
1512121530000 315
1512121530000 315
1512121530000 315
1512121530000 315
1512121530000 315
1512121530000 315
1512121530000 315
1512121530000 316
1512121530000 316
1512121530000 316
1512121530000 316
1512121530000 316
1512121530000 316
1512121530000 316
1512121530000 316
1512121530000 316
1512121530000 316
1512121530000 316
1512121530000 316
1512121530000 316
1512121530000 316
1512121530000 316
1512121530000 316
1512121530000 317
1512121530000 317
1512121530000 317
1512121530000 317
1512121530000 317
1512121530000 317
1512121530000 317
1512121530000 317
1512121530000 317
1512121530000 317
1512121530000 317
1512121530000 317
1512121530000 317
1512121530000 318
1512121530000 318
1512121530000 318
1512121530000 318
1512121530000 318
1512121530000 318
1512121530000 320
1512121530000 322
1512121530000 323
1512121530000 323
1512121530000 324
1512121530000 325
1512121530000 325
1512121530000 326
1512121530000 326
1512121530000 326
1512121530000 327
1512121530000 327
1512121530000 328
1512121530000 328
1512121530000 329
1512121530000 331
1512121530000 332
1512121530000 332
1512121530000 333
1512121540000 300
1512121540000 300
1512121540000 300
1512121540000 301
1512121540000 301
1512121540000 301
1512121540000 301
1512121540000 301
1512121540000 301
1512121540000 301
1512121540000 301
1512121540000 301
1512121540000 301
1512121540000 301
1512121540000 301
1512121540000 301
1512121540000 301
1512121540000 301
1512121540000 301
1512121540000 302
1512121540000 302
1512121540000 302
1512121540000 302
1512121540000 302
1512121540000 302
1512121540000 302
1512121540000 302
1512121540000 302
1512121540000 302
1512121540000 302
1512121540000 302
1512121540000 302
1512121540000 302
1512121540000 302
1512121540000 302
1512121540000 302
1512121540000 302
1512121540000 302
1512121540000 302
1512121540000 303
1512121540000 303
1512121540000 303
1512121540000 303
1512121540000 303
1512121540000 303
1512121540000 303
1512121540000 303
1512121540000 303
1512121540000 303
1512121540000 303
1512121540000 304
1512121540000 304
1512121540000 304
1512121540000 304
1512121540000 304
1512121540000 304
1512121540000 304
1512121540000 304
1512121540000 304
1512121540000 305
1512121540000 305
1512121540000 305
1512121540000 305
1512121540000 305
1512121540000 305
1512121540000 305
1512121540000 305
1512121540000 305
1512121540000 305
1512121540000 305
1512121540000 305
1512121540000 305
1512121540000 305
1512121540000 305
1512121540000 305
1512121540000 305
1512121540000 306
1512121540000 306
1512121540000 306
1512121540000 306
1512121540000 306
1512121540000 306
1512121540000 306
1512121540000 306
1512121540000 306
1512121540000 306
1512121540000 306
1512121540000 307
1512121540000 307
1512121540000 307
1512121540000 307
1512121540000 307
1512121540000 307
1512121540000 307
1512121540000 307
1512121540000 308
1512121540000 308
1512121540000 308
1512121540000 308
1512121540000 309
1512121550000 303
1512121550000 303
1512121550000 303
1512121550000 303
1512121550000 303
1512121550000 303
1512121550000 303
1512121550000 303
1512121550000 303
1512121550000 303
1512121550000 303
1512121550000 303
1512121550000 303
1512121550000 303
1512121550000 303
1512121550000 304
1512121550000 304
1512121550000 304
1512121550000 304
1512121550000 304
1512121550000 304
1512121550000 304
1512121550000 304
1512121550000 304
1512121550000 304
1512121550000 304
1512121550000 304
1512121550000 304
1512121550000 304
1512121550000 304
1512121550000 304
1512121550000 304
1512121550000 304
1512121550000 304
1512121550000 304
1512121550000 304
1512121550000 305
1512121550000 305
1512121550000 305
1512121550000 305
1512121550000 305
1512121550000 305
1512121550000 305
1512121550000 305
1512121550000 305
1512121550000 305
1512121550000 305
1512121550000 305
1512121550000 305
1512121550000 305
1512121550000 305
1512121550000 305
1512121550000 305
1512121550000 305
1512121550000 305
1512121550000 305
1512121550000 305
1512121550000 305
1512121550000 305
1512121550000 305
1512121550000 305
1512121550000 306
1512121550000 306
1512121550000 306
1512121550000 306
1512121550000 306
1512121550000 306
1512121550000 306
1512121550000 306
1512121550000 306
1512121550000 306
1512121550000 306
1512121550000 306
1512121550000 306
1512121550000 306
1512121550000 306
1512121550000 306
1512121550000 306
1512121550000 307
1512121550000 307
1512121550000 307
1512121550000 307
1512121550000 307
1512121550000 307
1512121550000 307
1512121550000 307
1512121550000 307
1512121550000 307
1512121550000 307
1512121550000 308
1512121550000 308
1512121550000 308
1512121550000 308
1512121550000 308
1512121550000 309
1512121550000 309
1512121550000 309
1512121550000 310
1512121550000 334
1512121550000 335
1512121560000 301
1512121560000 301
1512121560000 301
1512121560000 302
1512121560000 302
1512121560000 302
1512121560000 302
1512121560000 302
1512121560000 302
1512121560000 302
1512121560000 302
1512121560000 302
1512121560000 302
1512121560000 302
1512121560000 302
1512121560000 302
1512121560000 302
1512121560000 302
1512121560000 302
1512121560000 302
1512121560000 302
1512121560000 302
1512121560000 302
1512121560000 303
1512121560000 303
1512121560000 303
1512121560000 303
1512121560000 303
1512121560000 303
1512121560000 303
1512121560000 303
1512121560000 303
1512121560000 303
1512121560000 303
1512121560000 303
1512121560000 303
1512121560000 303
1512121560000 304
1512121560000 304
1512121560000 304
1512121560000 304
1512121560000 304
1512121560000 304
1512121560000 304
1512121560000 304
1512121560000 304
1512121560000 304
1512121560000 304
1512121560000 304
1512121560000 304
1512121560000 304
1512121560000 304
1512121560000 304
1512121560000 304
1512121560000 304
1512121560000 304
1512121560000 304
1512121560000 304
1512121560000 304
1512121560000 304
1512121560000 305
1512121560000 305
1512121560000 305
1512121560000 305
1512121560000 305
1512121560000 305
1512121560000 305
1512121560000 305
1512121560000 305
1512121560000 305
1512121560000 305
1512121560000 305
1512121560000 305
1512121560000 305
1512121560000 305
1512121560000 305
1512121560000 306
1512121560000 306
1512121560000 306
1512121560000 306
1512121560000 306
1512121560000 306
1512121560000 306
1512121560000 306
1512121560000 306
1512121560000 306
1512121560000 306
1512121560000 306
1512121560000 307
1512121560000 307
1512121560000 307
1512121560000 307
1512121560000 307
1512121560000 307
1512121560000 308
1512121560000 308
1512121560000 309
1512121560000 309
1512121560000 325
1512121560000 325
1512121570000 300
1512121570000 300
1512121570000 300
1512121570000 300
1512121570000 300
1512121570000 301
1512121570000 301
1512121570000 301
1512121570000 301
1512121570000 301
1512121570000 301
1512121570000 301
1512121570000 301
1512121570000 301
1512121570000 301
1512121570000 301
1512121570000 301
1512121570000 301
1512121570000 301
1512121570000 301
1512121570000 301
1512121570000 301
1512121570000 301
1512121570000 301
1512121570000 302
1512121570000 302
1512121570000 302
1512121570000 302
1512121570000 302
1512121570000 302
1512121570000 302
1512121570000 302
1512121570000 302
1512121570000 302
1512121570000 302
1512121570000 302
1512121570000 302
1512121570000 302
1512121570000 303
1512121570000 303
1512121570000 303
1512121570000 303
1512121570000 303
1512121570000 303
1512121570000 303
1512121570000 303
1512121570000 303
1512121570000 303
1512121570000 303
1512121570000 303
1512121570000 303
1512121570000 304
1512121570000 304
1512121570000 304
1512121570000 304
1512121570000 304
1512121570000 304
1512121570000 304
1512121570000 304
1512121570000 304
1512121570000 304
1512121570000 304
1512121570000 304
1512121570000 304
1512121570000 304
1512121570000 305
1512121570000 305
1512121570000 305
1512121570000 305
1512121570000 305
1512121570000 305
1512121570000 305
1512121570000 305
1512121570000 305
1512121570000 306
1512121570000 306
1512121570000 306
1512121570000 306
1512121570000 306
1512121570000 306
1512121570000 306
1512121570000 307
1512121570000 307
1512121570000 307
1512121570000 307
1512121570000 307
1512121570000 307
1512121570000 307
1512121570000 307
1512121570000 308
1512121570000 308
1512121570000 308
1512121570000 308
1512121570000 309
1512121570000 309
1512121570000 332
1512121570000 332
1512121570000 333
1512121570000 333
1512121570000 333
1512121580000 300
1512121580000 300
1512121580000 300
1512121580000 300
1512121580000 300
1512121580000 300
1512121580000 300
1512121580000 300
1512121580000 301
1512121580000 301
1512121580000 301
1512121580000 301
1512121580000 301
1512121580000 301
1512121580000 301
1512121580000 301
1512121580000 301
1512121580000 301
1512121580000 301
1512121580000 301
1512121580000 301
1512121580000 301
1512121580000 301
1512121580000 301
1512121580000 301
1512121580000 302
1512121580000 302
1512121580000 302
1512121580000 302
1512121580000 302
1512121580000 302
1512121580000 302
1512121580000 302
1512121580000 302
1512121580000 302
1512121580000 302
1512121580000 302
1512121580000 302
1512121580000 302
1512121580000 303
1512121580000 303
1512121580000 303
1512121580000 303
1512121580000 303
1512121580000 303
1512121580000 303
1512121580000 303
1512121580000 303
1512121580000 303
1512121580000 303
1512121580000 303
1512121580000 303
1512121580000 303
1512121580000 303
1512121580000 303
1512121580000 303
1512121580000 304
1512121580000 304
1512121580000 304
1512121580000 304
1512121580000 304
1512121580000 304
1512121580000 304
1512121580000 304
1512121580000 304
1512121580000 304
1512121580000 304
1512121580000 304
1512121580000 304
1512121580000 304
1512121580000 304
1512121580000 304
1512121580000 305
1512121580000 305
1512121580000 305
1512121580000 305
1512121580000 305
1512121580000 305
1512121580000 305
1512121580000 305
1512121580000 306
1512121580000 306
1512121580000 306
1512121580000 307
1512121580000 307
1512121580000 308
1512121580000 308
1512121580000 308
1512121580000 309
1512121580000 313
1512121580000 314
1512121580000 324
1512121580000 326
1512121580000 327
1512121580000 328
1512121580000 329
1512121580000 330
1512121580000 330
1512121580000 330
1512121580000 331
1512121590000 301
1512121590000 301
1512121590000 302
1512121590000 302
1512121590000 302
1512121590000 302
1512121590000 302
1512121590000 302
1512121590000 302
1512121590000 302
1512121590000 302
1512121590000 302
1512121590000 302
1512121590000 302
1512121590000 302
1512121590000 302
1512121590000 302
1512121590000 302
1512121590000 302
1512121590000 302
1512121590000 302
1512121590000 302
1512121590000 302
1512121590000 302
1512121590000 302
1512121590000 302
1512121590000 302
1512121590000 302
1512121590000 302
1512121590000 303
1512121590000 303
1512121590000 303
1512121590000 303
1512121590000 303
1512121590000 303
1512121590000 303
1512121590000 303
1512121590000 303
1512121590000 303
1512121590000 303
1512121590000 303
1512121590000 303
1512121590000 303
1512121590000 303
1512121590000 303
1512121590000 303
1512121590000 303
1512121590000 303
1512121590000 303
1512121590000 303
1512121590000 303
1512121590000 303
1512121590000 303
1512121590000 303
1512121590000 303
1512121590000 303
1512121590000 303
1512121590000 304
1512121590000 304
1512121590000 304
1512121590000 304
1512121590000 304
1512121590000 304
1512121590000 304
1512121590000 304
1512121590000 304
1512121590000 304
1512121590000 304
1512121590000 304
1512121590000 304
1512121590000 305
1512121590000 305
1512121590000 305
1512121590000 305
1512121590000 305
1512121590000 305
1512121590000 305
1512121590000 305
1512121590000 305
1512121590000 305
1512121590000 305
1512121590000 306
1512121590000 306
1512121590000 306
1512121590000 306
1512121590000 306
1512121590000 306
1512121590000 306
1512121590000 307
1512121590000 307
1512121590000 307
1512121590000 307
1512121590000 307
1512121590000 313
1512121590000 314
1512121590000 320
1512121590000 344
1512121590000 345
1512121590000 346
1512121590000 346
1512121600000 296
1512121600000 297
1512121600000 297
1512121600000 297
1512121600000 297
1512121600000 297
1512121600000 297
1512121600000 297
1512121600000 297
1512121600000 297
1512121600000 297
1512121600000 297
1512121600000 297
1512121600000 297
1512121600000 297
1512121600000 297
1512121600000 298
1512121600000 298
1512121600000 298
1512121600000 298
1512121600000 298
1512121600000 298
1512121600000 298
1512121600000 298
1512121600000 298
1512121600000 298
1512121600000 298
1512121600000 298
1512121600000 298
1512121600000 298
1512121600000 298
1512121600000 298
1512121600000 298
1512121600000 299
1512121600000 299
1512121600000 299
1512121600000 299
1512121600000 299
1512121600000 299
1512121600000 299
1512121600000 299
1512121600000 299
1512121600000 299
1512121600000 299
1512121600000 299
1512121600000 299
1512121600000 299
1512121600000 299
1512121600000 299
1512121600000 299
1512121600000 299
1512121600000 299
1512121600000 299
1512121600000 299
1512121600000 299
1512121600000 299
1512121600000 299
1512121600000 300
1512121600000 300
1512121600000 300
1512121600000 300
1512121600000 300
1512121600000 300
1512121600000 300
1512121600000 300
1512121600000 300
1512121600000 300
1512121600000 300
1512121600000 300
1512121600000 300
1512121600000 300
1512121600000 300
1512121600000 301
1512121600000 301
1512121600000 301
1512121600000 301
1512121600000 301
1512121600000 301
1512121600000 301
1512121600000 301
1512121600000 302
1512121600000 302
1512121600000 302
1512121600000 303
1512121600000 303
1512121600000 303
1512121600000 304
1512121600000 304
1512121600000 316
1512121600000 316
1512121600000 316
1512121600000 317
1512121600000 324
1512121600000 325
1512121600000 325
1512121600000 325
1512121600000 326
1512121600000 326
1512121600000 327
1512121600000 328
1512121610000 307
1512121610000 307
1512121610000 308
1512121610000 308
1512121610000 308
1512121610000 308
1512121610000 308
1512121610000 308
1512121610000 308
1512121610000 308
1512121610000 308
1512121610000 308
1512121610000 308
1512121610000 308
1512121610000 308
1512121610000 308
1512121610000 308
1512121610000 308
1512121610000 308
1512121610000 308
1512121610000 308
1512121610000 308
1512121610000 308
1512121610000 309
1512121610000 309
1512121610000 309
1512121610000 309
1512121610000 309
1512121610000 309
1512121610000 309
1512121610000 309
1512121610000 309
1512121610000 309
1512121610000 309
1512121610000 309
1512121610000 309
1512121610000 309
1512121610000 309
1512121610000 309
1512121610000 309
1512121610000 309
1512121610000 309
1512121610000 309
1512121610000 310
1512121610000 310
1512121610000 310
1512121610000 310
1512121610000 310
1512121610000 310
1512121610000 310
1512121610000 310
1512121610000 310
1512121610000 310
1512121610000 310
1512121610000 310
1512121610000 310
1512121610000 310
1512121610000 310
1512121610000 310
1512121610000 310
1512121610000 310
1512121610000 310
1512121610000 310
1512121610000 310
1512121610000 310
1512121610000 310
1512121610000 310
1512121610000 310
1512121610000 311
1512121610000 311
1512121610000 311
1512121610000 311
1512121610000 311
1512121610000 311
1512121610000 311
1512121610000 311
1512121610000 311
1512121610000 311
1512121610000 311
1512121610000 311
1512121610000 311
1512121610000 311
1512121610000 311
1512121610000 311
1512121610000 311
1512121610000 311
1512121610000 311
1512121610000 311
1512121610000 311
1512121610000 311
1512121610000 312
1512121610000 312
1512121610000 312
1512121610000 316
1512121610000 316
1512121610000 317
1512121610000 317
1512121610000 334
1512121610000 334
1512121610000 335
1512121620000 345
1512121620000 345
1512121620000 345
1512121620000 346
1512121620000 346
1512121620000 346
1512121620000 346
1512121620000 346
1512121620000 346
1512121620000 346
1512121620000 346
1512121620000 346
1512121620000 346
1512121620000 346
1512121620000 346
1512121620000 346
1512121620000 346
1512121620000 346
1512121620000 346
1512121620000 346
1512121620000 346
1512121620000 346
1512121620000 347
1512121620000 347
1512121620000 347
1512121620000 347
1512121620000 347
1512121620000 347
1512121620000 347
1512121620000 347
1512121620000 347
1512121620000 347
1512121620000 347
1512121620000 347
1512121620000 347
1512121620000 347
1512121620000 347
1512121620000 347
1512121620000 347
1512121620000 347
1512121620000 347
1512121620000 347
1512121620000 347
1512121620000 347
1512121620000 347
1512121620000 347
1512121620000 348
1512121620000 348
1512121620000 348
1512121620000 348
1512121620000 348
1512121620000 348
1512121620000 348
1512121620000 348
1512121620000 348
1512121620000 348
1512121620000 348
1512121620000 348
1512121620000 348
1512121620000 348
1512121620000 348
1512121620000 348
1512121620000 348
1512121620000 348
1512121620000 348
1512121620000 348
1512121620000 348
1512121620000 348
1512121620000 348
1512121620000 348
1512121620000 348
1512121620000 348
1512121620000 348
1512121620000 349
1512121620000 349
1512121620000 349
1512121620000 349
1512121620000 349
1512121620000 349
1512121620000 349
1512121620000 349
1512121620000 349
1512121620000 349
1512121620000 349
1512121620000 349
1512121620000 349
1512121620000 349
1512121620000 349
1512121620000 349
1512121620000 350
1512121620000 350
1512121620000 350
1512121620000 350
1512121620000 351
1512121620000 355
1512121620000 355
1512121620000 355
1512121620000 356
1512121620000 356
1512121620000 357
1512121630000 299
1512121630000 299
1512121630000 299
1512121630000 299
1512121630000 299
1512121630000 300
1512121630000 300
1512121630000 300
1512121630000 300
1512121630000 300
1512121630000 300
1512121630000 300
1512121630000 300
1512121630000 300
1512121630000 300
1512121630000 300
1512121630000 300
1512121630000 300
1512121630000 300
1512121630000 300
1512121630000 300
1512121630000 300
1512121630000 300
1512121630000 300
1512121630000 300
1512121630000 301
1512121630000 301
1512121630000 301
1512121630000 301
1512121630000 301
1512121630000 301
1512121630000 301
1512121630000 301
1512121630000 301
1512121630000 301
1512121630000 301
1512121630000 301
1512121630000 301
1512121630000 301
1512121630000 301
1512121630000 301
1512121630000 301
1512121630000 301
1512121630000 301
1512121630000 301
1512121630000 301
1512121630000 301
1512121630000 302
1512121630000 302
1512121630000 302
1512121630000 302
1512121630000 302
1512121630000 302
1512121630000 302
1512121630000 302
1512121630000 302
1512121630000 302
1512121630000 302
1512121630000 302
1512121630000 302
1512121630000 302
1512121630000 302
1512121630000 302
1512121630000 303
1512121630000 303
1512121630000 303
1512121630000 303
1512121630000 303
1512121630000 303
1512121630000 303
1512121630000 303
1512121630000 303
1512121630000 303
1512121630000 303
1512121630000 304
1512121630000 304
1512121630000 304
1512121630000 304
1512121630000 304
1512121630000 304
1512121630000 304
1512121630000 304
1512121630000 304
1512121630000 304
1512121630000 304
1512121630000 304
1512121630000 305
1512121630000 305
1512121630000 305
1512121630000 306
1512121630000 307
1512121630000 308
1512121630000 308
1512121630000 309
1512121630000 333
1512121630000 333
1512121630000 334
1512121630000 334
1512121630000 334
1512121630000 334
1512121640000 297
1512121640000 298
1512121640000 298
1512121640000 298
1512121640000 298
1512121640000 298
1512121640000 298
1512121640000 298
1512121640000 298
1512121640000 298
1512121640000 298
1512121640000 298
1512121640000 298
1512121640000 298
1512121640000 298
1512121640000 298
1512121640000 299
1512121640000 299
1512121640000 299
1512121640000 299
1512121640000 299
1512121640000 299
1512121640000 299
1512121640000 299
1512121640000 299
1512121640000 299
1512121640000 299
1512121640000 299
1512121640000 299
1512121640000 299
1512121640000 299
1512121640000 299
1512121640000 299
1512121640000 300
1512121640000 300
1512121640000 300
1512121640000 300
1512121640000 300
1512121640000 300
1512121640000 300
1512121640000 300
1512121640000 300
1512121640000 300
1512121640000 300
1512121640000 300
1512121640000 300
1512121640000 300
1512121640000 300
1512121640000 300
1512121640000 300
1512121640000 300
1512121640000 300
1512121640000 300
1512121640000 300
1512121640000 300
1512121640000 301
1512121640000 301
1512121640000 301
1512121640000 301
1512121640000 301
1512121640000 301
1512121640000 301
1512121640000 301
1512121640000 301
1512121640000 301
1512121640000 301
1512121640000 301
1512121640000 301
1512121640000 301
1512121640000 301
1512121640000 301
1512121640000 302
1512121640000 302
1512121640000 302
1512121640000 302
1512121640000 302
1512121640000 302
1512121640000 302
1512121640000 302
1512121640000 303
1512121640000 303
1512121640000 303
1512121640000 303
1512121640000 303
1512121640000 303
1512121640000 303
1512121640000 303
1512121640000 303
1512121640000 304
1512121640000 304
1512121640000 304
1512121640000 304
1512121640000 304
1512121640000 304
1512121640000 305
1512121640000 318
1512121640000 319
1512121640000 320
1512121640000 320
1512121640000 327
1512121650000 302
1512121650000 302
1512121650000 302
1512121650000 302
1512121650000 302
1512121650000 302
1512121650000 302
1512121650000 302
1512121650000 302
1512121650000 303
1512121650000 303
1512121650000 303
1512121650000 303
1512121650000 303
1512121650000 303
1512121650000 303
1512121650000 303
1512121650000 303
1512121650000 303
1512121650000 303
1512121650000 303
1512121650000 303
1512121650000 303
1512121650000 303
1512121650000 303
1512121650000 304
1512121650000 304
1512121650000 304
1512121650000 304
1512121650000 304
1512121650000 304
1512121650000 304
1512121650000 304
1512121650000 304
1512121650000 304
1512121650000 304
1512121650000 304
1512121650000 304
1512121650000 304
1512121650000 304
1512121650000 304
1512121650000 304
1512121650000 304
1512121650000 304
1512121650000 304
1512121650000 304
1512121650000 304
1512121650000 304
1512121650000 304
1512121650000 304
1512121650000 305
1512121650000 305
1512121650000 305
1512121650000 305
1512121650000 305
1512121650000 305
1512121650000 305
1512121650000 305
1512121650000 305
1512121650000 306
1512121650000 306
1512121650000 306
1512121650000 306
1512121650000 306
1512121650000 306
1512121650000 306
1512121650000 306
1512121650000 306
1512121650000 306
1512121650000 306
1512121650000 306
1512121650000 306
1512121650000 306
1512121650000 306
1512121650000 306
1512121650000 306
1512121650000 307
1512121650000 307
1512121650000 307
1512121650000 307
1512121650000 307
1512121650000 307
1512121650000 307
1512121650000 307
1512121650000 307
1512121650000 307
1512121650000 307
1512121650000 307
1512121650000 307
1512121650000 308
1512121650000 308
1512121650000 308
1512121650000 308
1512121650000 308
1512121650000 308
1512121650000 308
1512121650000 308
1512121650000 308
1512121650000 309
1512121650000 309
1512121660000 301
1512121660000 301
1512121660000 301
1512121660000 301
1512121660000 302
1512121660000 302
1512121660000 302
1512121660000 302
1512121660000 302
1512121660000 302
1512121660000 302
1512121660000 302
1512121660000 302
1512121660000 302
1512121660000 302
1512121660000 302
1512121660000 302
1512121660000 302
1512121660000 303
1512121660000 303
1512121660000 303
1512121660000 303
1512121660000 303
1512121660000 303
1512121660000 303
1512121660000 303
1512121660000 303
1512121660000 303
1512121660000 303
1512121660000 303
1512121660000 303
1512121660000 303
1512121660000 304
1512121660000 304
1512121660000 304
1512121660000 304
1512121660000 304
1512121660000 304
1512121660000 304
1512121660000 304
1512121660000 304
1512121660000 304
1512121660000 304
1512121660000 304
1512121660000 304
1512121660000 305
1512121660000 305
1512121660000 305
1512121660000 305
1512121660000 305
1512121660000 305
1512121660000 305
1512121660000 305
1512121660000 305
1512121660000 305
1512121660000 306
1512121660000 306
1512121660000 306
1512121660000 306
1512121660000 306
1512121660000 306
1512121660000 306
1512121660000 306
1512121660000 306
1512121660000 306
1512121660000 306
1512121660000 306
1512121660000 306
1512121660000 306
1512121660000 307
1512121660000 307
1512121660000 307
1512121660000 307
1512121660000 307
1512121660000 307
1512121660000 307
1512121660000 307
1512121660000 307
1512121660000 307
1512121660000 307
1512121660000 307
1512121660000 307
1512121660000 307
1512121660000 308
1512121660000 308
1512121660000 308
1512121660000 308
1512121660000 308
1512121660000 308
1512121660000 308
1512121660000 308
1512121660000 309
1512121660000 309
1512121660000 309
1512121660000 310
1512121660000 310
1512121660000 310
1512121660000 310
1512121660000 311
1512121660000 311
1512121670000 299
1512121670000 299
1512121670000 299
1512121670000 299
1512121670000 299
1512121670000 299
1512121670000 300
1512121670000 300
1512121670000 300
1512121670000 300
1512121670000 300
1512121670000 300
1512121670000 300
1512121670000 300
1512121670000 300
1512121670000 300
1512121670000 300
1512121670000 300
1512121670000 300
1512121670000 300
1512121670000 300
1512121670000 300
1512121670000 300
1512121670000 300
1512121670000 300
1512121670000 300
1512121670000 300
1512121670000 300
1512121670000 300
1512121670000 300
1512121670000 301
1512121670000 301
1512121670000 301
1512121670000 301
1512121670000 301
1512121670000 301
1512121670000 301
1512121670000 301
1512121670000 301
1512121670000 301
1512121670000 301
1512121670000 301
1512121670000 301
1512121670000 302
1512121670000 302
1512121670000 302
1512121670000 302
1512121670000 302
1512121670000 302
1512121670000 302
1512121670000 302
1512121670000 302
1512121670000 302
1512121670000 302
1512121670000 303
1512121670000 303
1512121670000 303
1512121670000 303
1512121670000 303
1512121670000 303
1512121670000 303
1512121670000 303
1512121670000 303
1512121670000 303
1512121670000 304
1512121670000 304
1512121670000 304
1512121670000 304
1512121670000 304
1512121670000 304
1512121670000 304
1512121670000 304
1512121670000 305
1512121670000 305
1512121670000 305
1512121670000 305
1512121670000 305
1512121670000 305
1512121670000 305
1512121670000 306
1512121670000 306
1512121670000 306
1512121670000 306
1512121670000 306
1512121670000 306
1512121670000 307
1512121670000 307
1512121670000 307
1512121670000 308
1512121670000 309
1512121670000 309
1512121670000 310
1512121670000 311
1512121670000 319
1512121670000 326
1512121670000 327
1512121670000 327
1512121670000 328
1512121670000 369
1512121670000 370
1512121680000 373
1512121680000 373
1512121680000 373
1512121680000 373
1512121680000 374
1512121680000 374
1512121680000 374
1512121680000 374
1512121680000 374
1512121680000 374
1512121680000 374
1512121680000 374
1512121680000 374
1512121680000 375
1512121680000 375
1512121680000 375
1512121680000 375
1512121680000 375
1512121680000 375
1512121680000 375
1512121680000 376
1512121680000 376
1512121680000 376
1512121680000 376
1512121680000 376
1512121680000 376
1512121680000 376
1512121680000 376
1512121680000 376
1512121680000 376
1512121680000 377
1512121680000 377
1512121680000 378
1512121680000 378
1512121680000 378
1512121680000 378
1512121680000 378
1512121680000 378
1512121680000 378
1512121680000 379
1512121680000 379
1512121680000 379
1512121680000 379
1512121680000 379
1512121680000 380
1512121680000 380
1512121680000 380
1512121680000 380
1512121680000 380
1512121680000 380
1512121680000 381
1512121680000 381
1512121680000 381
1512121680000 381
1512121680000 381
1512121680000 381
1512121680000 381
1512121680000 381
1512121680000 381
1512121680000 381
1512121680000 381
1512121680000 382
1512121680000 382
1512121680000 382
1512121680000 382
1512121680000 382
1512121680000 382
1512121680000 383
1512121680000 383
1512121680000 383
1512121680000 383
1512121680000 383
1512121680000 383
1512121680000 383
1512121680000 384
1512121680000 384
1512121680000 384
1512121680000 384
1512121680000 385
1512121680000 385
1512121680000 386
1512121680000 386
1512121680000 387
1512121680000 387
1512121680000 388
1512121680000 396
1512121680000 397
1512121680000 397
1512121680000 397
1512121680000 398
1512121680000 398
1512121680000 763
1512121680000 766
1512121680000 768
1512121680000 795
1512121680000 803
1512121680000 804
1512121680000 805
1512121680000 809
1512121680000 810
1512121690000 300
1512121690000 300
1512121690000 300
1512121690000 300
1512121690000 300
1512121690000 300
1512121690000 300
1512121690000 300
1512121690000 300
1512121690000 300
1512121690000 301
1512121690000 301
1512121690000 301
1512121690000 301
1512121690000 301
1512121690000 301
1512121690000 301
1512121690000 301
1512121690000 301
1512121690000 301
1512121690000 301
1512121690000 301
1512121690000 301
1512121690000 301
1512121690000 301
1512121690000 301
1512121690000 301
1512121690000 301
1512121690000 302
1512121690000 302
1512121690000 302
1512121690000 302
1512121690000 302
1512121690000 302
1512121690000 302
1512121690000 302
1512121690000 302
1512121690000 302
1512121690000 302
1512121690000 302
1512121690000 302
1512121690000 302
1512121690000 302
1512121690000 302
1512121690000 302
1512121690000 302
1512121690000 302
1512121690000 303
1512121690000 303
1512121690000 303
1512121690000 303
1512121690000 303
1512121690000 303
1512121690000 303
1512121690000 303
1512121690000 303
1512121690000 303
1512121690000 303
1512121690000 303
1512121690000 303
1512121690000 303
1512121690000 303
1512121690000 303
1512121690000 303
1512121690000 304
1512121690000 304
1512121690000 304
1512121690000 304
1512121690000 304
1512121690000 304
1512121690000 304
1512121690000 304
1512121690000 304
1512121690000 304
1512121690000 304
1512121690000 304
1512121690000 304
1512121690000 304
1512121690000 305
1512121690000 305
1512121690000 305
1512121690000 305
1512121690000 305
1512121690000 306
1512121690000 306
1512121690000 306
1512121690000 309
1512121690000 309
1512121690000 310
1512121690000 310
1512121690000 310
1512121690000 310
1512121690000 311
1512121690000 314
1512121690000 314
1512121690000 317
1512121690000 317
1512121690000 318
1512121690000 318
1512121690000 319
1512121700000 301
1512121700000 301
1512121700000 302
1512121700000 302
1512121700000 302
1512121700000 302
1512121700000 302
1512121700000 302
1512121700000 302
1512121700000 302
1512121700000 302
1512121700000 302
1512121700000 302
1512121700000 302
1512121700000 302
1512121700000 302
1512121700000 302
1512121700000 302
1512121700000 302
1512121700000 302
1512121700000 302
1512121700000 303
1512121700000 303
1512121700000 303
1512121700000 303
1512121700000 303
1512121700000 303
1512121700000 303
1512121700000 303
1512121700000 303
1512121700000 303
1512121700000 303
1512121700000 303
1512121700000 303
1512121700000 303
1512121700000 303
1512121700000 303
1512121700000 303
1512121700000 303
1512121700000 303
1512121700000 303
1512121700000 304
1512121700000 304
1512121700000 304
1512121700000 304
1512121700000 304
1512121700000 304
1512121700000 304
1512121700000 304
1512121700000 304
1512121700000 304
1512121700000 304
1512121700000 304
1512121700000 304
1512121700000 304
1512121700000 304
1512121700000 304
1512121700000 305
1512121700000 305
1512121700000 305
1512121700000 305
1512121700000 305
1512121700000 305
1512121700000 305
1512121700000 305
1512121700000 305
1512121700000 305
1512121700000 305
1512121700000 305
1512121700000 305
1512121700000 305
1512121700000 305
1512121700000 305
1512121700000 306
1512121700000 306
1512121700000 306
1512121700000 306
1512121700000 306
1512121700000 306
1512121700000 306
1512121700000 306
1512121700000 306
1512121700000 306
1512121700000 306
1512121700000 306
1512121700000 306
1512121700000 307
1512121700000 308
1512121700000 308
1512121700000 309
1512121700000 315
1512121700000 320
1512121700000 321
1512121700000 321
1512121700000 321
1512121700000 324
1512121700000 324
1512121700000 351
1512121700000 351
1512121700000 354
1512121710000 3560
1512121710000 3560
1512121710000 3560
1512121710000 3560
1512121710000 3560
1512121710000 3563
1512121710000 3563
1512121710000 3563
1512121710000 3563
1512121710000 3564
1512121710000 3564
1512121710000 3565
1512121710000 3565
1512121710000 3565
1512121710000 3565
1512121710000 3566
1512121710000 3566
1512121710000 3566
1512121710000 3567
1512121710000 3568
1512121710000 3568
1512121710000 3568
1512121710000 3568
1512121710000 3568
1512121710000 3568
1512121710000 3569
1512121710000 3569
1512121710000 3569
1512121710000 3570
1512121710000 3570
1512121710000 3573
1512121710000 3573
1512121710000 3576
1512121710000 3577
1512121710000 3578
1512121710000 3580
1512121710000 3580
1512121710000 3580
1512121710000 3581
1512121710000 3582
1512121710000 3584
1512121710000 3585
1512121710000 3586
1512121710000 3586
1512121710000 3586
1512121710000 3586
1512121710000 3589
1512121710000 3589
1512121710000 3589
1512121710000 3590
1512121710000 3594
1512121710000 3594
1512121710000 3597
1512121710000 3597
1512121710000 3600
1512121710000 3600
1512121710000 3600
1512121710000 3603
1512121710000 3603
1512121710000 3603
1512121710000 3604
1512121710000 3604
1512121710000 3606
1512121710000 3606
1512121710000 3606
1512121710000 3606
1512121710000 3610
1512121710000 3611
1512121710000 3611
1512121710000 3611
1512121710000 3612
1512121710000 3612
1512121710000 3613
1512121710000 3613
1512121710000 3617
1512121710000 3618
1512121710000 3618
1512121710000 3619
1512121710000 3937
1512121710000 3941
1512121710000 3943
1512121710000 3943
1512121710000 3947
1512121710000 3947
1512121710000 3953
1512121710000 3954
1512121710000 3961
1512121710000 3961
1512121710000 3961
1512121710000 3962
1512121710000 3963
1512121710000 3963
1512121710000 3963
1512121710000 3964
1512121710000 3973
1512121710000 3975
1512121710000 3975
1512121710000 3976
1512121710000 3985
1512121710000 3986
1512121720000 336
1512121720000 336
1512121720000 336
1512121720000 336
1512121720000 336
1512121720000 336
1512121720000 336
1512121720000 336
1512121720000 336
1512121720000 336
1512121720000 336
1512121720000 336
1512121720000 336
1512121720000 336
1512121720000 336
1512121720000 336
1512121720000 336
1512121720000 336
1512121720000 336
1512121720000 336
1512121720000 336
1512121720000 336
1512121720000 336
1512121720000 336
1512121720000 337
1512121720000 337
1512121720000 337
1512121720000 337
1512121720000 337
1512121720000 337
1512121720000 337
1512121720000 337
1512121720000 337
1512121720000 337
1512121720000 337
1512121720000 337
1512121720000 337
1512121720000 337
1512121720000 337
1512121720000 337
1512121720000 337
1512121720000 337
1512121720000 337
1512121720000 337
1512121720000 337
1512121720000 337
1512121720000 337
1512121720000 337
1512121720000 337
1512121720000 337
1512121720000 337
1512121720000 337
1512121720000 337
1512121720000 337
1512121720000 338
1512121720000 338
1512121720000 338
1512121720000 338
1512121720000 338
1512121720000 338
1512121720000 338
1512121720000 338
1512121720000 338
1512121720000 338
1512121720000 338
1512121720000 338
1512121720000 338
1512121720000 338
1512121720000 338
1512121720000 338
1512121720000 338
1512121720000 338
1512121720000 338
1512121720000 338
1512121720000 338
1512121720000 338
1512121720000 339
1512121720000 339
1512121720000 339
1512121720000 339
1512121720000 339
1512121720000 339
1512121720000 339
1512121720000 339
1512121720000 339
1512121720000 339
1512121720000 339
1512121720000 339
1512121720000 339
1512121720000 339
1512121720000 339
1512121720000 339
1512121720000 340
1512121720000 340
1512121720000 340
1512121720000 340
1512121720000 340
1512121720000 360
1512121720000 360
1512121720000 360
1512121730000 329
1512121730000 329
1512121730000 329
1512121730000 329
1512121730000 329
1512121730000 329
1512121730000 329
1512121730000 329
1512121730000 329
1512121730000 329
1512121730000 329
1512121730000 330
1512121730000 330
1512121730000 330
1512121730000 330
1512121730000 330
1512121730000 330
1512121730000 330
1512121730000 330
1512121730000 330
1512121730000 330
1512121730000 330
1512121730000 330
1512121730000 330
1512121730000 330
1512121730000 331
1512121730000 331
1512121730000 331
1512121730000 331
1512121730000 331
1512121730000 331
1512121730000 331
1512121730000 331
1512121730000 331
1512121730000 331
1512121730000 331
1512121730000 331
1512121730000 331
1512121730000 331
1512121730000 331
1512121730000 331
1512121730000 331
1512121730000 331
1512121730000 331
1512121730000 331
1512121730000 331
1512121730000 331
1512121730000 332
1512121730000 332
1512121730000 332
1512121730000 332
1512121730000 332
1512121730000 332
1512121730000 332
1512121730000 332
1512121730000 332
1512121730000 332
1512121730000 332
1512121730000 332
1512121730000 332
1512121730000 332
1512121730000 332
1512121730000 332
1512121730000 332
1512121730000 332
1512121730000 332
1512121730000 332
1512121730000 332
1512121730000 332
1512121730000 332
1512121730000 332
1512121730000 332
1512121730000 332
1512121730000 332
1512121730000 332
1512121730000 332
1512121730000 333
1512121730000 333
1512121730000 333
1512121730000 333
1512121730000 333
1512121730000 333
1512121730000 333
1512121730000 333
1512121730000 333
1512121730000 333
1512121730000 333
1512121730000 333
1512121730000 333
1512121730000 333
1512121730000 333
1512121730000 334
1512121730000 334
1512121730000 334
1512121730000 334
1512121730000 335
1512121730000 335
1512121730000 335
1512121730000 336
1512121730000 336
1512121740000 337
1512121740000 338
1512121740000 338
1512121740000 338
1512121740000 338
1512121740000 338
1512121740000 338
1512121740000 338
1512121740000 338
1512121740000 338
1512121740000 339
1512121740000 339
1512121740000 339
1512121740000 339
1512121740000 339
1512121740000 339
1512121740000 339
1512121740000 339
1512121740000 339
1512121740000 339
1512121740000 339
1512121740000 339
1512121740000 339
1512121740000 339
1512121740000 339
1512121740000 339
1512121740000 339
1512121740000 339
1512121740000 339
1512121740000 339
1512121740000 339
1512121740000 339
1512121740000 339
1512121740000 339
1512121740000 339
1512121740000 339
1512121740000 339
1512121740000 339
1512121740000 339
1512121740000 339
1512121740000 339
1512121740000 339
1512121740000 339
1512121740000 339
1512121740000 339
1512121740000 339
1512121740000 339
1512121740000 339
1512121740000 339
1512121740000 339
1512121740000 339
1512121740000 339
1512121740000 339
1512121740000 340
1512121740000 340
1512121740000 340
1512121740000 340
1512121740000 340
1512121740000 340
1512121740000 340
1512121740000 340
1512121740000 340
1512121740000 340
1512121740000 340
1512121740000 340
1512121740000 340
1512121740000 340
1512121740000 340
1512121740000 340
1512121740000 340
1512121740000 340
1512121740000 340
1512121740000 340
1512121740000 341
1512121740000 341
1512121740000 341
1512121740000 341
1512121740000 341
1512121740000 341
1512121740000 341
1512121740000 341
1512121740000 341
1512121740000 341
1512121740000 341
1512121740000 341
1512121740000 341
1512121740000 341
1512121740000 341
1512121740000 341
1512121740000 342
1512121740000 342
1512121740000 342
1512121740000 364
1512121740000 364
1512121740000 365
1512121740000 365
1512121740000 366
1512121740000 366
1512121740000 366
1512121740000 366
1512121750000 323
1512121750000 323
1512121750000 323
1512121750000 323
1512121750000 323
1512121750000 323
1512121750000 323
1512121750000 323
1512121750000 323
1512121750000 324
1512121750000 324
1512121750000 324
1512121750000 324
1512121750000 324
1512121750000 324
1512121750000 324
1512121750000 324
1512121750000 324
1512121750000 324
1512121750000 324
1512121750000 324
1512121750000 324
1512121750000 324
1512121750000 324
1512121750000 324
1512121750000 324
1512121750000 324
1512121750000 324
1512121750000 324
1512121750000 324
1512121750000 324
1512121750000 324
1512121750000 324
1512121750000 324
1512121750000 324
1512121750000 324
1512121750000 324
1512121750000 324
1512121750000 324
1512121750000 325
1512121750000 325
1512121750000 325
1512121750000 325
1512121750000 325
1512121750000 325
1512121750000 325
1512121750000 325
1512121750000 325
1512121750000 325
1512121750000 325
1512121750000 325
1512121750000 325
1512121750000 325
1512121750000 325
1512121750000 325
1512121750000 325
1512121750000 325
1512121750000 326
1512121750000 326
1512121750000 326
1512121750000 326
1512121750000 326
1512121750000 326
1512121750000 326
1512121750000 326
1512121750000 326
1512121750000 326
1512121750000 327
1512121750000 327
1512121750000 327
1512121750000 327
1512121750000 327
1512121750000 327
1512121750000 327
1512121750000 327
1512121750000 327
1512121750000 327
1512121750000 327
1512121750000 327
1512121750000 327
1512121750000 327
1512121750000 327
1512121750000 327
1512121750000 327
1512121750000 327
1512121750000 328
1512121750000 328
1512121750000 328
1512121750000 328
1512121750000 328
1512121750000 328
1512121750000 328
1512121750000 328
1512121750000 328
1512121750000 328
1512121750000 328
1512121750000 328
1512121750000 328
1512121750000 328
1512121750000 329
1512121760000 319
1512121760000 319
1512121760000 319
1512121760000 319
1512121760000 319
1512121760000 319
1512121760000 319
1512121760000 319
1512121760000 319
1512121760000 319
1512121760000 319
1512121760000 319
1512121760000 319
1512121760000 319
1512121760000 319
1512121760000 319
1512121760000 319
1512121760000 319
1512121760000 319
1512121760000 320
1512121760000 320
1512121760000 320
1512121760000 320
1512121760000 320
1512121760000 320
1512121760000 320
1512121760000 320
1512121760000 320
1512121760000 320
1512121760000 320
1512121760000 320
1512121760000 320
1512121760000 320
1512121760000 320
1512121760000 320
1512121760000 320
1512121760000 320
1512121760000 321
1512121760000 321
1512121760000 321
1512121760000 321
1512121760000 321
1512121760000 321
1512121760000 321
1512121760000 321
1512121760000 321
1512121760000 321
1512121760000 321
1512121760000 321
1512121760000 321
1512121760000 321
1512121760000 321
1512121760000 321
1512121760000 321
1512121760000 321
1512121760000 321
1512121760000 321
1512121760000 321
1512121760000 321
1512121760000 321
1512121760000 321
1512121760000 321
1512121760000 321
1512121760000 321
1512121760000 321
1512121760000 321
1512121760000 322
1512121760000 322
1512121760000 322
1512121760000 322
1512121760000 322
1512121760000 322
1512121760000 322
1512121760000 322
1512121760000 322
1512121760000 322
1512121760000 322
1512121760000 322
1512121760000 322
1512121760000 322
1512121760000 322
1512121760000 322
1512121760000 322
1512121760000 322
1512121760000 322
1512121760000 322
1512121760000 323
1512121760000 323
1512121760000 323
1512121760000 323
1512121760000 323
1512121760000 338
1512121760000 339
1512121760000 339
1512121760000 340
1512121760000 340
1512121760000 343
1512121760000 343
1512121760000 343
1512121760000 344
1512121770000 322
1512121770000 322
1512121770000 322
1512121770000 322
1512121770000 322
1512121770000 322
1512121770000 322
1512121770000 323
1512121770000 323
1512121770000 323
1512121770000 323
1512121770000 323
1512121770000 323
1512121770000 323
1512121770000 323
1512121770000 323
1512121770000 323
1512121770000 323
1512121770000 323
1512121770000 323
1512121770000 323
1512121770000 323
1512121770000 323
1512121770000 323
1512121770000 323
1512121770000 323
1512121770000 323
1512121770000 323
1512121770000 323
1512121770000 323
1512121770000 323
1512121770000 323
1512121770000 323
1512121770000 323
1512121770000 323
1512121770000 323
1512121770000 323
1512121770000 323
1512121770000 323
1512121770000 323
1512121770000 323
1512121770000 323
1512121770000 324
1512121770000 324
1512121770000 324
1512121770000 324
1512121770000 324
1512121770000 324
1512121770000 324
1512121770000 324
1512121770000 324
1512121770000 324
1512121770000 324
1512121770000 324
1512121770000 324
1512121770000 324
1512121770000 324
1512121770000 324
1512121770000 324
1512121770000 324
1512121770000 324
1512121770000 324
1512121770000 324
1512121770000 324
1512121770000 324
1512121770000 324
1512121770000 324
1512121770000 324
1512121770000 324
1512121770000 324
1512121770000 325
1512121770000 325
1512121770000 325
1512121770000 325
1512121770000 325
1512121770000 325
1512121770000 325
1512121770000 325
1512121770000 325
1512121770000 325
1512121770000 325
1512121770000 325
1512121770000 325
1512121770000 325
1512121770000 325
1512121770000 325
1512121770000 325
1512121770000 326
1512121770000 326
1512121770000 326
1512121770000 326
1512121770000 327
1512121770000 327
1512121770000 327
1512121770000 327
1512121770000 327
1512121770000 328
1512121770000 328
1512121770000 329
1512121770000 330
1512121780000 300
1512121780000 300
1512121780000 300
1512121780000 300
1512121780000 300
1512121780000 300
1512121780000 300
1512121780000 300
1512121780000 300
1512121780000 300
1512121780000 300
1512121780000 300
1512121780000 300
1512121780000 300
1512121780000 300
1512121780000 300
1512121780000 300
1512121780000 300
1512121780000 300
1512121780000 300
1512121780000 300
1512121780000 300
1512121780000 300
1512121780000 300
1512121780000 301
1512121780000 301
1512121780000 301
1512121780000 301
1512121780000 301
1512121780000 301
1512121780000 301
1512121780000 301
1512121780000 301
1512121780000 301
1512121780000 301
1512121780000 301
1512121780000 301
1512121780000 301
1512121780000 301
1512121780000 301
1512121780000 301
1512121780000 301
1512121780000 301
1512121780000 301
1512121780000 301
1512121780000 301
1512121780000 301
1512121780000 301
1512121780000 301
1512121780000 301
1512121780000 301
1512121780000 301
1512121780000 302
1512121780000 302
1512121780000 302
1512121780000 302
1512121780000 302
1512121780000 302
1512121780000 302
1512121780000 302
1512121780000 302
1512121780000 302
1512121780000 302
1512121780000 302
1512121780000 302
1512121780000 302
1512121780000 302
1512121780000 302
1512121780000 302
1512121780000 302
1512121780000 302
1512121780000 302
1512121780000 302
1512121780000 302
1512121780000 302
1512121780000 302
1512121780000 302
1512121780000 302
1512121780000 302
1512121780000 303
1512121780000 303
1512121780000 303
1512121780000 303
1512121780000 303
1512121780000 303
1512121780000 303
1512121780000 303
1512121780000 303
1512121780000 321
1512121780000 322
1512121780000 322
1512121780000 323
1512121780000 323
1512121780000 324
1512121780000 324
1512121780000 324
1512121780000 328
1512121780000 328
1512121780000 329
1512121780000 329
1512121790000 356
1512121790000 356
1512121790000 356
1512121790000 356
1512121790000 356
1512121790000 356
1512121790000 356
1512121790000 356
1512121790000 356
1512121790000 356
1512121790000 357
1512121790000 357
1512121790000 357
1512121790000 357
1512121790000 357
1512121790000 357
1512121790000 357
1512121790000 357
1512121790000 357
1512121790000 357
1512121790000 357
1512121790000 357
1512121790000 357
1512121790000 357
1512121790000 357
1512121790000 357
1512121790000 357
1512121790000 357
1512121790000 357
1512121790000 357
1512121790000 357
1512121790000 357
1512121790000 358
1512121790000 358
1512121790000 358
1512121790000 358
1512121790000 358
1512121790000 358
1512121790000 358
1512121790000 358
1512121790000 358
1512121790000 358
1512121790000 358
1512121790000 358
1512121790000 358
1512121790000 358
1512121790000 358
1512121790000 358
1512121790000 358
1512121790000 358
1512121790000 358
1512121790000 358
1512121790000 358
1512121790000 358
1512121790000 358
1512121790000 358
1512121790000 358
1512121790000 359
1512121790000 359
1512121790000 359
1512121790000 359
1512121790000 359
1512121790000 359
1512121790000 359
1512121790000 359
1512121790000 359
1512121790000 359
1512121790000 359
1512121790000 359
1512121790000 359
1512121790000 359
1512121790000 359
1512121790000 359
1512121790000 359
1512121790000 359
1512121790000 359
1512121790000 359
1512121790000 359
1512121790000 360
1512121790000 360
1512121790000 360
1512121790000 360
1512121790000 360
1512121790000 360
1512121790000 360
1512121790000 360
1512121790000 360
1512121790000 360
1512121790000 360
1512121790000 360
1512121790000 360
1512121790000 360
1512121790000 360
1512121790000 360
1512121790000 361
1512121790000 361
1512121790000 361
1512121790000 361
1512121790000 362
1512121790000 363
1512121800000 337
1512121800000 337
1512121800000 337
1512121800000 337
1512121800000 337
1512121800000 337
1512121800000 337
1512121800000 337
1512121800000 337
1512121800000 337
1512121800000 337
1512121800000 337
1512121800000 337
1512121800000 337
1512121800000 338
1512121800000 338
1512121800000 338
1512121800000 338
1512121800000 338
1512121800000 338
1512121800000 338
1512121800000 338
1512121800000 338
1512121800000 338
1512121800000 338
1512121800000 338
1512121800000 338
1512121800000 338
1512121800000 338
1512121800000 338
1512121800000 338
1512121800000 338
1512121800000 338
1512121800000 338
1512121800000 339
1512121800000 339
1512121800000 339
1512121800000 339
1512121800000 339
1512121800000 339
1512121800000 339
1512121800000 339
1512121800000 339
1512121800000 339
1512121800000 339
1512121800000 339
1512121800000 339
1512121800000 339
1512121800000 339
1512121800000 339
1512121800000 339
1512121800000 339
1512121800000 339
1512121800000 340
1512121800000 340
1512121800000 340
1512121800000 340
1512121800000 340
1512121800000 340
1512121800000 341
1512121800000 341
1512121800000 341
1512121800000 341
1512121800000 341
1512121800000 341
1512121800000 341
1512121800000 341
1512121800000 341
1512121800000 341
1512121800000 341
1512121800000 341
1512121800000 341
1512121800000 341
1512121800000 341
1512121800000 341
1512121800000 341
1512121800000 341
1512121800000 341
1512121800000 341
1512121800000 341
1512121800000 341
1512121800000 341
1512121800000 342
1512121800000 342
1512121800000 342
1512121800000 342
1512121800000 342
1512121800000 342
1512121800000 342
1512121800000 342
1512121800000 342
1512121800000 342
1512121800000 342
1512121800000 342
1512121800000 342
1512121800000 343
1512121800000 362
1512121800000 362
1512121800000 364
1512121800000 365
1512121810000 310
1512121810000 310
1512121810000 310
1512121810000 310
1512121810000 310
1512121810000 310
1512121810000 310
1512121810000 310
1512121810000 310
1512121810000 310
1512121810000 310
1512121810000 310
1512121810000 310
1512121810000 310
1512121810000 310
1512121810000 310
1512121810000 310
1512121810000 311
1512121810000 311
1512121810000 311
1512121810000 311
1512121810000 311
1512121810000 311
1512121810000 311
1512121810000 311
1512121810000 311
1512121810000 311
1512121810000 311
1512121810000 311
1512121810000 311
1512121810000 311
1512121810000 311
1512121810000 311
1512121810000 311
1512121810000 311
1512121810000 311
1512121810000 311
1512121810000 311
1512121810000 311
1512121810000 311
1512121810000 311
1512121810000 311
1512121810000 311
1512121810000 311
1512121810000 311
1512121810000 311
1512121810000 311
1512121810000 311
1512121810000 311
1512121810000 311
1512121810000 311
1512121810000 311
1512121810000 311
1512121810000 312
1512121810000 312
1512121810000 312
1512121810000 312
1512121810000 312
1512121810000 312
1512121810000 312
1512121810000 312
1512121810000 312
1512121810000 312
1512121810000 312
1512121810000 312
1512121810000 312
1512121810000 312
1512121810000 312
1512121810000 312
1512121810000 312
1512121810000 312
1512121810000 312
1512121810000 312
1512121810000 312
1512121810000 312
1512121810000 312
1512121810000 312
1512121810000 312
1512121810000 312
1512121810000 312
1512121810000 313
1512121810000 313
1512121810000 313
1512121810000 313
1512121810000 313
1512121810000 313
1512121810000 313
1512121810000 313
1512121810000 313
1512121810000 313
1512121810000 313
1512121810000 313
1512121810000 313
1512121810000 323
1512121810000 325
1512121810000 325
1512121810000 327
1512121810000 328
1512121810000 328
1512121810000 329
1512121820000 355
1512121820000 355
1512121820000 355
1512121820000 355
1512121820000 355
1512121820000 355
1512121820000 355
1512121820000 355
1512121820000 355
1512121820000 355
1512121820000 355
1512121820000 355
1512121820000 355
1512121820000 356
1512121820000 356
1512121820000 356
1512121820000 356
1512121820000 356
1512121820000 356
1512121820000 356
1512121820000 356
1512121820000 356
1512121820000 356
1512121820000 356
1512121820000 356
1512121820000 356
1512121820000 356
1512121820000 356
1512121820000 356
1512121820000 356
1512121820000 356
1512121820000 356
1512121820000 356
1512121820000 356
1512121820000 356
1512121820000 356
1512121820000 356
1512121820000 356
1512121820000 356
1512121820000 356
1512121820000 356
1512121820000 357
1512121820000 357
1512121820000 357
1512121820000 357
1512121820000 357
1512121820000 357
1512121820000 357
1512121820000 357
1512121820000 357
1512121820000 357
1512121820000 357
1512121820000 357
1512121820000 357
1512121820000 357
1512121820000 357
1512121820000 357
1512121820000 357
1512121820000 357
1512121820000 357
1512121820000 357
1512121820000 357
1512121820000 357
1512121820000 357
1512121820000 357
1512121820000 357
1512121820000 357
1512121820000 358
1512121820000 358
1512121820000 358
1512121820000 358
1512121820000 358
1512121820000 358
1512121820000 358
1512121820000 358
1512121820000 358
1512121820000 358
1512121820000 358
1512121820000 358
1512121820000 358
1512121820000 358
1512121820000 358
1512121820000 358
1512121820000 358
1512121820000 358
1512121820000 358
1512121820000 358
1512121820000 358
1512121820000 358
1512121820000 358
1512121820000 359
1512121820000 359
1512121820000 359
1512121820000 359
1512121820000 359
1512121820000 359
1512121820000 359
1512121820000 359
1512121820000 359
1512121820000 360
1512121830000 313
1512121830000 313
1512121830000 313
1512121830000 313
1512121830000 313
1512121830000 313
1512121830000 313
1512121830000 313
1512121830000 313
1512121830000 313
1512121830000 313
1512121830000 313
1512121830000 313
1512121830000 313
1512121830000 313
1512121830000 313
1512121830000 313
1512121830000 313
1512121830000 313
1512121830000 313
1512121830000 313
1512121830000 313
1512121830000 313
1512121830000 313
1512121830000 313
1512121830000 313
1512121830000 313
1512121830000 313
1512121830000 313
1512121830000 314
1512121830000 314
1512121830000 314
1512121830000 314
1512121830000 314
1512121830000 314
1512121830000 314
1512121830000 314
1512121830000 314
1512121830000 314
1512121830000 314
1512121830000 314
1512121830000 314
1512121830000 314
1512121830000 314
1512121830000 314
1512121830000 314
1512121830000 314
1512121830000 314
1512121830000 314
1512121830000 314
1512121830000 314
1512121830000 314
1512121830000 314
1512121830000 315
1512121830000 315
1512121830000 315
1512121830000 315
1512121830000 315
1512121830000 315
1512121830000 315
1512121830000 315
1512121830000 315
1512121830000 315
1512121830000 315
1512121830000 315
1512121830000 315
1512121830000 315
1512121830000 315
1512121830000 315
1512121830000 315
1512121830000 315
1512121830000 315
1512121830000 315
1512121830000 316
1512121830000 316
1512121830000 316
1512121830000 316
1512121830000 316
1512121830000 316
1512121830000 316
1512121830000 316
1512121830000 316
1512121830000 316
1512121830000 316
1512121830000 316
1512121830000 316
1512121830000 323
1512121830000 323
1512121830000 324
1512121830000 324
1512121830000 324
1512121830000 325
1512121830000 325
1512121830000 328
1512121830000 329
1512121830000 330
1512121830000 331
1512121830000 332
1512121830000 332
1512121830000 332
1512121840000 320
1512121840000 320
1512121840000 320
1512121840000 321
1512121840000 321
1512121840000 321
1512121840000 321
1512121840000 321
1512121840000 321
1512121840000 321
1512121840000 321
1512121840000 321
1512121840000 321
1512121840000 321
1512121840000 321
1512121840000 321
1512121840000 321
1512121840000 321
1512121840000 321
1512121840000 321
1512121840000 321
1512121840000 321
1512121840000 321
1512121840000 321
1512121840000 321
1512121840000 321
1512121840000 321
1512121840000 321
1512121840000 321
1512121840000 321
1512121840000 321
1512121840000 322
1512121840000 322
1512121840000 322
1512121840000 322
1512121840000 322
1512121840000 322
1512121840000 322
1512121840000 322
1512121840000 322
1512121840000 322
1512121840000 322
1512121840000 322
1512121840000 322
1512121840000 322
1512121840000 322
1512121840000 322
1512121840000 322
1512121840000 322
1512121840000 322
1512121840000 322
1512121840000 322
1512121840000 322
1512121840000 322
1512121840000 322
1512121840000 322
1512121840000 322
1512121840000 322
1512121840000 322
1512121840000 322
1512121840000 322
1512121840000 322
1512121840000 322
1512121840000 322
1512121840000 323
1512121840000 323
1512121840000 323
1512121840000 323
1512121840000 323
1512121840000 323
1512121840000 323
1512121840000 323
1512121840000 323
1512121840000 323
1512121840000 323
1512121840000 323
1512121840000 323
1512121840000 323
1512121840000 323
1512121840000 323
1512121840000 323
1512121840000 323
1512121840000 323
1512121840000 323
1512121840000 323
1512121840000 323
1512121840000 323
1512121840000 323
1512121840000 324
1512121840000 324
1512121840000 324
1512121840000 324
1512121840000 324
1512121840000 324
1512121840000 324
1512121840000 324
1512121840000 324
1512121840000 324
1512121840000 338
1512121840000 338
1512121850000 431
1512121850000 431
1512121850000 431
1512121850000 434
1512121850000 434
1512121850000 435
1512121850000 435
1512121850000 435
1512121850000 435
1512121850000 435
1512121850000 435
1512121850000 436
1512121850000 436
1512121850000 436
1512121850000 436
1512121850000 436
1512121850000 436
1512121850000 436
1512121850000 436
1512121850000 436
1512121850000 436
1512121850000 436
1512121850000 436
1512121850000 436
1512121850000 436
1512121850000 436
1512121850000 436
1512121850000 436
1512121850000 436
1512121850000 436
1512121850000 436
1512121850000 436
1512121850000 436
1512121850000 436
1512121850000 436
1512121850000 436
1512121850000 436
1512121850000 436
1512121850000 436
1512121850000 436
1512121850000 436
1512121850000 436
1512121850000 436
1512121850000 436
1512121850000 436
1512121850000 436
1512121850000 436
1512121850000 437
1512121850000 437
1512121850000 437
1512121850000 437
1512121850000 437
1512121850000 437
1512121850000 437
1512121850000 437
1512121850000 438
1512121850000 438
1512121850000 438
1512121850000 438
1512121850000 438
1512121850000 438
1512121850000 438
1512121850000 438
1512121850000 439
1512121850000 439
1512121850000 439
1512121850000 439
1512121850000 439
1512121850000 439
1512121850000 439
1512121850000 439
1512121850000 439
1512121850000 439
1512121850000 439
1512121850000 439
1512121850000 439
1512121850000 439
1512121850000 439
1512121850000 439
1512121850000 440
1512121850000 440
1512121850000 440
1512121850000 440
1512121850000 440
1512121850000 440
1512121850000 440
1512121850000 440
1512121850000 440
1512121850000 440
1512121850000 441
1512121850000 441
1512121850000 441
1512121850000 441
1512121850000 441
1512121850000 441
1512121850000 441
1512121850000 442
1512121850000 442
1512121850000 442
1512121850000 442
1512121860000 315
1512121860000 315
1512121860000 316
1512121860000 316
1512121860000 316
1512121860000 316
1512121860000 316
1512121860000 316
1512121860000 316
1512121860000 316
1512121860000 316
1512121860000 316
1512121860000 316
1512121860000 316
1512121860000 316
1512121860000 316
1512121860000 316
1512121860000 316
1512121860000 316
1512121860000 316
1512121860000 316
1512121860000 316
1512121860000 316
1512121860000 316
1512121860000 316
1512121860000 316
1512121860000 316
1512121860000 316
1512121860000 316
1512121860000 316
1512121860000 316
1512121860000 316
1512121860000 316
1512121860000 316
1512121860000 316
1512121860000 316
1512121860000 316
1512121860000 316
1512121860000 316
1512121860000 316
1512121860000 316
1512121860000 316
1512121860000 316
1512121860000 316
1512121860000 317
1512121860000 317
1512121860000 317
1512121860000 317
1512121860000 317
1512121860000 317
1512121860000 317
1512121860000 317
1512121860000 317
1512121860000 317
1512121860000 317
1512121860000 317
1512121860000 317
1512121860000 317
1512121860000 317
1512121860000 317
1512121860000 317
1512121860000 318
1512121860000 318
1512121860000 318
1512121860000 318
1512121860000 318
1512121860000 318
1512121860000 318
1512121860000 318
1512121860000 318
1512121860000 318
1512121860000 318
1512121860000 318
1512121860000 318
1512121860000 318
1512121860000 318
1512121860000 318
1512121860000 318
1512121860000 318
1512121860000 318
1512121860000 318
1512121860000 318
1512121860000 319
1512121860000 319
1512121860000 319
1512121860000 319
1512121860000 319
1512121860000 319
1512121860000 319
1512121860000 319
1512121860000 319
1512121860000 319
1512121860000 320
1512121860000 320
1512121860000 342
1512121860000 343
1512121860000 344
1512121860000 344
1512121860000 345
1512121860000 345
1512121870000 431
1512121870000 432
1512121870000 432
1512121870000 432
1512121870000 432
1512121870000 432
1512121870000 432
1512121870000 432
1512121870000 432
1512121870000 432
1512121870000 432
1512121870000 432
1512121870000 432
1512121870000 432
1512121870000 432
1512121870000 433
1512121870000 433
1512121870000 433
1512121870000 433
1512121870000 433
1512121870000 433
1512121870000 433
1512121870000 433
1512121870000 433
1512121870000 433
1512121870000 433
1512121870000 433
1512121870000 433
1512121870000 434
1512121870000 434
1512121870000 434
1512121870000 434
1512121870000 434
1512121870000 434
1512121870000 434
1512121870000 434
1512121870000 434
1512121870000 434
1512121870000 434
1512121870000 434
1512121870000 434
1512121870000 434
1512121870000 434
1512121870000 435
1512121870000 435
1512121870000 435
1512121870000 435
1512121870000 435
1512121870000 435
1512121870000 435
1512121870000 435
1512121870000 435
1512121870000 435
1512121870000 435
1512121870000 436
1512121870000 436
1512121870000 436
1512121870000 436
1512121870000 436
1512121870000 436
1512121870000 436
1512121870000 437
1512121870000 437
1512121870000 437
1512121870000 437
1512121870000 437
1512121870000 437
1512121870000 437
1512121870000 437
1512121870000 437
1512121870000 437
1512121870000 438
1512121870000 438
1512121870000 438
1512121870000 438
1512121870000 438
1512121870000 438
1512121870000 438
1512121870000 438
1512121870000 438
1512121870000 438
1512121870000 438
1512121870000 438
1512121870000 438
1512121870000 438
1512121870000 438
1512121870000 439
1512121870000 439
1512121870000 439
1512121870000 439
1512121870000 439
1512121870000 442
1512121870000 443
1512121870000 443
1512121870000 444
1512121870000 458
1512121870000 458
1512121870000 460
1512121870000 460
1512121870000 461
1512121880000 -3915
1512121880000 -3929
1512121880000 -3945
1512121880000 -3953
1512121880000 -3955
1512121880000 -3958
1512121880000 -3961
1512121880000 -3962
1512121880000 -3962
1512121880000 -3963
1512121880000 -3963
1512121880000 -3963
1512121880000 -3970
1512121880000 -3970
1512121880000 -3971
1512121880000 -3971
1512121880000 -3972
1512121880000 -3972
1512121880000 -3972
1512121880000 -3974
1512121880000 -3974
1512121880000 -3974
1512121880000 -3974
1512121880000 -3974
1512121880000 -3974
1512121880000 -3974
1512121880000 -3974
1512121880000 -3974
1512121880000 -3974
1512121880000 -3975
1512121880000 -3975
1512121880000 -3975
1512121880000 -3975
1512121880000 -3975
1512121880000 -3975
1512121880000 -3975
1512121880000 -3975
1512121880000 -3975
1512121880000 -3976
1512121880000 -3978
1512121880000 -3998
1512121880000 -3998
1512121880000 -3998
1512121880000 -3998
1512121880000 -3998
1512121880000 -4914
1512121880000 -4945
1512121880000 -4945
1512121880000 -4948
1512121880000 -4953
1512121880000 -4955
1512121880000 -4958
1512121880000 -4958
1512121880000 -4958
1512121880000 -4959
1512121880000 -4959
1512121880000 -4962
1512121880000 -4962
1512121880000 -4963
1512121880000 -4964
1512121880000 -4964
1512121880000 -4964
1512121880000 -4969
1512121880000 -4970
1512121880000 -4970
1512121880000 -4971
1512121880000 -4971
1512121880000 -4971
1512121880000 -4971
1512121880000 -4972
1512121880000 -4972
1512121880000 -4972
1512121880000 -4972
1512121880000 -4972
1512121880000 -4973
1512121880000 -4973
1512121880000 -4973
1512121880000 -4973
1512121880000 -4973
1512121880000 -4973
1512121880000 -4973
1512121880000 -4974
1512121880000 -4974
1512121880000 -4974
1512121880000 -4974
1512121880000 -4974
1512121880000 -4974
1512121880000 -4974
1512121880000 -4975
1512121880000 -4978
1512121880000 -4995
1512121880000 -4995
1512121880000 -4995
1512121880000 -4995
1512121880000 -4995
1512121880000 -4995
1512121880000 -5958
1512121880000 -5968
1512121880000 -5972
1512121880000 -5998
