1512144490000 10671
1512144490000 10671
1512144490000 10672
1512144490000 10672
1512144490000 10672
1512144490000 10673
1512144490000 10673
1512144490000 10673
1512144490000 10674
1512144490000 10674
1512144490000 10674
1512144490000 10674
1512144490000 10675
1512144490000 10675
1512144490000 10675
1512144490000 10676
1512144490000 10676
1512144490000 10676
1512144490000 10677
1512144490000 10677
1512144490000 10677
1512144490000 10678
1512144490000 10678
1512144490000 10680
1512144490000 10680
1512144490000 10681
1512144490000 10681
1512144490000 10682
1512144490000 10682
1512144490000 10683
1512144490000 10683
1512144490000 10683
1512144490000 10684
1512144490000 10684
1512144490000 10685
1512144490000 10686
1512144490000 10686
1512144490000 10686
1512144490000 10687
1512144490000 10687
1512144490000 10688
1512144490000 10688
1512144490000 10689
1512144490000 10689
1512144490000 10690
1512144490000 10694
1512144490000 10695
1512144490000 10696
1512144490000 10696
1512144490000 10697
1512144490000 10697
1512144490000 10697
1512144490000 10698
1512144490000 10698
1512144490000 10699
1512144490000 10699
1512144490000 10700
1512144490000 10700
1512144490000 10701
1512144490000 10701
1512144490000 10702
1512144490000 10702
1512144490000 11309
1512144490000 11310
1512144490000 11310
1512144490000 11311
1512144490000 11312
1512144490000 11312
1512144490000 11313
1512144490000 11313
1512144490000 11314
1512144490000 11314
1512144490000 11315
1512144490000 11315
1512144490000 11316
1512144490000 11317
1512144490000 11317
1512144490000 11318
1512144490000 11318
1512144490000 11319
1512144490000 11319
1512144490000 11320
1512144490000 11793
1512144490000 11793
1512144490000 11794
1512144490000 11794
1512144490000 11795
1512144490000 11795
1512144490000 11796
1512144490000 11796
1512144490000 11797
1512144490000 11797
1512144490000 11798
1512144490000 11798
1512144490000 11799
1512144490000 11799
1512144490000 11800
1512144490000 11800
1512144490000 11801
1512144490000 11802
1512144500000 10108
1512144500000 10109
1512144500000 10109
1512144500000 10109
1512144500000 10110
1512144500000 10110
1512144500000 10111
1512144500000 10111
1512144500000 10112
1512144500000 10112
1512144500000 10113
1512144500000 10113
1512144500000 10113
1512144500000 10114
1512144500000 10114
1512144500000 10115
1512144500000 10115
1512144500000 10116
1512144500000 10116
1512144500000 10153
1512144500000 10153
1512144500000 10154
1512144500000 10154
1512144500000 10155
1512144500000 10155
1512144500000 10156
1512144500000 10156
1512144500000 10156
1512144500000 10157
1512144500000 10157
1512144500000 10158
1512144500000 10158
1512144500000 10159
1512144500000 10159
1512144500000 10160
1512144500000 10160
1512144500000 10160
1512144500000 10253
1512144500000 10253
1512144500000 10253
1512144500000 10253
1512144500000 10254
1512144500000 10254
1512144500000 10254
1512144500000 10255
1512144500000 10255
1512144500000 10255
1512144500000 10255
1512144500000 10255
1512144500000 10256
1512144500000 10256
1512144500000 10256
1512144500000 10256
1512144500000 10256
1512144500000 10256
1512144500000 10256
1512144500000 10256
1512144500000 10257
1512144500000 10257
1512144500000 10257
1512144500000 10257
1512144500000 10257
1512144500000 10257
1512144500000 10257
1512144500000 10257
1512144500000 10257
1512144500000 10258
1512144500000 10258
1512144500000 10258
1512144500000 10258
1512144500000 10258
1512144500000 10258
1512144500000 10258
1512144500000 10258
1512144500000 10259
1512144500000 10259
1512144500000 10259
1512144500000 10259
1512144500000 10259
1512144500000 10259
1512144500000 10259
1512144500000 10260
1512144500000 10260
1512144500000 10260
1512144500000 10260
1512144500000 10260
1512144500000 10260
1512144500000 10261
1512144500000 10261
1512144500000 10261
1512144500000 10261
1512144500000 10261
1512144500000 10261
1512144500000 10262
1512144500000 10262
1512144500000 10263
1512144500000 10263
1512144500000 10263
1512144500000 10264
1512144500000 10264
1512144510000 10162
1512144510000 10162
1512144510000 10163
1512144510000 10163
1512144510000 10163
1512144510000 10164
1512144510000 10164
1512144510000 10164
1512144510000 10164
1512144510000 10164
1512144510000 10164
1512144510000 10165
1512144510000 10165
1512144510000 10165
1512144510000 10165
1512144510000 10166
1512144510000 10166
1512144510000 10166
1512144510000 10166
1512144510000 10167
1512144510000 10167
1512144510000 10167
1512144510000 10167
1512144510000 10168
1512144510000 10168
1512144510000 10168
1512144510000 10168
1512144510000 10168
1512144510000 10168
1512144510000 10169
1512144510000 10169
1512144510000 10169
1512144510000 10169
1512144510000 10170
1512144510000 10170
1512144510000 10170
1512144510000 10170
1512144510000 10171
1512144510000 10171
1512144510000 10172
1512144510000 10172
1512144510000 10173
1512144510000 10246
1512144510000 10247
1512144510000 10247
1512144510000 10247
1512144510000 10248
1512144510000 10248
1512144510000 10248
1512144510000 10248
1512144510000 10249
1512144510000 10249
1512144510000 10249
1512144510000 10250
1512144510000 10250
1512144510000 10250
1512144510000 10250
1512144510000 10251
1512144510000 10252
1512144510000 10252
1512144510000 10252
1512144510000 10253
1512144510000 10253
1512144510000 10253
1512144510000 10253
1512144510000 10253
1512144510000 10253
1512144510000 10254
1512144510000 10254
1512144510000 10254
1512144510000 10254
1512144510000 10254
1512144510000 10254
1512144510000 10254
1512144510000 10255
1512144510000 10255
1512144510000 10255
1512144510000 10255
1512144510000 10255
1512144510000 10255
1512144510000 10256
1512144510000 10256
1512144510000 10256
1512144510000 10256
1512144510000 10256
1512144510000 10256
1512144510000 10257
1512144510000 10257
1512144510000 10257
1512144510000 10257
1512144510000 10257
1512144510000 10257
1512144510000 10257
1512144510000 10258
1512144510000 10258
1512144510000 10258
1512144510000 10258
1512144510000 10259
1512144510000 10259
1512144510000 10259
1512144520000 10148
1512144520000 10149
1512144520000 10149
1512144520000 10150
1512144520000 10150
1512144520000 10151
1512144520000 10151
1512144520000 10152
1512144520000 10152
1512144520000 10153
1512144520000 10153
1512144520000 10154
1512144520000 10154
1512144520000 10154
1512144520000 10155
1512144520000 10155
1512144520000 10156
1512144520000 10156
1512144520000 10157
1512144520000 10244
1512144520000 10245
1512144520000 10245
1512144520000 10245
1512144520000 10246
1512144520000 10246
1512144520000 10246
1512144520000 10246
1512144520000 10247
1512144520000 10247
1512144520000 10247
1512144520000 10248
1512144520000 10248
1512144520000 10248
1512144520000 10248
1512144520000 10249
1512144520000 10249
1512144520000 10249
1512144520000 10249
1512144520000 10249
1512144520000 10250
1512144520000 10250
1512144520000 10250
1512144520000 10250
1512144520000 10251
1512144520000 10251
1512144520000 10251
1512144520000 10252
1512144520000 10252
1512144520000 10252
1512144520000 10253
1512144520000 10253
1512144520000 10253
1512144520000 10253
1512144520000 10254
1512144520000 10254
1512144520000 10255
1512144520000 10256
1512144520000 10256
1512144520000 10256
1512144520000 10257
1512144520000 10257
1512144520000 10257
1512144520000 10257
1512144520000 10258
1512144520000 10258
1512144520000 10258
1512144520000 10259
1512144520000 10259
1512144520000 10259
1512144520000 10259
1512144520000 10260
1512144520000 10260
1512144520000 10260
1512144520000 10260
1512144520000 10261
1512144520000 10261
1512144520000 10261
1512144520000 10262
1512144520000 10291
1512144520000 10292
1512144520000 10292
1512144520000 10293
1512144520000 10293
1512144520000 10294
1512144520000 10294
1512144520000 10295
1512144520000 10295
1512144520000 10296
1512144520000 10296
1512144520000 10297
1512144520000 10297
1512144520000 10298
1512144520000 10298
1512144520000 10299
1512144520000 10299
1512144520000 10300
1512144520000 10300
1512144520000 10301
1512144520000 10301
1512144520000 10302
1512144530000 10076
1512144530000 10076
1512144530000 10076
1512144530000 10077
1512144530000 10077
1512144530000 10078
1512144530000 10078
1512144530000 10078
1512144530000 10079
1512144530000 10079
1512144530000 10080
1512144530000 10080
1512144530000 10080
1512144530000 10081
1512144530000 10081
1512144530000 10081
1512144530000 10082
1512144530000 10082
1512144530000 10083
1512144530000 10085
1512144530000 10086
1512144530000 10086
1512144530000 10086
1512144530000 10086
1512144530000 10087
1512144530000 10087
1512144530000 10087
1512144530000 10087
1512144530000 10087
1512144530000 10088
1512144530000 10088
1512144530000 10088
1512144530000 10088
1512144530000 10088
1512144530000 10089
1512144530000 10089
1512144530000 10089
1512144530000 10089
1512144530000 10090
1512144530000 10090
1512144530000 10090
1512144530000 10090
1512144530000 10091
1512144530000 10091
1512144530000 10091
1512144530000 10091
1512144530000 10091
1512144530000 10092
1512144530000 10092
1512144530000 10092
1512144530000 10092
1512144530000 10093
1512144530000 10093
1512144530000 10093
1512144530000 10093
1512144530000 10094
1512144530000 10135
1512144530000 10135
1512144530000 10136
1512144530000 10136
1512144530000 10137
1512144530000 10137
1512144530000 10138
1512144530000 10138
1512144530000 10139
1512144530000 10139
1512144530000 10140
1512144530000 10140
1512144530000 10141
1512144530000 10141
1512144530000 10141
1512144530000 10142
1512144530000 10297
1512144530000 10298
1512144530000 10298
1512144530000 10298
1512144530000 10299
1512144530000 10299
1512144530000 10300
1512144530000 10300
1512144530000 10300
1512144530000 10301
1512144530000 10301
1512144530000 10302
1512144530000 10302
1512144530000 10302
1512144530000 10303
1512144530000 10303
1512144530000 10303
1512144530000 10304
1512144530000 10304
1512144530000 10305
1512144530000 10305
1512144530000 10305
1512144530000 10306
1512144530000 10306
1512144530000 10306
1512144530000 10307
1512144530000 10307
1512144530000 10307
1512144540000 10096
1512144540000 10096
1512144540000 10096
1512144540000 10097
1512144540000 10097
1512144540000 10098
1512144540000 10098
1512144540000 10099
1512144540000 10099
1512144540000 10099
1512144540000 10099
1512144540000 10099
1512144540000 10100
1512144540000 10100
1512144540000 10100
1512144540000 10100
1512144540000 10100
1512144540000 10101
1512144540000 10101
1512144540000 10101
1512144540000 10101
1512144540000 10101
1512144540000 10101
1512144540000 10102
1512144540000 10102
1512144540000 10102
1512144540000 10102
1512144540000 10102
1512144540000 10102
1512144540000 10103
1512144540000 10103
1512144540000 10103
1512144540000 10103
1512144540000 10103
1512144540000 10103
1512144540000 10103
1512144540000 10104
1512144540000 10104
1512144540000 10104
1512144540000 10104
1512144540000 10104
1512144540000 10104
1512144540000 10104
1512144540000 10105
1512144540000 10105
1512144540000 10105
1512144540000 10105
1512144540000 10106
1512144540000 10106
1512144540000 10106
1512144540000 10106
1512144540000 10107
1512144540000 10107
1512144540000 10108
1512144540000 10139
1512144540000 10139
1512144540000 10140
1512144540000 10140
1512144540000 10141
1512144540000 10141
1512144540000 10141
1512144540000 10142
1512144540000 10142
1512144540000 10142
1512144540000 10142
1512144540000 10143
1512144540000 10143
1512144540000 10143
1512144540000 10143
1512144540000 10143
1512144540000 10143
1512144540000 10144
1512144540000 10144
1512144540000 10144
1512144540000 10144
1512144540000 10144
1512144540000 10145
1512144540000 10145
1512144540000 10145
1512144540000 10145
1512144540000 10145
1512144540000 10146
1512144540000 10146
1512144540000 10146
1512144540000 10147
1512144540000 10147
1512144540000 10147
1512144540000 10148
1512144540000 10148
1512144540000 10149
1512144540000 10149
1512144540000 10242
1512144540000 10243
1512144540000 10243
1512144540000 10243
1512144540000 10243
1512144540000 10244
1512144540000 10244
1512144540000 10244
1512144540000 10244
1512144550000 10144
1512144550000 10144
1512144550000 10145
1512144550000 10145
1512144550000 10146
1512144550000 10146
1512144550000 10147
1512144550000 10147
1512144550000 10148
1512144550000 10148
1512144550000 10149
1512144550000 10149
1512144550000 10149
1512144550000 10150
1512144550000 10150
1512144550000 10151
1512144550000 10151
1512144550000 10151
1512144550000 10152
1512144550000 10152
1512144550000 10152
1512144550000 10152
1512144550000 10153
1512144550000 10153
1512144550000 10153
1512144550000 10153
1512144550000 10154
1512144550000 10154
1512144550000 10155
1512144550000 10155
1512144550000 10155
1512144550000 10156
1512144550000 10156
1512144550000 10157
1512144550000 10157
1512144550000 10157
1512144550000 10158
1512144550000 10158
1512144550000 10159
1512144550000 10159
1512144550000 10159
1512144550000 10251
1512144550000 10251
1512144550000 10251
1512144550000 10252
1512144550000 10252
1512144550000 10252
1512144550000 10252
1512144550000 10252
1512144550000 10252
1512144550000 10253
1512144550000 10253
1512144550000 10253
1512144550000 10253
1512144550000 10253
1512144550000 10253
1512144550000 10253
1512144550000 10254
1512144550000 10254
1512144550000 10254
1512144550000 10254
1512144550000 10254
1512144550000 10254
1512144550000 10254
1512144550000 10255
1512144550000 10255
1512144550000 10255
1512144550000 10255
1512144550000 10255
1512144550000 10255
1512144550000 10255
1512144550000 10256
1512144550000 10256
1512144550000 10256
1512144550000 10256
1512144550000 10256
1512144550000 10256
1512144550000 10256
1512144550000 10257
1512144550000 10257
1512144550000 10257
1512144550000 10257
1512144550000 10260
1512144550000 10260
1512144550000 10261
1512144550000 10261
1512144550000 10261
1512144550000 10262
1512144550000 10262
1512144550000 10262
1512144550000 10262
1512144550000 10262
1512144550000 10263
1512144550000 10263
1512144550000 10263
1512144550000 10263
1512144550000 10264
1512144550000 10264
1512144550000 10264
1512144550000 10264
1512144560000 10162
1512144560000 10162
1512144560000 10163
1512144560000 10163
1512144560000 10163
1512144560000 10164
1512144560000 10164
1512144560000 10165
1512144560000 10165
1512144560000 10165
1512144560000 10166
1512144560000 10166
1512144560000 10166
1512144560000 10167
1512144560000 10167
1512144560000 10167
1512144560000 10167
1512144560000 10168
1512144560000 10168
1512144560000 10168
1512144560000 10168
1512144560000 10168
1512144560000 10168
1512144560000 10169
1512144560000 10169
1512144560000 10169
1512144560000 10169
1512144560000 10169
1512144560000 10170
1512144560000 10170
1512144560000 10170
1512144560000 10171
1512144560000 10171
1512144560000 10171
1512144560000 10172
1512144560000 10172
1512144560000 10172
1512144560000 10173
1512144560000 10173
1512144560000 10173
1512144560000 10174
1512144560000 10174
1512144560000 10175
1512144560000 10175
1512144560000 10175
1512144560000 10176
1512144560000 10176
1512144560000 10176
1512144560000 10177
1512144560000 10177
1512144560000 10248
1512144560000 10249
1512144560000 10249
1512144560000 10249
1512144560000 10249
1512144560000 10249
1512144560000 10250
1512144560000 10250
1512144560000 10250
1512144560000 10250
1512144560000 10250
1512144560000 10250
1512144560000 10250
1512144560000 10250
1512144560000 10250
1512144560000 10251
1512144560000 10251
1512144560000 10251
1512144560000 10251
1512144560000 10251
1512144560000 10251
1512144560000 10251
1512144560000 10251
1512144560000 10251
1512144560000 10252
1512144560000 10252
1512144560000 10252
1512144560000 10252
1512144560000 10252
1512144560000 10252
1512144560000 10252
1512144560000 10252
1512144560000 10252
1512144560000 10253
1512144560000 10253
1512144560000 10253
1512144560000 10253
1512144560000 10253
1512144560000 10253
1512144560000 10253
1512144560000 10253
1512144560000 10254
1512144560000 10254
1512144560000 10254
1512144560000 10254
1512144560000 10254
1512144560000 10254
1512144560000 10255
1512144560000 10255
1512144560000 10255
1512144570000 10166
1512144570000 10166
1512144570000 10167
1512144570000 10167
1512144570000 10168
1512144570000 10168
1512144570000 10168
1512144570000 10169
1512144570000 10170
1512144570000 10170
1512144570000 10170
1512144570000 10171
1512144570000 10171
1512144570000 10172
1512144570000 10172
1512144570000 10172
1512144570000 10173
1512144570000 10173
1512144570000 10174
1512144570000 10174
1512144570000 10174
1512144570000 10175
1512144570000 10250
1512144570000 10251
1512144570000 10251
1512144570000 10251
1512144570000 10252
1512144570000 10252
1512144570000 10252
1512144570000 10252
1512144570000 10253
1512144570000 10253
1512144570000 10254
1512144570000 10254
1512144570000 10254
1512144570000 10254
1512144570000 10255
1512144570000 10255
1512144570000 10255
1512144570000 10255
1512144570000 10255
1512144570000 10255
1512144570000 10255
1512144570000 10256
1512144570000 10256
1512144570000 10256
1512144570000 10256
1512144570000 10256
1512144570000 10256
1512144570000 10256
1512144570000 10257
1512144570000 10257
1512144570000 10257
1512144570000 10257
1512144570000 10257
1512144570000 10257
1512144570000 10257
1512144570000 10258
1512144570000 10258
1512144570000 10258
1512144570000 10258
1512144570000 10258
1512144570000 10258
1512144570000 10258
1512144570000 10259
1512144570000 10259
1512144570000 10259
1512144570000 10259
1512144570000 10259
1512144570000 10259
1512144570000 10260
1512144570000 10260
1512144570000 10260
1512144570000 10260
1512144570000 10260
1512144570000 10260
1512144570000 10261
1512144570000 10261
1512144570000 10261
1512144570000 10261
1512144570000 10261
1512144570000 10261
1512144570000 10262
1512144570000 10262
1512144570000 10262
1512144570000 10262
1512144570000 10263
1512144570000 10263
1512144570000 10295
1512144570000 10296
1512144570000 10296
1512144570000 10297
1512144570000 10297
1512144570000 10297
1512144570000 10298
1512144570000 10298
1512144570000 10298
1512144570000 10299
1512144570000 10299
1512144570000 10300
1512144580000 10143
1512144580000 10144
1512144580000 10144
1512144580000 10145
1512144580000 10145
1512144580000 10146
1512144580000 10146
1512144580000 10146
1512144580000 10147
1512144580000 10147
1512144580000 10148
1512144580000 10148
1512144580000 10149
1512144580000 10149
1512144580000 10149
1512144580000 10150
1512144580000 10150
1512144580000 10151
1512144580000 10151
1512144580000 10152
1512144580000 10157
1512144580000 10158
1512144580000 10158
1512144580000 10158
1512144580000 10159
1512144580000 10159
1512144580000 10160
1512144580000 10160
1512144580000 10160
1512144580000 10161
1512144580000 10161
1512144580000 10162
1512144580000 10162
1512144580000 10162
1512144580000 10163
1512144580000 10163
1512144580000 10164
1512144580000 10164
1512144580000 10249
1512144580000 10250
1512144580000 10250
1512144580000 10250
1512144580000 10250
1512144580000 10251
1512144580000 10251
1512144580000 10251
1512144580000 10251
1512144580000 10252
1512144580000 10252
1512144580000 10252
1512144580000 10253
1512144580000 10253
1512144580000 10253
1512144580000 10253
1512144580000 10254
1512144580000 10254
1512144580000 10254
1512144580000 10254
1512144580000 10255
1512144580000 10255
1512144580000 10255
1512144580000 10255
1512144580000 10256
1512144580000 10256
1512144580000 10256
1512144580000 10256
1512144580000 10257
1512144580000 10257
1512144580000 10257
1512144580000 10257
1512144580000 10257
1512144580000 10258
1512144580000 10258
1512144580000 10258
1512144580000 10258
1512144580000 10259
1512144580000 10259
1512144580000 10260
1512144580000 10260
1512144580000 10260
1512144580000 10260
1512144580000 10261
1512144580000 10261
1512144580000 10261
1512144580000 10261
1512144580000 10262
1512144580000 10262
1512144580000 10262
1512144580000 10262
1512144580000 10263
1512144580000 10263
1512144580000 10263
1512144580000 10263
1512144580000 10264
1512144580000 10264
1512144580000 10264
1512144580000 10264
1512144580000 10265
1512144580000 10265
1512144580000 10265
1512144590000 10150
1512144590000 10150
1512144590000 10150
1512144590000 10151
1512144590000 10152
1512144590000 10152
1512144590000 10152
1512144590000 10153
1512144590000 10153
1512144590000 10154
1512144590000 10154
1512144590000 10155
1512144590000 10155
1512144590000 10156
1512144590000 10156
1512144590000 10156
1512144590000 10157
1512144590000 10157
1512144590000 10158
1512144590000 10158
1512144590000 10158
1512144590000 10243
1512144590000 10244
1512144590000 10244
1512144590000 10244
1512144590000 10244
1512144590000 10245
1512144590000 10245
1512144590000 10245
1512144590000 10246
1512144590000 10246
1512144590000 10246
1512144590000 10246
1512144590000 10246
1512144590000 10246
1512144590000 10247
1512144590000 10247
1512144590000 10247
1512144590000 10247
1512144590000 10247
1512144590000 10247
1512144590000 10247
1512144590000 10247
1512144590000 10248
1512144590000 10248
1512144590000 10248
1512144590000 10248
1512144590000 10248
1512144590000 10248
1512144590000 10248
1512144590000 10249
1512144590000 10249
1512144590000 10249
1512144590000 10249
1512144590000 10249
1512144590000 10249
1512144590000 10249
1512144590000 10249
1512144590000 10249
1512144590000 10249
1512144590000 10249
1512144590000 10250
1512144590000 10250
1512144590000 10250
1512144590000 10250
1512144590000 10250
1512144590000 10250
1512144590000 10250
1512144590000 10251
1512144590000 10251
1512144590000 10251
1512144590000 10251
1512144590000 10251
1512144590000 10251
1512144590000 10251
1512144590000 10251
1512144590000 10252
1512144590000 10252
1512144590000 10252
1512144590000 10252
1512144590000 10252
1512144590000 10253
1512144590000 10293
1512144590000 10294
1512144590000 10294
1512144590000 10295
1512144590000 10295
1512144590000 10295
1512144590000 10296
1512144590000 10296
1512144590000 10297
1512144590000 10297
1512144590000 10297
1512144590000 10298
1512144590000 10298
1512144590000 10299
1512144590000 10299
1512144590000 10299
1512144590000 10300
1512144590000 10300
1512144600000 10148
1512144600000 10148
1512144600000 10149
1512144600000 10149
1512144600000 10149
1512144600000 10150
1512144600000 10150
1512144600000 10150
1512144600000 10151
1512144600000 10151
1512144600000 10151
1512144600000 10152
1512144600000 10152
1512144600000 10152
1512144600000 10153
1512144600000 10153
1512144600000 10153
1512144600000 10153
1512144600000 10153
1512144600000 10153
1512144600000 10154
1512144600000 10154
1512144600000 10154
1512144600000 10154
1512144600000 10154
1512144600000 10154
1512144600000 10155
1512144600000 10155
1512144600000 10155
1512144600000 10156
1512144600000 10156
1512144600000 10156
1512144600000 10157
1512144600000 10157
1512144600000 10158
1512144600000 10158
1512144600000 10158
1512144600000 10159
1512144600000 10159
1512144600000 10159
1512144600000 10247
1512144600000 10248
1512144600000 10248
1512144600000 10248
1512144600000 10248
1512144600000 10249
1512144600000 10249
1512144600000 10249
1512144600000 10250
1512144600000 10250
1512144600000 10250
1512144600000 10251
1512144600000 10251
1512144600000 10251
1512144600000 10252
1512144600000 10252
1512144600000 10252
1512144600000 10253
1512144600000 10254
1512144600000 10254
1512144600000 10254
1512144600000 10255
1512144600000 10255
1512144600000 10255
1512144600000 10255
1512144600000 10256
1512144600000 10256
1512144600000 10256
1512144600000 10256
1512144600000 10256
1512144600000 10256
1512144600000 10257
1512144600000 10257
1512144600000 10257
1512144600000 10257
1512144600000 10257
1512144600000 10257
1512144600000 10257
1512144600000 10257
1512144600000 10258
1512144600000 10258
1512144600000 10258
1512144600000 10258
1512144600000 10258
1512144600000 10258
1512144600000 10258
1512144600000 10259
1512144600000 10259
1512144600000 10259
1512144600000 10259
1512144600000 10259
1512144600000 10259
1512144600000 10259
1512144600000 10260
1512144600000 10260
1512144600000 10260
1512144600000 10260
1512144600000 10261
1512144600000 10261
1512144600000 10261
1512144610000 10136
1512144610000 10137
1512144610000 10137
1512144610000 10137
1512144610000 10138
1512144610000 10138
1512144610000 10139
1512144610000 10139
1512144610000 10140
1512144610000 10140
1512144610000 10141
1512144610000 10141
1512144610000 10141
1512144610000 10142
1512144610000 10142
1512144610000 10150
1512144610000 10151
1512144610000 10151
1512144610000 10152
1512144610000 10152
1512144610000 10152
1512144610000 10153
1512144610000 10153
1512144610000 10154
1512144610000 10154
1512144610000 10155
1512144610000 10155
1512144610000 10155
1512144610000 10156
1512144610000 10156
1512144610000 10156
1512144610000 10157
1512144610000 10157
1512144610000 10157
1512144610000 10158
1512144610000 10158
1512144610000 10158
1512144610000 10159
1512144610000 10159
1512144610000 10247
1512144610000 10247
1512144610000 10247
1512144610000 10248
1512144610000 10248
1512144610000 10248
1512144610000 10248
1512144610000 10249
1512144610000 10249
1512144610000 10249
1512144610000 10250
1512144610000 10250
1512144610000 10250
1512144610000 10250
1512144610000 10251
1512144610000 10251
1512144610000 10251
1512144610000 10251
1512144610000 10252
1512144610000 10253
1512144610000 10253
1512144610000 10253
1512144610000 10254
1512144610000 10254
1512144610000 10254
1512144610000 10254
1512144610000 10255
1512144610000 10255
1512144610000 10255
1512144610000 10255
1512144610000 10255
1512144610000 10255
1512144610000 10255
1512144610000 10256
1512144610000 10256
1512144610000 10256
1512144610000 10256
1512144610000 10256
1512144610000 10256
1512144610000 10256
1512144610000 10257
1512144610000 10257
1512144610000 10257
1512144610000 10257
1512144610000 10257
1512144610000 10257
1512144610000 10257
1512144610000 10257
1512144610000 10257
1512144610000 10258
1512144610000 10258
1512144610000 10258
1512144610000 10258
1512144610000 10258
1512144610000 10259
1512144610000 10259
1512144610000 10259
1512144610000 10259
1512144610000 10260
1512144610000 10260
1512144610000 10260
1512144620000 10148
1512144620000 10149
1512144620000 10149
1512144620000 10150
1512144620000 10150
1512144620000 10151
1512144620000 10151
1512144620000 10151
1512144620000 10151
1512144620000 10151
1512144620000 10152
1512144620000 10152
1512144620000 10152
1512144620000 10152
1512144620000 10152
1512144620000 10153
1512144620000 10153
1512144620000 10153
1512144620000 10153
1512144620000 10154
1512144620000 10154
1512144620000 10154
1512144620000 10154
1512144620000 10154
1512144620000 10155
1512144620000 10155
1512144620000 10155
1512144620000 10155
1512144620000 10156
1512144620000 10156
1512144620000 10156
1512144620000 10156
1512144620000 10157
1512144620000 10157
1512144620000 10157
1512144620000 10157
1512144620000 10157
1512144620000 10157
1512144620000 10158
1512144620000 10158
1512144620000 10158
1512144620000 10158
1512144620000 10159
1512144620000 10159
1512144620000 10159
1512144620000 10160
1512144620000 10241
1512144620000 10241
1512144620000 10242
1512144620000 10242
1512144620000 10242
1512144620000 10242
1512144620000 10243
1512144620000 10243
1512144620000 10243
1512144620000 10244
1512144620000 10244
1512144620000 10244
1512144620000 10244
1512144620000 10244
1512144620000 10244
1512144620000 10244
1512144620000 10245
1512144620000 10245
1512144620000 10245
1512144620000 10245
1512144620000 10245
1512144620000 10245
1512144620000 10245
1512144620000 10246
1512144620000 10246
1512144620000 10246
1512144620000 10246
1512144620000 10246
1512144620000 10246
1512144620000 10246
1512144620000 10247
1512144620000 10247
1512144620000 10247
1512144620000 10247
1512144620000 10248
1512144620000 10248
1512144620000 10248
1512144620000 10248
1512144620000 10248
1512144620000 10255
1512144620000 10255
1512144620000 10255
1512144620000 10255
1512144620000 10256
1512144620000 10256
1512144620000 10256
1512144620000 10257
1512144620000 10257
1512144620000 10257
1512144620000 10257
1512144620000 10258
1512144620000 10258
1512144620000 10258
1512144620000 10259
1512144630000 10158
1512144630000 10159
1512144630000 10159
1512144630000 10159
1512144630000 10160
1512144630000 10160
1512144630000 10160
1512144630000 10160
1512144630000 10161
1512144630000 10161
1512144630000 10161
1512144630000 10161
1512144630000 10162
1512144630000 10162
1512144630000 10162
1512144630000 10162
1512144630000 10162
1512144630000 10163
1512144630000 10163
1512144630000 10163
1512144630000 10163
1512144630000 10163
1512144630000 10164
1512144630000 10164
1512144630000 10164
1512144630000 10164
1512144630000 10164
1512144630000 10165
1512144630000 10165
1512144630000 10165
1512144630000 10165
1512144630000 10166
1512144630000 10166
1512144630000 10166
1512144630000 10166
1512144630000 10166
1512144630000 10167
1512144630000 10167
1512144630000 10167
1512144630000 10167
1512144630000 10168
1512144630000 10168
1512144630000 10168
1512144630000 10168
1512144630000 10168
1512144630000 10169
1512144630000 10169
1512144630000 10169
1512144630000 10169
1512144630000 10245
1512144630000 10245
1512144630000 10245
1512144630000 10246
1512144630000 10246
1512144630000 10246
1512144630000 10246
1512144630000 10247
1512144630000 10247
1512144630000 10247
1512144630000 10247
1512144630000 10247
1512144630000 10247
1512144630000 10248
1512144630000 10248
1512144630000 10248
1512144630000 10248
1512144630000 10248
1512144630000 10248
1512144630000 10249
1512144630000 10249
1512144630000 10249
1512144630000 10249
1512144630000 10250
1512144630000 10250
1512144630000 10250
1512144630000 10250
1512144630000 10250
1512144630000 10251
1512144630000 10251
1512144630000 10251
1512144630000 10251
1512144630000 10253
1512144630000 10254
1512144630000 10254
1512144630000 10254
1512144630000 10255
1512144630000 10255
1512144630000 10255
1512144630000 10255
1512144630000 10256
1512144630000 10256
1512144630000 10256
1512144630000 10256
1512144630000 10256
1512144630000 10257
1512144630000 10257
1512144630000 10257
1512144630000 10258
1512144630000 10258
1512144630000 10258
1512144640000 10104
1512144640000 10104
1512144640000 10105
1512144640000 10105
1512144640000 10105
1512144640000 10106
1512144640000 10106
1512144640000 10106
1512144640000 10107
1512144640000 10107
1512144640000 10107
1512144640000 10108
1512144640000 10108
1512144640000 10108
1512144640000 10109
1512144640000 10109
1512144640000 10109
1512144640000 10110
1512144640000 10110
1512144640000 10110
1512144640000 10111
1512144640000 10111
1512144640000 10111
1512144640000 10138
1512144640000 10139
1512144640000 10139
1512144640000 10140
1512144640000 10140
1512144640000 10141
1512144640000 10141
1512144640000 10141
1512144640000 10141
1512144640000 10142
1512144640000 10142
1512144640000 10142
1512144640000 10142
1512144640000 10142
1512144640000 10143
1512144640000 10143
1512144640000 10143
1512144640000 10143
1512144640000 10144
1512144640000 10144
1512144640000 10144
1512144640000 10144
1512144640000 10144
1512144640000 10145
1512144640000 10145
1512144640000 10145
1512144640000 10145
1512144640000 10145
1512144640000 10146
1512144640000 10146
1512144640000 10147
1512144640000 10147
1512144640000 10147
1512144640000 10148
1512144640000 10148
1512144640000 10149
1512144640000 10149
1512144640000 10150
1512144640000 10150
1512144640000 10242
1512144640000 10242
1512144640000 10243
1512144640000 10243
1512144640000 10243
1512144640000 10244
1512144640000 10244
1512144640000 10244
1512144640000 10244
1512144640000 10245
1512144640000 10245
1512144640000 10245
1512144640000 10245
1512144640000 10246
1512144640000 10246
1512144640000 10246
1512144640000 10252
1512144640000 10252
1512144640000 10253
1512144640000 10253
1512144640000 10253
1512144640000 10254
1512144640000 10254
1512144640000 10254
1512144640000 10255
1512144640000 10255
1512144640000 10255
1512144640000 10255
1512144640000 10256
1512144640000 10256
1512144640000 10256
1512144640000 10256
1512144640000 10257
1512144640000 10257
1512144640000 10257
1512144640000 10257
1512144640000 10257
1512144640000 10258
1512144650000 10077
1512144650000 10077
1512144650000 10078
1512144650000 10078
1512144650000 10078
1512144650000 10078
1512144650000 10079
1512144650000 10079
1512144650000 10079
1512144650000 10079
1512144650000 10080
1512144650000 10080
1512144650000 10080
1512144650000 10080
1512144650000 10082
1512144650000 10082
1512144650000 10082
1512144650000 10083
1512144650000 10083
1512144650000 10083
1512144650000 10084
1512144650000 10084
1512144650000 10084
1512144650000 10084
1512144650000 10084
1512144650000 10085
1512144650000 10085
1512144650000 10085
1512144650000 10085
1512144650000 10085
1512144650000 10085
1512144650000 10086
1512144650000 10086
1512144650000 10086
1512144650000 10086
1512144650000 10086
1512144650000 10086
1512144650000 10087
1512144650000 10087
1512144650000 10087
1512144650000 10087
1512144650000 10087
1512144650000 10088
1512144650000 10088
1512144650000 10088
1512144650000 10089
1512144650000 10089
1512144650000 10090
1512144650000 10090
1512144650000 10090
1512144650000 10091
1512144650000 10091
1512144650000 10091
1512144650000 10148
1512144650000 10148
1512144650000 10149
1512144650000 10149
1512144650000 10150
1512144650000 10150
1512144650000 10151
1512144650000 10151
1512144650000 10151
1512144650000 10152
1512144650000 10152
1512144650000 10153
1512144650000 10153
1512144650000 10154
1512144650000 10154
1512144650000 10154
1512144650000 10155
1512144650000 10155
1512144650000 10156
1512144650000 10156
1512144650000 10156
1512144650000 10157
1512144650000 10157
1512144650000 10157
1512144650000 10157
1512144650000 10157
1512144650000 10158
1512144650000 10158
1512144650000 10158
1512144650000 10159
1512144650000 10159
1512144650000 10160
1512144650000 10160
1512144650000 10161
1512144650000 10161
1512144650000 10162
1512144650000 10162
1512144650000 10162
1512144650000 10163
1512144650000 10163
1512144650000 10164
1512144650000 10164
1512144650000 10164
1512144650000 10165
1512144650000 10165
1512144650000 10165
1512144650000 10166
1512144660000 10113
1512144660000 10114
1512144660000 10114
1512144660000 10114
1512144660000 10115
1512144660000 10115
1512144660000 10116
1512144660000 10116
1512144660000 10116
1512144660000 10116
1512144660000 10117
1512144660000 10117
1512144660000 10141
1512144660000 10142
1512144660000 10142
1512144660000 10142
1512144660000 10143
1512144660000 10143
1512144660000 10143
1512144660000 10144
1512144660000 10144
1512144660000 10144
1512144660000 10145
1512144660000 10145
1512144660000 10145
1512144660000 10146
1512144660000 10146
1512144660000 10146
1512144660000 10147
1512144660000 10147
1512144660000 10147
1512144660000 10248
1512144660000 10248
1512144660000 10248
1512144660000 10248
1512144660000 10249
1512144660000 10249
1512144660000 10249
1512144660000 10249
1512144660000 10250
1512144660000 10250
1512144660000 10250
1512144660000 10250
1512144660000 10251
1512144660000 10251
1512144660000 10251
1512144660000 10251
1512144660000 10251
1512144660000 10252
1512144660000 10255
1512144660000 10255
1512144660000 10256
1512144660000 10256
1512144660000 10256
1512144660000 10256
1512144660000 10256
1512144660000 10256
1512144660000 10257
1512144660000 10257
1512144660000 10257
1512144660000 10257
1512144660000 10257
1512144660000 10257
1512144660000 10257
1512144660000 10258
1512144660000 10258
1512144660000 10258
1512144660000 10258
1512144660000 10258
1512144660000 10258
1512144660000 10258
1512144660000 10258
1512144660000 10259
1512144660000 10259
1512144660000 10259
1512144660000 10259
1512144660000 10259
1512144660000 10259
1512144660000 10259
1512144660000 10260
1512144660000 10260
1512144660000 10260
1512144660000 10260
1512144660000 10260
1512144660000 10260
1512144660000 10260
1512144660000 10260
1512144660000 10261
1512144660000 10261
1512144660000 10261
1512144660000 10262
1512144660000 10262
1512144660000 10262
1512144660000 10263
1512144660000 10263
1512144660000 10263
1512144660000 10263
1512144660000 10264
1512144660000 10264
1512144660000 10264
1512144670000 10133
1512144670000 10133
1512144670000 10133
1512144670000 10134
1512144670000 10134
1512144670000 10135
1512144670000 10135
1512144670000 10136
1512144670000 10136
1512144670000 10136
1512144670000 10137
1512144670000 10137
1512144670000 10138
1512144670000 10138
1512144670000 10138
1512144670000 10139
1512144670000 10139
1512144670000 10140
1512144670000 10151
1512144670000 10151
1512144670000 10152
1512144670000 10152
1512144670000 10152
1512144670000 10153
1512144670000 10153
1512144670000 10153
1512144670000 10154
1512144670000 10154
1512144670000 10154
1512144670000 10155
1512144670000 10155
1512144670000 10155
1512144670000 10156
1512144670000 10156
1512144670000 10156
1512144670000 10157
1512144670000 10157
1512144670000 10157
1512144670000 10249
1512144670000 10249
1512144670000 10249
1512144670000 10249
1512144670000 10250
1512144670000 10250
1512144670000 10250
1512144670000 10250
1512144670000 10251
1512144670000 10251
1512144670000 10251
1512144670000 10251
1512144670000 10252
1512144670000 10252
1512144670000 10252
1512144670000 10252
1512144670000 10253
1512144670000 10253
1512144670000 10255
1512144670000 10255
1512144670000 10255
1512144670000 10255
1512144670000 10255
1512144670000 10255
1512144670000 10255
1512144670000 10256
1512144670000 10256
1512144670000 10256
1512144670000 10256
1512144670000 10256
1512144670000 10256
1512144670000 10256
1512144670000 10256
1512144670000 10257
1512144670000 10257
1512144670000 10257
1512144670000 10257
1512144670000 10257
1512144670000 10257
1512144670000 10257
1512144670000 10257
1512144670000 10258
1512144670000 10258
1512144670000 10258
1512144670000 10258
1512144670000 10258
1512144670000 10258
1512144670000 10258
1512144670000 10259
1512144670000 10259
1512144670000 10259
1512144670000 10259
1512144670000 10259
1512144670000 10259
1512144670000 10260
1512144670000 10260
1512144670000 10260
1512144670000 10261
1512144670000 10261
1512144670000 10261
1512144670000 10261
1512144670000 10262
1512144680000 10135
1512144680000 10136
1512144680000 10136
1512144680000 10136
1512144680000 10137
1512144680000 10137
1512144680000 10138
1512144680000 10138
1512144680000 10138
1512144680000 10138
1512144680000 10139
1512144680000 10139
1512144680000 10139
1512144680000 10139
1512144680000 10139
1512144680000 10139
1512144680000 10140
1512144680000 10140
1512144680000 10140
1512144680000 10140
1512144680000 10140
1512144680000 10140
1512144680000 10141
1512144680000 10141
1512144680000 10141
1512144680000 10141
1512144680000 10141
1512144680000 10142
1512144680000 10142
1512144680000 10142
1512144680000 10142
1512144680000 10142
1512144680000 10142
1512144680000 10143
1512144680000 10143
1512144680000 10143
1512144680000 10143
1512144680000 10144
1512144680000 10144
1512144680000 10244
1512144680000 10244
1512144680000 10244
1512144680000 10245
1512144680000 10245
1512144680000 10245
1512144680000 10245
1512144680000 10245
1512144680000 10245
1512144680000 10245
1512144680000 10245
1512144680000 10246
1512144680000 10246
1512144680000 10246
1512144680000 10246
1512144680000 10246
1512144680000 10246
1512144680000 10246
1512144680000 10246
1512144680000 10247
1512144680000 10247
1512144680000 10247
1512144680000 10247
1512144680000 10247
1512144680000 10247
1512144680000 10248
1512144680000 10248
1512144680000 10248
1512144680000 10248
1512144680000 10249
1512144680000 10249
1512144680000 10249
1512144680000 10249
1512144680000 10251
1512144680000 10252
1512144680000 10252
1512144680000 10252
1512144680000 10252
1512144680000 10253
1512144680000 10253
1512144680000 10253
1512144680000 10253
1512144680000 10254
1512144680000 10254
1512144680000 10254
1512144680000 10254
1512144680000 10255
1512144680000 10255
1512144680000 10255
1512144680000 10256
1512144680000 10256
1512144680000 10256
1512144680000 10256
1512144680000 10257
1512144680000 10257
1512144680000 10257
1512144680000 10258
1512144680000 10258
1512144680000 10258
1512144680000 10258
1512144680000 10259
1512144690000 10140
1512144690000 10141
1512144690000 10141
1512144690000 10141
1512144690000 10142
1512144690000 10142
1512144690000 10142
1512144690000 10142
1512144690000 10143
1512144690000 10143
1512144690000 10144
1512144690000 10144
1512144690000 10145
1512144690000 10145
1512144690000 10146
1512144690000 10146
1512144690000 10146
1512144690000 10147
1512144690000 10147
1512144690000 10161
1512144690000 10162
1512144690000 10162
1512144690000 10162
1512144690000 10162
1512144690000 10163
1512144690000 10163
1512144690000 10163
1512144690000 10164
1512144690000 10164
1512144690000 10164
1512144690000 10164
1512144690000 10165
1512144690000 10165
1512144690000 10165
1512144690000 10166
1512144690000 10166
1512144690000 10166
1512144690000 10166
1512144690000 10167
1512144690000 10167
1512144690000 10244
1512144690000 10245
1512144690000 10245
1512144690000 10245
1512144690000 10245
1512144690000 10246
1512144690000 10246
1512144690000 10246
1512144690000 10246
1512144690000 10247
1512144690000 10247
1512144690000 10247
1512144690000 10247
1512144690000 10248
1512144690000 10248
1512144690000 10248
1512144690000 10248
1512144690000 10248
1512144690000 10248
1512144690000 10248
1512144690000 10248
1512144690000 10248
1512144690000 10248
1512144690000 10248
1512144690000 10249
1512144690000 10249
1512144690000 10249
1512144690000 10249
1512144690000 10249
1512144690000 10249
1512144690000 10249
1512144690000 10249
1512144690000 10249
1512144690000 10250
1512144690000 10250
1512144690000 10250
1512144690000 10250
1512144690000 10250
1512144690000 10250
1512144690000 10250
1512144690000 10250
1512144690000 10251
1512144690000 10251
1512144690000 10251
1512144690000 10251
1512144690000 10251
1512144690000 10251
1512144690000 10251
1512144690000 10251
1512144690000 10252
1512144690000 10252
1512144690000 10252
1512144690000 10252
1512144690000 10252
1512144690000 10252
1512144690000 10252
1512144690000 10252
1512144690000 10252
1512144690000 10252
1512144690000 10253
1512144700000 10165
1512144700000 10165
1512144700000 10166
1512144700000 10166
1512144700000 10166
1512144700000 10166
1512144700000 10167
1512144700000 10167
1512144700000 10167
1512144700000 10168
1512144700000 10168
1512144700000 10168
1512144700000 10169
1512144700000 10169
1512144700000 10169
1512144700000 10170
1512144700000 10170
1512144700000 10170
1512144700000 10170
1512144700000 10170
1512144700000 10170
1512144700000 10170
1512144700000 10171
1512144700000 10171
1512144700000 10171
1512144700000 10171
1512144700000 10171
1512144700000 10172
1512144700000 10172
1512144700000 10172
1512144700000 10172
1512144700000 10172
1512144700000 10173
1512144700000 10173
1512144700000 10173
1512144700000 10173
1512144700000 10173
1512144700000 10174
1512144700000 10174
1512144700000 10174
1512144700000 10175
1512144700000 10175
1512144700000 10175
1512144700000 10176
1512144700000 10176
1512144700000 10176
1512144700000 10176
1512144700000 10177
1512144700000 10177
1512144700000 10177
1512144700000 10177
1512144700000 10178
1512144700000 10245
1512144700000 10245
1512144700000 10246
1512144700000 10246
1512144700000 10246
1512144700000 10246
1512144700000 10247
1512144700000 10247
1512144700000 10247
1512144700000 10247
1512144700000 10247
1512144700000 10247
1512144700000 10248
1512144700000 10248
1512144700000 10248
1512144700000 10248
1512144700000 10248
1512144700000 10248
1512144700000 10249
1512144700000 10249
1512144700000 10249
1512144700000 10249
1512144700000 10250
1512144700000 10250
1512144700000 10250
1512144700000 10250
1512144700000 10251
1512144700000 10251
1512144700000 10251
1512144700000 10252
1512144700000 10252
1512144700000 10256
1512144700000 10256
1512144700000 10256
1512144700000 10257
1512144700000 10257
1512144700000 10257
1512144700000 10258
1512144700000 10258
1512144700000 10258
1512144700000 10258
1512144700000 10259
1512144700000 10259
1512144700000 10259
1512144700000 10260
1512144700000 10260
1512144700000 10260
1512144700000 10261
1512144710000 10132
1512144710000 10132
1512144710000 10132
1512144710000 10133
1512144710000 10133
1512144710000 10134
1512144710000 10134
1512144710000 10134
1512144710000 10135
1512144710000 10135
1512144710000 10135
1512144710000 10136
1512144710000 10136
1512144710000 10136
1512144710000 10137
1512144710000 10137
1512144710000 10137
1512144710000 10137
1512144710000 10152
1512144710000 10153
1512144710000 10153
1512144710000 10153
1512144710000 10154
1512144710000 10154
1512144710000 10154
1512144710000 10155
1512144710000 10155
1512144710000 10155
1512144710000 10156
1512144710000 10156
1512144710000 10156
1512144710000 10156
1512144710000 10157
1512144710000 10157
1512144710000 10157
1512144710000 10158
1512144710000 10158
1512144710000 10158
1512144710000 10158
1512144710000 10159
1512144710000 10159
1512144710000 10159
1512144710000 10159
1512144710000 10240
1512144710000 10240
1512144710000 10240
1512144710000 10241
1512144710000 10241
1512144710000 10241
1512144710000 10241
1512144710000 10242
1512144710000 10242
1512144710000 10242
1512144710000 10243
1512144710000 10243
1512144710000 10243
1512144710000 10243
1512144710000 10244
1512144710000 10244
1512144710000 10256
1512144710000 10256
1512144710000 10256
1512144710000 10256
1512144710000 10257
1512144710000 10257
1512144710000 10257
1512144710000 10258
1512144710000 10258
1512144710000 10258
1512144710000 10258
1512144710000 10259
1512144710000 10259
1512144710000 10259
1512144710000 10259
1512144710000 10259
1512144710000 10260
1512144710000 10260
1512144710000 10260
1512144710000 10260
1512144710000 10260
1512144710000 10260
1512144710000 10261
1512144710000 10261
1512144710000 10261
1512144710000 10261
1512144710000 10262
1512144710000 10262
1512144710000 10262
1512144710000 10262
1512144710000 10263
1512144710000 10263
1512144710000 10263
1512144710000 10264
1512144710000 10264
1512144710000 10264
1512144710000 10264
1512144710000 10265
1512144710000 10265
1512144710000 10265
1512144710000 10266
1512144720000 10144
1512144720000 10144
1512144720000 10144
1512144720000 10145
1512144720000 10145
1512144720000 10145
1512144720000 10145
1512144720000 10146
1512144720000 10146
1512144720000 10146
1512144720000 10146
1512144720000 10146
1512144720000 10146
1512144720000 10146
1512144720000 10147
1512144720000 10147
1512144720000 10147
1512144720000 10147
1512144720000 10147
1512144720000 10147
1512144720000 10147
1512144720000 10148
1512144720000 10148
1512144720000 10148
1512144720000 10148
1512144720000 10148
1512144720000 10148
1512144720000 10149
1512144720000 10149
1512144720000 10149
1512144720000 10149
1512144720000 10149
1512144720000 10149
1512144720000 10149
1512144720000 10150
1512144720000 10150
1512144720000 10150
1512144720000 10150
1512144720000 10151
1512144720000 10151
1512144720000 10151
1512144720000 10246
1512144720000 10246
1512144720000 10246
1512144720000 10246
1512144720000 10247
1512144720000 10247
1512144720000 10247
1512144720000 10248
1512144720000 10248
1512144720000 10248
1512144720000 10248
1512144720000 10248
1512144720000 10248
1512144720000 10248
1512144720000 10249
1512144720000 10249
1512144720000 10249
1512144720000 10249
1512144720000 10249
1512144720000 10250
1512144720000 10250
1512144720000 10250
1512144720000 10250
1512144720000 10251
1512144720000 10251
1512144720000 10251
1512144720000 10251
1512144720000 10252
1512144720000 10252
1512144720000 10252
1512144720000 10252
1512144720000 10252
1512144720000 10253
1512144720000 10253
1512144720000 10253
1512144720000 10253
1512144720000 10254
1512144720000 10254
1512144720000 10257
1512144720000 10257
1512144720000 10257
1512144720000 10257
1512144720000 10258
1512144720000 10258
1512144720000 10258
1512144720000 10258
1512144720000 10259
1512144720000 10259
1512144720000 10259
1512144720000 10259
1512144720000 10260
1512144720000 10260
1512144720000 10260
1512144720000 10260
1512144720000 10261
1512144720000 10261
1512144720000 10261
1512144720000 10261
1512144720000 10262
1512144730000 10136
1512144730000 10136
1512144730000 10136
1512144730000 10136
1512144730000 10137
1512144730000 10137
1512144730000 10137
1512144730000 10138
1512144730000 10138
1512144730000 10138
1512144730000 10139
1512144730000 10139
1512144730000 10139
1512144730000 10140
1512144730000 10140
1512144730000 10140
1512144730000 10140
1512144730000 10141
1512144730000 10141
1512144730000 10141
1512144730000 10141
1512144730000 10156
1512144730000 10156
1512144730000 10156
1512144730000 10157
1512144730000 10157
1512144730000 10157
1512144730000 10158
1512144730000 10158
1512144730000 10158
1512144730000 10158
1512144730000 10159
1512144730000 10159
1512144730000 10159
1512144730000 10159
1512144730000 10160
1512144730000 10160
1512144730000 10160
1512144730000 10160
1512144730000 10161
1512144730000 10161
1512144730000 10161
1512144730000 10161
1512144730000 10162
1512144730000 10252
1512144730000 10253
1512144730000 10253
1512144730000 10253
1512144730000 10253
1512144730000 10253
1512144730000 10254
1512144730000 10254
1512144730000 10254
1512144730000 10254
1512144730000 10254
1512144730000 10254
1512144730000 10254
1512144730000 10254
1512144730000 10255
1512144730000 10255
1512144730000 10255
1512144730000 10255
1512144730000 10255
1512144730000 10255
1512144730000 10255
1512144730000 10255
1512144730000 10255
1512144730000 10255
1512144730000 10255
1512144730000 10256
1512144730000 10256
1512144730000 10256
1512144730000 10256
1512144730000 10256
1512144730000 10256
1512144730000 10256
1512144730000 10256
1512144730000 10256
1512144730000 10256
1512144730000 10257
1512144730000 10257
1512144730000 10257
1512144730000 10257
1512144730000 10257
1512144730000 10257
1512144730000 10257
1512144730000 10257
1512144730000 10257
1512144730000 10257
1512144730000 10257
1512144730000 10258
1512144730000 10258
1512144730000 10258
1512144730000 10258
1512144730000 10259
1512144730000 10259
1512144730000 10259
1512144730000 10260
1512144730000 10260
1512144730000 10260
1512144740000 10153
1512144740000 10153
1512144740000 10153
1512144740000 10154
1512144740000 10154
1512144740000 10154
1512144740000 10155
1512144740000 10155
1512144740000 10155
1512144740000 10156
1512144740000 10156
1512144740000 10156
1512144740000 10157
1512144740000 10157
1512144740000 10158
1512144740000 10158
1512144740000 10158
1512144740000 10158
1512144740000 10159
1512144740000 10159
1512144740000 10159
1512144740000 10160
1512144740000 10163
1512144740000 10164
1512144740000 10164
1512144740000 10164
1512144740000 10165
1512144740000 10165
1512144740000 10165
1512144740000 10166
1512144740000 10166
1512144740000 10166
1512144740000 10167
1512144740000 10167
1512144740000 10168
1512144740000 10168
1512144740000 10168
1512144740000 10169
1512144740000 10169
1512144740000 10169
1512144740000 10170
1512144740000 10170
1512144740000 10170
1512144740000 10171
1512144740000 10171
1512144740000 10171
1512144740000 10172
1512144740000 10172
1512144740000 10172
1512144740000 10173
1512144740000 10242
1512144740000 10242
1512144740000 10242
1512144740000 10243
1512144740000 10243
1512144740000 10243
1512144740000 10243
1512144740000 10244
1512144740000 10244
1512144740000 10244
1512144740000 10244
1512144740000 10245
1512144740000 10245
1512144740000 10245
1512144740000 10245
1512144740000 10245
1512144740000 10245
1512144740000 10246
1512144740000 10246
1512144740000 10246
1512144740000 10246
1512144740000 10247
1512144740000 10247
1512144740000 10247
1512144740000 10247
1512144740000 10260
1512144740000 10260
1512144740000 10260
1512144740000 10260
1512144740000 10261
1512144740000 10261
1512144740000 10261
1512144740000 10261
1512144740000 10261
1512144740000 10262
1512144740000 10262
1512144740000 10262
1512144740000 10263
1512144740000 10263
1512144740000 10263
1512144740000 10263
1512144740000 10264
1512144740000 10264
1512144740000 10264
1512144740000 10265
1512144740000 10265
1512144740000 10265
1512144740000 10266
1512144740000 10266
1512144740000 10266
1512144750000 10119
1512144750000 10119
1512144750000 10119
1512144750000 10120
1512144750000 10120
1512144750000 10120
1512144750000 10121
1512144750000 10121
1512144750000 10121
1512144750000 10121
1512144750000 10122
1512144750000 10122
1512144750000 10122
1512144750000 10123
1512144750000 10123
1512144750000 10123
1512144750000 10124
1512144750000 10124
1512144750000 10124
1512144750000 10124
1512144750000 10125
1512144750000 10125
1512144750000 10125
1512144750000 10126
1512144750000 10126
1512144750000 10126
1512144750000 10126
1512144750000 10127
1512144750000 10150
1512144750000 10150
1512144750000 10151
1512144750000 10151
1512144750000 10151
1512144750000 10152
1512144750000 10152
1512144750000 10152
1512144750000 10152
1512144750000 10153
1512144750000 10153
1512144750000 10153
1512144750000 10153
1512144750000 10154
1512144750000 10154
1512144750000 10154
1512144750000 10155
1512144750000 10155
1512144750000 10155
1512144750000 10155
1512144750000 10156
1512144750000 10156
1512144750000 10156
1512144750000 10156
1512144750000 10248
1512144750000 10248
1512144750000 10248
1512144750000 10249
1512144750000 10249
1512144750000 10249
1512144750000 10249
1512144750000 10250
1512144750000 10250
1512144750000 10250
1512144750000 10251
1512144750000 10251
1512144750000 10251
1512144750000 10252
1512144750000 10252
1512144750000 10253
1512144750000 10253
1512144750000 10254
1512144750000 10254
1512144750000 10254
1512144750000 10254
1512144750000 10255
1512144750000 10255
1512144750000 10255
1512144750000 10256
1512144750000 10256
1512144750000 10256
1512144750000 10256
1512144750000 10257
1512144750000 10257
1512144750000 10274
1512144750000 10275
1512144750000 10275
1512144750000 10276
1512144750000 10276
1512144750000 10276
1512144750000 10277
1512144750000 10277
1512144750000 10277
1512144750000 10278
1512144750000 10278
1512144750000 10278
1512144750000 10279
1512144750000 10279
1512144750000 10279
1512144750000 10280
1512144750000 10280
1512144750000 10280
1512144760000 10149
1512144760000 10149
1512144760000 10150
1512144760000 10150
1512144760000 10150
1512144760000 10150
1512144760000 10150
1512144760000 10151
1512144760000 10151
1512144760000 10151
1512144760000 10151
1512144760000 10151
1512144760000 10152
1512144760000 10152
1512144760000 10152
1512144760000 10152
1512144760000 10152
1512144760000 10152
1512144760000 10153
1512144760000 10153
1512144760000 10153
1512144760000 10153
1512144760000 10154
1512144760000 10154
1512144760000 10154
1512144760000 10154
1512144760000 10154
1512144760000 10154
1512144760000 10155
1512144760000 10155
1512144760000 10155
1512144760000 10155
1512144760000 10155
1512144760000 10155
1512144760000 10156
1512144760000 10156
1512144760000 10156
1512144760000 10156
1512144760000 10156
1512144760000 10156
1512144760000 10157
1512144760000 10157
1512144760000 10158
1512144760000 10158
1512144760000 10158
1512144760000 10159
1512144760000 10244
1512144760000 10244
1512144760000 10244
1512144760000 10244
1512144760000 10245
1512144760000 10245
1512144760000 10245
1512144760000 10245
1512144760000 10246
1512144760000 10246
1512144760000 10246
1512144760000 10246
1512144760000 10247
1512144760000 10247
1512144760000 10247
1512144760000 10247
1512144760000 10247
1512144760000 10247
1512144760000 10247
1512144760000 10248
1512144760000 10248
1512144760000 10248
1512144760000 10248
1512144760000 10248
1512144760000 10248
1512144760000 10248
1512144760000 10249
1512144760000 10249
1512144760000 10249
1512144760000 10249
1512144760000 10250
1512144760000 10250
1512144760000 10250
1512144760000 10250
1512144760000 10250
1512144760000 10256
1512144760000 10256
1512144760000 10256
1512144760000 10257
1512144760000 10257
1512144760000 10257
1512144760000 10257
1512144760000 10258
1512144760000 10258
1512144760000 10258
1512144760000 10259
1512144760000 10259
1512144760000 10259
1512144760000 10259
1512144760000 10260
1512144760000 10260
1512144760000 10260
1512144760000 10260
1512144760000 10261
1512144770000 10138
1512144770000 10138
1512144770000 10139
1512144770000 10139
1512144770000 10139
1512144770000 10140
1512144770000 10140
1512144770000 10140
1512144770000 10140
1512144770000 10141
1512144770000 10141
1512144770000 10141
1512144770000 10141
1512144770000 10142
1512144770000 10142
1512144770000 10142
1512144770000 10143
1512144770000 10143
1512144770000 10149
1512144770000 10150
1512144770000 10150
1512144770000 10150
1512144770000 10150
1512144770000 10151
1512144770000 10151
1512144770000 10151
1512144770000 10152
1512144770000 10152
1512144770000 10152
1512144770000 10152
1512144770000 10153
1512144770000 10153
1512144770000 10153
1512144770000 10154
1512144770000 10154
1512144770000 10154
1512144770000 10154
1512144770000 10155
1512144770000 10155
1512144770000 10155
1512144770000 10156
1512144770000 10243
1512144770000 10243
1512144770000 10243
1512144770000 10244
1512144770000 10244
1512144770000 10244
1512144770000 10244
1512144770000 10244
1512144770000 10244
1512144770000 10244
1512144770000 10244
1512144770000 10245
1512144770000 10245
1512144770000 10245
1512144770000 10245
1512144770000 10245
1512144770000 10245
1512144770000 10245
1512144770000 10245
1512144770000 10246
1512144770000 10246
1512144770000 10246
1512144770000 10246
1512144770000 10246
1512144770000 10246
1512144770000 10247
1512144770000 10247
1512144770000 10247
1512144770000 10247
1512144770000 10248
1512144770000 10248
1512144770000 10248
1512144770000 10248
1512144770000 10249
1512144770000 10249
1512144770000 10249
1512144770000 10249
1512144770000 10250
1512144770000 10250
1512144770000 10254
1512144770000 10255
1512144770000 10255
1512144770000 10255
1512144770000 10256
1512144770000 10256
1512144770000 10256
1512144770000 10256
1512144770000 10257
1512144770000 10257
1512144770000 10257
1512144770000 10258
1512144770000 10258
1512144770000 10258
1512144770000 10258
1512144770000 10259
1512144770000 10259
1512144770000 10259
1512144770000 10259
1512144770000 10260
1512144780000 10092
1512144780000 10092
1512144780000 10093
1512144780000 10093
1512144780000 10093
1512144780000 10093
1512144780000 10094
1512144780000 10094
1512144780000 10094
1512144780000 10094
1512144780000 10095
1512144780000 10095
1512144780000 10095
1512144780000 10095
1512144780000 10095
1512144780000 10096
1512144780000 10096
1512144780000 10096
1512144780000 10096
1512144780000 10097
1512144780000 10097
1512144780000 10097
1512144780000 10097
1512144780000 10098
1512144780000 10098
1512144780000 10098
1512144780000 10138
1512144780000 10138
1512144780000 10139
1512144780000 10139
1512144780000 10139
1512144780000 10140
1512144780000 10140
1512144780000 10140
1512144780000 10140
1512144780000 10141
1512144780000 10141
1512144780000 10141
1512144780000 10142
1512144780000 10142
1512144780000 10142
1512144780000 10142
1512144780000 10143
1512144780000 10143
1512144780000 10143
1512144780000 10248
1512144780000 10248
1512144780000 10248
1512144780000 10249
1512144780000 10249
1512144780000 10249
1512144780000 10249
1512144780000 10250
1512144780000 10250
1512144780000 10250
1512144780000 10250
1512144780000 10250
1512144780000 10251
1512144780000 10251
1512144780000 10251
1512144780000 10251
1512144780000 10252
1512144780000 10252
1512144780000 10252
1512144780000 10252
1512144780000 10252
1512144780000 10252
1512144780000 10252
1512144780000 10253
1512144780000 10253
1512144780000 10253
1512144780000 10253
1512144780000 10253
1512144780000 10253
1512144780000 10254
1512144780000 10254
1512144780000 10254
1512144780000 10254
1512144780000 10255
1512144780000 10255
1512144780000 10255
1512144780000 10255
1512144780000 10256
1512144780000 10256
1512144780000 10256
1512144780000 10256
1512144780000 10257
1512144780000 10257
1512144780000 10275
1512144780000 10276
1512144780000 10276
1512144780000 10276
1512144780000 10276
1512144780000 10277
1512144780000 10277
1512144780000 10277
1512144780000 10278
1512144780000 10278
1512144780000 10278
1512144780000 10278
1512144790000 10145
1512144790000 10146
1512144790000 10146
1512144790000 10147
1512144790000 10147
1512144790000 10147
1512144790000 10148
1512144790000 10148
1512144790000 10149
1512144790000 10149
1512144790000 10149
1512144790000 10150
1512144790000 10150
1512144790000 10150
1512144790000 10150
1512144790000 10151
1512144790000 10151
1512144790000 10151
1512144790000 10151
1512144790000 10152
1512144790000 10152
1512144790000 10152
1512144790000 10246
1512144790000 10246
1512144790000 10247
1512144790000 10247
1512144790000 10247
1512144790000 10247
1512144790000 10247
1512144790000 10247
1512144790000 10247
1512144790000 10247
1512144790000 10248
1512144790000 10248
1512144790000 10248
1512144790000 10248
1512144790000 10248
1512144790000 10248
1512144790000 10248
1512144790000 10248
1512144790000 10248
1512144790000 10248
1512144790000 10249
1512144790000 10249
1512144790000 10249
1512144790000 10249
1512144790000 10249
1512144790000 10249
1512144790000 10249
1512144790000 10249
1512144790000 10249
1512144790000 10249
1512144790000 10250
1512144790000 10250
1512144790000 10250
1512144790000 10250
1512144790000 10250
1512144790000 10250
1512144790000 10250
1512144790000 10250
1512144790000 10250
1512144790000 10251
1512144790000 10251
1512144790000 10251
1512144790000 10251
1512144790000 10251
1512144790000 10251
1512144790000 10251
1512144790000 10251
1512144790000 10252
1512144790000 10252
1512144790000 10252
1512144790000 10252
1512144790000 10252
1512144790000 10252
1512144790000 10253
1512144790000 10253
1512144790000 10253
1512144790000 10254
1512144790000 10254
1512144790000 10254
1512144790000 10254
1512144790000 10255
1512144790000 10284
1512144790000 10284
1512144790000 10284
1512144790000 10285
1512144790000 10285
1512144790000 10285
1512144790000 10286
1512144790000 10286
1512144790000 10286
1512144790000 10287
1512144790000 10287
1512144790000 10287
1512144790000 10288
1512144790000 10288
1512144790000 10289
1512144790000 10289
1512144790000 10289
1512144800000 10133
1512144800000 10133
1512144800000 10133
1512144800000 10134
1512144800000 10134
1512144800000 10135
1512144800000 10135
1512144800000 10135
1512144800000 10136
1512144800000 10136
1512144800000 10136
1512144800000 10137
1512144800000 10137
1512144800000 10138
1512144800000 10138
1512144800000 10138
1512144800000 10139
1512144800000 10162
1512144800000 10162
1512144800000 10162
1512144800000 10163
1512144800000 10163
1512144800000 10163
1512144800000 10164
1512144800000 10164
1512144800000 10165
1512144800000 10165
1512144800000 10165
1512144800000 10166
1512144800000 10166
1512144800000 10166
1512144800000 10167
1512144800000 10167
1512144800000 10167
1512144800000 10168
1512144800000 10168
1512144800000 10168
1512144800000 10169
1512144800000 10169
1512144800000 10169
1512144800000 10170
1512144800000 10247
1512144800000 10247
1512144800000 10247
1512144800000 10247
1512144800000 10248
1512144800000 10248
1512144800000 10248
1512144800000 10248
1512144800000 10248
1512144800000 10249
1512144800000 10249
1512144800000 10249
1512144800000 10249
1512144800000 10249
1512144800000 10249
1512144800000 10249
1512144800000 10250
1512144800000 10250
1512144800000 10250
1512144800000 10250
1512144800000 10250
1512144800000 10250
1512144800000 10250
1512144800000 10250
1512144800000 10251
1512144800000 10251
1512144800000 10251
1512144800000 10251
1512144800000 10251
1512144800000 10252
1512144800000 10252
1512144800000 10252
1512144800000 10252
1512144800000 10253
1512144800000 10253
1512144800000 10253
1512144800000 10257
1512144800000 10257
1512144800000 10257
1512144800000 10258
1512144800000 10258
1512144800000 10258
1512144800000 10258
1512144800000 10259
1512144800000 10259
1512144800000 10259
1512144800000 10259
1512144800000 10260
1512144800000 10260
1512144800000 10260
1512144800000 10260
1512144800000 10260
1512144800000 10261
1512144800000 10261
1512144800000 10261
1512144800000 10261
1512144800000 10262
1512144800000 10262
1512144800000 10262
1512144810000 10130
1512144810000 10130
1512144810000 10131
1512144810000 10131
1512144810000 10132
1512144810000 10132
1512144810000 10132
1512144810000 10133
1512144810000 10133
1512144810000 10133
1512144810000 10134
1512144810000 10134
1512144810000 10134
1512144810000 10135
1512144810000 10135
1512144810000 10135
1512144810000 10135
1512144810000 10135
1512144810000 10136
1512144810000 10136
1512144810000 10136
1512144810000 10136
1512144810000 10136
1512144810000 10137
1512144810000 10137
1512144810000 10137
1512144810000 10137
1512144810000 10137
1512144810000 10138
1512144810000 10138
1512144810000 10138
1512144810000 10138
1512144810000 10139
1512144810000 10139
1512144810000 10139
1512144810000 10140
1512144810000 10242
1512144810000 10242
1512144810000 10242
1512144810000 10243
1512144810000 10243
1512144810000 10243
1512144810000 10243
1512144810000 10244
1512144810000 10244
1512144810000 10244
1512144810000 10244
1512144810000 10245
1512144810000 10245
1512144810000 10245
1512144810000 10246
1512144810000 10246
1512144810000 10246
1512144810000 10247
1512144810000 10248
1512144810000 10248
1512144810000 10248
1512144810000 10248
1512144810000 10249
1512144810000 10249
1512144810000 10249
1512144810000 10250
1512144810000 10250
1512144810000 10250
1512144810000 10250
1512144810000 10250
1512144810000 10250
1512144810000 10250
1512144810000 10251
1512144810000 10251
1512144810000 10251
1512144810000 10251
1512144810000 10251
1512144810000 10251
1512144810000 10251
1512144810000 10251
1512144810000 10252
1512144810000 10252
1512144810000 10252
1512144810000 10252
1512144810000 10252
1512144810000 10252
1512144810000 10252
1512144810000 10252
1512144810000 10253
1512144810000 10253
1512144810000 10253
1512144810000 10253
1512144810000 10253
1512144810000 10253
1512144810000 10254
1512144810000 10254
1512144810000 10254
1512144810000 10254
1512144810000 10254
1512144810000 10255
1512144810000 10255
1512144810000 10255
1512144810000 10255
1512144810000 10256
1512144820000 10091
1512144820000 10091
1512144820000 10091
1512144820000 10092
1512144820000 10092
1512144820000 10092
1512144820000 10093
1512144820000 10093
1512144820000 10093
1512144820000 10094
1512144820000 10094
1512144820000 10095
1512144820000 10095
1512144820000 10095
1512144820000 10096
1512144820000 10096
1512144820000 10097
1512144820000 10097
1512144820000 10097
1512144820000 10098
1512144820000 10098
1512144820000 10099
1512144820000 10099
1512144820000 10099
1512144820000 10127
1512144820000 10127
1512144820000 10127
1512144820000 10127
1512144820000 10128
1512144820000 10128
1512144820000 10128
1512144820000 10128
1512144820000 10128
1512144820000 10129
1512144820000 10129
1512144820000 10129
1512144820000 10129
1512144820000 10129
1512144820000 10130
1512144820000 10130
1512144820000 10130
1512144820000 10130
1512144820000 10130
1512144820000 10131
1512144820000 10131
1512144820000 10131
1512144820000 10131
1512144820000 10131
1512144820000 10131
1512144820000 10132
1512144820000 10132
1512144820000 10132
1512144820000 10132
1512144820000 10133
1512144820000 10241
1512144820000 10242
1512144820000 10242
1512144820000 10242
1512144820000 10242
1512144820000 10243
1512144820000 10243
1512144820000 10243
1512144820000 10244
1512144820000 10244
1512144820000 10244
1512144820000 10244
1512144820000 10245
1512144820000 10245
1512144820000 10245
1512144820000 10245
1512144820000 10246
1512144820000 10260
1512144820000 10261
1512144820000 10261
1512144820000 10261
1512144820000 10262
1512144820000 10262
1512144820000 10262
1512144820000 10263
1512144820000 10263
1512144820000 10263
1512144820000 10263
1512144820000 10264
1512144820000 10264
1512144820000 10264
1512144820000 10265
1512144820000 10265
1512144820000 10266
1512144820000 10266
1512144820000 10266
1512144820000 10266
1512144820000 10267
1512144820000 10267
1512144820000 10267
1512144820000 10268
1512144820000 10268
1512144820000 10268
1512144820000 10268
1512144820000 10269
1512144820000 10269
1512144830000 10096
1512144830000 10096
1512144830000 10097
1512144830000 10097
1512144830000 10098
1512144830000 10098
1512144830000 10098
1512144830000 10099
1512144830000 10099
1512144830000 10100
1512144830000 10100
1512144830000 10100
1512144830000 10101
1512144830000 10101
1512144830000 10101
1512144830000 10102
1512144830000 10102
1512144830000 10103
1512144830000 10103
1512144830000 10103
1512144830000 10104
1512144830000 10104
1512144830000 10105
1512144830000 10105
1512144830000 10105
1512144830000 10106
1512144830000 10106
1512144830000 10106
1512144830000 10120
1512144830000 10121
1512144830000 10121
1512144830000 10122
1512144830000 10122
1512144830000 10122
1512144830000 10123
1512144830000 10123
1512144830000 10123
1512144830000 10124
1512144830000 10124
1512144830000 10124
1512144830000 10125
1512144830000 10125
1512144830000 10125
1512144830000 10250
1512144830000 10251
1512144830000 10251
1512144830000 10251
1512144830000 10252
1512144830000 10252
1512144830000 10252
1512144830000 10252
1512144830000 10253
1512144830000 10253
1512144830000 10253
1512144830000 10254
1512144830000 10254
1512144830000 10254
1512144830000 10255
1512144830000 10255
1512144830000 10255
1512144830000 10256
1512144830000 10259
1512144830000 10259
1512144830000 10259
1512144830000 10260
1512144830000 10260
1512144830000 10261
1512144830000 10261
1512144830000 10261
1512144830000 10262
1512144830000 10262
1512144830000 10262
1512144830000 10263
1512144830000 10263
1512144830000 10263
1512144830000 10264
1512144830000 10264
1512144830000 10264
1512144830000 10265
1512144830000 10265
1512144830000 10266
1512144830000 10266
1512144830000 10266
1512144830000 10267
1512144830000 10267
1512144830000 10268
1512144830000 10268
1512144830000 10284
1512144830000 10285
1512144830000 10285
1512144830000 10285
1512144830000 10285
1512144830000 10286
1512144830000 10286
1512144830000 10286
1512144830000 10287
1512144830000 10287
1512144830000 10287
1512144830000 10288
1512144830000 10288
1512144840000 10101
1512144840000 10102
1512144840000 10102
1512144840000 10102
1512144840000 10103
1512144840000 10103
1512144840000 10104
1512144840000 10104
1512144840000 10104
1512144840000 10105
1512144840000 10105
1512144840000 10105
1512144840000 10106
1512144840000 10106
1512144840000 10106
1512144840000 10107
1512144840000 10107
1512144840000 10107
1512144840000 10108
1512144840000 10108
1512144840000 10108
1512144840000 10109
1512144840000 10109
1512144840000 10129
1512144840000 10129
1512144840000 10130
1512144840000 10130
1512144840000 10130
1512144840000 10131
1512144840000 10131
1512144840000 10131
1512144840000 10131
1512144840000 10132
1512144840000 10132
1512144840000 10132
1512144840000 10132
1512144840000 10133
1512144840000 10133
1512144840000 10146
1512144840000 10146
1512144840000 10146
1512144840000 10147
1512144840000 10147
1512144840000 10147
1512144840000 10147
1512144840000 10148
1512144840000 10148
1512144840000 10148
1512144840000 10148
1512144840000 10149
1512144840000 10149
1512144840000 10149
1512144840000 10149
1512144840000 10150
1512144840000 10150
1512144840000 10150
1512144840000 10151
1512144840000 10151
1512144840000 10151
1512144840000 10151
1512144840000 10246
1512144840000 10246
1512144840000 10246
1512144840000 10247
1512144840000 10247
1512144840000 10247
1512144840000 10247
1512144840000 10247
1512144840000 10247
1512144840000 10248
1512144840000 10248
1512144840000 10248
1512144840000 10248
1512144840000 10248
1512144840000 10248
1512144840000 10248
1512144840000 10248
1512144840000 10249
1512144840000 10249
1512144840000 10249
1512144840000 10249
1512144840000 10249
1512144840000 10249
1512144840000 10249
1512144840000 10249
1512144840000 10249
1512144840000 10250
1512144840000 10250
1512144840000 10250
1512144840000 10250
1512144840000 10250
1512144840000 10250
1512144840000 10250
1512144840000 10250
1512144840000 10250
1512144840000 10251
1512144840000 10251
1512144840000 10251
1512144840000 10251
1512144840000 10252
1512144850000 10137
1512144850000 10137
1512144850000 10137
1512144850000 10138
1512144850000 10138
1512144850000 10138
1512144850000 10139
1512144850000 10139
1512144850000 10139
1512144850000 10140
1512144850000 10140
1512144850000 10140
1512144850000 10141
1512144850000 10141
1512144850000 10141
1512144850000 10142
1512144850000 10142
1512144850000 10142
1512144850000 10143
1512144850000 10143
1512144850000 10153
1512144850000 10153
1512144850000 10154
1512144850000 10154
1512144850000 10154
1512144850000 10155
1512144850000 10155
1512144850000 10155
1512144850000 10156
1512144850000 10156
1512144850000 10156
1512144850000 10157
1512144850000 10157
1512144850000 10157
1512144850000 10158
1512144850000 10158
1512144850000 10158
1512144850000 10159
1512144850000 10159
1512144850000 10159
1512144850000 10160
1512144850000 10160
1512144850000 10161
1512144850000 10161
1512144850000 10161
1512144850000 10161
1512144850000 10247
1512144850000 10247
1512144850000 10247
1512144850000 10247
1512144850000 10248
1512144850000 10248
1512144850000 10248
1512144850000 10249
1512144850000 10249
1512144850000 10249
1512144850000 10249
1512144850000 10249
1512144850000 10250
1512144850000 10250
1512144850000 10250
1512144850000 10250
1512144850000 10250
1512144850000 10250
1512144850000 10250
1512144850000 10251
1512144850000 10251
1512144850000 10251
1512144850000 10251
1512144850000 10251
1512144850000 10251
1512144850000 10251
1512144850000 10252
1512144850000 10252
1512144850000 10252
1512144850000 10252
1512144850000 10253
1512144850000 10253
1512144850000 10253
1512144850000 10253
1512144850000 10254
1512144850000 10254
1512144850000 10254
1512144850000 10254
1512144850000 10255
1512144850000 10255
1512144850000 10255
1512144850000 10255
1512144850000 10256
1512144850000 10256
1512144850000 10256
1512144850000 10256
1512144850000 10257
1512144850000 10257
1512144850000 10257
1512144850000 10257
1512144850000 10257
1512144850000 10258
1512144850000 10258
1512144850000 10258
1512144860000 10081
1512144860000 10082
1512144860000 10082
1512144860000 10082
1512144860000 10082
1512144860000 10083
1512144860000 10083
1512144860000 10083
1512144860000 10084
1512144860000 10084
1512144860000 10084
1512144860000 10085
1512144860000 10085
1512144860000 10085
1512144860000 10085
1512144860000 10086
1512144860000 10086
1512144860000 10086
1512144860000 10087
1512144860000 10087
1512144860000 10087
1512144860000 10088
1512144860000 10122
1512144860000 10123
1512144860000 10123
1512144860000 10123
1512144860000 10124
1512144860000 10124
1512144860000 10124
1512144860000 10125
1512144860000 10125
1512144860000 10125
1512144860000 10126
1512144860000 10126
1512144860000 10127
1512144860000 10127
1512144860000 10127
1512144860000 10128
1512144860000 10251
1512144860000 10251
1512144860000 10251
1512144860000 10251
1512144860000 10252
1512144860000 10252
1512144860000 10252
1512144860000 10253
1512144860000 10253
1512144860000 10253
1512144860000 10253
1512144860000 10254
1512144860000 10254
1512144860000 10254
1512144860000 10255
1512144860000 10255
1512144860000 10255
1512144860000 10255
1512144860000 10255
1512144860000 10256
1512144860000 10256
1512144860000 10256
1512144860000 10256
1512144860000 10256
1512144860000 10256
1512144860000 10256
1512144860000 10256
1512144860000 10256
1512144860000 10257
1512144860000 10257
1512144860000 10257
1512144860000 10257
1512144860000 10257
1512144860000 10257
1512144860000 10258
1512144860000 10258
1512144860000 10258
1512144860000 10258
1512144860000 10259
1512144860000 10259
1512144860000 10259
1512144860000 10259
1512144860000 10260
1512144860000 10260
1512144860000 10292
1512144860000 10292
1512144860000 10293
1512144860000 10293
1512144860000 10293
1512144860000 10293
1512144860000 10294
1512144860000 10294
1512144860000 10294
1512144860000 10295
1512144860000 10295
1512144860000 10295
1512144860000 10295
1512144860000 10296
1512144860000 10296
1512144860000 10296
1512144860000 10296
1512144860000 10297
1512144870000 10087
1512144870000 10087
1512144870000 10088
1512144870000 10088
1512144870000 10088
1512144870000 10088
1512144870000 10089
1512144870000 10089
1512144870000 10089
1512144870000 10089
1512144870000 10090
1512144870000 10090
1512144870000 10090
1512144870000 10090
1512144870000 10091
1512144870000 10091
1512144870000 10091
1512144870000 10091
1512144870000 10091
1512144870000 10092
1512144870000 10092
1512144870000 10092
1512144870000 10092
1512144870000 10135
1512144870000 10136
1512144870000 10136
1512144870000 10137
1512144870000 10137
1512144870000 10137
1512144870000 10138
1512144870000 10138
1512144870000 10138
1512144870000 10139
1512144870000 10139
1512144870000 10140
1512144870000 10140
1512144870000 10140
1512144870000 10141
1512144870000 10141
1512144870000 10141
1512144870000 10142
1512144870000 10144
1512144870000 10144
1512144870000 10144
1512144870000 10145
1512144870000 10145
1512144870000 10145
1512144870000 10146
1512144870000 10146
1512144870000 10147
1512144870000 10147
1512144870000 10147
1512144870000 10148
1512144870000 10148
1512144870000 10148
1512144870000 10148
1512144870000 10149
1512144870000 10149
1512144870000 10149
1512144870000 10149
1512144870000 10150
1512144870000 10150
1512144870000 10240
1512144870000 10241
1512144870000 10241
1512144870000 10241
1512144870000 10241
1512144870000 10242
1512144870000 10242
1512144870000 10242
1512144870000 10242
1512144870000 10243
1512144870000 10243
1512144870000 10243
1512144870000 10243
1512144870000 10244
1512144870000 10244
1512144870000 10244
1512144870000 10251
1512144870000 10251
1512144870000 10251
1512144870000 10252
1512144870000 10252
1512144870000 10252
1512144870000 10253
1512144870000 10253
1512144870000 10253
1512144870000 10253
1512144870000 10254
1512144870000 10254
1512144870000 10254
1512144870000 10255
1512144870000 10255
1512144870000 10255
1512144870000 10255
1512144870000 10256
1512144870000 10256
1512144870000 10256
1512144870000 10257
1512144870000 10257
1512144880000 10138
1512144880000 10138
1512144880000 10139
1512144880000 10139
1512144880000 10139
1512144880000 10139
1512144880000 10139
1512144880000 10139
1512144880000 10140
1512144880000 10140
1512144880000 10140
1512144880000 10140
1512144880000 10140
1512144880000 10140
1512144880000 10141
1512144880000 10141
1512144880000 10141
1512144880000 10141
1512144880000 10141
1512144880000 10141
1512144880000 10141
1512144880000 10142
1512144880000 10142
1512144880000 10142
1512144880000 10142
1512144880000 10142
1512144880000 10142
1512144880000 10143
1512144880000 10143
1512144880000 10143
1512144880000 10143
1512144880000 10143
1512144880000 10143
1512144880000 10144
1512144880000 10144
1512144880000 10144
1512144880000 10144
1512144880000 10144
1512144880000 10248
1512144880000 10249
1512144880000 10249
1512144880000 10249
1512144880000 10249
1512144880000 10249
1512144880000 10249
1512144880000 10249
1512144880000 10250
1512144880000 10250
1512144880000 10250
1512144880000 10250
1512144880000 10250
1512144880000 10250
1512144880000 10250
1512144880000 10250
1512144880000 10251
1512144880000 10251
1512144880000 10251
1512144880000 10251
1512144880000 10251
1512144880000 10251
1512144880000 10251
1512144880000 10252
1512144880000 10252
1512144880000 10252
1512144880000 10252
1512144880000 10252
1512144880000 10252
1512144880000 10252
1512144880000 10253
1512144880000 10253
1512144880000 10253
1512144880000 10253
1512144880000 10254
1512144880000 10254
1512144880000 10254
1512144880000 10262
1512144880000 10263
1512144880000 10263
1512144880000 10263
1512144880000 10264
1512144880000 10264
1512144880000 10264
1512144880000 10265
1512144880000 10265
1512144880000 10266
1512144880000 10266
1512144880000 10267
1512144880000 10267
1512144880000 10267
1512144880000 10268
1512144880000 10268
1512144880000 10268
1512144880000 10269
1512144880000 10269
1512144880000 10270
1512144880000 10270
1512144880000 10270
1512144880000 10271
1512144880000 10271
1512144880000 10271
1512144890000 9280
1512144890000 9280
1512144890000 9281
1512144890000 9281
1512144890000 9281
1512144890000 9281
1512144890000 9281
1512144890000 9281
1512144890000 9282
1512144890000 9282
1512144890000 9282
1512144890000 9282
1512144890000 9283
1512144890000 9283
1512144890000 9283
1512144890000 9283
1512144890000 9283
1512144890000 9284
1512144890000 9284
1512144890000 9284
1512144890000 9284
1512144890000 9284
1512144890000 9284
1512144890000 9285
1512144890000 9285
1512144890000 9286
1512144890000 9286
1512144890000 9286
1512144890000 9287
1512144890000 9287
1512144890000 9288
1512144890000 9288
1512144890000 9288
1512144890000 9293
1512144890000 9294
1512144890000 9294
1512144890000 9294
1512144890000 9295
1512144890000 9295
1512144890000 9295
1512144890000 9296
1512144890000 9296
1512144890000 9297
1512144890000 9297
1512144890000 9297
1512144890000 9298
1512144890000 9298
1512144890000 9299
1512144890000 9299
1512144890000 9299
1512144890000 9300
1512144890000 9300
1512144890000 9301
1512144890000 9301
1512144890000 9301
1512144890000 9302
1512144890000 9302
1512144890000 9302
1512144890000 9303
1512144890000 9304
1512144890000 9304
1512144890000 9305
1512144890000 9305
1512144890000 9305
1512144890000 9306
1512144890000 9306
1512144890000 9306
1512144890000 9307
1512144890000 9307
1512144890000 9307
1512144890000 9308
1512144890000 9308
1512144890000 9308
1512144890000 9309
1512144890000 9309
1512144890000 9310
1512144890000 9310
1512144890000 9310
1512144890000 9311
1512144890000 9311
1512144890000 9311
1512144890000 9312
1512144890000 9332
1512144890000 9332
1512144890000 9333
1512144890000 9333
1512144890000 9333
1512144890000 9334
1512144890000 9334
1512144890000 9334
1512144890000 9335
1512144890000 9335
1512144890000 9336
1512144890000 9336
1512144890000 9336
1512144890000 9337
1512144890000 9337
1512144890000 9337
1512144890000 9338
1512144890000 9338
