1512149340000 3382
1512149340000 3383
1512149340000 3383
1512149340000 3383
1512149340000 3384
1512149340000 3384
1512149340000 3384
1512149340000 3384
1512149340000 3385
1512149340000 3385
1512149340000 3385
1512149340000 3386
1512149340000 3386
1512149340000 3386
1512149340000 3386
1512149340000 3386
1512149340000 3387
1512149340000 3387
1512149340000 3387
1512149340000 3388
1512149340000 3388
1512149340000 3389
1512149340000 3389
1512149340000 3389
1512149340000 3389
1512149340000 3389
1512149340000 3389
1512149340000 3389
1512149340000 3390
1512149340000 3390
1512149340000 3390
1512149340000 3390
1512149340000 3390
1512149340000 3390
1512149340000 3391
1512149340000 3391
1512149340000 3391
1512149340000 3391
1512149340000 3391
1512149340000 3391
1512149340000 3391
1512149340000 3391
1512149340000 3391
1512149340000 3392
1512149340000 3392
1512149340000 3392
1512149340000 3392
1512149340000 3392
1512149340000 3392
1512149340000 3392
1512149340000 3392
1512149340000 3392
1512149340000 3393
1512149340000 3393
1512149340000 3393
1512149340000 3393
1512149340000 3393
1512149340000 3393
1512149340000 3393
1512149340000 3393
1512149340000 3393
1512149340000 3393
1512149340000 3394
1512149340000 3394
1512149340000 3394
1512149340000 3394
1512149340000 3394
1512149340000 3394
1512149340000 3394
1512149340000 3394
1512149340000 3394
1512149340000 3394
1512149340000 3394
1512149340000 3395
1512149340000 3395
1512149340000 3395
1512149340000 3395
1512149340000 3396
1512149340000 3397
1512149340000 3397
1512149340000 3398
1512149340000 3398
1512149340000 3398
1512149340000 3398
1512149340000 3398
1512149340000 3399
1512149340000 3399
1512149340000 3399
1512149340000 3399
1512149340000 3400
1512149340000 3400
1512149340000 3401
1512149340000 3402
1512149340000 3439
1512149340000 3440
1512149340000 3440
1512149340000 3441
1512149340000 3448
1512149340000 3448
1512149340000 3449
1512149350000 1065
1512149350000 1065
1512149350000 1065
1512149350000 1065
1512149350000 1066
1512149350000 1066
1512149350000 1066
1512149350000 1066
1512149350000 1066
1512149350000 1066
1512149350000 1067
1512149350000 1067
1512149350000 1067
1512149350000 1068
1512149350000 1068
1512149350000 1068
1512149350000 1068
1512149350000 1068
1512149350000 1068
1512149350000 1068
1512149350000 1068
1512149350000 1069
1512149350000 1069
1512149350000 1069
1512149350000 1069
1512149350000 1069
1512149350000 1069
1512149350000 1069
1512149350000 1069
1512149350000 1069
1512149350000 1069
1512149350000 1069
1512149350000 1070
1512149350000 1070
1512149350000 1070
1512149350000 1070
1512149350000 1070
1512149350000 1070
1512149350000 1070
1512149350000 1070
1512149350000 1070
1512149350000 1071
1512149350000 1071
1512149350000 1071
1512149350000 1071
1512149350000 1071
1512149350000 1072
1512149350000 1072
1512149350000 1072
1512149350000 1072
1512149350000 1072
1512149350000 1072
1512149350000 1072
1512149350000 1072
1512149350000 1072
1512149350000 1072
1512149350000 1073
1512149350000 1073
1512149350000 1073
1512149350000 1073
1512149350000 1073
1512149350000 1073
1512149350000 1073
1512149350000 1073
1512149350000 1074
1512149350000 1074
1512149350000 1074
1512149350000 1075
1512149350000 1075
1512149350000 1075
1512149350000 1075
1512149350000 1075
1512149350000 1075
1512149350000 1075
1512149350000 1076
1512149350000 1076
1512149350000 1076
1512149350000 1076
1512149350000 1077
1512149350000 1077
1512149350000 1077
1512149350000 1077
1512149350000 1077
1512149350000 1077
1512149350000 1078
1512149350000 1078
1512149350000 1078
1512149350000 1079
1512149350000 1079
1512149350000 1079
1512149350000 1080
1512149350000 1080
1512149350000 1081
1512149350000 1103
1512149350000 1104
1512149350000 1104
1512149350000 1104
1512149350000 1104
1512149350000 1104
1512149350000 1104
1512149360000 1061
1512149360000 1062
1512149360000 1062
1512149360000 1062
1512149360000 1062
1512149360000 1062
1512149360000 1062
1512149360000 1062
1512149360000 1063
1512149360000 1063
1512149360000 1063
1512149360000 1063
1512149360000 1063
1512149360000 1063
1512149360000 1064
1512149360000 1064
1512149360000 1064
1512149360000 1064
1512149360000 1064
1512149360000 1064
1512149360000 1064
1512149360000 1064
1512149360000 1064
1512149360000 1065
1512149360000 1065
1512149360000 1065
1512149360000 1065
1512149360000 1065
1512149360000 1065
1512149360000 1066
1512149360000 1066
1512149360000 1066
1512149360000 1066
1512149360000 1066
1512149360000 1066
1512149360000 1066
1512149360000 1066
1512149360000 1066
1512149360000 1066
1512149360000 1066
1512149360000 1067
1512149360000 1067
1512149360000 1067
1512149360000 1067
1512149360000 1067
1512149360000 1067
1512149360000 1067
1512149360000 1067
1512149360000 1068
1512149360000 1068
1512149360000 1068
1512149360000 1068
1512149360000 1068
1512149360000 1068
1512149360000 1068
1512149360000 1068
1512149360000 1069
1512149360000 1069
1512149360000 1069
1512149360000 1069
1512149360000 1069
1512149360000 1069
1512149360000 1069
1512149360000 1069
1512149360000 1069
1512149360000 1069
1512149360000 1069
1512149360000 1069
1512149360000 1069
1512149360000 1070
1512149360000 1070
1512149360000 1070
1512149360000 1071
1512149360000 1071
1512149360000 1071
1512149360000 1071
1512149360000 1071
1512149360000 1071
1512149360000 1071
1512149360000 1071
1512149360000 1071
1512149360000 1071
1512149360000 1071
1512149360000 1072
1512149360000 1072
1512149360000 1072
1512149360000 1072
1512149360000 1072
1512149360000 1072
1512149360000 1072
1512149360000 1072
1512149360000 1072
1512149360000 1072
1512149360000 1072
1512149360000 1072
1512149360000 1072
1512149360000 1073
1512149360000 1073
1512149360000 1073
1512149360000 1073
1512149370000 1097
1512149370000 1097
1512149370000 1097
1512149370000 1097
1512149370000 1097
1512149370000 1097
1512149370000 1097
1512149370000 1097
1512149370000 1097
1512149370000 1097
1512149370000 1097
1512149370000 1097
1512149370000 1097
1512149370000 1097
1512149370000 1097
1512149370000 1097
1512149370000 1097
1512149370000 1098
1512149370000 1098
1512149370000 1098
1512149370000 1098
1512149370000 1098
1512149370000 1098
1512149370000 1098
1512149370000 1098
1512149370000 1098
1512149370000 1098
1512149370000 1098
1512149370000 1098
1512149370000 1098
1512149370000 1098
1512149370000 1098
1512149370000 1098
1512149370000 1098
1512149370000 1098
1512149370000 1098
1512149370000 1098
1512149370000 1098
1512149370000 1098
1512149370000 1098
1512149370000 1099
1512149370000 1099
1512149370000 1099
1512149370000 1099
1512149370000 1099
1512149370000 1099
1512149370000 1099
1512149370000 1099
1512149370000 1099
1512149370000 1099
1512149370000 1099
1512149370000 1099
1512149370000 1099
1512149370000 1099
1512149370000 1099
1512149370000 1099
1512149370000 1099
1512149370000 1100
1512149370000 1100
1512149370000 1100
1512149370000 1100
1512149370000 1100
1512149370000 1100
1512149370000 1100
1512149370000 1100
1512149370000 1100
1512149370000 1100
1512149370000 1100
1512149370000 1100
1512149370000 1100
1512149370000 1100
1512149370000 1101
1512149370000 1101
1512149370000 1101
1512149370000 1101
1512149370000 1101
1512149370000 1101
1512149370000 1101
1512149370000 1101
1512149370000 1101
1512149370000 1101
1512149370000 1101
1512149370000 1101
1512149370000 1102
1512149370000 1102
1512149370000 1102
1512149370000 1102
1512149370000 1102
1512149370000 1102
1512149370000 1103
1512149370000 1103
1512149370000 1103
1512149370000 1103
1512149370000 1107
1512149370000 1107
1512149370000 1107
1512149370000 1107
1512149370000 1107
1512149370000 1108
1512149370000 1108
1512149380000 1128
1512149380000 1128
1512149380000 1128
1512149380000 1128
1512149380000 1129
1512149380000 1129
1512149380000 1129
1512149380000 1129
1512149380000 1129
1512149380000 1129
1512149380000 1129
1512149380000 1129
1512149380000 1129
1512149380000 1129
1512149380000 1129
1512149380000 1129
1512149380000 1129
1512149380000 1130
1512149380000 1130
1512149380000 1130
1512149380000 1130
1512149380000 1130
1512149380000 1130
1512149380000 1130
1512149380000 1130
1512149380000 1130
1512149380000 1130
1512149380000 1130
1512149380000 1130
1512149380000 1130
1512149380000 1130
1512149380000 1130
1512149380000 1130
1512149380000 1130
1512149380000 1130
1512149380000 1130
1512149380000 1131
1512149380000 1131
1512149380000 1131
1512149380000 1131
1512149380000 1131
1512149380000 1131
1512149380000 1131
1512149380000 1131
1512149380000 1131
1512149380000 1131
1512149380000 1131
1512149380000 1131
1512149380000 1131
1512149380000 1131
1512149380000 1131
1512149380000 1131
1512149380000 1131
1512149380000 1132
1512149380000 1132
1512149380000 1132
1512149380000 1132
1512149380000 1132
1512149380000 1132
1512149380000 1132
1512149380000 1132
1512149380000 1132
1512149380000 1132
1512149380000 1132
1512149380000 1132
1512149380000 1132
1512149380000 1133
1512149380000 1133
1512149380000 1133
1512149380000 1133
1512149380000 1133
1512149380000 1133
1512149380000 1133
1512149380000 1133
1512149380000 1134
1512149380000 1134
1512149380000 1134
1512149380000 1134
1512149380000 1134
1512149380000 1135
1512149380000 1135
1512149380000 1135
1512149380000 1135
1512149380000 1143
1512149380000 1144
1512149380000 1144
1512149380000 1144
1512149380000 1145
1512149380000 1147
1512149380000 1148
1512149380000 1148
1512149380000 1159
1512149380000 1159
1512149380000 1167
1512149380000 1167
1512149380000 1167
1512149380000 1168
1512149380000 1168
1512149380000 1168
1512149380000 1168
1512149390000 1049
1512149390000 1049
1512149390000 1049
1512149390000 1049
1512149390000 1049
1512149390000 1049
1512149390000 1049
1512149390000 1049
1512149390000 1049
1512149390000 1049
1512149390000 1050
1512149390000 1050
1512149390000 1050
1512149390000 1050
1512149390000 1050
1512149390000 1050
1512149390000 1050
1512149390000 1050
1512149390000 1050
1512149390000 1050
1512149390000 1050
1512149390000 1050
1512149390000 1050
1512149390000 1050
1512149390000 1050
1512149390000 1051
1512149390000 1051
1512149390000 1051
1512149390000 1051
1512149390000 1051
1512149390000 1051
1512149390000 1051
1512149390000 1051
1512149390000 1051
1512149390000 1051
1512149390000 1051
1512149390000 1051
1512149390000 1051
1512149390000 1051
1512149390000 1051
1512149390000 1051
1512149390000 1051
1512149390000 1051
1512149390000 1051
1512149390000 1051
1512149390000 1051
1512149390000 1052
1512149390000 1052
1512149390000 1052
1512149390000 1052
1512149390000 1052
1512149390000 1052
1512149390000 1052
1512149390000 1052
1512149390000 1052
1512149390000 1052
1512149390000 1052
1512149390000 1052
1512149390000 1052
1512149390000 1052
1512149390000 1052
1512149390000 1052
1512149390000 1053
1512149390000 1053
1512149390000 1053
1512149390000 1053
1512149390000 1053
1512149390000 1053
1512149390000 1053
1512149390000 1054
1512149390000 1054
1512149390000 1054
1512149390000 1054
1512149390000 1054
1512149390000 1054
1512149390000 1054
1512149390000 1054
1512149390000 1054
1512149390000 1054
1512149390000 1054
1512149390000 1054
1512149390000 1055
1512149390000 1055
1512149390000 1055
1512149390000 1056
1512149390000 1057
1512149390000 1057
1512149390000 1058
1512149390000 1058
1512149390000 1058
1512149390000 1059
1512149390000 1059
1512149390000 1060
1512149390000 1063
1512149390000 1064
1512149390000 1066
1512149390000 1066
1512149390000 1066
1512149390000 1067
1512149390000 1067
1512149400000 1034
1512149400000 1034
1512149400000 1034
1512149400000 1034
1512149400000 1034
1512149400000 1034
1512149400000 1034
1512149400000 1034
1512149400000 1034
1512149400000 1034
1512149400000 1034
1512149400000 1034
1512149400000 1034
1512149400000 1034
1512149400000 1034
1512149400000 1034
1512149400000 1034
1512149400000 1035
1512149400000 1035
1512149400000 1035
1512149400000 1035
1512149400000 1035
1512149400000 1035
1512149400000 1035
1512149400000 1035
1512149400000 1035
1512149400000 1035
1512149400000 1035
1512149400000 1035
1512149400000 1035
1512149400000 1035
1512149400000 1035
1512149400000 1035
1512149400000 1035
1512149400000 1036
1512149400000 1036
1512149400000 1036
1512149400000 1036
1512149400000 1036
1512149400000 1036
1512149400000 1036
1512149400000 1036
1512149400000 1036
1512149400000 1036
1512149400000 1036
1512149400000 1036
1512149400000 1036
1512149400000 1036
1512149400000 1036
1512149400000 1036
1512149400000 1036
1512149400000 1036
1512149400000 1037
1512149400000 1037
1512149400000 1037
1512149400000 1037
1512149400000 1037
1512149400000 1037
1512149400000 1037
1512149400000 1037
1512149400000 1038
1512149400000 1038
1512149400000 1038
1512149400000 1038
1512149400000 1038
1512149400000 1038
1512149400000 1038
1512149400000 1038
1512149400000 1038
1512149400000 1038
1512149400000 1038
1512149400000 1038
1512149400000 1039
1512149400000 1039
1512149400000 1039
1512149400000 1039
1512149400000 1039
1512149400000 1039
1512149400000 1039
1512149400000 1039
1512149400000 1039
1512149400000 1040
1512149400000 1040
1512149400000 1040
1512149400000 1040
1512149400000 1041
1512149400000 1041
1512149400000 1041
1512149400000 1041
1512149400000 1042
1512149400000 1042
1512149400000 1042
1512149400000 1042
1512149400000 1067
1512149400000 1068
1512149400000 1068
1512149400000 1068
1512149400000 1068
1512149400000 1068
1512149400000 1069
1512149410000 1086
1512149410000 1086
1512149410000 1086
1512149410000 1086
1512149410000 1086
1512149410000 1086
1512149410000 1086
1512149410000 1086
1512149410000 1086
1512149410000 1087
1512149410000 1087
1512149410000 1087
1512149410000 1087
1512149410000 1087
1512149410000 1087
1512149410000 1087
1512149410000 1087
1512149410000 1087
1512149410000 1087
1512149410000 1087
1512149410000 1087
1512149410000 1087
1512149410000 1087
1512149410000 1087
1512149410000 1087
1512149410000 1087
1512149410000 1087
1512149410000 1087
1512149410000 1088
1512149410000 1088
1512149410000 1088
1512149410000 1088
1512149410000 1088
1512149410000 1088
1512149410000 1088
1512149410000 1088
1512149410000 1088
1512149410000 1088
1512149410000 1088
1512149410000 1088
1512149410000 1088
1512149410000 1088
1512149410000 1088
1512149410000 1088
1512149410000 1088
1512149410000 1089
1512149410000 1089
1512149410000 1089
1512149410000 1089
1512149410000 1089
1512149410000 1089
1512149410000 1089
1512149410000 1089
1512149410000 1089
1512149410000 1089
1512149410000 1089
1512149410000 1090
1512149410000 1090
1512149410000 1090
1512149410000 1090
1512149410000 1090
1512149410000 1090
1512149410000 1090
1512149410000 1090
1512149410000 1090
1512149410000 1090
1512149410000 1090
1512149410000 1090
1512149410000 1091
1512149410000 1091
1512149410000 1091
1512149410000 1092
1512149410000 1092
1512149410000 1092
1512149410000 1092
1512149410000 1092
1512149410000 1095
1512149410000 1095
1512149410000 1096
1512149410000 1096
1512149410000 1109
1512149410000 1110
1512149410000 1110
1512149410000 1115
1512149410000 1116
1512149410000 1117
1512149410000 1117
1512149410000 1125
1512149410000 1126
1512149410000 1133
1512149410000 1133
1512149410000 1134
1512149410000 1135
1512149410000 1144
1512149410000 1144
1512149410000 1144
1512149410000 1144
1512149410000 1144
1512149410000 1144
1512149410000 1144
1512149420000 1043
1512149420000 1044
1512149420000 1044
1512149420000 1044
1512149420000 1044
1512149420000 1044
1512149420000 1044
1512149420000 1044
1512149420000 1044
1512149420000 1044
1512149420000 1044
1512149420000 1044
1512149420000 1044
1512149420000 1044
1512149420000 1045
1512149420000 1045
1512149420000 1045
1512149420000 1045
1512149420000 1045
1512149420000 1045
1512149420000 1045
1512149420000 1045
1512149420000 1045
1512149420000 1045
1512149420000 1045
1512149420000 1045
1512149420000 1045
1512149420000 1045
1512149420000 1045
1512149420000 1045
1512149420000 1045
1512149420000 1045
1512149420000 1045
1512149420000 1046
1512149420000 1046
1512149420000 1046
1512149420000 1046
1512149420000 1046
1512149420000 1046
1512149420000 1046
1512149420000 1046
1512149420000 1046
1512149420000 1047
1512149420000 1047
1512149420000 1047
1512149420000 1047
1512149420000 1047
1512149420000 1047
1512149420000 1047
1512149420000 1047
1512149420000 1047
1512149420000 1047
1512149420000 1047
1512149420000 1047
1512149420000 1048
1512149420000 1048
1512149420000 1048
1512149420000 1048
1512149420000 1048
1512149420000 1048
1512149420000 1048
1512149420000 1048
1512149420000 1048
1512149420000 1048
1512149420000 1048
1512149420000 1048
1512149420000 1048
1512149420000 1048
1512149420000 1048
1512149420000 1048
1512149420000 1049
1512149420000 1050
1512149420000 1050
1512149420000 1050
1512149420000 1051
1512149420000 1051
1512149420000 1051
1512149420000 1051
1512149420000 1051
1512149420000 1051
1512149420000 1051
1512149420000 1051
1512149420000 1051
1512149420000 1052
1512149420000 1052
1512149420000 1052
1512149420000 1052
1512149420000 1052
1512149420000 1053
1512149420000 1053
1512149420000 1053
1512149420000 1054
1512149420000 1054
1512149420000 1054
1512149420000 1082
1512149420000 1083
1512149420000 1083
1512149420000 1083
1512149420000 1083
1512149420000 1084
1512149430000 1043
1512149430000 1043
1512149430000 1043
1512149430000 1043
1512149430000 1043
1512149430000 1043
1512149430000 1043
1512149430000 1043
1512149430000 1043
1512149430000 1043
1512149430000 1043
1512149430000 1043
1512149430000 1043
1512149430000 1043
1512149430000 1043
1512149430000 1043
1512149430000 1043
1512149430000 1043
1512149430000 1044
1512149430000 1044
1512149430000 1044
1512149430000 1044
1512149430000 1044
1512149430000 1044
1512149430000 1044
1512149430000 1044
1512149430000 1044
1512149430000 1044
1512149430000 1044
1512149430000 1044
1512149430000 1044
1512149430000 1044
1512149430000 1044
1512149430000 1044
1512149430000 1045
1512149430000 1045
1512149430000 1045
1512149430000 1045
1512149430000 1045
1512149430000 1045
1512149430000 1045
1512149430000 1045
1512149430000 1045
1512149430000 1045
1512149430000 1045
1512149430000 1045
1512149430000 1045
1512149430000 1046
1512149430000 1046
1512149430000 1046
1512149430000 1046
1512149430000 1046
1512149430000 1046
1512149430000 1046
1512149430000 1046
1512149430000 1046
1512149430000 1046
1512149430000 1047
1512149430000 1047
1512149430000 1047
1512149430000 1047
1512149430000 1047
1512149430000 1047
1512149430000 1047
1512149430000 1047
1512149430000 1048
1512149430000 1048
1512149430000 1048
1512149430000 1048
1512149430000 1048
1512149430000 1048
1512149430000 1048
1512149430000 1048
1512149430000 1048
1512149430000 1048
1512149430000 1048
1512149430000 1049
1512149430000 1049
1512149430000 1050
1512149430000 1050
1512149430000 1050
1512149430000 1050
1512149430000 1050
1512149430000 1050
1512149430000 1051
1512149430000 1051
1512149430000 1051
1512149430000 1051
1512149430000 1051
1512149430000 1051
1512149430000 1051
1512149430000 1052
1512149430000 1052
1512149430000 1068
1512149430000 1068
1512149430000 1068
1512149430000 1069
1512149430000 1069
1512149430000 1069
1512149430000 1069
1512149440000 1081
1512149440000 1081
1512149440000 1081
1512149440000 1081
1512149440000 1081
1512149440000 1081
1512149440000 1081
1512149440000 1081
1512149440000 1081
1512149440000 1082
1512149440000 1082
1512149440000 1082
1512149440000 1082
1512149440000 1082
1512149440000 1082
1512149440000 1082
1512149440000 1082
1512149440000 1082
1512149440000 1082
1512149440000 1082
1512149440000 1082
1512149440000 1082
1512149440000 1083
1512149440000 1083
1512149440000 1083
1512149440000 1083
1512149440000 1083
1512149440000 1083
1512149440000 1083
1512149440000 1083
1512149440000 1083
1512149440000 1083
1512149440000 1083
1512149440000 1083
1512149440000 1083
1512149440000 1083
1512149440000 1083
1512149440000 1083
1512149440000 1083
1512149440000 1083
1512149440000 1083
1512149440000 1083
1512149440000 1083
1512149440000 1084
1512149440000 1084
1512149440000 1084
1512149440000 1084
1512149440000 1084
1512149440000 1084
1512149440000 1084
1512149440000 1084
1512149440000 1085
1512149440000 1085
1512149440000 1085
1512149440000 1085
1512149440000 1085
1512149440000 1085
1512149440000 1085
1512149440000 1086
1512149440000 1086
1512149440000 1086
1512149440000 1086
1512149440000 1086
1512149440000 1087
1512149440000 1087
1512149440000 1087
1512149440000 1087
1512149440000 1087
1512149440000 1087
1512149440000 1087
1512149440000 1087
1512149440000 1088
1512149440000 1088
1512149440000 1088
1512149440000 1088
1512149440000 1088
1512149440000 1088
1512149440000 1089
1512149440000 1089
1512149440000 1090
1512149440000 1090
1512149440000 1090
1512149440000 1091
1512149440000 1091
1512149440000 1091
1512149440000 1092
1512149440000 1093
1512149440000 1111
1512149440000 1111
1512149440000 1111
1512149440000 1112
1512149440000 1113
1512149440000 1113
1512149440000 1119
1512149440000 1119
1512149440000 1119
1512149440000 1119
1512149440000 1119
1512149440000 1120
1512149440000 1120
1512149450000 1147
1512149450000 1147
1512149450000 1147
1512149450000 1147
1512149450000 1147
1512149450000 1147
1512149450000 1148
1512149450000 1148
1512149450000 1148
1512149450000 1148
1512149450000 1148
1512149450000 1148
1512149450000 1148
1512149450000 1148
1512149450000 1148
1512149450000 1148
1512149450000 1148
1512149450000 1148
1512149450000 1148
1512149450000 1148
1512149450000 1148
1512149450000 1148
1512149450000 1148
1512149450000 1148
1512149450000 1148
1512149450000 1148
1512149450000 1148
1512149450000 1148
1512149450000 1148
1512149450000 1148
1512149450000 1148
1512149450000 1149
1512149450000 1149
1512149450000 1149
1512149450000 1149
1512149450000 1149
1512149450000 1149
1512149450000 1149
1512149450000 1149
1512149450000 1149
1512149450000 1149
1512149450000 1149
1512149450000 1149
1512149450000 1149
1512149450000 1149
1512149450000 1149
1512149450000 1149
1512149450000 1149
1512149450000 1149
1512149450000 1149
1512149450000 1149
1512149450000 1149
1512149450000 1149
1512149450000 1150
1512149450000 1150
1512149450000 1150
1512149450000 1150
1512149450000 1150
1512149450000 1150
1512149450000 1150
1512149450000 1150
1512149450000 1150
1512149450000 1150
1512149450000 1150
1512149450000 1150
1512149450000 1150
1512149450000 1150
1512149450000 1150
1512149450000 1150
1512149450000 1150
1512149450000 1150
1512149450000 1150
1512149450000 1150
1512149450000 1151
1512149450000 1151
1512149450000 1151
1512149450000 1151
1512149450000 1151
1512149450000 1151
1512149450000 1151
1512149450000 1152
1512149450000 1152
1512149450000 1152
1512149450000 1152
1512149450000 1152
1512149450000 1152
1512149450000 1152
1512149450000 1152
1512149450000 1152
1512149450000 1152
1512149450000 1153
1512149450000 1153
1512149450000 1153
1512149450000 1153
1512149450000 1154
1512149450000 1154
1512149450000 1154
1512149450000 1154
1512149450000 1156
1512149450000 1182
1512149460000 1060
1512149460000 1060
1512149460000 1060
1512149460000 1060
1512149460000 1060
1512149460000 1061
1512149460000 1061
1512149460000 1061
1512149460000 1061
1512149460000 1061
1512149460000 1061
1512149460000 1061
1512149460000 1061
1512149460000 1061
1512149460000 1061
1512149460000 1061
1512149460000 1061
1512149460000 1061
1512149460000 1061
1512149460000 1061
1512149460000 1062
1512149460000 1062
1512149460000 1062
1512149460000 1062
1512149460000 1062
1512149460000 1062
1512149460000 1062
1512149460000 1062
1512149460000 1062
1512149460000 1062
1512149460000 1062
1512149460000 1062
1512149460000 1062
1512149460000 1062
1512149460000 1062
1512149460000 1062
1512149460000 1062
1512149460000 1062
1512149460000 1062
1512149460000 1062
1512149460000 1062
1512149460000 1062
1512149460000 1063
1512149460000 1063
1512149460000 1063
1512149460000 1063
1512149460000 1063
1512149460000 1063
1512149460000 1063
1512149460000 1063
1512149460000 1063
1512149460000 1063
1512149460000 1063
1512149460000 1063
1512149460000 1063
1512149460000 1063
1512149460000 1064
1512149460000 1064
1512149460000 1064
1512149460000 1064
1512149460000 1064
1512149460000 1064
1512149460000 1064
1512149460000 1064
1512149460000 1064
1512149460000 1064
1512149460000 1065
1512149460000 1065
1512149460000 1065
1512149460000 1065
1512149460000 1065
1512149460000 1065
1512149460000 1065
1512149460000 1065
1512149460000 1065
1512149460000 1065
1512149460000 1065
1512149460000 1066
1512149460000 1066
1512149460000 1066
1512149460000 1066
1512149460000 1066
1512149460000 1066
1512149460000 1067
1512149460000 1067
1512149460000 1067
1512149460000 1067
1512149460000 1067
1512149460000 1068
1512149460000 1068
1512149460000 1068
1512149460000 1069
1512149460000 1069
1512149460000 1069
1512149460000 1070
1512149460000 1070
1512149460000 1077
1512149460000 1077
1512149460000 1078
1512149460000 1079
1512149470000 1451
1512149470000 1451
1512149470000 1452
1512149470000 1452
1512149470000 1452
1512149470000 1452
1512149470000 1452
1512149470000 1453
1512149470000 1453
1512149470000 1453
1512149470000 1453
1512149470000 1453
1512149470000 1453
1512149470000 1453
1512149470000 1453
1512149470000 1453
1512149470000 1453
1512149470000 1453
1512149470000 1453
1512149470000 1453
1512149470000 1453
1512149470000 1453
1512149470000 1453
1512149470000 1453
1512149470000 1453
1512149470000 1454
1512149470000 1454
1512149470000 1454
1512149470000 1454
1512149470000 1454
1512149470000 1454
1512149470000 1454
1512149470000 1454
1512149470000 1454
1512149470000 1454
1512149470000 1454
1512149470000 1454
1512149470000 1454
1512149470000 1454
1512149470000 1454
1512149470000 1454
1512149470000 1454
1512149470000 1454
1512149470000 1454
1512149470000 1454
1512149470000 1454
1512149470000 1454
1512149470000 1454
1512149470000 1454
1512149470000 1454
1512149470000 1455
1512149470000 1455
1512149470000 1455
1512149470000 1455
1512149470000 1455
1512149470000 1456
1512149470000 1456
1512149470000 1456
1512149470000 1456
1512149470000 1457
1512149470000 1457
1512149470000 1457
1512149470000 1457
1512149470000 1457
1512149470000 1457
1512149470000 1457
1512149470000 1457
1512149470000 1457
1512149470000 1457
1512149470000 1457
1512149470000 1457
1512149470000 1457
1512149470000 1458
1512149470000 1458
1512149470000 1458
1512149470000 1458
1512149470000 1458
1512149470000 1459
1512149470000 1459
1512149470000 1459
1512149470000 1460
1512149470000 1460
1512149470000 1460
1512149470000 1460
1512149470000 1460
1512149470000 1460
1512149470000 1460
1512149470000 1461
1512149470000 1462
1512149470000 1462
1512149470000 1462
1512149470000 1462
1512149470000 1462
1512149470000 1491
1512149470000 1491
1512149470000 1491
1512149470000 1491
1512149470000 1491
1512149470000 1492
1512149470000 1492
1512149480000 2330
1512149480000 2330
1512149480000 2330
1512149480000 2330
1512149480000 2330
1512149480000 2330
1512149480000 2330
1512149480000 2331
1512149480000 2331
1512149480000 2331
1512149480000 2331
1512149480000 2331
1512149480000 2331
1512149480000 2331
1512149480000 2331
1512149480000 2331
1512149480000 2331
1512149480000 2331
1512149480000 2331
1512149480000 2331
1512149480000 2331
1512149480000 2331
1512149480000 2331
1512149480000 2332
1512149480000 2332
1512149480000 2332
1512149480000 2332
1512149480000 2332
1512149480000 2332
1512149480000 2332
1512149480000 2332
1512149480000 2332
1512149480000 2332
1512149480000 2332
1512149480000 2332
1512149480000 2332
1512149480000 2332
1512149480000 2332
1512149480000 2332
1512149480000 2332
1512149480000 2332
1512149480000 2332
1512149480000 2332
1512149480000 2332
1512149480000 2332
1512149480000 2333
1512149480000 2333
1512149480000 2333
1512149480000 2333
1512149480000 2333
1512149480000 2333
1512149480000 2333
1512149480000 2333
1512149480000 2333
1512149480000 2334
1512149480000 2334
1512149480000 2334
1512149480000 2334
1512149480000 2334
1512149480000 2334
1512149480000 2334
1512149480000 2334
1512149480000 2334
1512149480000 2334
1512149480000 2334
1512149480000 2334
1512149480000 2335
1512149480000 2335
1512149480000 2335
1512149480000 2335
1512149480000 2335
1512149480000 2335
1512149480000 2335
1512149480000 2337
1512149480000 2337
1512149480000 2337
1512149480000 2338
1512149480000 2338
1512149480000 2338
1512149480000 2339
1512149480000 2339
1512149480000 2339
1512149480000 2339
1512149480000 2340
1512149480000 2340
1512149480000 2341
1512149480000 2341
1512149480000 2342
1512149480000 2342
1512149480000 2342
1512149480000 2342
1512149480000 2343
1512149480000 2344
1512149480000 2347
1512149480000 2348
1512149480000 2349
1512149480000 2354
1512149480000 2354
1512149480000 2354
1512149480000 2355
1512149490000 1003
1512149490000 1003
1512149490000 1004
1512149490000 1004
1512149490000 1004
1512149490000 1004
1512149490000 1004
1512149490000 966
1512149490000 966
1512149490000 967
1512149490000 967
1512149490000 967
1512149490000 967
1512149490000 967
1512149490000 967
1512149490000 967
1512149490000 967
1512149490000 967
1512149490000 967
1512149490000 967
1512149490000 968
1512149490000 968
1512149490000 968
1512149490000 968
1512149490000 968
1512149490000 968
1512149490000 968
1512149490000 968
1512149490000 968
1512149490000 968
1512149490000 968
1512149490000 968
1512149490000 968
1512149490000 968
1512149490000 968
1512149490000 969
1512149490000 969
1512149490000 969
1512149490000 969
1512149490000 969
1512149490000 969
1512149490000 969
1512149490000 969
1512149490000 969
1512149490000 969
1512149490000 969
1512149490000 969
1512149490000 969
1512149490000 969
1512149490000 969
1512149490000 969
1512149490000 970
1512149490000 970
1512149490000 970
1512149490000 970
1512149490000 970
1512149490000 970
1512149490000 970
1512149490000 970
1512149490000 970
1512149490000 970
1512149490000 970
1512149490000 970
1512149490000 970
1512149490000 970
1512149490000 970
1512149490000 970
1512149490000 970
1512149490000 971
1512149490000 971
1512149490000 971
1512149490000 971
1512149490000 971
1512149490000 971
1512149490000 971
1512149490000 971
1512149490000 971
1512149490000 971
1512149490000 972
1512149490000 972
1512149490000 972
1512149490000 972
1512149490000 972
1512149490000 972
1512149490000 972
1512149490000 972
1512149490000 972
1512149490000 972
1512149490000 972
1512149490000 972
1512149490000 972
1512149490000 972
1512149490000 972
1512149490000 972
1512149490000 972
1512149490000 973
1512149490000 973
1512149490000 973
1512149490000 973
1512149490000 973
1512149500000 805
1512149500000 805
1512149500000 806
1512149500000 807
1512149500000 808
1512149500000 808
1512149500000 808
1512149500000 808
1512149500000 808
1512149500000 808
1512149500000 808
1512149500000 809
1512149500000 809
1512149500000 809
1512149500000 809
1512149500000 809
1512149500000 809
1512149500000 809
1512149500000 810
1512149500000 810
1512149500000 810
1512149500000 810
1512149500000 810
1512149500000 810
1512149500000 810
1512149500000 810
1512149500000 810
1512149500000 810
1512149500000 810
1512149500000 811
1512149500000 811
1512149500000 811
1512149500000 811
1512149500000 811
1512149500000 811
1512149500000 811
1512149500000 811
1512149500000 811
1512149500000 811
1512149500000 811
1512149500000 811
1512149500000 811
1512149500000 812
1512149500000 812
1512149500000 812
1512149500000 812
1512149500000 812
1512149500000 812
1512149500000 812
1512149500000 812
1512149500000 812
1512149500000 812
1512149500000 812
1512149500000 812
1512149500000 812
1512149500000 812
1512149500000 812
1512149500000 812
1512149500000 812
1512149500000 812
1512149500000 812
1512149500000 812
1512149500000 812
1512149500000 812
1512149500000 812
1512149500000 812
1512149500000 813
1512149500000 813
1512149500000 813
1512149500000 813
1512149500000 813
1512149500000 813
1512149500000 813
1512149500000 813
1512149500000 813
1512149500000 813
1512149500000 813
1512149500000 813
1512149500000 813
1512149500000 813
1512149500000 813
1512149500000 813
1512149500000 813
1512149500000 813
1512149500000 814
1512149500000 814
1512149500000 814
1512149500000 821
1512149500000 821
1512149500000 822
1512149500000 822
1512149500000 822
1512149500000 822
1512149500000 843
1512149500000 843
1512149500000 843
1512149500000 843
1512149500000 843
1512149500000 843
1512149500000 844
1512149510000 756
1512149510000 756
1512149510000 757
1512149510000 757
1512149510000 758
1512149510000 758
1512149510000 758
1512149510000 758
1512149510000 758
1512149510000 758
1512149510000 759
1512149510000 759
1512149510000 759
1512149510000 760
1512149510000 760
1512149510000 760
1512149510000 760
1512149510000 760
1512149510000 760
1512149510000 760
1512149510000 760
1512149510000 760
1512149510000 761
1512149510000 761
1512149510000 762
1512149510000 762
1512149510000 762
1512149510000 762
1512149510000 763
1512149510000 763
1512149510000 763
1512149510000 763
1512149510000 763
1512149510000 763
1512149510000 763
1512149510000 764
1512149510000 764
1512149510000 764
1512149510000 764
1512149510000 764
1512149510000 764
1512149510000 764
1512149510000 765
1512149510000 765
1512149510000 765
1512149510000 765
1512149510000 765
1512149510000 765
1512149510000 765
1512149510000 765
1512149510000 766
1512149510000 766
1512149510000 766
1512149510000 766
1512149510000 766
1512149510000 766
1512149510000 766
1512149510000 766
1512149510000 766
1512149510000 766
1512149510000 766
1512149510000 766
1512149510000 766
1512149510000 766
1512149510000 766
1512149510000 766
1512149510000 766
1512149510000 766
1512149510000 766
1512149510000 767
1512149510000 767
1512149510000 767
1512149510000 767
1512149510000 767
1512149510000 767
1512149510000 767
1512149510000 767
1512149510000 767
1512149510000 767
1512149510000 767
1512149510000 767
1512149510000 767
1512149510000 767
1512149510000 767
1512149510000 767
1512149510000 767
1512149510000 767
1512149510000 767
1512149510000 768
1512149510000 768
1512149510000 768
1512149510000 768
1512149510000 768
1512149510000 768
1512149510000 768
1512149510000 768
1512149510000 768
1512149510000 768
1512149510000 768
1512149510000 769
1512149520000 706
1512149520000 706
1512149520000 707
1512149520000 707
1512149520000 707
1512149520000 707
1512149520000 707
1512149520000 707
1512149520000 707
1512149520000 708
1512149520000 708
1512149520000 708
1512149520000 708
1512149520000 709
1512149520000 709
1512149520000 709
1512149520000 709
1512149520000 709
1512149520000 709
1512149520000 709
1512149520000 709
1512149520000 709
1512149520000 709
1512149520000 710
1512149520000 710
1512149520000 710
1512149520000 710
1512149520000 710
1512149520000 710
1512149520000 710
1512149520000 710
1512149520000 710
1512149520000 710
1512149520000 710
1512149520000 710
1512149520000 710
1512149520000 710
1512149520000 710
1512149520000 710
1512149520000 710
1512149520000 710
1512149520000 710
1512149520000 710
1512149520000 710
1512149520000 711
1512149520000 711
1512149520000 711
1512149520000 711
1512149520000 711
1512149520000 711
1512149520000 711
1512149520000 711
1512149520000 711
1512149520000 711
1512149520000 711
1512149520000 711
1512149520000 711
1512149520000 711
1512149520000 711
1512149520000 711
1512149520000 711
1512149520000 711
1512149520000 711
1512149520000 711
1512149520000 711
1512149520000 711
1512149520000 711
1512149520000 711
1512149520000 711
1512149520000 711
1512149520000 712
1512149520000 712
1512149520000 712
1512149520000 712
1512149520000 712
1512149520000 712
1512149520000 712
1512149520000 712
1512149520000 712
1512149520000 712
1512149520000 712
1512149520000 712
1512149520000 712
1512149520000 712
1512149520000 712
1512149520000 712
1512149520000 713
1512149520000 713
1512149520000 713
1512149520000 734
1512149520000 734
1512149520000 734
1512149520000 735
1512149520000 743
1512149520000 743
1512149520000 743
1512149520000 743
1512149520000 744
1512149520000 744
1512149520000 744
1512149530000 770
1512149530000 770
1512149530000 770
1512149530000 770
1512149530000 770
1512149530000 770
1512149530000 770
1512149530000 770
1512149530000 770
1512149530000 771
1512149530000 771
1512149530000 771
1512149530000 771
1512149530000 771
1512149530000 771
1512149530000 771
1512149530000 771
1512149530000 771
1512149530000 772
1512149530000 772
1512149530000 772
1512149530000 772
1512149530000 772
1512149530000 772
1512149530000 772
1512149530000 772
1512149530000 772
1512149530000 772
1512149530000 772
1512149530000 772
1512149530000 772
1512149530000 772
1512149530000 772
1512149530000 773
1512149530000 773
1512149530000 773
1512149530000 773
1512149530000 773
1512149530000 773
1512149530000 773
1512149530000 773
1512149530000 773
1512149530000 773
1512149530000 773
1512149530000 773
1512149530000 773
1512149530000 773
1512149530000 773
1512149530000 773
1512149530000 774
1512149530000 774
1512149530000 774
1512149530000 774
1512149530000 774
1512149530000 774
1512149530000 774
1512149530000 774
1512149530000 774
1512149530000 774
1512149530000 774
1512149530000 774
1512149530000 774
1512149530000 774
1512149530000 774
1512149530000 774
1512149530000 774
1512149530000 774
1512149530000 774
1512149530000 774
1512149530000 774
1512149530000 774
1512149530000 774
1512149530000 775
1512149530000 775
1512149530000 775
1512149530000 775
1512149530000 775
1512149530000 775
1512149530000 775
1512149530000 775
1512149530000 775
1512149530000 775
1512149530000 775
1512149530000 775
1512149530000 775
1512149530000 775
1512149530000 775
1512149530000 775
1512149530000 775
1512149530000 776
1512149530000 776
1512149530000 776
1512149530000 802
1512149530000 803
1512149530000 803
1512149530000 803
1512149530000 804
1512149530000 804
1512149530000 804
1512149530000 804
1512149540000 747
1512149540000 748
1512149540000 748
1512149540000 748
1512149540000 749
1512149540000 749
1512149540000 749
1512149540000 749
1512149540000 749
1512149540000 750
1512149540000 750
1512149540000 750
1512149540000 751
1512149540000 751
1512149540000 751
1512149540000 751
1512149540000 751
1512149540000 752
1512149540000 752
1512149540000 752
1512149540000 752
1512149540000 752
1512149540000 753
1512149540000 753
1512149540000 753
1512149540000 753
1512149540000 753
1512149540000 753
1512149540000 753
1512149540000 753
1512149540000 753
1512149540000 753
1512149540000 753
1512149540000 753
1512149540000 753
1512149540000 753
1512149540000 753
1512149540000 754
1512149540000 754
1512149540000 754
1512149540000 754
1512149540000 754
1512149540000 754
1512149540000 754
1512149540000 754
1512149540000 754
1512149540000 754
1512149540000 754
1512149540000 755
1512149540000 755
1512149540000 755
1512149540000 755
1512149540000 755
1512149540000 755
1512149540000 755
1512149540000 755
1512149540000 755
1512149540000 755
1512149540000 755
1512149540000 755
1512149540000 755
1512149540000 755
1512149540000 755
1512149540000 755
1512149540000 756
1512149540000 756
1512149540000 756
1512149540000 756
1512149540000 756
1512149540000 756
1512149540000 756
1512149540000 756
1512149540000 756
1512149540000 756
1512149540000 756
1512149540000 756
1512149540000 756
1512149540000 756
1512149540000 756
1512149540000 756
1512149540000 756
1512149540000 756
1512149540000 756
1512149540000 756
1512149540000 756
1512149540000 757
1512149540000 757
1512149540000 757
1512149540000 757
1512149540000 757
1512149540000 757
1512149540000 757
1512149540000 758
1512149540000 758
1512149540000 758
1512149540000 771
1512149540000 771
1512149540000 780
1512149540000 781
1512149540000 781
1512149550000 765
1512149550000 768
1512149550000 768
1512149550000 769
1512149550000 769
1512149550000 769
1512149550000 770
1512149550000 770
1512149550000 770
1512149550000 770
1512149550000 770
1512149550000 770
1512149550000 770
1512149550000 770
1512149550000 770
1512149550000 770
1512149550000 771
1512149550000 771
1512149550000 771
1512149550000 771
1512149550000 772
1512149550000 772
1512149550000 772
1512149550000 772
1512149550000 772
1512149550000 772
1512149550000 772
1512149550000 772
1512149550000 772
1512149550000 773
1512149550000 773
1512149550000 773
1512149550000 773
1512149550000 773
1512149550000 773
1512149550000 773
1512149550000 773
1512149550000 773
1512149550000 774
1512149550000 774
1512149550000 774
1512149550000 774
1512149550000 774
1512149550000 774
1512149550000 774
1512149550000 774
1512149550000 774
1512149550000 774
1512149550000 774
1512149550000 774
1512149550000 774
1512149550000 774
1512149550000 774
1512149550000 774
1512149550000 774
1512149550000 774
1512149550000 775
1512149550000 775
1512149550000 775
1512149550000 775
1512149550000 775
1512149550000 775
1512149550000 775
1512149550000 775
1512149550000 775
1512149550000 775
1512149550000 775
1512149550000 775
1512149550000 775
1512149550000 775
1512149550000 775
1512149550000 775
1512149550000 775
1512149550000 775
1512149550000 775
1512149550000 775
1512149550000 775
1512149550000 775
1512149550000 775
1512149550000 775
1512149550000 776
1512149550000 776
1512149550000 776
1512149550000 776
1512149550000 776
1512149550000 776
1512149550000 776
1512149550000 776
1512149550000 776
1512149550000 776
1512149550000 776
1512149550000 776
1512149550000 777
1512149550000 804
1512149550000 804
1512149550000 804
1512149550000 805
1512149550000 805
1512149550000 805
1512149550000 805
1512149560000 778
1512149560000 778
1512149560000 778
1512149560000 778
1512149560000 779
1512149560000 779
1512149560000 779
1512149560000 779
1512149560000 779
1512149560000 779
1512149560000 779
1512149560000 779
1512149560000 780
1512149560000 780
1512149560000 780
1512149560000 780
1512149560000 780
1512149560000 780
1512149560000 780
1512149560000 780
1512149560000 780
1512149560000 780
1512149560000 780
1512149560000 780
1512149560000 780
1512149560000 780
1512149560000 780
1512149560000 781
1512149560000 781
1512149560000 781
1512149560000 781
1512149560000 781
1512149560000 781
1512149560000 781
1512149560000 781
1512149560000 781
1512149560000 781
1512149560000 781
1512149560000 781
1512149560000 781
1512149560000 781
1512149560000 781
1512149560000 781
1512149560000 781
1512149560000 781
1512149560000 782
1512149560000 782
1512149560000 782
1512149560000 782
1512149560000 782
1512149560000 782
1512149560000 782
1512149560000 782
1512149560000 782
1512149560000 782
1512149560000 782
1512149560000 782
1512149560000 782
1512149560000 782
1512149560000 782
1512149560000 782
1512149560000 782
1512149560000 782
1512149560000 782
1512149560000 782
1512149560000 782
1512149560000 782
1512149560000 782
1512149560000 782
1512149560000 782
1512149560000 783
1512149560000 783
1512149560000 783
1512149560000 783
1512149560000 783
1512149560000 783
1512149560000 783
1512149560000 783
1512149560000 783
1512149560000 783
1512149560000 783
1512149560000 783
1512149560000 783
1512149560000 783
1512149560000 783
1512149560000 783
1512149560000 784
1512149560000 784
1512149560000 784
1512149560000 794
1512149560000 795
1512149560000 795
1512149560000 796
1512149560000 816
1512149560000 817
1512149560000 817
1512149560000 817
1512149560000 817
1512149560000 818
1512149560000 818
1512149570000 734
1512149570000 734
1512149570000 734
1512149570000 735
1512149570000 735
1512149570000 735
1512149570000 735
1512149570000 735
1512149570000 735
1512149570000 735
1512149570000 735
1512149570000 735
1512149570000 736
1512149570000 736
1512149570000 736
1512149570000 736
1512149570000 736
1512149570000 736
1512149570000 736
1512149570000 736
1512149570000 736
1512149570000 736
1512149570000 737
1512149570000 737
1512149570000 737
1512149570000 737
1512149570000 737
1512149570000 737
1512149570000 737
1512149570000 737
1512149570000 737
1512149570000 737
1512149570000 737
1512149570000 737
1512149570000 737
1512149570000 737
1512149570000 738
1512149570000 738
1512149570000 738
1512149570000 738
1512149570000 738
1512149570000 738
1512149570000 738
1512149570000 738
1512149570000 738
1512149570000 738
1512149570000 738
1512149570000 738
1512149570000 739
1512149570000 739
1512149570000 739
1512149570000 739
1512149570000 739
1512149570000 739
1512149570000 739
1512149570000 739
1512149570000 739
1512149570000 739
1512149570000 739
1512149570000 739
1512149570000 739
1512149570000 739
1512149570000 739
1512149570000 739
1512149570000 740
1512149570000 740
1512149570000 740
1512149570000 740
1512149570000 740
1512149570000 740
1512149570000 740
1512149570000 740
1512149570000 740
1512149570000 740
1512149570000 740
1512149570000 740
1512149570000 740
1512149570000 740
1512149570000 740
1512149570000 740
1512149570000 740
1512149570000 740
1512149570000 740
1512149570000 740
1512149570000 741
1512149570000 741
1512149570000 741
1512149570000 741
1512149570000 741
1512149570000 741
1512149570000 741
1512149570000 741
1512149570000 741
1512149570000 741
1512149570000 741
1512149570000 741
1512149570000 741
1512149570000 741
1512149570000 742
1512149570000 742
1512149580000 1704
1512149580000 1704
1512149580000 1704
1512149580000 1704
1512149580000 1704
1512149580000 1704
1512149580000 1704
1512149580000 1704
1512149580000 1704
1512149580000 1704
1512149580000 1704
1512149580000 1704
1512149580000 1704
1512149580000 1704
1512149580000 1704
1512149580000 1704
1512149580000 1704
1512149580000 1704
1512149580000 1705
1512149580000 1705
1512149580000 1705
1512149580000 1705
1512149580000 1705
1512149580000 1705
1512149580000 1705
1512149580000 1705
1512149580000 1705
1512149580000 1705
1512149580000 1706
1512149580000 1706
1512149580000 1706
1512149580000 1706
1512149580000 1706
1512149580000 1706
1512149580000 1706
1512149580000 1706
1512149580000 1707
1512149580000 1707
1512149580000 1707
1512149580000 1707
1512149580000 1707
1512149580000 1707
1512149580000 1709
1512149580000 1709
1512149580000 1709
1512149580000 1709
1512149580000 1709
1512149580000 1709
1512149580000 1709
1512149580000 1709
1512149580000 1709
1512149580000 1709
1512149580000 1709
1512149580000 1709
1512149580000 1709
1512149580000 1710
1512149580000 1710
1512149580000 1710
1512149580000 1710
1512149580000 1710
1512149580000 1711
1512149580000 1711
1512149580000 1711
1512149580000 1711
1512149580000 1712
1512149580000 1712
1512149580000 1712
1512149580000 1712
1512149580000 1713
1512149580000 1713
1512149580000 1718
1512149580000 1718
1512149580000 1718
1512149580000 1719
1512149580000 1720
1512149580000 1720
1512149580000 1734
1512149580000 1734
1512149580000 1735
1512149580000 1737
1512149580000 1737
1512149580000 1737
1512149580000 1737
1512149580000 1737
1512149580000 1737
1512149580000 1738
1512149580000 1738
1512149580000 1738
1512149580000 1739
1512149580000 1739
1512149580000 1739
1512149580000 1739
1512149580000 1740
1512149580000 1744
1512149580000 1744
1512149580000 1745
1512149580000 1783
1512149580000 1784
1512149580000 1784
1512149580000 1785
1512149590000 676
1512149590000 676
1512149590000 676
1512149590000 676
1512149590000 677
1512149590000 677
1512149590000 677
1512149590000 677
1512149590000 677
1512149590000 677
1512149590000 677
1512149590000 677
1512149590000 677
1512149590000 677
1512149590000 677
1512149590000 677
1512149590000 677
1512149590000 677
1512149590000 677
1512149590000 678
1512149590000 678
1512149590000 678
1512149590000 678
1512149590000 678
1512149590000 678
1512149590000 678
1512149590000 678
1512149590000 678
1512149590000 678
1512149590000 678
1512149590000 678
1512149590000 678
1512149590000 678
1512149590000 678
1512149590000 678
1512149590000 678
1512149590000 678
1512149590000 679
1512149590000 679
1512149590000 679
1512149590000 679
1512149590000 679
1512149590000 679
1512149590000 679
1512149590000 679
1512149590000 680
1512149590000 680
1512149590000 680
1512149590000 680
1512149590000 680
1512149590000 680
1512149590000 680
1512149590000 680
1512149590000 680
1512149590000 680
1512149590000 680
1512149590000 680
1512149590000 681
1512149590000 681
1512149590000 681
1512149590000 681
1512149590000 681
1512149590000 681
1512149590000 681
1512149590000 681
1512149590000 681
1512149590000 681
1512149590000 681
1512149590000 682
1512149590000 682
1512149590000 682
1512149590000 682
1512149590000 682
1512149590000 682
1512149590000 682
1512149590000 682
1512149590000 682
1512149590000 682
1512149590000 682
1512149590000 682
1512149590000 683
1512149590000 683
1512149590000 683
1512149590000 713
1512149590000 714
1512149590000 714
1512149590000 714
1512149590000 715
1512149590000 715
1512149590000 715
1512149590000 715
1512149590000 715
1512149590000 717
1512149590000 717
1512149590000 717
1512149590000 717
1512149590000 717
1512149590000 717
1512149590000 718
1512149590000 718
1512149600000 666
1512149600000 666
1512149600000 666
1512149600000 666
1512149600000 666
1512149600000 666
1512149600000 666
1512149600000 666
1512149600000 666
1512149600000 666
1512149600000 667
1512149600000 667
1512149600000 667
1512149600000 667
1512149600000 667
1512149600000 667
1512149600000 667
1512149600000 667
1512149600000 667
1512149600000 667
1512149600000 667
1512149600000 667
1512149600000 667
1512149600000 667
1512149600000 667
1512149600000 667
1512149600000 667
1512149600000 668
1512149600000 668
1512149600000 668
1512149600000 668
1512149600000 668
1512149600000 668
1512149600000 668
1512149600000 668
1512149600000 668
1512149600000 668
1512149600000 668
1512149600000 668
1512149600000 668
1512149600000 668
1512149600000 668
1512149600000 668
1512149600000 668
1512149600000 668
1512149600000 668
1512149600000 668
1512149600000 668
1512149600000 668
1512149600000 669
1512149600000 669
1512149600000 669
1512149600000 669
1512149600000 669
1512149600000 669
1512149600000 669
1512149600000 669
1512149600000 669
1512149600000 669
1512149600000 669
1512149600000 669
1512149600000 669
1512149600000 669
1512149600000 669
1512149600000 669
1512149600000 669
1512149600000 669
1512149600000 669
1512149600000 669
1512149600000 669
1512149600000 670
1512149600000 670
1512149600000 670
1512149600000 670
1512149600000 670
1512149600000 670
1512149600000 670
1512149600000 670
1512149600000 670
1512149600000 670
1512149600000 670
1512149600000 670
1512149600000 670
1512149600000 670
1512149600000 670
1512149600000 670
1512149600000 670
1512149600000 670
1512149600000 671
1512149600000 671
1512149600000 671
1512149600000 671
1512149600000 671
1512149600000 671
1512149600000 671
1512149600000 672
1512149600000 672
1512149600000 673
1512149600000 673
1512149600000 674
1512149610000 667
1512149610000 667
1512149610000 667
1512149610000 667
1512149610000 667
1512149610000 667
1512149610000 668
1512149610000 668
1512149610000 668
1512149610000 668
1512149610000 668
1512149610000 668
1512149610000 668
1512149610000 668
1512149610000 668
1512149610000 668
1512149610000 668
1512149610000 668
1512149610000 668
1512149610000 668
1512149610000 668
1512149610000 668
1512149610000 668
1512149610000 668
1512149610000 668
1512149610000 669
1512149610000 669
1512149610000 669
1512149610000 669
1512149610000 669
1512149610000 669
1512149610000 669
1512149610000 669
1512149610000 669
1512149610000 669
1512149610000 669
1512149610000 669
1512149610000 669
1512149610000 669
1512149610000 669
1512149610000 669
1512149610000 669
1512149610000 669
1512149610000 670
1512149610000 670
1512149610000 670
1512149610000 670
1512149610000 670
1512149610000 670
1512149610000 670
1512149610000 670
1512149610000 670
1512149610000 670
1512149610000 670
1512149610000 670
1512149610000 670
1512149610000 671
1512149610000 671
1512149610000 671
1512149610000 671
1512149610000 671
1512149610000 672
1512149610000 672
1512149610000 672
1512149610000 672
1512149610000 672
1512149610000 672
1512149610000 673
1512149610000 673
1512149610000 673
1512149610000 673
1512149610000 674
1512149610000 674
1512149610000 674
1512149610000 704
1512149610000 704
1512149610000 705
1512149610000 705
1512149610000 705
1512149610000 705
1512149610000 705
1512149610000 705
1512149610000 706
1512149610000 706
1512149610000 706
1512149610000 706
1512149610000 706
1512149610000 706
1512149610000 706
1512149610000 706
1512149610000 707
1512149610000 707
1512149610000 707
1512149610000 707
1512149610000 707
1512149610000 707
1512149610000 707
1512149610000 708
1512149610000 708
1512149610000 709
1512149620000 766
1512149620000 766
1512149620000 766
1512149620000 766
1512149620000 766
1512149620000 766
1512149620000 767
1512149620000 767
1512149620000 767
1512149620000 767
1512149620000 767
1512149620000 767
1512149620000 767
1512149620000 767
1512149620000 767
1512149620000 767
1512149620000 767
1512149620000 767
1512149620000 767
1512149620000 767
1512149620000 767
1512149620000 767
1512149620000 767
1512149620000 767
1512149620000 768
1512149620000 768
1512149620000 768
1512149620000 768
1512149620000 768
1512149620000 768
1512149620000 768
1512149620000 768
1512149620000 768
1512149620000 768
1512149620000 768
1512149620000 768
1512149620000 768
1512149620000 768
1512149620000 768
1512149620000 769
1512149620000 769
1512149620000 769
1512149620000 769
1512149620000 769
1512149620000 769
1512149620000 769
1512149620000 769
1512149620000 769
1512149620000 769
1512149620000 769
1512149620000 770
1512149620000 770
1512149620000 770
1512149620000 770
1512149620000 770
1512149620000 770
1512149620000 770
1512149620000 771
1512149620000 771
1512149620000 771
1512149620000 771
1512149620000 771
1512149620000 771
1512149620000 771
1512149620000 771
1512149620000 771
1512149620000 771
1512149620000 772
1512149620000 773
1512149620000 775
1512149620000 775
1512149620000 776
1512149620000 780
1512149620000 780
1512149620000 780
1512149620000 781
1512149620000 803
1512149620000 803
1512149620000 803
1512149620000 803
1512149620000 804
1512149620000 804
1512149620000 805
1512149620000 805
1512149620000 805
1512149620000 805
1512149620000 806
1512149620000 806
1512149620000 806
1512149620000 806
1512149620000 807
1512149620000 807
1512149620000 807
1512149620000 807
1512149620000 807
1512149620000 807
1512149620000 807
1512149620000 808
1512149620000 835
1512149620000 836
1512149630000 744
1512149630000 744
1512149630000 744
1512149630000 744
1512149630000 744
1512149630000 744
1512149630000 744
1512149630000 745
1512149630000 745
1512149630000 745
1512149630000 745
1512149630000 745
1512149630000 745
1512149630000 745
1512149630000 745
1512149630000 745
1512149630000 745
1512149630000 745
1512149630000 745
1512149630000 745
1512149630000 745
1512149630000 745
1512149630000 745
1512149630000 745
1512149630000 746
1512149630000 746
1512149630000 746
1512149630000 746
1512149630000 746
1512149630000 746
1512149630000 746
1512149630000 746
1512149630000 746
1512149630000 746
1512149630000 746
1512149630000 746
1512149630000 746
1512149630000 746
1512149630000 746
1512149630000 747
1512149630000 747
1512149630000 747
1512149630000 747
1512149630000 747
1512149630000 747
1512149630000 747
1512149630000 747
1512149630000 747
1512149630000 747
1512149630000 747
1512149630000 747
1512149630000 747
1512149630000 748
1512149630000 748
1512149630000 748
1512149630000 748
1512149630000 748
1512149630000 748
1512149630000 748
1512149630000 748
1512149630000 748
1512149630000 748
1512149630000 748
1512149630000 748
1512149630000 748
1512149630000 748
1512149630000 748
1512149630000 749
1512149630000 749
1512149630000 749
1512149630000 749
1512149630000 749
1512149630000 749
1512149630000 749
1512149630000 749
1512149630000 749
1512149630000 749
1512149630000 749
1512149630000 749
1512149630000 749
1512149630000 749
1512149630000 750
1512149630000 750
1512149630000 750
1512149630000 750
1512149630000 750
1512149630000 750
1512149630000 750
1512149630000 782
1512149630000 782
1512149630000 782
1512149630000 783
1512149630000 783
1512149630000 783
1512149630000 784
1512149630000 784
1512149630000 784
1512149630000 786
1512149630000 787
1512149630000 787
1512149640000 704
1512149640000 704
1512149640000 704
1512149640000 704
1512149640000 704
1512149640000 704
1512149640000 704
1512149640000 704
1512149640000 704
1512149640000 704
1512149640000 705
1512149640000 705
1512149640000 705
1512149640000 705
1512149640000 705
1512149640000 705
1512149640000 705
1512149640000 705
1512149640000 705
1512149640000 706
1512149640000 706
1512149640000 706
1512149640000 706
1512149640000 706
1512149640000 706
1512149640000 706
1512149640000 706
1512149640000 706
1512149640000 706
1512149640000 706
1512149640000 706
1512149640000 706
1512149640000 706
1512149640000 706
1512149640000 706
1512149640000 706
1512149640000 706
1512149640000 707
1512149640000 707
1512149640000 707
1512149640000 707
1512149640000 707
1512149640000 707
1512149640000 707
1512149640000 707
1512149640000 707
1512149640000 707
1512149640000 707
1512149640000 707
1512149640000 707
1512149640000 707
1512149640000 708
1512149640000 708
1512149640000 708
1512149640000 708
1512149640000 708
1512149640000 708
1512149640000 708
1512149640000 708
1512149640000 708
1512149640000 708
1512149640000 708
1512149640000 708
1512149640000 708
1512149640000 708
1512149640000 708
1512149640000 708
1512149640000 708
1512149640000 708
1512149640000 708
1512149640000 708
1512149640000 709
1512149640000 709
1512149640000 709
1512149640000 709
1512149640000 709
1512149640000 710
1512149640000 710
1512149640000 711
1512149640000 721
1512149640000 721
1512149640000 721
1512149640000 722
1512149640000 723
1512149640000 723
1512149640000 723
1512149640000 724
1512149640000 743
1512149640000 744
1512149640000 744
1512149640000 744
1512149640000 744
1512149640000 744
1512149640000 745
1512149640000 745
1512149640000 745
1512149640000 746
1512149640000 747
1512149640000 747
1512149640000 748
1512149650000 685
1512149650000 686
1512149650000 686
1512149650000 686
1512149650000 686
1512149650000 686
1512149650000 686
1512149650000 686
1512149650000 686
1512149650000 686
1512149650000 686
1512149650000 686
1512149650000 686
1512149650000 686
1512149650000 686
1512149650000 686
1512149650000 686
1512149650000 687
1512149650000 687
1512149650000 687
1512149650000 687
1512149650000 687
1512149650000 687
1512149650000 687
1512149650000 687
1512149650000 687
1512149650000 687
1512149650000 687
1512149650000 687
1512149650000 687
1512149650000 687
1512149650000 687
1512149650000 687
1512149650000 687
1512149650000 687
1512149650000 687
1512149650000 687
1512149650000 687
1512149650000 687
1512149650000 687
1512149650000 688
1512149650000 688
1512149650000 688
1512149650000 688
1512149650000 688
1512149650000 688
1512149650000 688
1512149650000 688
1512149650000 688
1512149650000 688
1512149650000 688
1512149650000 688
1512149650000 689
1512149650000 689
1512149650000 689
1512149650000 691
1512149650000 691
1512149650000 691
1512149650000 706
1512149650000 706
1512149650000 707
1512149650000 707
1512149650000 708
1512149650000 712
1512149650000 712
1512149650000 712
1512149650000 712
1512149650000 713
1512149650000 713
1512149650000 714
1512149650000 714
1512149650000 714
1512149650000 715
1512149650000 723
1512149650000 723
1512149650000 723
1512149650000 723
1512149650000 723
1512149650000 723
1512149650000 723
1512149650000 723
1512149650000 724
1512149650000 724
1512149650000 724
1512149650000 724
1512149650000 724
1512149650000 724
1512149650000 725
1512149650000 725
1512149650000 725
1512149650000 726
1512149650000 726
1512149650000 726
1512149650000 726
1512149650000 726
1512149650000 727
1512149650000 728
1512149650000 729
1512149650000 729
1512149650000 730
1512149660000 714
1512149660000 714
1512149660000 714
1512149660000 714
1512149660000 714
1512149660000 714
1512149660000 714
1512149660000 714
1512149660000 714
1512149660000 714
1512149660000 714
1512149660000 715
1512149660000 715
1512149660000 715
1512149660000 715
1512149660000 715
1512149660000 715
1512149660000 715
1512149660000 716
1512149660000 716
1512149660000 716
1512149660000 716
1512149660000 716
1512149660000 716
1512149660000 716
1512149660000 716
1512149660000 716
1512149660000 716
1512149660000 716
1512149660000 716
1512149660000 716
1512149660000 717
1512149660000 717
1512149660000 717
1512149660000 717
1512149660000 717
1512149660000 717
1512149660000 717
1512149660000 717
1512149660000 717
1512149660000 717
1512149660000 717
1512149660000 717
1512149660000 717
1512149660000 718
1512149660000 718
1512149660000 718
1512149660000 718
1512149660000 718
1512149660000 718
1512149660000 718
1512149660000 718
1512149660000 718
1512149660000 718
1512149660000 718
1512149660000 719
1512149660000 719
1512149660000 719
1512149660000 719
1512149660000 719
1512149660000 719
1512149660000 719
1512149660000 719
1512149660000 719
1512149660000 719
1512149660000 719
1512149660000 719
1512149660000 719
1512149660000 720
1512149660000 720
1512149660000 720
1512149660000 720
1512149660000 720
1512149660000 720
1512149660000 720
1512149660000 720
1512149660000 720
1512149660000 720
1512149660000 720
1512149660000 720
1512149660000 720
1512149660000 720
1512149660000 721
1512149660000 721
1512149660000 721
1512149660000 721
1512149660000 721
1512149660000 751
1512149660000 751
1512149660000 754
1512149660000 754
1512149660000 754
1512149660000 754
1512149660000 755
1512149660000 755
1512149660000 755
1512149660000 755
1512149660000 755
1512149660000 755
1512149660000 765
1512149670000 630
1512149670000 630
1512149670000 630
1512149670000 630
1512149670000 630
1512149670000 630
1512149670000 630
1512149670000 630
1512149670000 630
1512149670000 631
1512149670000 631
1512149670000 631
1512149670000 631
1512149670000 631
1512149670000 631
1512149670000 631
1512149670000 631
1512149670000 631
1512149670000 631
1512149670000 631
1512149670000 631
1512149670000 631
1512149670000 631
1512149670000 631
1512149670000 632
1512149670000 632
1512149670000 632
1512149670000 632
1512149670000 632
1512149670000 632
1512149670000 632
1512149670000 632
1512149670000 632
1512149670000 632
1512149670000 632
1512149670000 632
1512149670000 632
1512149670000 632
1512149670000 632
1512149670000 633
1512149670000 633
1512149670000 633
1512149670000 633
1512149670000 633
1512149670000 633
1512149670000 633
1512149670000 633
1512149670000 633
1512149670000 633
1512149670000 633
1512149670000 633
1512149670000 633
1512149670000 633
1512149670000 633
1512149670000 633
1512149670000 634
1512149670000 634
1512149670000 634
1512149670000 634
1512149670000 634
1512149670000 634
1512149670000 634
1512149670000 634
1512149670000 634
1512149670000 634
1512149670000 635
1512149670000 635
1512149670000 635
1512149670000 635
1512149670000 635
1512149670000 636
1512149670000 636
1512149670000 651
1512149670000 651
1512149670000 652
1512149670000 652
1512149670000 652
1512149670000 667
1512149670000 668
1512149670000 668
1512149670000 668
1512149670000 669
1512149670000 669
1512149670000 669
1512149670000 669
1512149670000 669
1512149670000 669
1512149670000 670
1512149670000 670
1512149670000 670
1512149670000 670
1512149670000 670
1512149670000 670
1512149670000 670
1512149670000 670
1512149670000 670
1512149670000 671
1512149670000 671
1512149670000 671
1512149670000 671
1512149680000 709
1512149680000 709
1512149680000 709
1512149680000 709
1512149680000 709
1512149680000 709
1512149680000 710
1512149680000 710
1512149680000 710
1512149680000 710
1512149680000 710
1512149680000 710
1512149680000 710
1512149680000 710
1512149680000 710
1512149680000 710
1512149680000 710
1512149680000 710
1512149680000 710
1512149680000 710
1512149680000 711
1512149680000 711
1512149680000 711
1512149680000 711
1512149680000 711
1512149680000 711
1512149680000 711
1512149680000 711
1512149680000 711
1512149680000 711
1512149680000 711
1512149680000 712
1512149680000 712
1512149680000 712
1512149680000 712
1512149680000 712
1512149680000 712
1512149680000 712
1512149680000 712
1512149680000 712
1512149680000 712
1512149680000 712
1512149680000 712
1512149680000 712
1512149680000 712
1512149680000 712
1512149680000 712
1512149680000 712
1512149680000 713
1512149680000 713
1512149680000 713
1512149680000 713
1512149680000 713
1512149680000 713
1512149680000 713
1512149680000 713
1512149680000 713
1512149680000 713
1512149680000 713
1512149680000 714
1512149680000 714
1512149680000 714
1512149680000 714
1512149680000 714
1512149680000 714
1512149680000 714
1512149680000 714
1512149680000 714
1512149680000 714
1512149680000 714
1512149680000 715
1512149680000 715
1512149680000 715
1512149680000 715
1512149680000 715
1512149680000 715
1512149680000 715
1512149680000 715
1512149680000 715
1512149680000 715
1512149680000 715
1512149680000 715
1512149680000 716
1512149680000 716
1512149680000 716
1512149680000 716
1512149680000 716
1512149680000 746
1512149680000 747
1512149680000 747
1512149680000 747
1512149680000 747
1512149680000 748
1512149680000 748
1512149680000 748
1512149680000 748
1512149680000 749
1512149680000 751
1512149680000 751
1512149680000 752
1512149690000 694
1512149690000 694
1512149690000 694
1512149690000 694
1512149690000 694
1512149690000 695
1512149690000 695
1512149690000 695
1512149690000 695
1512149690000 695
1512149690000 695
1512149690000 695
1512149690000 695
1512149690000 695
1512149690000 695
1512149690000 695
1512149690000 695
1512149690000 695
1512149690000 696
1512149690000 696
1512149690000 696
1512149690000 696
1512149690000 696
1512149690000 696
1512149690000 696
1512149690000 696
1512149690000 696
1512149690000 696
1512149690000 696
1512149690000 696
1512149690000 696
1512149690000 696
1512149690000 696
1512149690000 696
1512149690000 696
1512149690000 696
1512149690000 696
1512149690000 697
1512149690000 697
1512149690000 697
1512149690000 697
1512149690000 697
1512149690000 697
1512149690000 697
1512149690000 697
1512149690000 697
1512149690000 697
1512149690000 697
1512149690000 697
1512149690000 697
1512149690000 698
1512149690000 698
1512149690000 698
1512149690000 698
1512149690000 698
1512149690000 698
1512149690000 698
1512149690000 698
1512149690000 698
1512149690000 698
1512149690000 698
1512149690000 698
1512149690000 698
1512149690000 698
1512149690000 698
1512149690000 698
1512149690000 698
1512149690000 698
1512149690000 699
1512149690000 699
1512149690000 699
1512149690000 699
1512149690000 699
1512149690000 699
1512149690000 699
1512149690000 699
1512149690000 699
1512149690000 699
1512149690000 699
1512149690000 699
1512149690000 699
1512149690000 699
1512149690000 699
1512149690000 700
1512149690000 700
1512149690000 700
1512149690000 700
1512149690000 700
1512149690000 700
1512149690000 700
1512149690000 712
1512149690000 712
1512149690000 712
1512149690000 730
1512149690000 731
1512149690000 732
1512149690000 734
1512149690000 734
1512149690000 734
1512149690000 734
1512149700000 704
1512149700000 704
1512149700000 704
1512149700000 704
1512149700000 704
1512149700000 704
1512149700000 704
1512149700000 704
1512149700000 704
1512149700000 704
1512149700000 704
1512149700000 704
1512149700000 704
1512149700000 705
1512149700000 705
1512149700000 705
1512149700000 705
1512149700000 705
1512149700000 705
1512149700000 705
1512149700000 705
1512149700000 705
1512149700000 705
1512149700000 705
1512149700000 706
1512149700000 706
1512149700000 706
1512149700000 706
1512149700000 706
1512149700000 706
1512149700000 706
1512149700000 706
1512149700000 706
1512149700000 706
1512149700000 706
1512149700000 706
1512149700000 706
1512149700000 707
1512149700000 707
1512149700000 707
1512149700000 707
1512149700000 707
1512149700000 707
1512149700000 707
1512149700000 707
1512149700000 707
1512149700000 707
1512149700000 707
1512149700000 707
1512149700000 707
1512149700000 707
1512149700000 707
1512149700000 708
1512149700000 708
1512149700000 708
1512149700000 708
1512149700000 708
1512149700000 708
1512149700000 708
1512149700000 708
1512149700000 708
1512149700000 708
1512149700000 709
1512149700000 709
1512149700000 709
1512149700000 709
1512149700000 709
1512149700000 709
1512149700000 709
1512149700000 710
1512149700000 711
1512149700000 711
1512149700000 713
1512149700000 714
1512149700000 714
1512149700000 714
1512149700000 714
1512149700000 715
1512149700000 715
1512149700000 727
1512149700000 727
1512149700000 728
1512149700000 728
1512149700000 729
1512149700000 741
1512149700000 741
1512149700000 741
1512149700000 742
1512149700000 742
1512149700000 742
1512149700000 743
1512149700000 743
1512149700000 743
1512149700000 743
1512149700000 743
1512149700000 743
1512149700000 746
1512149700000 746
1512149700000 746
1512149700000 747
1512149710000 674
1512149710000 674
1512149710000 674
1512149710000 674
1512149710000 674
1512149710000 675
1512149710000 675
1512149710000 675
1512149710000 675
1512149710000 675
1512149710000 675
1512149710000 675
1512149710000 676
1512149710000 676
1512149710000 676
1512149710000 676
1512149710000 676
1512149710000 676
1512149710000 676
1512149710000 676
1512149710000 676
1512149710000 676
1512149710000 676
1512149710000 676
1512149710000 676
1512149710000 676
1512149710000 677
1512149710000 677
1512149710000 677
1512149710000 677
1512149710000 677
1512149710000 677
1512149710000 677
1512149710000 677
1512149710000 677
1512149710000 677
1512149710000 677
1512149710000 678
1512149710000 678
1512149710000 678
1512149710000 678
1512149710000 678
1512149710000 678
1512149710000 678
1512149710000 678
1512149710000 678
1512149710000 679
1512149710000 679
1512149710000 679
1512149710000 679
1512149710000 679
1512149710000 679
1512149710000 679
1512149710000 679
1512149710000 679
1512149710000 679
1512149710000 679
1512149710000 679
1512149710000 679
1512149710000 679
1512149710000 679
1512149710000 679
1512149710000 679
1512149710000 680
1512149710000 680
1512149710000 680
1512149710000 680
1512149710000 680
1512149710000 680
1512149710000 680
1512149710000 680
1512149710000 680
1512149710000 680
1512149710000 680
1512149710000 680
1512149710000 680
1512149710000 680
1512149710000 680
1512149710000 681
1512149710000 681
1512149710000 681
1512149710000 681
1512149710000 681
1512149710000 682
1512149710000 682
1512149710000 683
1512149710000 683
1512149710000 683
1512149710000 683
1512149710000 683
1512149710000 688
1512149710000 689
1512149710000 689
1512149710000 690
1512149710000 690
1512149710000 699
1512149710000 700
1512149710000 700
1512149710000 700
1512149710000 701
1512149720000 678
1512149720000 678
1512149720000 678
1512149720000 678
1512149720000 678
1512149720000 679
1512149720000 679
1512149720000 679
1512149720000 679
1512149720000 679
1512149720000 679
1512149720000 679
1512149720000 679
1512149720000 679
1512149720000 679
1512149720000 679
1512149720000 679
1512149720000 679
1512149720000 679
1512149720000 679
1512149720000 679
1512149720000 679
1512149720000 679
1512149720000 680
1512149720000 680
1512149720000 680
1512149720000 680
1512149720000 680
1512149720000 680
1512149720000 680
1512149720000 680
1512149720000 680
1512149720000 680
1512149720000 680
1512149720000 680
1512149720000 680
1512149720000 680
1512149720000 680
1512149720000 680
1512149720000 680
1512149720000 681
1512149720000 681
1512149720000 681
1512149720000 681
1512149720000 681
1512149720000 681
1512149720000 681
1512149720000 681
1512149720000 681
1512149720000 681
1512149720000 681
1512149720000 681
1512149720000 681
1512149720000 681
1512149720000 681
1512149720000 681
1512149720000 681
1512149720000 681
1512149720000 682
1512149720000 682
1512149720000 682
1512149720000 682
1512149720000 682
1512149720000 682
1512149720000 682
1512149720000 682
1512149720000 682
1512149720000 682
1512149720000 682
1512149720000 682
1512149720000 682
1512149720000 682
1512149720000 682
1512149720000 682
1512149720000 682
1512149720000 682
1512149720000 682
1512149720000 682
1512149720000 683
1512149720000 683
1512149720000 683
1512149720000 683
1512149720000 683
1512149720000 683
1512149720000 683
1512149720000 683
1512149720000 716
1512149720000 717
1512149720000 717
1512149720000 717
1512149720000 717
1512149720000 717
1512149720000 718
1512149720000 718
1512149720000 718
1512149720000 718
1512149720000 719
1512149720000 719
1512149720000 719
1512149720000 719
1512149730000 726
1512149730000 726
1512149730000 726
1512149730000 726
1512149730000 726
1512149730000 726
1512149730000 726
1512149730000 726
1512149730000 726
1512149730000 727
1512149730000 727
1512149730000 727
1512149730000 727
1512149730000 727
1512149730000 727
1512149730000 727
1512149730000 727
1512149730000 727
1512149730000 727
1512149730000 727
1512149730000 727
1512149730000 727
1512149730000 727
1512149730000 727
1512149730000 727
1512149730000 728
1512149730000 728
1512149730000 728
1512149730000 728
1512149730000 728
1512149730000 728
1512149730000 728
1512149730000 728
1512149730000 728
1512149730000 728
1512149730000 728
1512149730000 728
1512149730000 728
1512149730000 728
1512149730000 728
1512149730000 728
1512149730000 729
1512149730000 729
1512149730000 729
1512149730000 729
1512149730000 729
1512149730000 729
1512149730000 729
1512149730000 729
1512149730000 729
1512149730000 729
1512149730000 729
1512149730000 729
1512149730000 729
1512149730000 729
1512149730000 729
1512149730000 729
1512149730000 729
1512149730000 729
1512149730000 729
1512149730000 729
1512149730000 730
1512149730000 730
1512149730000 730
1512149730000 730
1512149730000 730
1512149730000 730
1512149730000 730
1512149730000 731
1512149730000 731
1512149730000 732
1512149730000 746
1512149730000 746
1512149730000 747
1512149730000 752
1512149730000 752
1512149730000 753
1512149730000 753
1512149730000 754
1512149730000 763
1512149730000 763
1512149730000 763
1512149730000 763
1512149730000 763
1512149730000 764
1512149730000 764
1512149730000 764
1512149730000 764
1512149730000 764
1512149730000 764
1512149730000 764
1512149730000 765
1512149730000 765
1512149730000 765
1512149730000 766
1512149730000 766
1512149730000 767
1512149730000 767
1512149730000 767
1512149730000 773
1512149740000 749
1512149740000 749
1512149740000 749
1512149740000 749
1512149740000 749
1512149740000 749
1512149740000 750
1512149740000 750
1512149740000 750
1512149740000 750
1512149740000 750
1512149740000 750
1512149740000 750
1512149740000 750
1512149740000 751
1512149740000 751
1512149740000 751
1512149740000 751
1512149740000 751
1512149740000 751
1512149740000 751
1512149740000 751
1512149740000 751
1512149740000 751
1512149740000 751
1512149740000 751
1512149740000 751
1512149740000 751
1512149740000 751
1512149740000 751
1512149740000 751
1512149740000 751
1512149740000 752
1512149740000 752
1512149740000 752
1512149740000 752
1512149740000 752
1512149740000 752
1512149740000 752
1512149740000 752
1512149740000 752
1512149740000 752
1512149740000 753
1512149740000 753
1512149740000 753
1512149740000 753
1512149740000 753
1512149740000 753
1512149740000 753
1512149740000 753
1512149740000 753
1512149740000 753
1512149740000 753
1512149740000 753
1512149740000 753
1512149740000 753
1512149740000 754
1512149740000 754
1512149740000 754
1512149740000 754
1512149740000 754
1512149740000 754
1512149740000 754
1512149740000 754
1512149740000 754
1512149740000 754
1512149740000 754
1512149740000 754
1512149740000 755
1512149740000 755
1512149740000 755
1512149740000 755
1512149740000 755
1512149740000 755
1512149740000 756
1512149740000 756
1512149740000 758
1512149740000 763
1512149740000 764
1512149740000 765
1512149740000 768
1512149740000 769
1512149740000 770
1512149740000 770
1512149740000 770
1512149740000 787
1512149740000 787
1512149740000 787
1512149740000 787
1512149740000 787
1512149740000 788
1512149740000 788
1512149740000 788
1512149740000 788
1512149740000 789
1512149740000 790
1512149740000 790
1512149740000 790
1512149740000 791
1512149740000 791
1512149750000 -8216
1512149750000 -8220
1512149750000 -8221
1512149750000 -8222
1512149750000 -8224
1512149750000 -8225
1512149750000 -8230
1512149750000 -8245
1512149750000 -8246
1512149750000 -8247
1512149750000 -8247
1512149750000 -8247
1512149750000 -8247
1512149750000 -8248
1512149750000 -8248
1512149750000 -8248
1512149750000 -8248
1512149750000 -8248
1512149750000 -8248
1512149750000 -8248
1512149750000 -8248
1512149750000 -8248
1512149750000 -8248
1512149750000 -8248
1512149750000 -8248
1512149750000 -8249
1512149750000 -8249
1512149750000 -8249
1512149750000 -8249
1512149750000 -8249
1512149750000 -8249
1512149750000 -8249
1512149750000 -8249
1512149750000 -8249
1512149750000 -8249
1512149750000 -8249
1512149750000 -8250
1512149750000 -8250
1512149750000 -8250
1512149750000 -8250
1512149750000 -8250
1512149750000 -8250
1512149750000 -8250
1512149750000 -8250
1512149750000 -8250
1512149750000 -8251
1512149750000 -8251
1512149750000 -8251
1512149750000 -8251
1512149750000 -8251
1512149750000 -8251
1512149750000 -8251
1512149750000 -8251
1512149750000 -8251
1512149750000 -8251
1512149750000 -8251
1512149750000 -8252
1512149750000 -8252
1512149750000 -8252
1512149750000 -8252
1512149750000 -8252
1512149750000 -8252
1512149750000 -8252
1512149750000 -8253
