1512082180000 2169
1512082180000 2169
1512082180000 2169
1512082180000 2170
1512082180000 2170
1512082180000 2170
1512082180000 2170
1512082180000 2171
1512082180000 2171
1512082180000 2171
1512082180000 2172
1512082180000 2172
1512082180000 2172
1512082180000 2172
1512082180000 2173
1512082180000 2173
1512082180000 2173
1512082180000 2173
1512082180000 2174
1512082180000 2174
1512082180000 2174
1512082180000 2174
1512082180000 2174
1512082180000 2174
1512082180000 2174
1512082180000 2174
1512082180000 2174
1512082180000 2175
1512082180000 2175
1512082180000 2175
1512082180000 2176
1512082180000 2176
1512082180000 2176
1512082180000 2176
1512082180000 2177
1512082180000 2177
1512082180000 2177
1512082180000 2177
1512082180000 2177
1512082180000 2177
1512082180000 2178
1512082180000 2178
1512082180000 2178
1512082180000 2178
1512082180000 2178
1512082180000 2178
1512082180000 2178
1512082180000 2179
1512082180000 2179
1512082180000 2179
1512082180000 2180
1512082180000 2180
1512082180000 2180
1512082180000 2181
1512082180000 2181
1512082180000 2182
1512082180000 2182
1512082180000 2182
1512082180000 2182
1512082180000 2182
1512082180000 2182
1512082180000 2183
1512082180000 2183
1512082180000 2183
1512082180000 2184
1512082180000 2184
1512082180000 2184
1512082180000 2184
1512082180000 2191
1512082180000 2191
1512082180000 2192
1512082180000 2192
1512082180000 2192
1512082180000 2200
1512082180000 2201
1512082180000 2201
1512082180000 2206
1512082180000 2212
1512082180000 2212
1512082180000 2212
1512082180000 2213
1512082180000 2227
1512082180000 2228
1512082180000 2229
1512082180000 2229
1512082180000 2229
1512082180000 2263
1512082180000 2263
1512082180000 2263
1512082180000 2264
1512082180000 2271
1512082180000 2271
1512082180000 2274
1512082180000 2275
1512082180000 3025
1512082180000 3025
1512082180000 3025
1512082180000 3026
1512082180000 3026
1512082180000 3027
1512082190000 362
1512082190000 362
1512082190000 363
1512082190000 363
1512082190000 363
1512082190000 363
1512082190000 363
1512082190000 363
1512082190000 363
1512082190000 363
1512082190000 363
1512082190000 363
1512082190000 363
1512082190000 363
1512082190000 363
1512082190000 364
1512082190000 364
1512082190000 364
1512082190000 364
1512082190000 364
1512082190000 364
1512082190000 364
1512082190000 364
1512082190000 364
1512082190000 364
1512082190000 364
1512082190000 364
1512082190000 364
1512082190000 364
1512082190000 364
1512082190000 364
1512082190000 364
1512082190000 364
1512082190000 365
1512082190000 365
1512082190000 365
1512082190000 365
1512082190000 365
1512082190000 365
1512082190000 365
1512082190000 365
1512082190000 365
1512082190000 365
1512082190000 365
1512082190000 365
1512082190000 365
1512082190000 365
1512082190000 365
1512082190000 365
1512082190000 365
1512082190000 365
1512082190000 365
1512082190000 365
1512082190000 366
1512082190000 366
1512082190000 366
1512082190000 366
1512082190000 366
1512082190000 366
1512082190000 366
1512082190000 366
1512082190000 366
1512082190000 366
1512082190000 366
1512082190000 366
1512082190000 366
1512082190000 366
1512082190000 366
1512082190000 366
1512082190000 367
1512082190000 367
1512082190000 367
1512082190000 367
1512082190000 367
1512082190000 367
1512082190000 367
1512082190000 367
1512082190000 367
1512082190000 367
1512082190000 367
1512082190000 367
1512082190000 368
1512082190000 368
1512082190000 368
1512082190000 368
1512082190000 368
1512082190000 368
1512082190000 368
1512082190000 368
1512082190000 368
1512082190000 369
1512082190000 369
1512082190000 369
1512082190000 370
1512082190000 370
1512082190000 400
1512082190000 400
1512082190000 401
1512082190000 401
1512082190000 401
1512082200000 691
1512082200000 691
1512082200000 691
1512082200000 692
1512082200000 692
1512082200000 692
1512082200000 692
1512082200000 692
1512082200000 692
1512082200000 692
1512082200000 693
1512082200000 693
1512082200000 693
1512082200000 693
1512082200000 694
1512082200000 694
1512082200000 694
1512082200000 694
1512082200000 694
1512082200000 694
1512082200000 694
1512082200000 694
1512082200000 694
1512082200000 694
1512082200000 695
1512082200000 695
1512082200000 695
1512082200000 695
1512082200000 695
1512082200000 695
1512082200000 695
1512082200000 695
1512082200000 695
1512082200000 696
1512082200000 696
1512082200000 696
1512082200000 696
1512082200000 696
1512082200000 696
1512082200000 696
1512082200000 696
1512082200000 697
1512082200000 697
1512082200000 697
1512082200000 697
1512082200000 697
1512082200000 697
1512082200000 697
1512082200000 697
1512082200000 697
1512082200000 697
1512082200000 697
1512082200000 697
1512082200000 697
1512082200000 697
1512082200000 698
1512082200000 698
1512082200000 698
1512082200000 698
1512082200000 698
1512082200000 698
1512082200000 698
1512082200000 698
1512082200000 698
1512082200000 698
1512082200000 698
1512082200000 698
1512082200000 698
1512082200000 698
1512082200000 698
1512082200000 699
1512082200000 699
1512082200000 699
1512082200000 699
1512082200000 699
1512082200000 699
1512082200000 699
1512082200000 699
1512082200000 699
1512082200000 699
1512082200000 699
1512082200000 699
1512082200000 699
1512082200000 699
1512082200000 699
1512082200000 699
1512082200000 700
1512082200000 700
1512082200000 700
1512082200000 700
1512082200000 700
1512082200000 700
1512082200000 700
1512082200000 700
1512082200000 701
1512082200000 701
1512082200000 701
1512082200000 701
1512082200000 702
1512082200000 706
1512082210000 733
1512082210000 734
1512082210000 734
1512082210000 735
1512082210000 735
1512082210000 735
1512082210000 735
1512082210000 735
1512082210000 736
1512082210000 736
1512082210000 736
1512082210000 736
1512082210000 736
1512082210000 736
1512082210000 736
1512082210000 736
1512082210000 736
1512082210000 736
1512082210000 737
1512082210000 737
1512082210000 737
1512082210000 737
1512082210000 737
1512082210000 737
1512082210000 737
1512082210000 737
1512082210000 737
1512082210000 737
1512082210000 737
1512082210000 737
1512082210000 737
1512082210000 738
1512082210000 738
1512082210000 738
1512082210000 738
1512082210000 738
1512082210000 738
1512082210000 738
1512082210000 738
1512082210000 738
1512082210000 738
1512082210000 738
1512082210000 738
1512082210000 738
1512082210000 739
1512082210000 739
1512082210000 739
1512082210000 739
1512082210000 739
1512082210000 739
1512082210000 739
1512082210000 739
1512082210000 739
1512082210000 739
1512082210000 739
1512082210000 739
1512082210000 739
1512082210000 739
1512082210000 739
1512082210000 739
1512082210000 739
1512082210000 740
1512082210000 740
1512082210000 740
1512082210000 740
1512082210000 740
1512082210000 740
1512082210000 740
1512082210000 740
1512082210000 740
1512082210000 740
1512082210000 740
1512082210000 740
1512082210000 740
1512082210000 740
1512082210000 740
1512082210000 740
1512082210000 740
1512082210000 740
1512082210000 740
1512082210000 740
1512082210000 741
1512082210000 741
1512082210000 741
1512082210000 741
1512082210000 741
1512082210000 741
1512082210000 742
1512082210000 742
1512082210000 742
1512082210000 743
1512082210000 743
1512082210000 754
1512082210000 754
1512082210000 755
1512082210000 771
1512082210000 772
1512082210000 772
1512082210000 772
1512082210000 772
1512082220000 370
1512082220000 370
1512082220000 370
1512082220000 370
1512082220000 370
1512082220000 371
1512082220000 371
1512082220000 371
1512082220000 371
1512082220000 371
1512082220000 372
1512082220000 372
1512082220000 372
1512082220000 372
1512082220000 372
1512082220000 373
1512082220000 373
1512082220000 373
1512082220000 373
1512082220000 373
1512082220000 373
1512082220000 373
1512082220000 373
1512082220000 373
1512082220000 373
1512082220000 374
1512082220000 374
1512082220000 374
1512082220000 374
1512082220000 374
1512082220000 374
1512082220000 374
1512082220000 374
1512082220000 374
1512082220000 374
1512082220000 375
1512082220000 375
1512082220000 375
1512082220000 375
1512082220000 375
1512082220000 375
1512082220000 375
1512082220000 375
1512082220000 375
1512082220000 375
1512082220000 375
1512082220000 375
1512082220000 376
1512082220000 376
1512082220000 376
1512082220000 376
1512082220000 376
1512082220000 376
1512082220000 376
1512082220000 376
1512082220000 376
1512082220000 376
1512082220000 376
1512082220000 376
1512082220000 376
1512082220000 376
1512082220000 376
1512082220000 376
1512082220000 376
1512082220000 377
1512082220000 377
1512082220000 377
1512082220000 377
1512082220000 377
1512082220000 377
1512082220000 377
1512082220000 377
1512082220000 377
1512082220000 377
1512082220000 377
1512082220000 377
1512082220000 377
1512082220000 377
1512082220000 377
1512082220000 377
1512082220000 377
1512082220000 377
1512082220000 377
1512082220000 377
1512082220000 378
1512082220000 378
1512082220000 378
1512082220000 378
1512082220000 378
1512082220000 378
1512082220000 378
1512082220000 378
1512082220000 378
1512082220000 378
1512082220000 378
1512082220000 408
1512082220000 409
1512082220000 409
1512082220000 409
1512082220000 409
1512082230000 684
1512082230000 685
1512082230000 685
1512082230000 685
1512082230000 685
1512082230000 685
1512082230000 685
1512082230000 685
1512082230000 686
1512082230000 686
1512082230000 686
1512082230000 686
1512082230000 687
1512082230000 687
1512082230000 688
1512082230000 688
1512082230000 688
1512082230000 688
1512082230000 688
1512082230000 688
1512082230000 688
1512082230000 688
1512082230000 688
1512082230000 688
1512082230000 689
1512082230000 689
1512082230000 689
1512082230000 689
1512082230000 689
1512082230000 689
1512082230000 690
1512082230000 690
1512082230000 690
1512082230000 690
1512082230000 690
1512082230000 690
1512082230000 690
1512082230000 690
1512082230000 690
1512082230000 690
1512082230000 690
1512082230000 690
1512082230000 690
1512082230000 690
1512082230000 690
1512082230000 690
1512082230000 690
1512082230000 690
1512082230000 690
1512082230000 691
1512082230000 691
1512082230000 691
1512082230000 691
1512082230000 691
1512082230000 691
1512082230000 691
1512082230000 691
1512082230000 691
1512082230000 691
1512082230000 691
1512082230000 691
1512082230000 691
1512082230000 691
1512082230000 691
1512082230000 691
1512082230000 691
1512082230000 691
1512082230000 691
1512082230000 691
1512082230000 692
1512082230000 692
1512082230000 692
1512082230000 692
1512082230000 692
1512082230000 692
1512082230000 692
1512082230000 692
1512082230000 692
1512082230000 692
1512082230000 692
1512082230000 692
1512082230000 692
1512082230000 692
1512082230000 692
1512082230000 692
1512082230000 692
1512082230000 692
1512082230000 692
1512082230000 692
1512082230000 692
1512082230000 693
1512082230000 693
1512082230000 693
1512082230000 693
1512082230000 693
1512082230000 693
1512082230000 694
1512082230000 695
1512082230000 698
1512082230000 698
1512082240000 667
1512082240000 668
1512082240000 668
1512082240000 668
1512082240000 668
1512082240000 668
1512082240000 669
1512082240000 669
1512082240000 669
1512082240000 669
1512082240000 669
1512082240000 669
1512082240000 669
1512082240000 669
1512082240000 669
1512082240000 669
1512082240000 669
1512082240000 669
1512082240000 669
1512082240000 669
1512082240000 670
1512082240000 670
1512082240000 670
1512082240000 670
1512082240000 670
1512082240000 670
1512082240000 670
1512082240000 670
1512082240000 670
1512082240000 670
1512082240000 670
1512082240000 670
1512082240000 670
1512082240000 670
1512082240000 671
1512082240000 671
1512082240000 671
1512082240000 671
1512082240000 671
1512082240000 671
1512082240000 671
1512082240000 671
1512082240000 671
1512082240000 671
1512082240000 671
1512082240000 671
1512082240000 671
1512082240000 671
1512082240000 671
1512082240000 671
1512082240000 672
1512082240000 672
1512082240000 672
1512082240000 672
1512082240000 672
1512082240000 672
1512082240000 672
1512082240000 672
1512082240000 672
1512082240000 672
1512082240000 672
1512082240000 672
1512082240000 672
1512082240000 672
1512082240000 672
1512082240000 672
1512082240000 672
1512082240000 672
1512082240000 673
1512082240000 673
1512082240000 673
1512082240000 673
1512082240000 673
1512082240000 673
1512082240000 673
1512082240000 673
1512082240000 674
1512082240000 674
1512082240000 674
1512082240000 674
1512082240000 675
1512082240000 675
1512082240000 676
1512082240000 690
1512082240000 690
1512082240000 691
1512082240000 691
1512082240000 693
1512082240000 694
1512082240000 694
1512082240000 694
1512082240000 697
1512082240000 698
1512082240000 701
1512082240000 701
1512082240000 705
1512082240000 706
1512082240000 706
1512082240000 707
1512082240000 707
1512082250000 680
1512082250000 680
1512082250000 680
1512082250000 680
1512082250000 680
1512082250000 680
1512082250000 680
1512082250000 681
1512082250000 681
1512082250000 681
1512082250000 681
1512082250000 681
1512082250000 681
1512082250000 681
1512082250000 681
1512082250000 681
1512082250000 681
1512082250000 681
1512082250000 682
1512082250000 682
1512082250000 682
1512082250000 682
1512082250000 682
1512082250000 682
1512082250000 682
1512082250000 682
1512082250000 682
1512082250000 682
1512082250000 682
1512082250000 682
1512082250000 682
1512082250000 682
1512082250000 682
1512082250000 682
1512082250000 682
1512082250000 682
1512082250000 682
1512082250000 683
1512082250000 683
1512082250000 683
1512082250000 683
1512082250000 683
1512082250000 683
1512082250000 683
1512082250000 683
1512082250000 683
1512082250000 683
1512082250000 683
1512082250000 683
1512082250000 683
1512082250000 683
1512082250000 683
1512082250000 683
1512082250000 683
1512082250000 683
1512082250000 683
1512082250000 683
1512082250000 683
1512082250000 683
1512082250000 683
1512082250000 683
1512082250000 683
1512082250000 684
1512082250000 684
1512082250000 684
1512082250000 684
1512082250000 684
1512082250000 684
1512082250000 684
1512082250000 684
1512082250000 684
1512082250000 684
1512082250000 684
1512082250000 684
1512082250000 684
1512082250000 684
1512082250000 684
1512082250000 684
1512082250000 684
1512082250000 684
1512082250000 684
1512082250000 684
1512082250000 684
1512082250000 684
1512082250000 684
1512082250000 684
1512082250000 685
1512082250000 685
1512082250000 685
1512082250000 685
1512082250000 685
1512082250000 685
1512082250000 685
1512082250000 685
1512082250000 686
1512082250000 715
1512082250000 716
1512082250000 716
1512082250000 717
1512082250000 717
1512082260000 374
1512082260000 374
1512082260000 375
1512082260000 375
1512082260000 376
1512082260000 376
1512082260000 376
1512082260000 376
1512082260000 376
1512082260000 376
1512082260000 376
1512082260000 376
1512082260000 376
1512082260000 377
1512082260000 377
1512082260000 377
1512082260000 377
1512082260000 377
1512082260000 377
1512082260000 377
1512082260000 377
1512082260000 377
1512082260000 377
1512082260000 377
1512082260000 377
1512082260000 377
1512082260000 377
1512082260000 378
1512082260000 378
1512082260000 378
1512082260000 378
1512082260000 378
1512082260000 378
1512082260000 378
1512082260000 378
1512082260000 378
1512082260000 378
1512082260000 378
1512082260000 378
1512082260000 378
1512082260000 378
1512082260000 378
1512082260000 378
1512082260000 378
1512082260000 378
1512082260000 378
1512082260000 378
1512082260000 379
1512082260000 379
1512082260000 379
1512082260000 379
1512082260000 379
1512082260000 379
1512082260000 379
1512082260000 379
1512082260000 379
1512082260000 379
1512082260000 379
1512082260000 379
1512082260000 379
1512082260000 379
1512082260000 379
1512082260000 379
1512082260000 379
1512082260000 379
1512082260000 379
1512082260000 380
1512082260000 380
1512082260000 380
1512082260000 380
1512082260000 380
1512082260000 380
1512082260000 380
1512082260000 380
1512082260000 380
1512082260000 380
1512082260000 380
1512082260000 380
1512082260000 380
1512082260000 380
1512082260000 381
1512082260000 381
1512082260000 381
1512082260000 381
1512082260000 381
1512082260000 381
1512082260000 382
1512082260000 389
1512082260000 390
1512082260000 390
1512082260000 391
1512082260000 391
1512082260000 405
1512082260000 405
1512082260000 405
1512082260000 406
1512082260000 412
1512082260000 412
1512082260000 412
1512082260000 413
1512082270000 680
1512082270000 681
1512082270000 681
1512082270000 681
1512082270000 681
1512082270000 681
1512082270000 681
1512082270000 681
1512082270000 681
1512082270000 682
1512082270000 682
1512082270000 682
1512082270000 682
1512082270000 682
1512082270000 682
1512082270000 682
1512082270000 682
1512082270000 682
1512082270000 682
1512082270000 682
1512082270000 683
1512082270000 683
1512082270000 683
1512082270000 683
1512082270000 683
1512082270000 683
1512082270000 683
1512082270000 683
1512082270000 683
1512082270000 683
1512082270000 684
1512082270000 684
1512082270000 684
1512082270000 684
1512082270000 684
1512082270000 684
1512082270000 684
1512082270000 684
1512082270000 684
1512082270000 684
1512082270000 684
1512082270000 684
1512082270000 684
1512082270000 684
1512082270000 684
1512082270000 684
1512082270000 685
1512082270000 685
1512082270000 685
1512082270000 685
1512082270000 685
1512082270000 685
1512082270000 685
1512082270000 685
1512082270000 685
1512082270000 685
1512082270000 685
1512082270000 685
1512082270000 685
1512082270000 685
1512082270000 685
1512082270000 685
1512082270000 685
1512082270000 685
1512082270000 685
1512082270000 685
1512082270000 685
1512082270000 685
1512082270000 686
1512082270000 686
1512082270000 686
1512082270000 686
1512082270000 686
1512082270000 686
1512082270000 686
1512082270000 686
1512082270000 686
1512082270000 686
1512082270000 686
1512082270000 686
1512082270000 686
1512082270000 686
1512082270000 686
1512082270000 686
1512082270000 686
1512082270000 686
1512082270000 686
1512082270000 686
1512082270000 686
1512082270000 687
1512082270000 687
1512082270000 687
1512082270000 687
1512082270000 687
1512082270000 687
1512082270000 719
1512082270000 720
1512082270000 720
1512082270000 720
1512082270000 720
1512082280000 685
1512082280000 685
1512082280000 686
1512082280000 686
1512082280000 686
1512082280000 686
1512082280000 686
1512082280000 686
1512082280000 687
1512082280000 687
1512082280000 687
1512082280000 687
1512082280000 688
1512082280000 688
1512082280000 688
1512082280000 688
1512082280000 688
1512082280000 688
1512082280000 688
1512082280000 688
1512082280000 688
1512082280000 688
1512082280000 688
1512082280000 689
1512082280000 689
1512082280000 689
1512082280000 689
1512082280000 689
1512082280000 689
1512082280000 689
1512082280000 690
1512082280000 690
1512082280000 690
1512082280000 690
1512082280000 690
1512082280000 690
1512082280000 690
1512082280000 690
1512082280000 690
1512082280000 691
1512082280000 691
1512082280000 691
1512082280000 691
1512082280000 691
1512082280000 691
1512082280000 691
1512082280000 691
1512082280000 691
1512082280000 692
1512082280000 692
1512082280000 692
1512082280000 692
1512082280000 692
1512082280000 692
1512082280000 692
1512082280000 693
1512082280000 693
1512082280000 693
1512082280000 693
1512082280000 693
1512082280000 693
1512082280000 693
1512082280000 693
1512082280000 693
1512082280000 693
1512082280000 693
1512082280000 693
1512082280000 694
1512082280000 694
1512082280000 694
1512082280000 694
1512082280000 694
1512082280000 694
1512082280000 700
1512082280000 700
1512082280000 701
1512082280000 702
1512082280000 702
1512082280000 706
1512082280000 706
1512082280000 707
1512082280000 707
1512082280000 707
1512082280000 707
1512082280000 707
1512082280000 708
1512082280000 708
1512082280000 714
1512082280000 714
1512082280000 714
1512082280000 715
1512082280000 717
1512082280000 717
1512082280000 717
1512082280000 717
1512082280000 724
1512082280000 724
1512082280000 724
1512082280000 725
1512082280000 725
1512082290000 729
1512082290000 730
1512082290000 730
1512082290000 731
1512082290000 731
1512082290000 731
1512082290000 731
1512082290000 731
1512082290000 731
1512082290000 731
1512082290000 732
1512082290000 732
1512082290000 732
1512082290000 733
1512082290000 733
1512082290000 733
1512082290000 733
1512082290000 733
1512082290000 733
1512082290000 733
1512082290000 733
1512082290000 733
1512082290000 733
1512082290000 734
1512082290000 734
1512082290000 734
1512082290000 734
1512082290000 734
1512082290000 734
1512082290000 734
1512082290000 734
1512082290000 734
1512082290000 734
1512082290000 734
1512082290000 734
1512082290000 734
1512082290000 735
1512082290000 735
1512082290000 735
1512082290000 735
1512082290000 735
1512082290000 735
1512082290000 735
1512082290000 735
1512082290000 735
1512082290000 735
1512082290000 735
1512082290000 735
1512082290000 735
1512082290000 735
1512082290000 735
1512082290000 735
1512082290000 735
1512082290000 735
1512082290000 735
1512082290000 735
1512082290000 736
1512082290000 736
1512082290000 736
1512082290000 736
1512082290000 736
1512082290000 736
1512082290000 736
1512082290000 736
1512082290000 736
1512082290000 736
1512082290000 736
1512082290000 736
1512082290000 736
1512082290000 736
1512082290000 736
1512082290000 736
1512082290000 736
1512082290000 736
1512082290000 736
1512082290000 737
1512082290000 737
1512082290000 737
1512082290000 737
1512082290000 737
1512082290000 737
1512082290000 737
1512082290000 737
1512082290000 737
1512082290000 737
1512082290000 737
1512082290000 737
1512082290000 737
1512082290000 738
1512082290000 738
1512082290000 738
1512082290000 738
1512082290000 738
1512082290000 754
1512082290000 755
1512082290000 755
1512082290000 756
1512082290000 756
1512082290000 757
1512082290000 765
1512082300000 671
1512082300000 672
1512082300000 672
1512082300000 672
1512082300000 672
1512082300000 672
1512082300000 672
1512082300000 672
1512082300000 673
1512082300000 673
1512082300000 673
1512082300000 673
1512082300000 673
1512082300000 673
1512082300000 673
1512082300000 673
1512082300000 673
1512082300000 673
1512082300000 673
1512082300000 673
1512082300000 673
1512082300000 674
1512082300000 674
1512082300000 674
1512082300000 674
1512082300000 674
1512082300000 674
1512082300000 674
1512082300000 674
1512082300000 675
1512082300000 675
1512082300000 675
1512082300000 675
1512082300000 675
1512082300000 675
1512082300000 675
1512082300000 675
1512082300000 675
1512082300000 675
1512082300000 675
1512082300000 675
1512082300000 675
1512082300000 675
1512082300000 675
1512082300000 675
1512082300000 675
1512082300000 675
1512082300000 675
1512082300000 675
1512082300000 675
1512082300000 675
1512082300000 675
1512082300000 676
1512082300000 676
1512082300000 676
1512082300000 676
1512082300000 676
1512082300000 676
1512082300000 676
1512082300000 676
1512082300000 676
1512082300000 676
1512082300000 676
1512082300000 676
1512082300000 676
1512082300000 676
1512082300000 676
1512082300000 676
1512082300000 676
1512082300000 676
1512082300000 676
1512082300000 676
1512082300000 676
1512082300000 676
1512082300000 676
1512082300000 676
1512082300000 677
1512082300000 677
1512082300000 677
1512082300000 677
1512082300000 677
1512082300000 677
1512082300000 677
1512082300000 677
1512082300000 677
1512082300000 677
1512082300000 677
1512082300000 702
1512082300000 703
1512082300000 703
1512082300000 704
1512082300000 705
1512082300000 706
1512082300000 706
1512082300000 707
1512082300000 709
1512082300000 710
1512082300000 710
1512082300000 710
1512082300000 710
1512082310000 716
1512082310000 717
1512082310000 717
1512082310000 717
1512082310000 717
1512082310000 717
1512082310000 718
1512082310000 718
1512082310000 718
1512082310000 718
1512082310000 718
1512082310000 719
1512082310000 719
1512082310000 719
1512082310000 719
1512082310000 719
1512082310000 719
1512082310000 719
1512082310000 719
1512082310000 720
1512082310000 720
1512082310000 720
1512082310000 720
1512082310000 720
1512082310000 721
1512082310000 721
1512082310000 721
1512082310000 721
1512082310000 721
1512082310000 721
1512082310000 721
1512082310000 721
1512082310000 721
1512082310000 721
1512082310000 721
1512082310000 721
1512082310000 721
1512082310000 721
1512082310000 721
1512082310000 721
1512082310000 722
1512082310000 722
1512082310000 722
1512082310000 722
1512082310000 722
1512082310000 722
1512082310000 722
1512082310000 722
1512082310000 722
1512082310000 722
1512082310000 722
1512082310000 722
1512082310000 722
1512082310000 722
1512082310000 722
1512082310000 722
1512082310000 722
1512082310000 722
1512082310000 723
1512082310000 723
1512082310000 723
1512082310000 723
1512082310000 723
1512082310000 723
1512082310000 723
1512082310000 723
1512082310000 723
1512082310000 723
1512082310000 723
1512082310000 723
1512082310000 723
1512082310000 723
1512082310000 723
1512082310000 723
1512082310000 723
1512082310000 723
1512082310000 723
1512082310000 723
1512082310000 724
1512082310000 724
1512082310000 724
1512082310000 724
1512082310000 724
1512082310000 724
1512082310000 724
1512082310000 724
1512082310000 724
1512082310000 724
1512082310000 724
1512082310000 724
1512082310000 724
1512082310000 724
1512082310000 725
1512082310000 725
1512082310000 736
1512082310000 753
1512082310000 754
1512082310000 754
1512082310000 754
1512082310000 754
1512082320000 458
1512082320000 458
1512082320000 458
1512082320000 459
1512082320000 459
1512082320000 459
1512082320000 460
1512082320000 460
1512082320000 460
1512082320000 460
1512082320000 460
1512082320000 460
1512082320000 460
1512082320000 460
1512082320000 460
1512082320000 461
1512082320000 461
1512082320000 461
1512082320000 461
1512082320000 461
1512082320000 461
1512082320000 461
1512082320000 461
1512082320000 461
1512082320000 461
1512082320000 461
1512082320000 461
1512082320000 461
1512082320000 462
1512082320000 462
1512082320000 462
1512082320000 462
1512082320000 462
1512082320000 462
1512082320000 462
1512082320000 462
1512082320000 462
1512082320000 462
1512082320000 462
1512082320000 462
1512082320000 462
1512082320000 462
1512082320000 462
1512082320000 462
1512082320000 462
1512082320000 462
1512082320000 463
1512082320000 463
1512082320000 463
1512082320000 463
1512082320000 463
1512082320000 463
1512082320000 463
1512082320000 463
1512082320000 463
1512082320000 463
1512082320000 463
1512082320000 463
1512082320000 463
1512082320000 463
1512082320000 463
1512082320000 463
1512082320000 463
1512082320000 463
1512082320000 463
1512082320000 463
1512082320000 463
1512082320000 463
1512082320000 463
1512082320000 463
1512082320000 463
1512082320000 464
1512082320000 464
1512082320000 464
1512082320000 464
1512082320000 464
1512082320000 464
1512082320000 464
1512082320000 464
1512082320000 464
1512082320000 464
1512082320000 464
1512082320000 464
1512082320000 465
1512082320000 465
1512082320000 465
1512082320000 465
1512082320000 465
1512082320000 465
1512082320000 466
1512082320000 466
1512082320000 467
1512082320000 467
1512082320000 467
1512082320000 467
1512082320000 468
1512082320000 482
1512082320000 483
1512082320000 483
1512082320000 483
1512082330000 713
1512082330000 713
1512082330000 714
1512082330000 714
1512082330000 714
1512082330000 714
1512082330000 714
1512082330000 714
1512082330000 714
1512082330000 715
1512082330000 715
1512082330000 715
1512082330000 715
1512082330000 715
1512082330000 715
1512082330000 715
1512082330000 715
1512082330000 715
1512082330000 715
1512082330000 716
1512082330000 716
1512082330000 716
1512082330000 716
1512082330000 716
1512082330000 716
1512082330000 716
1512082330000 716
1512082330000 716
1512082330000 716
1512082330000 716
1512082330000 716
1512082330000 716
1512082330000 716
1512082330000 717
1512082330000 717
1512082330000 717
1512082330000 717
1512082330000 717
1512082330000 717
1512082330000 717
1512082330000 717
1512082330000 717
1512082330000 717
1512082330000 717
1512082330000 717
1512082330000 717
1512082330000 717
1512082330000 717
1512082330000 717
1512082330000 717
1512082330000 717
1512082330000 717
1512082330000 718
1512082330000 718
1512082330000 718
1512082330000 718
1512082330000 718
1512082330000 718
1512082330000 718
1512082330000 718
1512082330000 718
1512082330000 718
1512082330000 718
1512082330000 718
1512082330000 718
1512082330000 718
1512082330000 718
1512082330000 718
1512082330000 718
1512082330000 718
1512082330000 718
1512082330000 718
1512082330000 719
1512082330000 719
1512082330000 719
1512082330000 719
1512082330000 719
1512082330000 719
1512082330000 719
1512082330000 719
1512082330000 719
1512082330000 719
1512082330000 719
1512082330000 719
1512082330000 719
1512082330000 719
1512082330000 720
1512082330000 720
1512082330000 720
1512082330000 720
1512082330000 720
1512082330000 721
1512082330000 738
1512082330000 739
1512082330000 739
1512082330000 753
1512082330000 754
1512082330000 755
1512082330000 755
1512082330000 756
1512082340000 708
1512082340000 708
1512082340000 708
1512082340000 708
1512082340000 708
1512082340000 708
1512082340000 708
1512082340000 708
1512082340000 708
1512082340000 709
1512082340000 709
1512082340000 709
1512082340000 709
1512082340000 709
1512082340000 709
1512082340000 709
1512082340000 709
1512082340000 709
1512082340000 709
1512082340000 709
1512082340000 709
1512082340000 709
1512082340000 709
1512082340000 709
1512082340000 709
1512082340000 710
1512082340000 710
1512082340000 710
1512082340000 710
1512082340000 710
1512082340000 710
1512082340000 710
1512082340000 710
1512082340000 710
1512082340000 710
1512082340000 710
1512082340000 710
1512082340000 710
1512082340000 710
1512082340000 710
1512082340000 710
1512082340000 711
1512082340000 711
1512082340000 711
1512082340000 711
1512082340000 711
1512082340000 711
1512082340000 711
1512082340000 711
1512082340000 711
1512082340000 711
1512082340000 711
1512082340000 711
1512082340000 711
1512082340000 711
1512082340000 711
1512082340000 711
1512082340000 711
1512082340000 711
1512082340000 711
1512082340000 711
1512082340000 711
1512082340000 711
1512082340000 711
1512082340000 712
1512082340000 712
1512082340000 712
1512082340000 712
1512082340000 712
1512082340000 712
1512082340000 712
1512082340000 712
1512082340000 712
1512082340000 712
1512082340000 712
1512082340000 712
1512082340000 712
1512082340000 712
1512082340000 712
1512082340000 712
1512082340000 712
1512082340000 712
1512082340000 712
1512082340000 713
1512082340000 713
1512082340000 713
1512082340000 713
1512082340000 713
1512082340000 713
1512082340000 713
1512082340000 713
1512082340000 738
1512082340000 739
1512082340000 739
1512082340000 740
1512082340000 744
1512082340000 744
1512082340000 745
1512082340000 745
1512082340000 745
1512082350000 695
1512082350000 695
1512082350000 695
1512082350000 695
1512082350000 695
1512082350000 695
1512082350000 695
1512082350000 696
1512082350000 696
1512082350000 696
1512082350000 696
1512082350000 696
1512082350000 696
1512082350000 696
1512082350000 696
1512082350000 696
1512082350000 696
1512082350000 697
1512082350000 697
1512082350000 697
1512082350000 697
1512082350000 697
1512082350000 697
1512082350000 697
1512082350000 697
1512082350000 697
1512082350000 697
1512082350000 697
1512082350000 697
1512082350000 697
1512082350000 697
1512082350000 697
1512082350000 698
1512082350000 698
1512082350000 698
1512082350000 698
1512082350000 699
1512082350000 699
1512082350000 699
1512082350000 699
1512082350000 699
1512082350000 699
1512082350000 700
1512082350000 700
1512082350000 700
1512082350000 700
1512082350000 700
1512082350000 700
1512082350000 700
1512082350000 700
1512082350000 700
1512082350000 700
1512082350000 700
1512082350000 700
1512082350000 700
1512082350000 700
1512082350000 701
1512082350000 701
1512082350000 701
1512082350000 701
1512082350000 701
1512082350000 701
1512082350000 701
1512082350000 701
1512082350000 701
1512082350000 701
1512082350000 701
1512082350000 701
1512082350000 701
1512082350000 701
1512082350000 701
1512082350000 702
1512082350000 702
1512082350000 702
1512082350000 702
1512082350000 702
1512082350000 702
1512082350000 702
1512082350000 702
1512082350000 702
1512082350000 702
1512082350000 702
1512082350000 702
1512082350000 702
1512082350000 702
1512082350000 702
1512082350000 702
1512082350000 702
1512082350000 702
1512082350000 702
1512082350000 703
1512082350000 703
1512082350000 703
1512082350000 703
1512082350000 703
1512082350000 703
1512082350000 703
1512082350000 703
1512082350000 704
1512082350000 726
1512082360000 707
1512082360000 708
1512082360000 708
1512082360000 708
1512082360000 708
1512082360000 709
1512082360000 709
1512082360000 709
1512082360000 709
1512082360000 710
1512082360000 710
1512082360000 710
1512082360000 710
1512082360000 710
1512082360000 710
1512082360000 710
1512082360000 710
1512082360000 710
1512082360000 710
1512082360000 710
1512082360000 711
1512082360000 711
1512082360000 711
1512082360000 711
1512082360000 711
1512082360000 711
1512082360000 711
1512082360000 712
1512082360000 712
1512082360000 712
1512082360000 712
1512082360000 712
1512082360000 712
1512082360000 712
1512082360000 712
1512082360000 713
1512082360000 713
1512082360000 713
1512082360000 713
1512082360000 713
1512082360000 713
1512082360000 713
1512082360000 713
1512082360000 714
1512082360000 714
1512082360000 714
1512082360000 714
1512082360000 714
1512082360000 714
1512082360000 714
1512082360000 714
1512082360000 714
1512082360000 714
1512082360000 714
1512082360000 715
1512082360000 715
1512082360000 715
1512082360000 715
1512082360000 715
1512082360000 715
1512082360000 715
1512082360000 715
1512082360000 715
1512082360000 715
1512082360000 715
1512082360000 716
1512082360000 716
1512082360000 716
1512082360000 716
1512082360000 716
1512082360000 716
1512082360000 716
1512082360000 716
1512082360000 716
1512082360000 716
1512082360000 717
1512082360000 717
1512082360000 717
1512082360000 717
1512082360000 717
1512082360000 717
1512082360000 717
1512082360000 717
1512082360000 717
1512082360000 717
1512082360000 717
1512082360000 718
1512082360000 718
1512082360000 718
1512082360000 718
1512082360000 718
1512082360000 718
1512082360000 719
1512082360000 739
1512082360000 741
1512082360000 744
1512082360000 744
1512082360000 745
1512082360000 745
1512082360000 745
1512082370000 1686
1512082370000 1686
1512082370000 1686
1512082370000 1686
1512082370000 1686
1512082370000 1686
1512082370000 1686
1512082370000 1686
1512082370000 1686
1512082370000 1687
1512082370000 1687
1512082370000 1687
1512082370000 1687
1512082370000 1687
1512082370000 1687
1512082370000 1687
1512082370000 1687
1512082370000 1687
1512082370000 1687
1512082370000 1687
1512082370000 1687
1512082370000 1687
1512082370000 1687
1512082370000 1687
1512082370000 1687
1512082370000 1687
1512082370000 1687
1512082370000 1687
1512082370000 1687
1512082370000 1687
1512082370000 1687
1512082370000 1688
1512082370000 1688
1512082370000 1688
1512082370000 1688
1512082370000 1688
1512082370000 1688
1512082370000 1688
1512082370000 1688
1512082370000 1688
1512082370000 1688
1512082370000 1688
1512082370000 1688
1512082370000 1688
1512082370000 1688
1512082370000 1688
1512082370000 1688
1512082370000 1688
1512082370000 1688
1512082370000 1688
1512082370000 1688
1512082370000 1688
1512082370000 1688
1512082370000 1689
1512082370000 1689
1512082370000 1689
1512082370000 1689
1512082370000 1689
1512082370000 1689
1512082370000 1689
1512082370000 1689
1512082370000 1689
1512082370000 1689
1512082370000 1689
1512082370000 1690
1512082370000 1690
1512082370000 1690
1512082370000 1690
1512082370000 1690
1512082370000 1690
1512082370000 1690
1512082370000 1690
1512082370000 1690
1512082370000 1690
1512082370000 1690
1512082370000 1691
1512082370000 1691
1512082370000 1691
1512082370000 1691
1512082370000 1691
1512082370000 1691
1512082370000 1691
1512082370000 1691
1512082370000 1692
1512082370000 1692
1512082370000 1692
1512082370000 1692
1512082370000 1692
1512082370000 1692
1512082370000 1692
1512082370000 1693
1512082370000 1693
1512082370000 1693
1512082370000 1693
1512082370000 1694
1512082370000 337
1512082370000 338
1512082370000 339
1512082370000 339
1512082370000 339
1512082380000 702
1512082380000 703
1512082380000 703
1512082380000 704
1512082380000 704
1512082380000 704
1512082380000 704
1512082380000 704
1512082380000 704
1512082380000 704
1512082380000 704
1512082380000 704
1512082380000 705
1512082380000 705
1512082380000 705
1512082380000 705
1512082380000 705
1512082380000 705
1512082380000 705
1512082380000 705
1512082380000 705
1512082380000 706
1512082380000 706
1512082380000 706
1512082380000 706
1512082380000 706
1512082380000 706
1512082380000 706
1512082380000 706
1512082380000 706
1512082380000 706
1512082380000 706
1512082380000 706
1512082380000 706
1512082380000 706
1512082380000 707
1512082380000 707
1512082380000 707
1512082380000 707
1512082380000 707
1512082380000 707
1512082380000 707
1512082380000 707
1512082380000 707
1512082380000 707
1512082380000 707
1512082380000 707
1512082380000 707
1512082380000 707
1512082380000 707
1512082380000 707
1512082380000 707
1512082380000 707
1512082380000 708
1512082380000 708
1512082380000 708
1512082380000 708
1512082380000 708
1512082380000 708
1512082380000 708
1512082380000 708
1512082380000 708
1512082380000 708
1512082380000 708
1512082380000 708
1512082380000 708
1512082380000 708
1512082380000 708
1512082380000 708
1512082380000 708
1512082380000 708
1512082380000 708
1512082380000 708
1512082380000 708
1512082380000 708
1512082380000 709
1512082380000 709
1512082380000 709
1512082380000 709
1512082380000 709
1512082380000 709
1512082380000 709
1512082380000 709
1512082380000 709
1512082380000 709
1512082380000 709
1512082380000 709
1512082380000 709
1512082380000 709
1512082380000 709
1512082380000 710
1512082380000 710
1512082380000 710
1512082380000 710
1512082380000 710
1512082380000 710
1512082380000 725
1512082380000 725
1512082380000 725
1512082380000 725
1512082390000 757
1512082390000 757
1512082390000 758
1512082390000 758
1512082390000 758
1512082390000 758
1512082390000 758
1512082390000 758
1512082390000 758
1512082390000 758
1512082390000 758
1512082390000 758
1512082390000 759
1512082390000 759
1512082390000 759
1512082390000 759
1512082390000 759
1512082390000 759
1512082390000 759
1512082390000 759
1512082390000 759
1512082390000 760
1512082390000 760
1512082390000 760
1512082390000 760
1512082390000 760
1512082390000 760
1512082390000 760
1512082390000 761
1512082390000 761
1512082390000 761
1512082390000 761
1512082390000 761
1512082390000 761
1512082390000 761
1512082390000 761
1512082390000 761
1512082390000 761
1512082390000 761
1512082390000 761
1512082390000 761
1512082390000 762
1512082390000 762
1512082390000 762
1512082390000 762
1512082390000 762
1512082390000 762
1512082390000 762
1512082390000 762
1512082390000 762
1512082390000 762
1512082390000 762
1512082390000 762
1512082390000 762
1512082390000 762
1512082390000 762
1512082390000 763
1512082390000 763
1512082390000 763
1512082390000 763
1512082390000 763
1512082390000 763
1512082390000 763
1512082390000 763
1512082390000 763
1512082390000 763
1512082390000 763
1512082390000 763
1512082390000 763
1512082390000 763
1512082390000 763
1512082390000 763
1512082390000 763
1512082390000 763
1512082390000 764
1512082390000 764
1512082390000 764
1512082390000 764
1512082390000 764
1512082390000 764
1512082390000 764
1512082390000 764
1512082390000 764
1512082390000 764
1512082390000 765
1512082390000 765
1512082390000 765
1512082390000 769
1512082390000 770
1512082390000 770
1512082390000 770
1512082390000 770
1512082390000 771
1512082390000 771
1512082390000 771
1512082390000 788
1512082390000 788
1512082390000 789
1512082390000 789
1512082390000 789
1512082400000 1005
1512082400000 1006
1512082400000 1006
1512082400000 1006
1512082400000 1006
1512082400000 965
1512082400000 966
1512082400000 966
1512082400000 967
1512082400000 967
1512082400000 967
1512082400000 967
1512082400000 967
1512082400000 967
1512082400000 967
1512082400000 967
1512082400000 967
1512082400000 967
1512082400000 968
1512082400000 968
1512082400000 968
1512082400000 968
1512082400000 968
1512082400000 968
1512082400000 968
1512082400000 968
1512082400000 968
1512082400000 968
1512082400000 968
1512082400000 968
1512082400000 969
1512082400000 969
1512082400000 969
1512082400000 969
1512082400000 969
1512082400000 969
1512082400000 969
1512082400000 969
1512082400000 969
1512082400000 969
1512082400000 969
1512082400000 969
1512082400000 969
1512082400000 969
1512082400000 969
1512082400000 970
1512082400000 970
1512082400000 970
1512082400000 970
1512082400000 970
1512082400000 970
1512082400000 970
1512082400000 970
1512082400000 970
1512082400000 970
1512082400000 970
1512082400000 970
1512082400000 970
1512082400000 970
1512082400000 970
1512082400000 970
1512082400000 970
1512082400000 970
1512082400000 971
1512082400000 971
1512082400000 971
1512082400000 971
1512082400000 971
1512082400000 971
1512082400000 971
1512082400000 971
1512082400000 971
1512082400000 971
1512082400000 971
1512082400000 971
1512082400000 971
1512082400000 971
1512082400000 971
1512082400000 971
1512082400000 971
1512082400000 971
1512082400000 971
1512082400000 971
1512082400000 971
1512082400000 971
1512082400000 972
1512082400000 972
1512082400000 972
1512082400000 972
1512082400000 972
1512082400000 972
1512082400000 972
1512082400000 972
1512082400000 972
1512082400000 972
1512082400000 973
1512082400000 973
1512082400000 996
1512082400000 996
1512082400000 996
1512082410000 982
1512082410000 982
1512082410000 983
1512082410000 983
1512082410000 983
1512082410000 983
1512082410000 983
1512082410000 983
1512082410000 983
1512082410000 984
1512082410000 984
1512082410000 984
1512082410000 984
1512082410000 984
1512082410000 984
1512082410000 984
1512082410000 984
1512082410000 984
1512082410000 985
1512082410000 985
1512082410000 985
1512082410000 985
1512082410000 985
1512082410000 985
1512082410000 985
1512082410000 985
1512082410000 985
1512082410000 985
1512082410000 985
1512082410000 985
1512082410000 986
1512082410000 986
1512082410000 986
1512082410000 986
1512082410000 986
1512082410000 986
1512082410000 986
1512082410000 986
1512082410000 986
1512082410000 986
1512082410000 986
1512082410000 986
1512082410000 986
1512082410000 986
1512082410000 986
1512082410000 986
1512082410000 986
1512082410000 986
1512082410000 987
1512082410000 987
1512082410000 987
1512082410000 987
1512082410000 987
1512082410000 987
1512082410000 987
1512082410000 987
1512082410000 987
1512082410000 987
1512082410000 987
1512082410000 987
1512082410000 987
1512082410000 987
1512082410000 987
1512082410000 987
1512082410000 987
1512082410000 987
1512082410000 988
1512082410000 988
1512082410000 988
1512082410000 988
1512082410000 988
1512082410000 988
1512082410000 988
1512082410000 988
1512082410000 988
1512082410000 988
1512082410000 988
1512082410000 988
1512082410000 988
1512082410000 988
1512082410000 988
1512082410000 988
1512082410000 988
1512082410000 989
1512082410000 989
1512082410000 989
1512082410000 989
1512082410000 989
1512082410000 989
1512082410000 989
1512082410000 989
1512082410000 989
1512082410000 989
1512082410000 989
1512082410000 989
1512082410000 990
1512082410000 990
1512082410000 990
1512082410000 990
1512082410000 991
1512082420000 659
1512082420000 660
1512082420000 660
1512082420000 660
1512082420000 660
1512082420000 660
1512082420000 660
1512082420000 661
1512082420000 661
1512082420000 661
1512082420000 661
1512082420000 661
1512082420000 661
1512082420000 661
1512082420000 661
1512082420000 661
1512082420000 661
1512082420000 661
1512082420000 662
1512082420000 662
1512082420000 662
1512082420000 662
1512082420000 662
1512082420000 662
1512082420000 662
1512082420000 662
1512082420000 662
1512082420000 662
1512082420000 662
1512082420000 662
1512082420000 662
1512082420000 662
1512082420000 662
1512082420000 662
1512082420000 662
1512082420000 663
1512082420000 663
1512082420000 663
1512082420000 663
1512082420000 663
1512082420000 663
1512082420000 663
1512082420000 663
1512082420000 663
1512082420000 663
1512082420000 663
1512082420000 663
1512082420000 663
1512082420000 663
1512082420000 663
1512082420000 663
1512082420000 663
1512082420000 664
1512082420000 664
1512082420000 664
1512082420000 664
1512082420000 664
1512082420000 664
1512082420000 664
1512082420000 664
1512082420000 664
1512082420000 664
1512082420000 664
1512082420000 664
1512082420000 664
1512082420000 664
1512082420000 664
1512082420000 664
1512082420000 664
1512082420000 664
1512082420000 664
1512082420000 664
1512082420000 665
1512082420000 665
1512082420000 665
1512082420000 665
1512082420000 665
1512082420000 665
1512082420000 665
1512082420000 665
1512082420000 665
1512082420000 665
1512082420000 665
1512082420000 666
1512082420000 666
1512082420000 666
1512082420000 666
1512082420000 666
1512082420000 666
1512082420000 667
1512082420000 667
1512082420000 685
1512082420000 686
1512082420000 687
1512082420000 687
1512082420000 695
1512082420000 696
1512082420000 696
1512082420000 696
1512082420000 696
1512082430000 959
1512082430000 960
1512082430000 960
1512082430000 960
1512082430000 960
1512082430000 960
1512082430000 960
1512082430000 960
1512082430000 960
1512082430000 960
1512082430000 960
1512082430000 961
1512082430000 961
1512082430000 961
1512082430000 961
1512082430000 961
1512082430000 961
1512082430000 961
1512082430000 961
1512082430000 961
1512082430000 961
1512082430000 961
1512082430000 962
1512082430000 962
1512082430000 962
1512082430000 962
1512082430000 962
1512082430000 962
1512082430000 962
1512082430000 962
1512082430000 962
1512082430000 962
1512082430000 962
1512082430000 962
1512082430000 963
1512082430000 963
1512082430000 963
1512082430000 963
1512082430000 963
1512082430000 963
1512082430000 963
1512082430000 963
1512082430000 963
1512082430000 963
1512082430000 963
1512082430000 963
1512082430000 963
1512082430000 963
1512082430000 963
1512082430000 963
1512082430000 963
1512082430000 963
1512082430000 963
1512082430000 963
1512082430000 963
1512082430000 963
1512082430000 963
1512082430000 964
1512082430000 964
1512082430000 964
1512082430000 964
1512082430000 964
1512082430000 964
1512082430000 964
1512082430000 964
1512082430000 964
1512082430000 964
1512082430000 964
1512082430000 964
1512082430000 964
1512082430000 964
1512082430000 964
1512082430000 964
1512082430000 965
1512082430000 965
1512082430000 965
1512082430000 965
1512082430000 965
1512082430000 965
1512082430000 973
1512082430000 973
1512082430000 973
1512082430000 974
1512082430000 974
1512082430000 974
1512082430000 975
1512082430000 975
1512082430000 975
1512082430000 978
1512082430000 978
1512082430000 979
1512082430000 984
1512082430000 984
1512082430000 985
1512082430000 985
1512082430000 996
1512082430000 996
1512082430000 996
1512082430000 997
1512082430000 997
1512082440000 972
1512082440000 972
1512082440000 972
1512082440000 972
1512082440000 972
1512082440000 972
1512082440000 972
1512082440000 972
1512082440000 972
1512082440000 972
1512082440000 972
1512082440000 972
1512082440000 972
1512082440000 972
1512082440000 972
1512082440000 972
1512082440000 973
1512082440000 973
1512082440000 973
1512082440000 973
1512082440000 973
1512082440000 973
1512082440000 973
1512082440000 973
1512082440000 973
1512082440000 973
1512082440000 973
1512082440000 973
1512082440000 973
1512082440000 973
1512082440000 973
1512082440000 973
1512082440000 973
1512082440000 973
1512082440000 973
1512082440000 973
1512082440000 973
1512082440000 973
1512082440000 973
1512082440000 973
1512082440000 973
1512082440000 973
1512082440000 974
1512082440000 974
1512082440000 974
1512082440000 974
1512082440000 974
1512082440000 974
1512082440000 974
1512082440000 974
1512082440000 974
1512082440000 974
1512082440000 974
1512082440000 974
1512082440000 974
1512082440000 974
1512082440000 974
1512082440000 974
1512082440000 974
1512082440000 974
1512082440000 974
1512082440000 974
1512082440000 974
1512082440000 974
1512082440000 974
1512082440000 974
1512082440000 974
1512082440000 974
1512082440000 974
1512082440000 975
1512082440000 975
1512082440000 975
1512082440000 975
1512082440000 975
1512082440000 975
1512082440000 975
1512082440000 975
1512082440000 975
1512082440000 975
1512082440000 975
1512082440000 975
1512082440000 975
1512082440000 975
1512082440000 975
1512082440000 975
1512082440000 975
1512082440000 975
1512082440000 975
1512082440000 975
1512082440000 975
1512082440000 975
1512082440000 975
1512082440000 975
1512082440000 976
1512082440000 976
1512082440000 976
1512082440000 976
1512082440000 976
1512082440000 994
1512082440000 994
1512082450000 1006
1512082450000 1006
1512082450000 1006
1512082450000 1007
1512082450000 970
1512082450000 970
1512082450000 971
1512082450000 971
1512082450000 972
1512082450000 972
1512082450000 972
1512082450000 972
1512082450000 972
1512082450000 972
1512082450000 972
1512082450000 972
1512082450000 972
1512082450000 973
1512082450000 973
1512082450000 973
1512082450000 973
1512082450000 973
1512082450000 973
1512082450000 973
1512082450000 973
1512082450000 973
1512082450000 973
1512082450000 973
1512082450000 973
1512082450000 973
1512082450000 974
1512082450000 974
1512082450000 974
1512082450000 974
1512082450000 974
1512082450000 974
1512082450000 974
1512082450000 974
1512082450000 974
1512082450000 974
1512082450000 974
1512082450000 974
1512082450000 974
1512082450000 974
1512082450000 974
1512082450000 974
1512082450000 974
1512082450000 974
1512082450000 974
1512082450000 975
1512082450000 975
1512082450000 975
1512082450000 975
1512082450000 975
1512082450000 975
1512082450000 975
1512082450000 975
1512082450000 975
1512082450000 975
1512082450000 975
1512082450000 975
1512082450000 975
1512082450000 975
1512082450000 975
1512082450000 975
1512082450000 975
1512082450000 975
1512082450000 975
1512082450000 975
1512082450000 975
1512082450000 975
1512082450000 975
1512082450000 975
1512082450000 975
1512082450000 975
1512082450000 975
1512082450000 975
1512082450000 976
1512082450000 976
1512082450000 976
1512082450000 976
1512082450000 976
1512082450000 976
1512082450000 976
1512082450000 976
1512082450000 976
1512082450000 976
1512082450000 976
1512082450000 976
1512082450000 976
1512082450000 976
1512082450000 976
1512082450000 977
1512082450000 977
1512082450000 977
1512082450000 977
1512082450000 977
1512082450000 977
1512082450000 977
1512082450000 978
1512082460000 1007
1512082460000 1007
1512082460000 1007
1512082460000 1008
1512082460000 1008
1512082460000 1008
1512082460000 1008
1512082460000 1008
1512082460000 1008
1512082460000 1009
1512082460000 1009
1512082460000 1009
1512082460000 1009
1512082460000 1009
1512082460000 1009
1512082460000 1009
1512082460000 1009
1512082460000 1010
1512082460000 1010
1512082460000 1010
1512082460000 1010
1512082460000 1010
1512082460000 1010
1512082460000 1010
1512082460000 1010
1512082460000 1010
1512082460000 1010
1512082460000 1011
1512082460000 1011
1512082460000 1011
1512082460000 1011
1512082460000 1011
1512082460000 1011
1512082460000 1011
1512082460000 1011
1512082460000 1011
1512082460000 1011
1512082460000 1011
1512082460000 1011
1512082460000 1011
1512082460000 1011
1512082460000 1011
1512082460000 1011
1512082460000 1011
1512082460000 1011
1512082460000 1012
1512082460000 1012
1512082460000 1012
1512082460000 1012
1512082460000 1012
1512082460000 1012
1512082460000 1012
1512082460000 1012
1512082460000 1012
1512082460000 1012
1512082460000 1012
1512082460000 1012
1512082460000 1012
1512082460000 1012
1512082460000 1012
1512082460000 1012
1512082460000 1013
1512082460000 1013
1512082460000 1013
1512082460000 1013
1512082460000 1013
1512082460000 1013
1512082460000 1013
1512082460000 1013
1512082460000 1013
1512082460000 1013
1512082460000 1013
1512082460000 1013
1512082460000 1013
1512082460000 1014
1512082460000 1014
1512082460000 1014
1512082460000 1014
1512082460000 1014
1512082460000 1014
1512082460000 1014
1512082460000 1014
1512082460000 1014
1512082460000 1014
1512082460000 1014
1512082460000 1014
1512082460000 1014
1512082460000 1014
1512082460000 1014
1512082460000 1015
1512082460000 1015
1512082460000 1015
1512082460000 1015
1512082460000 1032
1512082460000 1032
1512082460000 1045
1512082460000 1046
1512082460000 1047
1512082460000 1047
1512082460000 1048
1512082470000 975
1512082470000 975
1512082470000 976
1512082470000 976
1512082470000 976
1512082470000 976
1512082470000 976
1512082470000 976
1512082470000 976
1512082470000 976
1512082470000 977
1512082470000 977
1512082470000 977
1512082470000 977
1512082470000 977
1512082470000 977
1512082470000 977
1512082470000 978
1512082470000 978
1512082470000 978
1512082470000 978
1512082470000 978
1512082470000 978
1512082470000 978
1512082470000 978
1512082470000 978
1512082470000 978
1512082470000 978
1512082470000 979
1512082470000 979
1512082470000 979
1512082470000 979
1512082470000 979
1512082470000 979
1512082470000 980
1512082470000 980
1512082470000 980
1512082470000 980
1512082470000 980
1512082470000 980
1512082470000 980
1512082470000 980
1512082470000 980
1512082470000 980
1512082470000 980
1512082470000 981
1512082470000 981
1512082470000 981
1512082470000 981
1512082470000 981
1512082470000 981
1512082470000 981
1512082470000 981
1512082470000 981
1512082470000 981
1512082470000 981
1512082470000 982
1512082470000 982
1512082470000 982
1512082470000 982
1512082470000 982
1512082470000 982
1512082470000 982
1512082470000 982
1512082470000 982
1512082470000 982
1512082470000 982
1512082470000 982
1512082470000 982
1512082470000 982
1512082470000 982
1512082470000 982
1512082470000 983
1512082470000 983
1512082470000 983
1512082470000 983
1512082470000 983
1512082470000 983
1512082470000 983
1512082470000 983
1512082470000 983
1512082470000 983
1512082470000 984
1512082470000 984
1512082470000 984
1512082470000 984
1512082470000 984
1512082470000 984
1512082470000 984
1512082470000 985
1512082470000 985
1512082470000 985
1512082470000 985
1512082470000 985
1512082470000 990
1512082470000 991
1512082470000 991
1512082470000 992
1512082470000 992
1512082470000 993
1512082480000 1000
1512082480000 1000
1512082480000 1000
1512082480000 1000
1512082480000 1000
1512082480000 1000
1512082480000 1000
1512082480000 1000
1512082480000 1000
1512082480000 1000
1512082480000 1000
1512082480000 1000
1512082480000 1000
1512082480000 1000
1512082480000 1000
1512082480000 1000
1512082480000 1000
1512082480000 1000
1512082480000 1000
1512082480000 1000
1512082480000 1000
1512082480000 1001
1512082480000 1001
1512082480000 1001
1512082480000 1001
1512082480000 1001
1512082480000 994
1512082480000 995
1512082480000 995
1512082480000 995
1512082480000 995
1512082480000 995
1512082480000 995
1512082480000 995
1512082480000 995
1512082480000 996
1512082480000 996
1512082480000 996
1512082480000 996
1512082480000 996
1512082480000 996
1512082480000 996
1512082480000 996
1512082480000 996
1512082480000 996
1512082480000 997
1512082480000 997
1512082480000 997
1512082480000 997
1512082480000 997
1512082480000 997
1512082480000 997
1512082480000 997
1512082480000 997
1512082480000 997
1512082480000 997
1512082480000 997
1512082480000 998
1512082480000 998
1512082480000 998
1512082480000 998
1512082480000 998
1512082480000 998
1512082480000 998
1512082480000 998
1512082480000 998
1512082480000 998
1512082480000 998
1512082480000 998
1512082480000 998
1512082480000 998
1512082480000 998
1512082480000 998
1512082480000 998
1512082480000 998
1512082480000 999
1512082480000 999
1512082480000 999
1512082480000 999
1512082480000 999
1512082480000 999
1512082480000 999
1512082480000 999
1512082480000 999
1512082480000 999
1512082480000 999
1512082480000 999
1512082480000 999
1512082480000 999
1512082480000 999
1512082480000 999
1512082480000 999
1512082480000 999
1512082480000 999
1512082480000 999
1512082480000 999
1512082480000 999
1512082480000 999
1512082480000 999
1512082480000 999
1512082490000 1008
1512082490000 1008
1512082490000 1009
1512082490000 1009
1512082490000 1009
1512082490000 1009
1512082490000 1009
1512082490000 1009
1512082490000 1009
1512082490000 1010
1512082490000 1010
1512082490000 1010
1512082490000 1010
1512082490000 1010
1512082490000 1010
1512082490000 1010
1512082490000 1010
1512082490000 1010
1512082490000 1011
1512082490000 1011
1512082490000 1011
1512082490000 1011
1512082490000 1011
1512082490000 1011
1512082490000 1011
1512082490000 1011
1512082490000 1011
1512082490000 1011
1512082490000 1011
1512082490000 1011
1512082490000 1011
1512082490000 1011
1512082490000 1011
1512082490000 1011
1512082490000 1011
1512082490000 1011
1512082490000 1011
1512082490000 1011
1512082490000 1012
1512082490000 1012
1512082490000 1012
1512082490000 1012
1512082490000 1012
1512082490000 1012
1512082490000 1012
1512082490000 1012
1512082490000 1012
1512082490000 1012
1512082490000 1012
1512082490000 1012
1512082490000 1012
1512082490000 1012
1512082490000 1012
1512082490000 1012
1512082490000 1012
1512082490000 1012
1512082490000 1013
1512082490000 1013
1512082490000 1013
1512082490000 1013
1512082490000 1013
1512082490000 1013
1512082490000 1013
1512082490000 1013
1512082490000 1013
1512082490000 1013
1512082490000 1013
1512082490000 1013
1512082490000 1013
1512082490000 1013
1512082490000 1013
1512082490000 1014
1512082490000 1014
1512082490000 1014
1512082490000 1014
1512082490000 1014
1512082490000 1014
1512082490000 1014
1512082490000 1014
1512082490000 1014
1512082490000 1014
1512082490000 1014
1512082490000 1014
1512082490000 1014
1512082490000 1015
1512082490000 1015
1512082490000 1015
1512082490000 1015
1512082490000 1015
1512082490000 1015
1512082490000 1015
1512082490000 1015
1512082490000 1015
1512082490000 1016
1512082490000 1016
1512082490000 1048
1512082490000 1048
1512082490000 1049
1512082490000 1049
1512082490000 1049
1512082500000 1008
1512082500000 1009
1512082500000 1009
1512082500000 966
1512082500000 966
1512082500000 966
1512082500000 967
1512082500000 967
1512082500000 968
1512082500000 968
1512082500000 968
1512082500000 968
1512082500000 969
1512082500000 969
1512082500000 970
1512082500000 970
1512082500000 970
1512082500000 970
1512082500000 970
1512082500000 970
1512082500000 970
1512082500000 970
1512082500000 970
1512082500000 970
1512082500000 970
1512082500000 970
1512082500000 970
1512082500000 970
1512082500000 970
1512082500000 970
1512082500000 970
1512082500000 970
1512082500000 970
1512082500000 970
1512082500000 971
1512082500000 971
1512082500000 971
1512082500000 971
1512082500000 971
1512082500000 971
1512082500000 971
1512082500000 971
1512082500000 971
1512082500000 971
1512082500000 971
1512082500000 971
1512082500000 971
1512082500000 971
1512082500000 971
1512082500000 971
1512082500000 971
1512082500000 971
1512082500000 971
1512082500000 971
1512082500000 971
1512082500000 972
1512082500000 972
1512082500000 972
1512082500000 972
1512082500000 972
1512082500000 972
1512082500000 972
1512082500000 972
1512082500000 972
1512082500000 972
1512082500000 972
1512082500000 972
1512082500000 972
1512082500000 972
1512082500000 972
1512082500000 972
1512082500000 972
1512082500000 972
1512082500000 972
1512082500000 972
1512082500000 972
1512082500000 972
1512082500000 972
1512082500000 972
1512082500000 973
1512082500000 973
1512082500000 973
1512082500000 973
1512082500000 973
1512082500000 973
1512082500000 973
1512082500000 973
1512082500000 973
1512082500000 973
1512082500000 973
1512082500000 974
1512082500000 974
1512082500000 974
1512082500000 975
1512082500000 982
1512082500000 982
1512082500000 983
1512082500000 983
1512082500000 983
1512082500000 984
1512082510000 621
1512082510000 621
1512082510000 621
1512082510000 621
1512082510000 621
1512082510000 621
1512082510000 621
1512082510000 621
1512082510000 622
1512082510000 622
1512082510000 622
1512082510000 622
1512082510000 622
1512082510000 622
1512082510000 623
1512082510000 623
1512082510000 623
1512082510000 623
1512082510000 623
1512082510000 623
1512082510000 623
1512082510000 623
1512082510000 623
1512082510000 623
1512082510000 623
1512082510000 623
1512082510000 623
1512082510000 624
1512082510000 624
1512082510000 624
1512082510000 624
1512082510000 624
1512082510000 624
1512082510000 624
1512082510000 624
1512082510000 624
1512082510000 624
1512082510000 624
1512082510000 624
1512082510000 624
1512082510000 624
1512082510000 625
1512082510000 625
1512082510000 625
1512082510000 625
1512082510000 625
1512082510000 625
1512082510000 625
1512082510000 625
1512082510000 626
1512082510000 626
1512082510000 626
1512082510000 626
1512082510000 626
1512082510000 626
1512082510000 626
1512082510000 626
1512082510000 626
1512082510000 626
1512082510000 626
1512082510000 626
1512082510000 626
1512082510000 627
1512082510000 627
1512082510000 627
1512082510000 627
1512082510000 627
1512082510000 627
1512082510000 627
1512082510000 627
1512082510000 627
1512082510000 627
1512082510000 627
1512082510000 627
1512082510000 627
1512082510000 627
1512082510000 627
1512082510000 628
1512082510000 628
1512082510000 628
1512082510000 628
1512082510000 628
1512082510000 628
1512082510000 628
1512082510000 628
1512082510000 628
1512082510000 628
1512082510000 628
1512082510000 628
1512082510000 629
1512082510000 629
1512082510000 629
1512082510000 629
1512082510000 633
1512082510000 634
1512082510000 660
1512082510000 660
1512082510000 660
1512082510000 660
1512082510000 660
1512082520000 1011
1512082520000 1012
1512082520000 1012
1512082520000 1012
1512082520000 1012
1512082520000 972
1512082520000 972
1512082520000 972
1512082520000 973
1512082520000 973
1512082520000 973
1512082520000 973
1512082520000 973
1512082520000 973
1512082520000 974
1512082520000 974
1512082520000 974
1512082520000 974
1512082520000 974
1512082520000 974
1512082520000 974
1512082520000 974
1512082520000 975
1512082520000 975
1512082520000 975
1512082520000 975
1512082520000 975
1512082520000 975
1512082520000 975
1512082520000 975
1512082520000 975
1512082520000 975
1512082520000 975
1512082520000 976
1512082520000 976
1512082520000 976
1512082520000 976
1512082520000 976
1512082520000 976
1512082520000 976
1512082520000 976
1512082520000 976
1512082520000 976
1512082520000 976
1512082520000 976
1512082520000 976
1512082520000 976
1512082520000 976
1512082520000 976
1512082520000 976
1512082520000 977
1512082520000 977
1512082520000 977
1512082520000 977
1512082520000 977
1512082520000 977
1512082520000 977
1512082520000 977
1512082520000 977
1512082520000 977
1512082520000 977
1512082520000 977
1512082520000 977
1512082520000 977
1512082520000 977
1512082520000 977
1512082520000 977
1512082520000 977
1512082520000 977
1512082520000 977
1512082520000 977
1512082520000 977
1512082520000 977
1512082520000 978
1512082520000 978
1512082520000 978
1512082520000 978
1512082520000 978
1512082520000 978
1512082520000 978
1512082520000 978
1512082520000 978
1512082520000 978
1512082520000 978
1512082520000 978
1512082520000 978
1512082520000 978
1512082520000 979
1512082520000 979
1512082520000 979
1512082520000 979
1512082520000 979
1512082520000 979
1512082520000 979
1512082520000 979
1512082520000 979
1512082520000 980
1512082520000 980
1512082520000 980
1512082520000 981
1512082530000 1017
1512082530000 1018
1512082530000 1018
1512082530000 1018
1512082530000 1018
1512082530000 1018
1512082530000 1018
1512082530000 1018
1512082530000 1018
1512082530000 1018
1512082530000 1018
1512082530000 1019
1512082530000 1019
1512082530000 1019
1512082530000 1019
1512082530000 1019
1512082530000 1019
1512082530000 1019
1512082530000 1019
1512082530000 1020
1512082530000 1020
1512082530000 1020
1512082530000 1020
1512082530000 1020
1512082530000 1020
1512082530000 1020
1512082530000 1020
1512082530000 1020
1512082530000 1020
1512082530000 1020
1512082530000 1020
1512082530000 1020
1512082530000 1020
1512082530000 1020
1512082530000 1021
1512082530000 1021
1512082530000 1021
1512082530000 1021
1512082530000 1021
1512082530000 1021
1512082530000 1021
1512082530000 1021
1512082530000 1021
1512082530000 1021
1512082530000 1021
1512082530000 1021
1512082530000 1021
1512082530000 1021
1512082530000 1021
1512082530000 1021
1512082530000 1021
1512082530000 1021
1512082530000 1022
1512082530000 1022
1512082530000 1022
1512082530000 1022
1512082530000 1022
1512082530000 1022
1512082530000 1022
1512082530000 1022
1512082530000 1022
1512082530000 1022
1512082530000 1022
1512082530000 1022
1512082530000 1022
1512082530000 1022
1512082530000 1022
1512082530000 1022
1512082530000 1022
1512082530000 1022
1512082530000 1022
1512082530000 1022
1512082530000 1022
1512082530000 1022
1512082530000 1023
1512082530000 1023
1512082530000 1023
1512082530000 1023
1512082530000 1023
1512082530000 1023
1512082530000 1023
1512082530000 1023
1512082530000 1023
1512082530000 1023
1512082530000 1023
1512082530000 1024
1512082530000 1024
1512082530000 1024
1512082530000 1024
1512082530000 1024
1512082530000 1024
1512082530000 1047
1512082530000 1047
1512082530000 1048
1512082530000 1048
1512082530000 1055
1512082530000 1056
1512082530000 1056
1512082530000 1057
1512082530000 1057
1512082540000 1000
1512082540000 1000
1512082540000 1001
1512082540000 1001
1512082540000 1001
1512082540000 1001
1512082540000 1002
1512082540000 1002
1512082540000 1002
1512082540000 1002
1512082540000 1002
1512082540000 1002
1512082540000 1002
1512082540000 1002
1512082540000 1002
1512082540000 1002
1512082540000 1002
1512082540000 1002
1512082540000 1003
1512082540000 1003
1512082540000 1003
1512082540000 1003
1512082540000 1003
1512082540000 1003
1512082540000 1003
1512082540000 1003
1512082540000 1003
1512082540000 1003
1512082540000 1003
1512082540000 1003
1512082540000 1003
1512082540000 1003
1512082540000 1004
1512082540000 1004
1512082540000 1004
1512082540000 1004
1512082540000 1004
1512082540000 1004
1512082540000 1004
1512082540000 1004
1512082540000 1004
1512082540000 1004
1512082540000 1004
1512082540000 1004
1512082540000 1004
1512082540000 1004
1512082540000 1005
1512082540000 1005
1512082540000 1005
1512082540000 1005
1512082540000 1005
1512082540000 1005
1512082540000 1005
1512082540000 1005
1512082540000 1005
1512082540000 1005
1512082540000 1005
1512082540000 1005
1512082540000 1005
1512082540000 1005
1512082540000 1005
1512082540000 1005
1512082540000 1005
1512082540000 1005
1512082540000 1005
1512082540000 1006
1512082540000 1006
1512082540000 1006
1512082540000 1006
1512082540000 1006
1512082540000 1006
1512082540000 1006
1512082540000 1006
1512082540000 1006
1512082540000 1006
1512082540000 1006
1512082540000 1006
1512082540000 1006
1512082540000 1006
1512082540000 1006
1512082540000 1007
1512082540000 1007
1512082540000 1007
1512082540000 1007
1512082540000 1007
1512082540000 1007
1512082540000 1007
1512082540000 1007
1512082540000 1007
1512082540000 1007
1512082540000 1007
1512082540000 1008
1512082540000 1008
1512082540000 1029
1512082540000 1030
1512082540000 1030
1512082540000 1031
1512082540000 1031
1512082540000 1032
1512082540000 1032
1512082550000 1000
1512082550000 1000
1512082550000 1007
1512082550000 1027
1512082550000 1028
1512082550000 1028
1512082550000 1028
1512082550000 1028
1512082550000 1041
1512082550000 1042
1512082550000 1042
1512082550000 1042
1512082550000 990
1512082550000 991
1512082550000 991
1512082550000 991
1512082550000 991
1512082550000 991
1512082550000 992
1512082550000 992
1512082550000 992
1512082550000 992
1512082550000 992
1512082550000 992
1512082550000 992
1512082550000 992
1512082550000 992
1512082550000 993
1512082550000 993
1512082550000 993
1512082550000 993
1512082550000 993
1512082550000 993
1512082550000 993
1512082550000 993
1512082550000 993
1512082550000 994
1512082550000 994
1512082550000 994
1512082550000 994
1512082550000 994
1512082550000 994
1512082550000 994
1512082550000 994
1512082550000 994
1512082550000 994
1512082550000 994
1512082550000 994
1512082550000 994
1512082550000 994
1512082550000 995
1512082550000 995
1512082550000 995
1512082550000 995
1512082550000 995
1512082550000 995
1512082550000 995
1512082550000 995
1512082550000 995
1512082550000 995
1512082550000 995
1512082550000 995
1512082550000 995
1512082550000 995
1512082550000 995
1512082550000 995
1512082550000 995
1512082550000 995
1512082550000 995
1512082550000 995
1512082550000 995
1512082550000 995
1512082550000 995
1512082550000 996
1512082550000 996
1512082550000 996
1512082550000 996
1512082550000 996
1512082550000 996
1512082550000 996
1512082550000 996
1512082550000 996
1512082550000 996
1512082550000 996
1512082550000 996
1512082550000 996
1512082550000 996
1512082550000 997
1512082550000 997
1512082550000 997
1512082550000 997
1512082550000 997
1512082550000 997
1512082550000 997
1512082550000 997
1512082550000 997
1512082550000 998
1512082550000 998
1512082550000 998
1512082550000 999
1512082560000 981
1512082560000 981
1512082560000 981
1512082560000 981
1512082560000 982
1512082560000 982
1512082560000 982
1512082560000 982
1512082560000 983
1512082560000 983
1512082560000 983
1512082560000 983
1512082560000 983
1512082560000 984
1512082560000 984
1512082560000 984
1512082560000 984
1512082560000 984
1512082560000 984
1512082560000 984
1512082560000 985
1512082560000 985
1512082560000 985
1512082560000 985
1512082560000 985
1512082560000 986
1512082560000 986
1512082560000 986
1512082560000 986
1512082560000 986
1512082560000 986
1512082560000 986
1512082560000 986
1512082560000 986
1512082560000 986
1512082560000 986
1512082560000 986
1512082560000 987
1512082560000 987
1512082560000 987
1512082560000 988
1512082560000 988
1512082560000 988
1512082560000 988
1512082560000 988
1512082560000 988
1512082560000 988
1512082560000 988
1512082560000 988
1512082560000 988
1512082560000 989
1512082560000 989
1512082560000 989
1512082560000 989
1512082560000 989
1512082560000 989
1512082560000 989
1512082560000 989
1512082560000 989
1512082560000 989
1512082560000 989
1512082560000 989
1512082560000 989
1512082560000 989
1512082560000 990
1512082560000 990
1512082560000 990
1512082560000 990
1512082560000 990
1512082560000 990
1512082560000 990
1512082560000 990
1512082560000 990
1512082560000 990
1512082560000 990
1512082560000 990
1512082560000 990
1512082560000 990
1512082560000 990
1512082560000 990
1512082560000 991
1512082560000 991
1512082560000 991
1512082560000 991
1512082560000 991
1512082560000 992
1512082560000 992
1512082560000 992
1512082560000 992
1512082560000 992
1512082560000 992
1512082560000 993
1512082560000 993
1512082560000 993
1512082560000 994
1512082560000 994
1512082560000 995
1512082560000 995
1512082560000 996
1512082560000 996
1512082570000 1008
1512082570000 1009
1512082570000 1013
1512082570000 1014
1512082570000 1014
1512082570000 1014
1512082570000 1015
1512082570000 990
1512082570000 990
1512082570000 990
1512082570000 990
1512082570000 991
1512082570000 991
1512082570000 991
1512082570000 991
1512082570000 991
1512082570000 991
1512082570000 991
1512082570000 991
1512082570000 992
1512082570000 992
1512082570000 992
1512082570000 992
1512082570000 992
1512082570000 992
1512082570000 993
1512082570000 993
1512082570000 993
1512082570000 993
1512082570000 993
1512082570000 993
1512082570000 993
1512082570000 993
1512082570000 993
1512082570000 993
1512082570000 994
1512082570000 994
1512082570000 994
1512082570000 994
1512082570000 994
1512082570000 994
1512082570000 994
1512082570000 994
1512082570000 994
1512082570000 994
1512082570000 994
1512082570000 994
1512082570000 994
1512082570000 995
1512082570000 995
1512082570000 995
1512082570000 995
1512082570000 995
1512082570000 995
1512082570000 995
1512082570000 995
1512082570000 995
1512082570000 995
1512082570000 995
1512082570000 995
1512082570000 995
1512082570000 995
1512082570000 995
1512082570000 995
1512082570000 995
1512082570000 995
1512082570000 995
1512082570000 995
1512082570000 995
1512082570000 996
1512082570000 996
1512082570000 996
1512082570000 996
1512082570000 996
1512082570000 996
1512082570000 996
1512082570000 996
1512082570000 996
1512082570000 996
1512082570000 996
1512082570000 996
1512082570000 996
1512082570000 996
1512082570000 996
1512082570000 996
1512082570000 996
1512082570000 996
1512082570000 996
1512082570000 996
1512082570000 996
1512082570000 996
1512082570000 997
1512082570000 997
1512082570000 997
1512082570000 997
1512082570000 997
1512082570000 997
1512082570000 997
1512082570000 997
1512082570000 997
1512082580000 -1477
1512082580000 -1477
1512082580000 -1478
1512082580000 -1478
1512082580000 -1478
1512082580000 -1478
1512082580000 -1478
1512082580000 -1479
1512082580000 -1479
1512082580000 -1480
1512082580000 -1480
1512082580000 -1480
1512082580000 -1480
1512082580000 -1481
1512082580000 -1481
1512082580000 -1481
1512082580000 -1481
1512082580000 -1481
1512082580000 -1481
1512082580000 -1482
1512082580000 -1482
1512082580000 -1482
1512082580000 -1482
1512082580000 -1482
1512082580000 -1483
1512082580000 -1483
1512082580000 -1483
1512082580000 -1485
1512082580000 -1485
1512082580000 -1485
1512082580000 -1486
1512082580000 -1486
1512082580000 -1486
1512082580000 -3006
1512082580000 -3035
1512082580000 -3035
1512082580000 -3035
1512082580000 -3036
1512082580000 -3037
1512082580000 -3037
1512082580000 -3037
1512082580000 -3038
1512082580000 -745
1512082580000 -778
1512082580000 -779
1512082580000 -779
1512082580000 -779
1512082580000 -779
1512082580000 -780
1512082580000 -780
1512082580000 -780
1512082580000 -780
1512082580000 -780
1512082580000 -780
1512082580000 -780
1512082580000 -780
1512082580000 -780
1512082580000 -780
1512082580000 -781
1512082580000 -781
1512082580000 -781
1512082580000 -781
1512082580000 -781
1512082580000 -781
1512082580000 -781
1512082580000 -781
1512082580000 -781
1512082580000 -781
1512082580000 -781
1512082580000 -781
1512082580000 -782
1512082580000 -782
1512082580000 -782
1512082580000 -782
1512082580000 -782
1512082580000 -782
1512082580000 -782
1512082580000 -782
1512082580000 -782
1512082580000 -782
1512082580000 -782
1512082580000 -783
1512082580000 -783
1512082580000 -783
1512082580000 -783
1512082580000 -783
1512082580000 -783
1512082580000 -783
1512082580000 -783
1512082580000 -783
1512082580000 -783
1512082580000 -783
1512082580000 -783
1512082580000 -784
1512082580000 -784
1512082580000 -784
1512082580000 -784
1512082580000 -784
1512082580000 -784
1512082580000 -784
