1512071370000 12417
1512071370000 12417
1512071370000 12417
1512071370000 12418
1512071370000 12418
1512071370000 12418
1512071370000 12418
1512071370000 12418
1512071370000 12419
1512071370000 12419
1512071370000 12419
1512071370000 12419
1512071370000 12419
1512071370000 12420
1512071370000 12420
1512071370000 12420
1512071370000 12420
1512071370000 12420
1512071370000 12421
1512071370000 12421
1512071370000 12421
1512071370000 12421
1512071370000 12421
1512071370000 12422
1512071370000 12422
1512071370000 12422
1512071370000 12422
1512071370000 12422
1512071370000 12422
1512071370000 12423
1512071370000 12423
1512071370000 12423
1512071370000 12423
1512071370000 12423
1512071370000 12424
1512071370000 12424
1512071370000 12424
1512071370000 12424
1512071370000 12424
1512071370000 12425
1512071370000 12425
1512071370000 12425
1512071370000 12425
1512071370000 12425
1512071370000 12425
1512071370000 12426
1512071370000 12426
1512071370000 12426
1512071370000 12426
1512071370000 12426
1512071370000 12427
1512071370000 12427
1512071370000 12427
1512071370000 12427
1512071370000 12427
1512071370000 12428
1512071370000 12428
1512071370000 12428
1512071370000 12428
1512071370000 12428
1512071370000 12429
1512071370000 12429
1512071370000 12429
1512071370000 12429
1512071370000 12429
1512071370000 12429
1512071370000 12430
1512071370000 12430
1512071370000 12430
1512071370000 12430
1512071370000 12430
1512071370000 12431
1512071370000 12431
1512071370000 12431
1512071370000 12431
1512071370000 12431
1512071370000 12432
1512071370000 12432
1512071370000 12432
1512071370000 12432
1512071370000 12432
1512071370000 12432
1512071370000 12433
1512071370000 12433
1512071370000 12433
1512071370000 12433
1512071370000 12433
1512071370000 12434
1512071370000 12434
1512071370000 12434
1512071370000 12434
1512071370000 12434
1512071370000 12435
1512071370000 12435
1512071370000 12435
1512071370000 12435
1512071370000 12435
1512071370000 12436
1512071370000 12436
1512071370000 12436
1512071380000 11557
1512071380000 11557
1512071380000 11558
1512071380000 11558
1512071380000 11558
1512071380000 11558
1512071380000 11558
1512071380000 11559
1512071380000 11559
1512071380000 11559
1512071380000 11559
1512071380000 11559
1512071380000 11559
1512071380000 11560
1512071380000 11560
1512071380000 11560
1512071380000 11561
1512071380000 11561
1512071380000 11561
1512071380000 11561
1512071380000 11562
1512071380000 11562
1512071380000 11562
1512071380000 11562
1512071380000 11563
1512071380000 11563
1512071380000 11563
1512071380000 11564
1512071380000 11564
1512071380000 11564
1512071380000 11564
1512071380000 11565
1512071380000 11565
1512071380000 11565
1512071380000 11565
1512071380000 11566
1512071380000 11566
1512071380000 11566
1512071380000 11567
1512071380000 11567
1512071380000 11567
1512071380000 11567
1512071380000 11568
1512071380000 11568
1512071380000 11568
1512071380000 11568
1512071380000 11569
1512071380000 11569
1512071380000 11569
1512071380000 11569
1512071380000 11570
1512071380000 11570
1512071380000 11570
1512071380000 11570
1512071380000 11570
1512071380000 11570
1512071380000 11571
1512071380000 11571
1512071380000 11571
1512071380000 11571
1512071380000 11571
1512071380000 11572
1512071380000 11572
1512071380000 11572
1512071380000 11572
1512071380000 11572
1512071380000 11572
1512071380000 11573
1512071380000 11573
1512071380000 11573
1512071380000 11573
1512071380000 11573
1512071380000 11574
1512071380000 11574
1512071380000 11574
1512071380000 11574
1512071380000 11574
1512071380000 11574
1512071380000 11575
1512071380000 11575
1512071380000 11575
1512071380000 11575
1512071380000 11575
1512071380000 11576
1512071380000 11576
1512071380000 11576
1512071380000 11576
1512071380000 11576
1512071380000 11576
1512071380000 11577
1512071380000 11577
1512071380000 11577
1512071380000 11577
1512071380000 11577
1512071380000 11578
1512071380000 11578
1512071380000 11578
1512071380000 11578
1512071380000 11578
1512071380000 11578
1512071390000 11476
1512071390000 11476
1512071390000 11476
1512071390000 11476
1512071390000 11476
1512071390000 11476
1512071390000 11477
1512071390000 11477
1512071390000 11477
1512071390000 11477
1512071390000 11477
1512071390000 11477
1512071390000 11477
1512071390000 11478
1512071390000 11478
1512071390000 11478
1512071390000 11478
1512071390000 11478
1512071390000 11479
1512071390000 11479
1512071390000 11479
1512071390000 11479
1512071390000 11479
1512071390000 11479
1512071390000 11479
1512071390000 11480
1512071390000 11480
1512071390000 11480
1512071390000 11480
1512071390000 11480
1512071390000 11480
1512071390000 11481
1512071390000 11481
1512071390000 11481
1512071390000 11481
1512071390000 11481
1512071390000 11481
1512071390000 11481
1512071390000 11482
1512071390000 11482
1512071390000 11482
1512071390000 11482
1512071390000 11482
1512071390000 11482
1512071390000 11483
1512071390000 11483
1512071390000 11483
1512071390000 11483
1512071390000 11483
1512071390000 11483
1512071390000 11483
1512071390000 11484
1512071390000 11484
1512071390000 11484
1512071390000 11484
1512071390000 11484
1512071390000 11484
1512071390000 11485
1512071390000 11485
1512071390000 11485
1512071390000 11485
1512071390000 11485
1512071390000 11485
1512071390000 11485
1512071390000 11486
1512071390000 11486
1512071390000 11486
1512071390000 11486
1512071390000 11486
1512071390000 11486
1512071390000 11487
1512071390000 11487
1512071390000 11487
1512071390000 11487
1512071390000 11487
1512071390000 11487
1512071390000 11487
1512071390000 11488
1512071390000 11488
1512071390000 11488
1512071390000 11488
1512071390000 11488
1512071390000 11488
1512071390000 11489
1512071390000 11489
1512071390000 11489
1512071390000 11489
1512071390000 11489
1512071390000 11489
1512071390000 11490
1512071390000 11490
1512071390000 11490
1512071390000 11490
1512071390000 11490
1512071390000 11490
1512071390000 11490
1512071390000 11491
1512071390000 11491
1512071390000 11491
1512071390000 11491
1512071400000 11458
1512071400000 11458
1512071400000 11458
1512071400000 11458
1512071400000 11458
1512071400000 11459
1512071400000 11459
1512071400000 11459
1512071400000 11459
1512071400000 11459
1512071400000 11459
1512071400000 11459
1512071400000 11460
1512071400000 11460
1512071400000 11460
1512071400000 11460
1512071400000 11460
1512071400000 11460
1512071400000 11461
1512071400000 11461
1512071400000 11461
1512071400000 11461
1512071400000 11461
1512071400000 11461
1512071400000 11461
1512071400000 11462
1512071400000 11462
1512071400000 11462
1512071400000 11462
1512071400000 11462
1512071400000 11462
1512071400000 11463
1512071400000 11463
1512071400000 11463
1512071400000 11463
1512071400000 11463
1512071400000 11463
1512071400000 11463
1512071400000 11464
1512071400000 11464
1512071400000 11464
1512071400000 11464
1512071400000 11464
1512071400000 11464
1512071400000 11465
1512071400000 11465
1512071400000 11465
1512071400000 11465
1512071400000 11465
1512071400000 11465
1512071400000 11465
1512071400000 11466
1512071400000 11466
1512071400000 11466
1512071400000 11466
1512071400000 11466
1512071400000 11466
1512071400000 11467
1512071400000 11467
1512071400000 11467
1512071400000 11467
1512071400000 11467
1512071400000 11467
1512071400000 11467
1512071400000 11468
1512071400000 11468
1512071400000 11468
1512071400000 11468
1512071400000 11468
1512071400000 11468
1512071400000 11468
1512071400000 11469
1512071400000 11469
1512071400000 11469
1512071400000 11469
1512071400000 11469
1512071400000 11469
1512071400000 11470
1512071400000 11470
1512071400000 11470
1512071400000 11470
1512071400000 11470
1512071400000 11470
1512071400000 11470
1512071400000 11471
1512071400000 11471
1512071400000 11471
1512071400000 11471
1512071400000 11471
1512071400000 11471
1512071400000 11472
1512071400000 11472
1512071400000 11472
1512071400000 11472
1512071400000 11472
1512071400000 11472
1512071400000 11472
1512071400000 11473
1512071400000 11473
1512071400000 11473
1512071410000 11515
1512071410000 11515
1512071410000 11515
1512071410000 11515
1512071410000 11515
1512071410000 11516
1512071410000 11516
1512071410000 11516
1512071410000 11516
1512071410000 11516
1512071410000 11516
1512071410000 11516
1512071410000 11517
1512071410000 11517
1512071410000 11517
1512071410000 11517
1512071410000 11517
1512071410000 11517
1512071410000 11518
1512071410000 11518
1512071410000 11518
1512071410000 11518
1512071410000 11518
1512071410000 11518
1512071410000 11518
1512071410000 11519
1512071410000 11519
1512071410000 11519
1512071410000 11519
1512071410000 11519
1512071410000 11519
1512071410000 11520
1512071410000 11520
1512071410000 11520
1512071410000 11520
1512071410000 11520
1512071410000 11520
1512071410000 11520
1512071410000 11521
1512071410000 11521
1512071410000 11521
1512071410000 11521
1512071410000 11521
1512071410000 11521
1512071410000 11522
1512071410000 11522
1512071410000 11522
1512071410000 11522
1512071410000 11522
1512071410000 11522
1512071410000 11522
1512071410000 11523
1512071410000 11523
1512071410000 11523
1512071410000 11523
1512071410000 11523
1512071410000 11523
1512071410000 11524
1512071410000 11524
1512071410000 11524
1512071410000 11524
1512071410000 11524
1512071410000 11524
1512071410000 11524
1512071410000 11525
1512071410000 11525
1512071410000 11525
1512071410000 11525
1512071410000 11525
1512071410000 11525
1512071410000 11526
1512071410000 11526
1512071410000 11526
1512071410000 11526
1512071410000 11526
1512071410000 11526
1512071410000 11526
1512071410000 11527
1512071410000 11527
1512071410000 11527
1512071410000 11527
1512071410000 11527
1512071410000 11527
1512071410000 11528
1512071410000 11528
1512071410000 11528
1512071410000 11528
1512071410000 11528
1512071410000 11528
1512071410000 11528
1512071410000 11529
1512071410000 11529
1512071410000 11529
1512071410000 11529
1512071410000 11529
1512071410000 11529
1512071410000 11530
1512071410000 11530
1512071410000 11530
1512071410000 11530
1512071420000 11537
1512071420000 11537
1512071420000 11538
1512071420000 11538
1512071420000 11538
1512071420000 11538
1512071420000 11538
1512071420000 11538
1512071420000 11538
1512071420000 11539
1512071420000 11539
1512071420000 11539
1512071420000 11539
1512071420000 11539
1512071420000 11539
1512071420000 11540
1512071420000 11540
1512071420000 11540
1512071420000 11540
1512071420000 11540
1512071420000 11540
1512071420000 11540
1512071420000 11541
1512071420000 11541
1512071420000 11541
1512071420000 11541
1512071420000 11541
1512071420000 11541
1512071420000 11542
1512071420000 11542
1512071420000 11542
1512071420000 11542
1512071420000 11542
1512071420000 11542
1512071420000 11542
1512071420000 11543
1512071420000 11543
1512071420000 11543
1512071420000 11543
1512071420000 11543
1512071420000 11543
1512071420000 11544
1512071420000 11544
1512071420000 11544
1512071420000 11544
1512071420000 11544
1512071420000 11544
1512071420000 11544
1512071420000 11545
1512071420000 11545
1512071420000 11545
1512071420000 11545
1512071420000 11545
1512071420000 11545
1512071420000 11546
1512071420000 11546
1512071420000 11546
1512071420000 11546
1512071420000 11546
1512071420000 11547
1512071420000 11547
1512071420000 11547
1512071420000 11547
1512071420000 11547
1512071420000 11547
1512071420000 11547
1512071420000 11548
1512071420000 11548
1512071420000 11548
1512071420000 11548
1512071420000 11548
1512071420000 11548
1512071420000 11549
1512071420000 11549
1512071420000 11549
1512071420000 11549
1512071420000 11549
1512071420000 11549
1512071420000 11550
1512071420000 11550
1512071420000 11550
1512071420000 11550
1512071420000 11550
1512071420000 11551
1512071420000 11551
1512071420000 11551
1512071420000 11551
1512071420000 11551
1512071420000 11551
1512071420000 11551
1512071420000 11552
1512071420000 11552
1512071420000 11552
1512071420000 11552
1512071420000 11552
1512071420000 11552
1512071420000 11553
1512071420000 11553
1512071420000 11553
1512071420000 11553
1512071430000 11461
1512071430000 11461
1512071430000 11461
1512071430000 11462
1512071430000 11462
1512071430000 11462
1512071430000 11462
1512071430000 11462
1512071430000 11462
1512071430000 11463
1512071430000 11463
1512071430000 11463
1512071430000 11463
1512071430000 11463
1512071430000 11463
1512071430000 11463
1512071430000 11464
1512071430000 11464
1512071430000 11464
1512071430000 11464
1512071430000 11464
1512071430000 11464
1512071430000 11465
1512071430000 11465
1512071430000 11465
1512071430000 11465
1512071430000 11465
1512071430000 11465
1512071430000 11466
1512071430000 11466
1512071430000 11466
1512071430000 11466
1512071430000 11466
1512071430000 11466
1512071430000 11466
1512071430000 11467
1512071430000 11467
1512071430000 11467
1512071430000 11467
1512071430000 11467
1512071430000 11467
1512071430000 11468
1512071430000 11468
1512071430000 11468
1512071430000 11468
1512071430000 11468
1512071430000 11468
1512071430000 11468
1512071430000 11469
1512071430000 11469
1512071430000 11469
1512071430000 11469
1512071430000 11469
1512071430000 11469
1512071430000 11470
1512071430000 11470
1512071430000 11470
1512071430000 11470
1512071430000 11470
1512071430000 11470
1512071430000 11470
1512071430000 11471
1512071430000 11471
1512071430000 11471
1512071430000 11471
1512071430000 11471
1512071430000 11471
1512071430000 11472
1512071430000 11472
1512071430000 11472
1512071430000 11472
1512071430000 11472
1512071430000 11472
1512071430000 11472
1512071430000 11473
1512071430000 11473
1512071430000 11473
1512071430000 11473
1512071430000 11473
1512071430000 11473
1512071430000 11474
1512071430000 11474
1512071430000 11474
1512071430000 11474
1512071430000 11474
1512071430000 11474
1512071430000 11475
1512071430000 11475
1512071430000 11475
1512071430000 11475
1512071430000 11475
1512071430000 11475
1512071430000 11475
1512071430000 11476
1512071430000 11476
1512071430000 11476
1512071430000 11476
1512071430000 11476
1512071430000 11476
1512071430000 11477
1512071440000 11448
1512071440000 11448
1512071440000 11448
1512071440000 11448
1512071440000 11448
1512071440000 11449
1512071440000 11449
1512071440000 11449
1512071440000 11449
1512071440000 11449
1512071440000 11449
1512071440000 11449
1512071440000 11449
1512071440000 11449
1512071440000 11449
1512071440000 11449
1512071440000 11450
1512071440000 11450
1512071440000 11450
1512071440000 11450
1512071440000 11450
1512071440000 11450
1512071440000 11450
1512071440000 11450
1512071440000 11450
1512071440000 11450
1512071440000 11450
1512071440000 11451
1512071440000 11451
1512071440000 11451
1512071440000 11451
1512071440000 11451
1512071440000 11451
1512071440000 11451
1512071440000 11451
1512071440000 11451
1512071440000 11451
1512071440000 11452
1512071440000 11452
1512071440000 11452
1512071440000 11452
1512071440000 11452
1512071440000 11452
1512071440000 11452
1512071440000 11452
1512071440000 11452
1512071440000 11452
1512071440000 11452
1512071440000 11453
1512071440000 11453
1512071440000 11453
1512071440000 11453
1512071440000 11453
1512071440000 11453
1512071440000 11453
1512071440000 11453
1512071440000 11453
1512071440000 11453
1512071440000 11453
1512071440000 11454
1512071440000 11454
1512071440000 11454
1512071440000 11454
1512071440000 11454
1512071440000 11454
1512071440000 11454
1512071440000 11454
1512071440000 11454
1512071440000 11454
1512071440000 11455
1512071440000 11455
1512071440000 11455
1512071440000 11455
1512071440000 11455
1512071440000 11455
1512071440000 11455
1512071440000 11455
1512071440000 11455
1512071440000 11455
1512071440000 11455
1512071440000 11456
1512071440000 11456
1512071440000 11456
1512071440000 11456
1512071440000 11456
1512071440000 11456
1512071440000 11456
1512071440000 11456
1512071440000 11456
1512071440000 11456
1512071440000 11456
1512071440000 11457
1512071440000 11457
1512071440000 11457
1512071440000 11457
1512071440000 11457
1512071440000 11457
1512071440000 11457
1512071440000 11457
1512071440000 11457
1512071450000 11492
1512071450000 11492
1512071450000 11492
1512071450000 11492
1512071450000 11492
1512071450000 11492
1512071450000 11493
1512071450000 11493
1512071450000 11493
1512071450000 11493
1512071450000 11493
1512071450000 11493
1512071450000 11494
1512071450000 11494
1512071450000 11494
1512071450000 11494
1512071450000 11494
1512071450000 11494
1512071450000 11494
1512071450000 11494
1512071450000 11495
1512071450000 11495
1512071450000 11495
1512071450000 11495
1512071450000 11495
1512071450000 11495
1512071450000 11495
1512071450000 11495
1512071450000 11496
1512071450000 11496
1512071450000 11496
1512071450000 11496
1512071450000 11496
1512071450000 11496
1512071450000 11496
1512071450000 11496
1512071450000 11497
1512071450000 11497
1512071450000 11497
1512071450000 11497
1512071450000 11497
1512071450000 11497
1512071450000 11497
1512071450000 11497
1512071450000 11498
1512071450000 11498
1512071450000 11498
1512071450000 11498
1512071450000 11498
1512071450000 11498
1512071450000 11498
1512071450000 11499
1512071450000 11499
1512071450000 11499
1512071450000 11499
1512071450000 11499
1512071450000 11499
1512071450000 11500
1512071450000 11500
1512071450000 11500
1512071450000 11500
1512071450000 11500
1512071450000 11500
1512071450000 11500
1512071450000 11501
1512071450000 11501
1512071450000 11501
1512071450000 11501
1512071450000 11501
1512071450000 11501
1512071450000 11502
1512071450000 11502
1512071450000 11502
1512071450000 11502
1512071450000 11502
1512071450000 11502
1512071450000 11502
1512071450000 11503
1512071450000 11503
1512071450000 11503
1512071450000 11503
1512071450000 11503
1512071450000 11503
1512071450000 11504
1512071450000 11504
1512071450000 11504
1512071450000 11504
1512071450000 11504
1512071450000 11504
1512071450000 11504
1512071450000 11505
1512071450000 11505
1512071450000 11505
1512071450000 11505
1512071450000 11505
1512071450000 11505
1512071450000 11506
1512071450000 11506
1512071450000 11506
1512071450000 11506
1512071460000 11514
1512071460000 11514
1512071460000 11514
1512071460000 11514
1512071460000 11514
1512071460000 11514
1512071460000 11515
1512071460000 11515
1512071460000 11515
1512071460000 11515
1512071460000 11515
1512071460000 11515
1512071460000 11515
1512071460000 11516
1512071460000 11516
1512071460000 11516
1512071460000 11516
1512071460000 11516
1512071460000 11516
1512071460000 11517
1512071460000 11517
1512071460000 11517
1512071460000 11517
1512071460000 11517
1512071460000 11517
1512071460000 11517
1512071460000 11518
1512071460000 11518
1512071460000 11518
1512071460000 11518
1512071460000 11518
1512071460000 11519
1512071460000 11519
1512071460000 11519
1512071460000 11519
1512071460000 11519
1512071460000 11519
1512071460000 11519
1512071460000 11520
1512071460000 11520
1512071460000 11520
1512071460000 11520
1512071460000 11520
1512071460000 11520
1512071460000 11521
1512071460000 11521
1512071460000 11521
1512071460000 11521
1512071460000 11521
1512071460000 11521
1512071460000 11521
1512071460000 11522
1512071460000 11522
1512071460000 11522
1512071460000 11522
1512071460000 11522
1512071460000 11522
1512071460000 11523
1512071460000 11523
1512071460000 11523
1512071460000 11523
1512071460000 11523
1512071460000 11523
1512071460000 11523
1512071460000 11524
1512071460000 11524
1512071460000 11524
1512071460000 11524
1512071460000 11524
1512071460000 11524
1512071460000 11525
1512071460000 11525
1512071460000 11525
1512071460000 11525
1512071460000 11525
1512071460000 11525
1512071460000 11525
1512071460000 11526
1512071460000 11526
1512071460000 11526
1512071460000 11526
1512071460000 11526
1512071460000 11526
1512071460000 11527
1512071460000 11527
1512071460000 11527
1512071460000 11527
1512071460000 11527
1512071460000 11527
1512071460000 11527
1512071460000 11528
1512071460000 11528
1512071460000 11528
1512071460000 11528
1512071460000 11528
1512071460000 11528
1512071460000 11529
1512071460000 11529
1512071460000 11529
1512071460000 11529
1512071470000 11450
1512071470000 11451
1512071470000 11451
1512071470000 11451
1512071470000 11451
1512071470000 11451
1512071470000 11451
1512071470000 11452
1512071470000 11452
1512071470000 11452
1512071470000 11452
1512071470000 11452
1512071470000 11452
1512071470000 11452
1512071470000 11453
1512071470000 11453
1512071470000 11453
1512071470000 11453
1512071470000 11453
1512071470000 11453
1512071470000 11454
1512071470000 11454
1512071470000 11454
1512071470000 11454
1512071470000 11454
1512071470000 11454
1512071470000 11455
1512071470000 11455
1512071470000 11455
1512071470000 11455
1512071470000 11455
1512071470000 11455
1512071470000 11455
1512071470000 11456
1512071470000 11456
1512071470000 11456
1512071470000 11456
1512071470000 11456
1512071470000 11456
1512071470000 11457
1512071470000 11457
1512071470000 11457
1512071470000 11457
1512071470000 11457
1512071470000 11457
1512071470000 11457
1512071470000 11458
1512071470000 11458
1512071470000 11458
1512071470000 11458
1512071470000 11458
1512071470000 11458
1512071470000 11459
1512071470000 11459
1512071470000 11459
1512071470000 11459
1512071470000 11459
1512071470000 11459
1512071470000 11460
1512071470000 11460
1512071470000 11460
1512071470000 11460
1512071470000 11460
1512071470000 11460
1512071470000 11461
1512071470000 11461
1512071470000 11461
1512071470000 11461
1512071470000 11461
1512071470000 11461
1512071470000 11462
1512071470000 11462
1512071470000 11462
1512071470000 11462
1512071470000 11462
1512071470000 11463
1512071470000 11463
1512071470000 11463
1512071470000 11463
1512071470000 11463
1512071470000 11464
1512071470000 11464
1512071470000 11464
1512071470000 11464
1512071470000 11464
1512071470000 11465
1512071470000 11465
1512071470000 11465
1512071470000 11465
1512071470000 11466
1512071470000 11466
1512071470000 11466
1512071470000 11466
1512071470000 11466
1512071470000 11466
1512071470000 11466
1512071470000 11467
1512071470000 11467
1512071470000 11467
1512071470000 11467
1512071480000 11581
1512071480000 11582
1512071480000 11582
1512071480000 11582
1512071480000 11582
1512071480000 11582
1512071480000 11582
1512071480000 11582
1512071480000 11582
1512071480000 11583
1512071480000 11583
1512071480000 11583
1512071480000 11583
1512071480000 11583
1512071480000 11583
1512071480000 11583
1512071480000 11583
1512071480000 11584
1512071480000 11584
1512071480000 11584
1512071480000 11584
1512071480000 11584
1512071480000 11584
1512071480000 11584
1512071480000 11584
1512071480000 11585
1512071480000 11585
1512071480000 11585
1512071480000 11585
1512071480000 11585
1512071480000 11585
1512071480000 11585
1512071480000 11586
1512071480000 11586
1512071480000 11586
1512071480000 11586
1512071480000 11586
1512071480000 11586
1512071480000 11586
1512071480000 11586
1512071480000 11587
1512071480000 11587
1512071480000 11587
1512071480000 11587
1512071480000 11587
1512071480000 11587
1512071480000 11587
1512071480000 11587
1512071480000 11588
1512071480000 11588
1512071480000 11588
1512071480000 11588
1512071480000 11588
1512071480000 11588
1512071480000 11588
1512071480000 11588
1512071480000 11589
1512071480000 11589
1512071480000 11589
1512071480000 11589
1512071480000 11589
1512071480000 11589
1512071480000 11589
1512071480000 11590
1512071480000 11590
1512071480000 11590
1512071480000 11590
1512071480000 11590
1512071480000 11590
1512071480000 11590
1512071480000 11590
1512071480000 11591
1512071480000 11591
1512071480000 11591
1512071480000 11591
1512071480000 11591
1512071480000 11591
1512071480000 11591
1512071480000 11591
1512071480000 11592
1512071480000 11592
1512071480000 11592
1512071480000 11592
1512071480000 11592
1512071480000 11592
1512071480000 11592
1512071480000 11593
1512071480000 11593
1512071480000 11593
1512071480000 11593
1512071480000 11593
1512071480000 11593
1512071480000 11593
1512071480000 11593
1512071480000 11594
1512071480000 11594
1512071480000 11594
1512071480000 11594
1512071480000 11594
1512071480000 11594
1512071490000 11493
1512071490000 11493
1512071490000 11493
1512071490000 11493
1512071490000 11493
1512071490000 11493
1512071490000 11494
1512071490000 11494
1512071490000 11494
1512071490000 11494
1512071490000 11494
1512071490000 11494
1512071490000 11494
1512071490000 11494
1512071490000 11495
1512071490000 11495
1512071490000 11495
1512071490000 11495
1512071490000 11495
1512071490000 11495
1512071490000 11495
1512071490000 11496
1512071490000 11496
1512071490000 11496
1512071490000 11496
1512071490000 11496
1512071490000 11496
1512071490000 11496
1512071490000 11496
1512071490000 11497
1512071490000 11497
1512071490000 11497
1512071490000 11497
1512071490000 11497
1512071490000 11497
1512071490000 11498
1512071490000 11498
1512071490000 11498
1512071490000 11498
1512071490000 11498
1512071490000 11499
1512071490000 11499
1512071490000 11499
1512071490000 11499
1512071490000 11499
1512071490000 11500
1512071490000 11500
1512071490000 11500
1512071490000 11500
1512071490000 11500
1512071490000 11501
1512071490000 11501
1512071490000 11501
1512071490000 11501
1512071490000 11501
1512071490000 11501
1512071490000 11502
1512071490000 11502
1512071490000 11502
1512071490000 11502
1512071490000 11502
1512071490000 11502
1512071490000 11502
1512071490000 11503
1512071490000 11503
1512071490000 11503
1512071490000 11503
1512071490000 11503
1512071490000 11503
1512071490000 11503
1512071490000 11503
1512071490000 11504
1512071490000 11504
1512071490000 11504
1512071490000 11504
1512071490000 11504
1512071490000 11504
1512071490000 11504
1512071490000 11505
1512071490000 11505
1512071490000 11505
1512071490000 11505
1512071490000 11505
1512071490000 11505
1512071490000 11505
1512071490000 11505
1512071490000 11506
1512071490000 11506
1512071490000 11506
1512071490000 11506
1512071490000 11506
1512071490000 11506
1512071490000 11506
1512071490000 11507
1512071490000 11507
1512071490000 11507
1512071490000 11507
1512071490000 11507
1512071490000 11507
1512071490000 11507
1512071500000 11486
1512071500000 11486
1512071500000 11487
1512071500000 11487
1512071500000 11487
1512071500000 11487
1512071500000 11487
1512071500000 11488
1512071500000 11488
1512071500000 11488
1512071500000 11488
1512071500000 11488
1512071500000 11489
1512071500000 11489
1512071500000 11489
1512071500000 11489
1512071500000 11489
1512071500000 11490
1512071500000 11490
1512071500000 11490
1512071500000 11490
1512071500000 11490
1512071500000 11491
1512071500000 11491
1512071500000 11491
1512071500000 11491
1512071500000 11491
1512071500000 11491
1512071500000 11492
1512071500000 11492
1512071500000 11492
1512071500000 11492
1512071500000 11492
1512071500000 11493
1512071500000 11493
1512071500000 11493
1512071500000 11493
1512071500000 11493
1512071500000 11494
1512071500000 11494
1512071500000 11494
1512071500000 11494
1512071500000 11494
1512071500000 11495
1512071500000 11495
1512071500000 11495
1512071500000 11495
1512071500000 11495
1512071500000 11496
1512071500000 11496
1512071500000 11496
1512071500000 11496
1512071500000 11496
1512071500000 11496
1512071500000 11497
1512071500000 11497
1512071500000 11497
1512071500000 11497
1512071500000 11497
1512071500000 11498
1512071500000 11498
1512071500000 11498
1512071500000 11498
1512071500000 11498
1512071500000 11498
1512071500000 11498
1512071500000 11499
1512071500000 11499
1512071500000 11499
1512071500000 11499
1512071500000 11499
1512071500000 11499
1512071500000 11499
1512071500000 11500
1512071500000 11500
1512071500000 11500
1512071500000 11500
1512071500000 11500
1512071500000 11500
1512071500000 11501
1512071500000 11501
1512071500000 11501
1512071500000 11501
1512071500000 11501
1512071500000 11501
1512071500000 11501
1512071500000 11502
1512071500000 11502
1512071500000 11502
1512071500000 11502
1512071500000 11502
1512071500000 11502
1512071500000 11503
1512071500000 11503
1512071500000 11503
1512071500000 11503
1512071500000 11503
1512071500000 11503
1512071500000 11503
1512071500000 11504
1512071510000 11460
1512071510000 11460
1512071510000 11461
1512071510000 11461
1512071510000 11461
1512071510000 11461
1512071510000 11461
1512071510000 11461
1512071510000 11461
1512071510000 11462
1512071510000 11462
1512071510000 11462
1512071510000 11462
1512071510000 11462
1512071510000 11462
1512071510000 11462
1512071510000 11463
1512071510000 11463
1512071510000 11463
1512071510000 11463
1512071510000 11463
1512071510000 11463
1512071510000 11463
1512071510000 11464
1512071510000 11464
1512071510000 11464
1512071510000 11464
1512071510000 11464
1512071510000 11464
1512071510000 11465
1512071510000 11465
1512071510000 11465
1512071510000 11465
1512071510000 11465
1512071510000 11465
1512071510000 11465
1512071510000 11466
1512071510000 11466
1512071510000 11466
1512071510000 11466
1512071510000 11466
1512071510000 11466
1512071510000 11467
1512071510000 11467
1512071510000 11467
1512071510000 11467
1512071510000 11467
1512071510000 11467
1512071510000 11467
1512071510000 11468
1512071510000 11468
1512071510000 11468
1512071510000 11468
1512071510000 11468
1512071510000 11468
1512071510000 11469
1512071510000 11469
1512071510000 11469
1512071510000 11469
1512071510000 11469
1512071510000 11469
1512071510000 11469
1512071510000 11470
1512071510000 11470
1512071510000 11470
1512071510000 11470
1512071510000 11470
1512071510000 11470
1512071510000 11470
1512071510000 11471
1512071510000 11471
1512071510000 11471
1512071510000 11471
1512071510000 11471
1512071510000 11471
1512071510000 11472
1512071510000 11472
1512071510000 11472
1512071510000 11472
1512071510000 11472
1512071510000 11472
1512071510000 11472
1512071510000 11473
1512071510000 11473
1512071510000 11473
1512071510000 11473
1512071510000 11473
1512071510000 11473
1512071510000 11473
1512071510000 11474
1512071510000 11474
1512071510000 11474
1512071510000 11474
1512071510000 11474
1512071510000 11474
1512071510000 11475
1512071510000 11475
1512071510000 11475
1512071510000 11475
1512071510000 11475
1512071520000 11480
1512071520000 11480
1512071520000 11480
1512071520000 11480
1512071520000 11480
1512071520000 11480
1512071520000 11480
1512071520000 11481
1512071520000 11481
1512071520000 11481
1512071520000 11481
1512071520000 11481
1512071520000 11481
1512071520000 11482
1512071520000 11482
1512071520000 11482
1512071520000 11482
1512071520000 11482
1512071520000 11482
1512071520000 11482
1512071520000 11483
1512071520000 11483
1512071520000 11483
1512071520000 11483
1512071520000 11483
1512071520000 11483
1512071520000 11484
1512071520000 11484
1512071520000 11484
1512071520000 11484
1512071520000 11484
1512071520000 11484
1512071520000 11484
1512071520000 11485
1512071520000 11485
1512071520000 11485
1512071520000 11485
1512071520000 11485
1512071520000 11485
1512071520000 11486
1512071520000 11486
1512071520000 11486
1512071520000 11486
1512071520000 11486
1512071520000 11486
1512071520000 11486
1512071520000 11487
1512071520000 11487
1512071520000 11487
1512071520000 11487
1512071520000 11487
1512071520000 11487
1512071520000 11487
1512071520000 11488
1512071520000 11488
1512071520000 11488
1512071520000 11488
1512071520000 11488
1512071520000 11488
1512071520000 11489
1512071520000 11489
1512071520000 11489
1512071520000 11489
1512071520000 11489
1512071520000 11489
1512071520000 11489
1512071520000 11490
1512071520000 11490
1512071520000 11490
1512071520000 11490
1512071520000 11490
1512071520000 11490
1512071520000 11491
1512071520000 11491
1512071520000 11491
1512071520000 11491
1512071520000 11491
1512071520000 11491
1512071520000 11491
1512071520000 11492
1512071520000 11492
1512071520000 11492
1512071520000 11492
1512071520000 11492
1512071520000 11492
1512071520000 11492
1512071520000 11493
1512071520000 11493
1512071520000 11493
1512071520000 11493
1512071520000 11493
1512071520000 11493
1512071520000 11493
1512071520000 11494
1512071520000 11494
1512071520000 11494
1512071520000 11494
1512071520000 11494
1512071520000 11494
1512071520000 11494
1512071530000 11487
1512071530000 11487
1512071530000 11487
1512071530000 11487
1512071530000 11487
1512071530000 11487
1512071530000 11488
1512071530000 11488
1512071530000 11488
1512071530000 11488
1512071530000 11488
1512071530000 11488
1512071530000 11489
1512071530000 11489
1512071530000 11489
1512071530000 11489
1512071530000 11489
1512071530000 11489
1512071530000 11489
1512071530000 11490
1512071530000 11490
1512071530000 11490
1512071530000 11490
1512071530000 11490
1512071530000 11490
1512071530000 11491
1512071530000 11491
1512071530000 11491
1512071530000 11491
1512071530000 11491
1512071530000 11491
1512071530000 11491
1512071530000 11492
1512071530000 11492
1512071530000 11492
1512071530000 11492
1512071530000 11492
1512071530000 11492
1512071530000 11493
1512071530000 11493
1512071530000 11493
1512071530000 11493
1512071530000 11493
1512071530000 11493
1512071530000 11493
1512071530000 11494
1512071530000 11494
1512071530000 11494
1512071530000 11494
1512071530000 11494
1512071530000 11494
1512071530000 11494
1512071530000 11495
1512071530000 11495
1512071530000 11495
1512071530000 11495
1512071530000 11495
1512071530000 11495
1512071530000 11496
1512071530000 11496
1512071530000 11496
1512071530000 11496
1512071530000 11496
1512071530000 11496
1512071530000 11496
1512071530000 11497
1512071530000 11497
1512071530000 11497
1512071530000 11497
1512071530000 11497
1512071530000 11497
1512071530000 11498
1512071530000 11498
1512071530000 11498
1512071530000 11498
1512071530000 11498
1512071530000 11498
1512071530000 11498
1512071530000 11499
1512071530000 11499
1512071530000 11499
1512071530000 11499
1512071530000 11499
1512071530000 11499
1512071530000 11500
1512071530000 11500
1512071530000 11500
1512071530000 11500
1512071530000 11500
1512071530000 11500
1512071530000 11500
1512071530000 11501
1512071530000 11501
1512071530000 11501
1512071530000 11501
1512071530000 11501
1512071530000 11501
1512071530000 11502
1512071530000 11502
1512071530000 11502
1512071540000 11496
1512071540000 11496
1512071540000 11496
1512071540000 11496
1512071540000 11496
1512071540000 11497
1512071540000 11497
1512071540000 11497
1512071540000 11497
1512071540000 11497
1512071540000 11497
1512071540000 11498
1512071540000 11498
1512071540000 11498
1512071540000 11498
1512071540000 11498
1512071540000 11498
1512071540000 11499
1512071540000 11499
1512071540000 11499
1512071540000 11499
1512071540000 11499
1512071540000 11499
1512071540000 11500
1512071540000 11500
1512071540000 11500
1512071540000 11500
1512071540000 11500
1512071540000 11500
1512071540000 11501
1512071540000 11501
1512071540000 11501
1512071540000 11501
1512071540000 11501
1512071540000 11501
1512071540000 11502
1512071540000 11502
1512071540000 11502
1512071540000 11502
1512071540000 11502
1512071540000 11502
1512071540000 11503
1512071540000 11503
1512071540000 11503
1512071540000 11503
1512071540000 11503
1512071540000 11503
1512071540000 11504
1512071540000 11504
1512071540000 11504
1512071540000 11504
1512071540000 11504
1512071540000 11504
1512071540000 11505
1512071540000 11505
1512071540000 11505
1512071540000 11505
1512071540000 11505
1512071540000 11505
1512071540000 11506
1512071540000 11506
1512071540000 11506
1512071540000 11506
1512071540000 11506
1512071540000 11506
1512071540000 11506
1512071540000 11507
1512071540000 11507
1512071540000 11507
1512071540000 11507
1512071540000 11507
1512071540000 11507
1512071540000 11508
1512071540000 11508
1512071540000 11508
1512071540000 11508
1512071540000 11508
1512071540000 11508
1512071540000 11509
1512071540000 11509
1512071540000 11509
1512071540000 11509
1512071540000 11509
1512071540000 11509
1512071540000 11510
1512071540000 11510
1512071540000 11510
1512071540000 11510
1512071540000 11510
1512071540000 11510
1512071540000 11510
1512071540000 11511
1512071540000 11511
1512071540000 11511
1512071540000 11511
1512071540000 11511
1512071540000 11511
1512071540000 11512
1512071540000 11512
1512071540000 11512
1512071550000 11495
1512071550000 11495
1512071550000 11495
1512071550000 11495
1512071550000 11495
1512071550000 11496
1512071550000 11496
1512071550000 11496
1512071550000 11496
1512071550000 11496
1512071550000 11496
1512071550000 11496
1512071550000 11497
1512071550000 11497
1512071550000 11497
1512071550000 11497
1512071550000 11497
1512071550000 11497
1512071550000 11498
1512071550000 11498
1512071550000 11498
1512071550000 11498
1512071550000 11498
1512071550000 11498
1512071550000 11499
1512071550000 11499
1512071550000 11499
1512071550000 11499
1512071550000 11499
1512071550000 11499
1512071550000 11500
1512071550000 11500
1512071550000 11500
1512071550000 11500
1512071550000 11500
1512071550000 11500
1512071550000 11500
1512071550000 11501
1512071550000 11501
1512071550000 11501
1512071550000 11501
1512071550000 11501
1512071550000 11501
1512071550000 11502
1512071550000 11502
1512071550000 11502
1512071550000 11502
1512071550000 11502
1512071550000 11502
1512071550000 11502
1512071550000 11503
1512071550000 11503
1512071550000 11503
1512071550000 11503
1512071550000 11503
1512071550000 11503
1512071550000 11504
1512071550000 11504
1512071550000 11504
1512071550000 11504
1512071550000 11504
1512071550000 11504
1512071550000 11504
1512071550000 11505
1512071550000 11505
1512071550000 11505
1512071550000 11505
1512071550000 11505
1512071550000 11505
1512071550000 11506
1512071550000 11506
1512071550000 11506
1512071550000 11506
1512071550000 11506
1512071550000 11506
1512071550000 11507
1512071550000 11507
1512071550000 11507
1512071550000 11507
1512071550000 11507
1512071550000 11507
1512071550000 11507
1512071550000 11508
1512071550000 11508
1512071550000 11508
1512071550000 11508
1512071550000 11508
1512071550000 11508
1512071550000 11509
1512071550000 11509
1512071550000 11509
1512071550000 11509
1512071550000 11509
1512071550000 11509
1512071550000 11509
1512071550000 11510
1512071550000 11510
1512071550000 11510
1512071550000 11510
1512071550000 11510
1512071560000 11473
1512071560000 11474
1512071560000 11474
1512071560000 11474
1512071560000 11474
1512071560000 11474
1512071560000 11474
1512071560000 11475
1512071560000 11475
1512071560000 11475
1512071560000 11475
1512071560000 11475
1512071560000 11475
1512071560000 11475
1512071560000 11476
1512071560000 11476
1512071560000 11476
1512071560000 11476
1512071560000 11476
1512071560000 11476
1512071560000 11476
1512071560000 11477
1512071560000 11477
1512071560000 11477
1512071560000 11477
1512071560000 11477
1512071560000 11477
1512071560000 11478
1512071560000 11478
1512071560000 11478
1512071560000 11478
1512071560000 11478
1512071560000 11478
1512071560000 11479
1512071560000 11479
1512071560000 11479
1512071560000 11479
1512071560000 11479
1512071560000 11479
1512071560000 11479
1512071560000 11480
1512071560000 11480
1512071560000 11480
1512071560000 11480
1512071560000 11480
1512071560000 11480
1512071560000 11481
1512071560000 11481
1512071560000 11481
1512071560000 11481
1512071560000 11481
1512071560000 11481
1512071560000 11481
1512071560000 11482
1512071560000 11482
1512071560000 11482
1512071560000 11482
1512071560000 11482
1512071560000 11482
1512071560000 11483
1512071560000 11483
1512071560000 11483
1512071560000 11483
1512071560000 11483
1512071560000 11483
1512071560000 11483
1512071560000 11484
1512071560000 11484
1512071560000 11484
1512071560000 11484
1512071560000 11484
1512071560000 11484
1512071560000 11485
1512071560000 11485
1512071560000 11485
1512071560000 11485
1512071560000 11485
1512071560000 11485
1512071560000 11485
1512071560000 11486
1512071560000 11486
1512071560000 11486
1512071560000 11486
1512071560000 11486
1512071560000 11486
1512071560000 11487
1512071560000 11487
1512071560000 11487
1512071560000 11487
1512071560000 11487
1512071560000 11487
1512071560000 11488
1512071560000 11488
1512071560000 11488
1512071560000 11488
1512071560000 11488
1512071560000 11488
1512071560000 11488
1512071560000 11489
1512071560000 11489
1512071570000 11472
1512071570000 11473
1512071570000 11473
1512071570000 11473
1512071570000 11473
1512071570000 11473
1512071570000 11474
1512071570000 11474
1512071570000 11474
1512071570000 11474
1512071570000 11474
1512071570000 11475
1512071570000 11475
1512071570000 11475
1512071570000 11475
1512071570000 11475
1512071570000 11476
1512071570000 11476
1512071570000 11476
1512071570000 11476
1512071570000 11476
1512071570000 11477
1512071570000 11477
1512071570000 11477
1512071570000 11477
1512071570000 11477
1512071570000 11477
1512071570000 11478
1512071570000 11478
1512071570000 11478
1512071570000 11478
1512071570000 11478
1512071570000 11479
1512071570000 11479
1512071570000 11479
1512071570000 11479
1512071570000 11479
1512071570000 11479
1512071570000 11480
1512071570000 11480
1512071570000 11480
1512071570000 11480
1512071570000 11480
1512071570000 11480
1512071570000 11480
1512071570000 11481
1512071570000 11481
1512071570000 11481
1512071570000 11481
1512071570000 11481
1512071570000 11481
1512071570000 11482
1512071570000 11482
1512071570000 11482
1512071570000 11482
1512071570000 11482
1512071570000 11482
1512071570000 11482
1512071570000 11483
1512071570000 11483
1512071570000 11483
1512071570000 11483
1512071570000 11483
1512071570000 11483
1512071570000 11484
1512071570000 11484
1512071570000 11484
1512071570000 11484
1512071570000 11484
1512071570000 11484
1512071570000 11484
1512071570000 11485
1512071570000 11485
1512071570000 11485
1512071570000 11485
1512071570000 11485
1512071570000 11485
1512071570000 11486
1512071570000 11486
1512071570000 11486
1512071570000 11486
1512071570000 11486
1512071570000 11486
1512071570000 11486
1512071570000 11487
1512071570000 11487
1512071570000 11487
1512071570000 11487
1512071570000 11487
1512071570000 11487
1512071570000 11488
1512071570000 11488
1512071570000 11488
1512071570000 11488
1512071570000 11488
1512071570000 11488
1512071570000 11488
1512071570000 11489
1512071570000 11489
1512071570000 11489
1512071580000 11492
1512071580000 11492
1512071580000 11492
1512071580000 11492
1512071580000 11492
1512071580000 11493
1512071580000 11493
1512071580000 11493
1512071580000 11493
1512071580000 11493
1512071580000 11493
1512071580000 11494
1512071580000 11494
1512071580000 11494
1512071580000 11494
1512071580000 11494
1512071580000 11494
1512071580000 11494
1512071580000 11495
1512071580000 11495
1512071580000 11495
1512071580000 11495
1512071580000 11495
1512071580000 11495
1512071580000 11496
1512071580000 11496
1512071580000 11496
1512071580000 11496
1512071580000 11496
1512071580000 11496
1512071580000 11497
1512071580000 11497
1512071580000 11497
1512071580000 11497
1512071580000 11497
1512071580000 11497
1512071580000 11498
1512071580000 11498
1512071580000 11498
1512071580000 11498
1512071580000 11498
1512071580000 11498
1512071580000 11498
1512071580000 11499
1512071580000 11499
1512071580000 11499
1512071580000 11499
1512071580000 11499
1512071580000 11499
1512071580000 11500
1512071580000 11500
1512071580000 11500
1512071580000 11500
1512071580000 11500
1512071580000 11500
1512071580000 11500
1512071580000 11501
1512071580000 11501
1512071580000 11501
1512071580000 11501
1512071580000 11501
1512071580000 11501
1512071580000 11502
1512071580000 11502
1512071580000 11502
1512071580000 11502
1512071580000 11502
1512071580000 11502
1512071580000 11503
1512071580000 11503
1512071580000 11503
1512071580000 11503
1512071580000 11503
1512071580000 11503
1512071580000 11503
1512071580000 11504
1512071580000 11504
1512071580000 11504
1512071580000 11504
1512071580000 11504
1512071580000 11504
1512071580000 11505
1512071580000 11505
1512071580000 11505
1512071580000 11505
1512071580000 11505
1512071580000 11505
1512071580000 11506
1512071580000 11506
1512071580000 11506
1512071580000 11506
1512071580000 11506
1512071580000 11506
1512071580000 11506
1512071580000 11507
1512071580000 11507
1512071580000 11507
1512071580000 11507
1512071580000 11507
1512071580000 11507
1512071590000 11511
1512071590000 11511
1512071590000 11511
1512071590000 11511
1512071590000 11512
1512071590000 11512
1512071590000 11512
1512071590000 11512
1512071590000 11512
1512071590000 11512
1512071590000 11513
1512071590000 11513
1512071590000 11513
1512071590000 11513
1512071590000 11513
1512071590000 11513
1512071590000 11514
1512071590000 11514
1512071590000 11514
1512071590000 11514
1512071590000 11514
1512071590000 11514
1512071590000 11514
1512071590000 11515
1512071590000 11515
1512071590000 11515
1512071590000 11515
1512071590000 11515
1512071590000 11515
1512071590000 11516
1512071590000 11516
1512071590000 11516
1512071590000 11516
1512071590000 11516
1512071590000 11516
1512071590000 11516
1512071590000 11517
1512071590000 11517
1512071590000 11517
1512071590000 11517
1512071590000 11517
1512071590000 11517
1512071590000 11518
1512071590000 11518
1512071590000 11518
1512071590000 11518
1512071590000 11518
1512071590000 11518
1512071590000 11518
1512071590000 11519
1512071590000 11519
1512071590000 11519
1512071590000 11519
1512071590000 11519
1512071590000 11519
1512071590000 11520
1512071590000 11520
1512071590000 11520
1512071590000 11520
1512071590000 11520
1512071590000 11520
1512071590000 11521
1512071590000 11521
1512071590000 11521
1512071590000 11521
1512071590000 11521
1512071590000 11521
1512071590000 11521
1512071590000 11522
1512071590000 11522
1512071590000 11522
1512071590000 11522
1512071590000 11522
1512071590000 11522
1512071590000 11523
1512071590000 11523
1512071590000 11523
1512071590000 11523
1512071590000 11523
1512071590000 11523
1512071590000 11523
1512071590000 11524
1512071590000 11524
1512071590000 11524
1512071590000 11524
1512071590000 11524
1512071590000 11524
1512071590000 11525
1512071590000 11525
1512071590000 11525
1512071590000 11525
1512071590000 11525
1512071590000 11525
1512071590000 11526
1512071590000 11526
1512071590000 11526
1512071590000 11526
1512071590000 11526
1512071590000 11526
1512071590000 11526
1512071600000 11439
1512071600000 11439
1512071600000 11439
1512071600000 11440
1512071600000 11440
1512071600000 11440
1512071600000 11440
1512071600000 11440
1512071600000 11440
1512071600000 11440
1512071600000 11441
1512071600000 11441
1512071600000 11441
1512071600000 11441
1512071600000 11441
1512071600000 11441
1512071600000 11442
1512071600000 11442
1512071600000 11442
1512071600000 11442
1512071600000 11442
1512071600000 11442
1512071600000 11443
1512071600000 11443
1512071600000 11443
1512071600000 11443
1512071600000 11443
1512071600000 11443
1512071600000 11444
1512071600000 11444
1512071600000 11444
1512071600000 11444
1512071600000 11444
1512071600000 11444
1512071600000 11444
1512071600000 11445
1512071600000 11445
1512071600000 11445
1512071600000 11445
1512071600000 11445
1512071600000 11445
1512071600000 11446
1512071600000 11446
1512071600000 11446
1512071600000 11446
1512071600000 11446
1512071600000 11446
1512071600000 11447
1512071600000 11447
1512071600000 11447
1512071600000 11447
1512071600000 11447
1512071600000 11447
1512071600000 11448
1512071600000 11448
1512071600000 11448
1512071600000 11448
1512071600000 11448
1512071600000 11448
1512071600000 11449
1512071600000 11449
1512071600000 11449
1512071600000 11449
1512071600000 11449
1512071600000 11449
1512071600000 11450
1512071600000 11450
1512071600000 11450
1512071600000 11450
1512071600000 11450
1512071600000 11450
1512071600000 11451
1512071600000 11451
1512071600000 11451
1512071600000 11451
1512071600000 11451
1512071600000 11451
1512071600000 11452
1512071600000 11452
1512071600000 11452
1512071600000 11452
1512071600000 11452
1512071600000 11452
1512071600000 11453
1512071600000 11453
1512071600000 11453
1512071600000 11453
1512071600000 11453
1512071600000 11453
1512071600000 11454
1512071600000 11454
1512071600000 11454
1512071600000 11454
1512071600000 11454
1512071600000 11454
1512071600000 11455
1512071600000 11455
1512071600000 11455
1512071600000 11455
1512071600000 11455
1512071610000 11534
1512071610000 11534
1512071610000 11535
1512071610000 11535
1512071610000 11535
1512071610000 11535
1512071610000 11535
1512071610000 11536
1512071610000 11536
1512071610000 11536
1512071610000 11536
1512071610000 11536
1512071610000 11537
1512071610000 11537
1512071610000 11537
1512071610000 11537
1512071610000 11537
1512071610000 11537
1512071610000 11538
1512071610000 11538
1512071610000 11538
1512071610000 11538
1512071610000 11538
1512071610000 11538
1512071610000 11539
1512071610000 11539
1512071610000 11539
1512071610000 11539
1512071610000 11539
1512071610000 11539
1512071610000 11539
1512071610000 11540
1512071610000 11540
1512071610000 11540
1512071610000 11540
1512071610000 11540
1512071610000 11540
1512071610000 11541
1512071610000 11541
1512071610000 11541
1512071610000 11541
1512071610000 11541
1512071610000 11541
1512071610000 11541
1512071610000 11542
1512071610000 11542
1512071610000 11542
1512071610000 11542
1512071610000 11542
1512071610000 11542
1512071610000 11543
1512071610000 11543
1512071610000 11543
1512071610000 11543
1512071610000 11543
1512071610000 11543
1512071610000 11543
1512071610000 11544
1512071610000 11544
1512071610000 11544
1512071610000 11544
1512071610000 11544
1512071610000 11544
1512071610000 11545
1512071610000 11545
1512071610000 11545
1512071610000 11545
1512071610000 11545
1512071610000 11546
1512071610000 11546
1512071610000 11546
1512071610000 11546
1512071610000 11546
1512071610000 11547
1512071610000 11547
1512071610000 11547
1512071610000 11547
1512071610000 11547
1512071610000 11547
1512071610000 11547
1512071610000 11548
1512071610000 11548
1512071610000 11548
1512071610000 11548
1512071610000 11548
1512071610000 11548
1512071610000 11549
1512071610000 11549
1512071610000 11549
1512071610000 11549
1512071610000 11549
1512071610000 11549
1512071610000 11549
1512071610000 11550
1512071610000 11550
1512071610000 11550
1512071610000 11550
1512071610000 11550
1512071610000 11551
1512071610000 11551
1512071620000 11479
1512071620000 11480
1512071620000 11480
1512071620000 11480
1512071620000 11480
1512071620000 11480
1512071620000 11480
1512071620000 11480
1512071620000 11481
1512071620000 11481
1512071620000 11481
1512071620000 11481
1512071620000 11481
1512071620000 11481
1512071620000 11481
1512071620000 11482
1512071620000 11482
1512071620000 11482
1512071620000 11482
1512071620000 11482
1512071620000 11482
1512071620000 11482
1512071620000 11483
1512071620000 11483
1512071620000 11483
1512071620000 11483
1512071620000 11483
1512071620000 11483
1512071620000 11483
1512071620000 11484
1512071620000 11484
1512071620000 11484
1512071620000 11484
1512071620000 11484
1512071620000 11484
1512071620000 11484
1512071620000 11485
1512071620000 11485
1512071620000 11485
1512071620000 11485
1512071620000 11485
1512071620000 11485
1512071620000 11486
1512071620000 11486
1512071620000 11486
1512071620000 11486
1512071620000 11486
1512071620000 11486
1512071620000 11486
1512071620000 11487
1512071620000 11487
1512071620000 11487
1512071620000 11487
1512071620000 11487
1512071620000 11487
1512071620000 11488
1512071620000 11488
1512071620000 11488
1512071620000 11488
1512071620000 11488
1512071620000 11488
1512071620000 11488
1512071620000 11489
1512071620000 11489
1512071620000 11489
1512071620000 11489
1512071620000 11489
1512071620000 11489
1512071620000 11490
1512071620000 11490
1512071620000 11490
1512071620000 11490
1512071620000 11490
1512071620000 11490
1512071620000 11490
1512071620000 11491
1512071620000 11491
1512071620000 11491
1512071620000 11491
1512071620000 11491
1512071620000 11491
1512071620000 11492
1512071620000 11492
1512071620000 11492
1512071620000 11492
1512071620000 11492
1512071620000 11492
1512071620000 11492
1512071620000 11493
1512071620000 11493
1512071620000 11493
1512071620000 11493
1512071620000 11493
1512071620000 11493
1512071620000 11494
1512071620000 11494
1512071620000 11494
1512071620000 11494
1512071620000 11494
1512071620000 11494
1512071630000 11508
1512071630000 11508
1512071630000 11508
1512071630000 11508
1512071630000 11508
1512071630000 11508
1512071630000 11509
1512071630000 11509
1512071630000 11509
1512071630000 11509
1512071630000 11509
1512071630000 11509
1512071630000 11509
1512071630000 11510
1512071630000 11510
1512071630000 11510
1512071630000 11510
1512071630000 11510
1512071630000 11510
1512071630000 11510
1512071630000 11511
1512071630000 11511
1512071630000 11511
1512071630000 11511
1512071630000 11511
1512071630000 11511
1512071630000 11511
1512071630000 11512
1512071630000 11512
1512071630000 11512
1512071630000 11512
1512071630000 11512
1512071630000 11512
1512071630000 11512
1512071630000 11513
1512071630000 11513
1512071630000 11513
1512071630000 11513
1512071630000 11513
1512071630000 11513
1512071630000 11514
1512071630000 11514
1512071630000 11514
1512071630000 11514
1512071630000 11514
1512071630000 11514
1512071630000 11514
1512071630000 11515
1512071630000 11515
1512071630000 11515
1512071630000 11515
1512071630000 11515
1512071630000 11515
1512071630000 11515
1512071630000 11516
1512071630000 11516
1512071630000 11516
1512071630000 11516
1512071630000 11516
1512071630000 11516
1512071630000 11516
1512071630000 11517
1512071630000 11517
1512071630000 11517
1512071630000 11517
1512071630000 11517
1512071630000 11517
1512071630000 11517
1512071630000 11518
1512071630000 11518
1512071630000 11518
1512071630000 11518
1512071630000 11518
1512071630000 11518
1512071630000 11519
1512071630000 11519
1512071630000 11519
1512071630000 11519
1512071630000 11519
1512071630000 11519
1512071630000 11519
1512071630000 11520
1512071630000 11520
1512071630000 11520
1512071630000 11520
1512071630000 11520
1512071630000 11520
1512071630000 11521
1512071630000 11521
1512071630000 11521
1512071630000 11521
1512071630000 11521
1512071630000 11521
1512071630000 11521
1512071630000 11522
1512071630000 11522
1512071630000 11522
1512071630000 11522
1512071630000 11522
1512071630000 11522
1512071640000 11456
1512071640000 11456
1512071640000 11457
1512071640000 11457
1512071640000 11457
1512071640000 11457
1512071640000 11457
1512071640000 11457
1512071640000 11457
1512071640000 11458
1512071640000 11458
1512071640000 11458
1512071640000 11458
1512071640000 11458
1512071640000 11458
1512071640000 11458
1512071640000 11459
1512071640000 11459
1512071640000 11459
1512071640000 11459
1512071640000 11459
1512071640000 11459
1512071640000 11459
1512071640000 11460
1512071640000 11460
1512071640000 11460
1512071640000 11460
1512071640000 11460
1512071640000 11460
1512071640000 11460
1512071640000 11461
1512071640000 11461
1512071640000 11461
1512071640000 11461
1512071640000 11461
1512071640000 11461
1512071640000 11461
1512071640000 11462
1512071640000 11462
1512071640000 11462
1512071640000 11462
1512071640000 11462
1512071640000 11462
1512071640000 11463
1512071640000 11463
1512071640000 11463
1512071640000 11463
1512071640000 11463
1512071640000 11463
1512071640000 11463
1512071640000 11464
1512071640000 11464
1512071640000 11464
1512071640000 11464
1512071640000 11464
1512071640000 11464
1512071640000 11464
1512071640000 11464
1512071640000 11465
1512071640000 11465
1512071640000 11465
1512071640000 11465
1512071640000 11465
1512071640000 11465
1512071640000 11466
1512071640000 11466
1512071640000 11466
1512071640000 11466
1512071640000 11466
1512071640000 11466
1512071640000 11466
1512071640000 11467
1512071640000 11467
1512071640000 11467
1512071640000 11467
1512071640000 11467
1512071640000 11467
1512071640000 11468
1512071640000 11468
1512071640000 11468
1512071640000 11468
1512071640000 11468
1512071640000 11468
1512071640000 11469
1512071640000 11469
1512071640000 11469
1512071640000 11469
1512071640000 11469
1512071640000 11469
1512071640000 11470
1512071640000 11470
1512071640000 11470
1512071640000 11470
1512071640000 11470
1512071640000 11470
1512071640000 11470
1512071640000 11471
1512071640000 11471
1512071640000 11471
1512071640000 11471
1512071650000 11439
1512071650000 11440
1512071650000 11440
1512071650000 11440
1512071650000 11440
1512071650000 11440
1512071650000 11440
1512071650000 11440
1512071650000 11441
1512071650000 11441
1512071650000 11441
1512071650000 11441
1512071650000 11441
1512071650000 11441
1512071650000 11442
1512071650000 11442
1512071650000 11442
1512071650000 11442
1512071650000 11442
1512071650000 11442
1512071650000 11442
1512071650000 11443
1512071650000 11443
1512071650000 11443
1512071650000 11443
1512071650000 11443
1512071650000 11443
1512071650000 11444
1512071650000 11444
1512071650000 11444
1512071650000 11444
1512071650000 11444
1512071650000 11444
1512071650000 11444
1512071650000 11445
1512071650000 11445
1512071650000 11445
1512071650000 11445
1512071650000 11445
1512071650000 11445
1512071650000 11446
1512071650000 11446
1512071650000 11446
1512071650000 11446
1512071650000 11446
1512071650000 11446
1512071650000 11446
1512071650000 11447
1512071650000 11447
1512071650000 11447
1512071650000 11447
1512071650000 11447
1512071650000 11447
1512071650000 11447
1512071650000 11448
1512071650000 11448
1512071650000 11448
1512071650000 11448
1512071650000 11448
1512071650000 11448
1512071650000 11449
1512071650000 11449
1512071650000 11449
1512071650000 11449
1512071650000 11449
1512071650000 11449
1512071650000 11449
1512071650000 11450
1512071650000 11450
1512071650000 11450
1512071650000 11450
1512071650000 11450
1512071650000 11450
1512071650000 11451
1512071650000 11451
1512071650000 11451
1512071650000 11451
1512071650000 11451
1512071650000 11451
1512071650000 11451
1512071650000 11452
1512071650000 11452
1512071650000 11452
1512071650000 11452
1512071650000 11452
1512071650000 11452
1512071650000 11452
1512071650000 11453
1512071650000 11453
1512071650000 11453
1512071650000 11453
1512071650000 11453
1512071650000 11453
1512071650000 11454
1512071650000 11454
1512071650000 11454
1512071650000 11454
1512071650000 11454
1512071650000 11454
1512071650000 11454
1512071660000 11439
1512071660000 11439
1512071660000 11440
1512071660000 11440
1512071660000 11440
1512071660000 11440
1512071660000 11440
1512071660000 11441
1512071660000 11441
1512071660000 11441
1512071660000 11441
1512071660000 11441
1512071660000 11442
1512071660000 11442
1512071660000 11442
1512071660000 11442
1512071660000 11442
1512071660000 11443
1512071660000 11443
1512071660000 11443
1512071660000 11443
1512071660000 11443
1512071660000 11444
1512071660000 11444
1512071660000 11444
1512071660000 11444
1512071660000 11444
1512071660000 11445
1512071660000 11445
1512071660000 11445
1512071660000 11445
1512071660000 11445
1512071660000 11445
1512071660000 11446
1512071660000 11446
1512071660000 11446
1512071660000 11446
1512071660000 11446
1512071660000 11447
1512071660000 11447
1512071660000 11447
1512071660000 11447
1512071660000 11447
1512071660000 11447
1512071660000 11448
1512071660000 11448
1512071660000 11448
1512071660000 11448
1512071660000 11448
1512071660000 11448
1512071660000 11448
1512071660000 11449
1512071660000 11449
1512071660000 11449
1512071660000 11449
1512071660000 11449
1512071660000 11449
1512071660000 11449
1512071660000 11450
1512071660000 11450
1512071660000 11450
1512071660000 11450
1512071660000 11450
1512071660000 11450
1512071660000 11450
1512071660000 11450
1512071660000 11451
1512071660000 11451
1512071660000 11451
1512071660000 11451
1512071660000 11451
1512071660000 11451
1512071660000 11451
1512071660000 11452
1512071660000 11452
1512071660000 11452
1512071660000 11452
1512071660000 11452
1512071660000 11452
1512071660000 11452
1512071660000 11452
1512071660000 11453
1512071660000 11453
1512071660000 11453
1512071660000 11453
1512071660000 11453
1512071660000 11453
1512071660000 11453
1512071660000 11454
1512071660000 11454
1512071660000 11454
1512071660000 11454
1512071660000 11454
1512071660000 11454
1512071660000 11454
1512071660000 11455
1512071660000 11455
1512071660000 11455
1512071660000 11455
1512071660000 11455
1512071670000 11460
1512071670000 11461
1512071670000 11461
1512071670000 11461
1512071670000 11461
1512071670000 11461
1512071670000 11461
1512071670000 11462
1512071670000 11462
1512071670000 11462
1512071670000 11462
1512071670000 11462
1512071670000 11462
1512071670000 11462
1512071670000 11463
1512071670000 11463
1512071670000 11463
1512071670000 11463
1512071670000 11463
1512071670000 11463
1512071670000 11464
1512071670000 11464
1512071670000 11464
1512071670000 11464
1512071670000 11464
1512071670000 11465
1512071670000 11465
1512071670000 11465
1512071670000 11465
1512071670000 11465
1512071670000 11466
1512071670000 11466
1512071670000 11466
1512071670000 11466
1512071670000 11466
1512071670000 11467
1512071670000 11467
1512071670000 11467
1512071670000 11467
1512071670000 11467
1512071670000 11467
1512071670000 11468
1512071670000 11468
1512071670000 11468
1512071670000 11468
1512071670000 11468
1512071670000 11468
1512071670000 11469
1512071670000 11469
1512071670000 11469
1512071670000 11469
1512071670000 11469
1512071670000 11469
1512071670000 11470
1512071670000 11470
1512071670000 11470
1512071670000 11470
1512071670000 11470
1512071670000 11470
1512071670000 11471
1512071670000 11471
1512071670000 11471
1512071670000 11471
1512071670000 11471
1512071670000 11471
1512071670000 11472
1512071670000 11472
1512071670000 11472
1512071670000 11472
1512071670000 11472
1512071670000 11472
1512071670000 11473
1512071670000 11473
1512071670000 11473
1512071670000 11473
1512071670000 11473
1512071670000 11473
1512071670000 11474
1512071670000 11474
1512071670000 11474
1512071670000 11474
1512071670000 11474
1512071670000 11474
1512071670000 11475
1512071670000 11475
1512071670000 11475
1512071670000 11475
1512071670000 11475
1512071670000 11475
1512071670000 11476
1512071670000 11476
1512071670000 11476
1512071670000 11476
1512071670000 11476
1512071670000 11476
1512071670000 11477
1512071670000 11477
1512071670000 11477
1512071670000 11477
1512071670000 11477
1512071680000 11492
1512071680000 11493
1512071680000 11493
1512071680000 11493
1512071680000 11493
1512071680000 11493
1512071680000 11494
1512071680000 11494
1512071680000 11494
1512071680000 11494
1512071680000 11494
1512071680000 11494
1512071680000 11495
1512071680000 11495
1512071680000 11495
1512071680000 11495
1512071680000 11495
1512071680000 11495
1512071680000 11496
1512071680000 11496
1512071680000 11496
1512071680000 11496
1512071680000 11496
1512071680000 11496
1512071680000 11497
1512071680000 11497
1512071680000 11497
1512071680000 11497
1512071680000 11497
1512071680000 11497
1512071680000 11498
1512071680000 11498
1512071680000 11498
1512071680000 11498
1512071680000 11498
1512071680000 11498
1512071680000 11498
1512071680000 11498
1512071680000 11499
1512071680000 11499
1512071680000 11499
1512071680000 11499
1512071680000 11499
1512071680000 11499
1512071680000 11499
1512071680000 11500
1512071680000 11500
1512071680000 11500
1512071680000 11500
1512071680000 11500
1512071680000 11500
1512071680000 11500
1512071680000 11501
1512071680000 11501
1512071680000 11501
1512071680000 11501
1512071680000 11501
1512071680000 11501
1512071680000 11501
1512071680000 11501
1512071680000 11502
1512071680000 11502
1512071680000 11502
1512071680000 11502
1512071680000 11502
1512071680000 11502
1512071680000 11503
1512071680000 11503
1512071680000 11503
1512071680000 11503
1512071680000 11503
1512071680000 11503
1512071680000 11503
1512071680000 11503
1512071680000 11504
1512071680000 11504
1512071680000 11504
1512071680000 11504
1512071680000 11504
1512071680000 11504
1512071680000 11504
1512071680000 11505
1512071680000 11505
1512071680000 11505
1512071680000 11505
1512071680000 11505
1512071680000 11505
1512071680000 11505
1512071680000 11506
1512071680000 11506
1512071680000 11506
1512071680000 11506
1512071680000 11506
1512071680000 11506
1512071680000 11506
1512071680000 11507
1512071680000 11507
1512071680000 11507
1512071680000 11507
1512071680000 11507
1512071690000 11499
1512071690000 11499
1512071690000 11499
1512071690000 11499
1512071690000 11500
1512071690000 11500
1512071690000 11500
1512071690000 11500
1512071690000 11500
1512071690000 11500
1512071690000 11501
1512071690000 11501
1512071690000 11501
1512071690000 11501
1512071690000 11501
1512071690000 11501
1512071690000 11502
1512071690000 11502
1512071690000 11502
1512071690000 11502
1512071690000 11502
1512071690000 11503
1512071690000 11503
1512071690000 11503
1512071690000 11503
1512071690000 11503
1512071690000 11503
1512071690000 11504
1512071690000 11504
1512071690000 11504
1512071690000 11504
1512071690000 11504
1512071690000 11504
1512071690000 11505
1512071690000 11505
1512071690000 11505
1512071690000 11505
1512071690000 11505
1512071690000 11505
1512071690000 11506
1512071690000 11506
1512071690000 11506
1512071690000 11506
1512071690000 11506
1512071690000 11506
1512071690000 11507
1512071690000 11507
1512071690000 11507
1512071690000 11507
1512071690000 11507
1512071690000 11507
1512071690000 11508
1512071690000 11508
1512071690000 11508
1512071690000 11508
1512071690000 11508
1512071690000 11509
1512071690000 11509
1512071690000 11509
1512071690000 11509
1512071690000 11509
1512071690000 11509
1512071690000 11510
1512071690000 11510
1512071690000 11510
1512071690000 11510
1512071690000 11510
1512071690000 11510
1512071690000 11510
1512071690000 11511
1512071690000 11511
1512071690000 11511
1512071690000 11511
1512071690000 11511
1512071690000 11511
1512071690000 11512
1512071690000 11512
1512071690000 11512
1512071690000 11512
1512071690000 11512
1512071690000 11512
1512071690000 11513
1512071690000 11513
1512071690000 11513
1512071690000 11513
1512071690000 11513
1512071690000 11513
1512071690000 11514
1512071690000 11514
1512071690000 11514
1512071690000 11514
1512071690000 11514
1512071690000 11514
1512071690000 11514
1512071690000 11515
1512071690000 11515
1512071690000 11515
1512071690000 11515
1512071690000 11515
1512071690000 11515
1512071700000 11482
1512071700000 11483
1512071700000 11483
1512071700000 11483
1512071700000 11483
1512071700000 11483
1512071700000 11483
1512071700000 11484
1512071700000 11484
1512071700000 11484
1512071700000 11484
1512071700000 11484
1512071700000 11484
1512071700000 11485
1512071700000 11485
1512071700000 11485
1512071700000 11485
1512071700000 11485
1512071700000 11485
1512071700000 11486
1512071700000 11486
1512071700000 11486
1512071700000 11486
1512071700000 11486
1512071700000 11486
1512071700000 11487
1512071700000 11487
1512071700000 11487
1512071700000 11487
1512071700000 11487
1512071700000 11487
1512071700000 11488
1512071700000 11488
1512071700000 11488
1512071700000 11488
1512071700000 11488
1512071700000 11488
1512071700000 11489
1512071700000 11489
1512071700000 11489
1512071700000 11489
1512071700000 11489
1512071700000 11489
1512071700000 11490
1512071700000 11490
1512071700000 11490
1512071700000 11490
1512071700000 11490
1512071700000 11490
1512071700000 11490
1512071700000 11491
1512071700000 11491
1512071700000 11491
1512071700000 11491
1512071700000 11491
1512071700000 11491
1512071700000 11492
1512071700000 11492
1512071700000 11492
1512071700000 11492
1512071700000 11492
1512071700000 11492
1512071700000 11492
1512071700000 11493
1512071700000 11493
1512071700000 11493
1512071700000 11493
1512071700000 11493
1512071700000 11493
1512071700000 11494
1512071700000 11494
1512071700000 11494
1512071700000 11494
1512071700000 11494
1512071700000 11494
1512071700000 11494
1512071700000 11495
1512071700000 11495
1512071700000 11495
1512071700000 11495
1512071700000 11495
1512071700000 11495
1512071700000 11496
1512071700000 11496
1512071700000 11496
1512071700000 11496
1512071700000 11496
1512071700000 11496
1512071700000 11496
1512071700000 11497
1512071700000 11497
1512071700000 11497
1512071700000 11497
1512071700000 11497
1512071700000 11497
1512071700000 11498
1512071700000 11498
1512071700000 11498
1512071700000 11498
1512071700000 11498
1512071710000 11501
1512071710000 11501
1512071710000 11501
1512071710000 11501
1512071710000 11501
1512071710000 11501
1512071710000 11502
1512071710000 11502
1512071710000 11502
1512071710000 11502
1512071710000 11502
1512071710000 11502
1512071710000 11502
1512071710000 11503
1512071710000 11503
1512071710000 11503
1512071710000 11503
1512071710000 11503
1512071710000 11503
1512071710000 11504
1512071710000 11504
1512071710000 11504
1512071710000 11504
1512071710000 11504
1512071710000 11504
1512071710000 11505
1512071710000 11505
1512071710000 11505
1512071710000 11505
1512071710000 11505
1512071710000 11505
1512071710000 11505
1512071710000 11506
1512071710000 11506
1512071710000 11506
1512071710000 11506
1512071710000 11506
1512071710000 11506
1512071710000 11507
1512071710000 11507
1512071710000 11507
1512071710000 11507
1512071710000 11507
1512071710000 11507
1512071710000 11507
1512071710000 11508
1512071710000 11508
1512071710000 11508
1512071710000 11508
1512071710000 11508
1512071710000 11508
1512071710000 11509
1512071710000 11509
1512071710000 11509
1512071710000 11509
1512071710000 11509
1512071710000 11509
1512071710000 11509
1512071710000 11510
1512071710000 11510
1512071710000 11510
1512071710000 11510
1512071710000 11510
1512071710000 11510
1512071710000 11511
1512071710000 11511
1512071710000 11511
1512071710000 11511
1512071710000 11511
1512071710000 11511
1512071710000 11512
1512071710000 11512
1512071710000 11512
1512071710000 11512
1512071710000 11512
1512071710000 11512
1512071710000 11513
1512071710000 11513
1512071710000 11513
1512071710000 11513
1512071710000 11513
1512071710000 11513
1512071710000 11513
1512071710000 11514
1512071710000 11514
1512071710000 11514
1512071710000 11514
1512071710000 11514
1512071710000 11514
1512071710000 11515
1512071710000 11515
1512071710000 11515
1512071710000 11515
1512071710000 11515
1512071710000 11515
1512071710000 11516
1512071710000 11516
1512071710000 11516
1512071710000 11516
1512071710000 11516
1512071720000 11509
1512071720000 11509
1512071720000 11509
1512071720000 11509
1512071720000 11510
1512071720000 11510
1512071720000 11510
1512071720000 11510
1512071720000 11510
1512071720000 11510
1512071720000 11510
1512071720000 11511
1512071720000 11511
1512071720000 11511
1512071720000 11511
1512071720000 11511
1512071720000 11511
1512071720000 11512
1512071720000 11512
1512071720000 11512
1512071720000 11512
1512071720000 11512
1512071720000 11512
1512071720000 11513
1512071720000 11513
1512071720000 11513
1512071720000 11513
1512071720000 11513
1512071720000 11513
1512071720000 11513
1512071720000 11514
1512071720000 11514
1512071720000 11514
1512071720000 11514
1512071720000 11514
1512071720000 11514
1512071720000 11515
1512071720000 11515
1512071720000 11515
1512071720000 11515
1512071720000 11515
1512071720000 11515
1512071720000 11515
1512071720000 11516
1512071720000 11516
1512071720000 11516
1512071720000 11516
1512071720000 11516
1512071720000 11516
1512071720000 11517
1512071720000 11517
1512071720000 11517
1512071720000 11517
1512071720000 11517
1512071720000 11517
1512071720000 11518
1512071720000 11518
1512071720000 11518
1512071720000 11518
1512071720000 11518
1512071720000 11518
1512071720000 11518
1512071720000 11519
1512071720000 11519
1512071720000 11519
1512071720000 11519
1512071720000 11519
1512071720000 11519
1512071720000 11520
1512071720000 11520
1512071720000 11520
1512071720000 11520
1512071720000 11520
1512071720000 11520
1512071720000 11520
1512071720000 11521
1512071720000 11521
1512071720000 11521
1512071720000 11521
1512071720000 11521
1512071720000 11521
1512071720000 11522
1512071720000 11522
1512071720000 11522
1512071720000 11522
1512071720000 11522
1512071720000 11522
1512071720000 11522
1512071720000 11523
1512071720000 11523
1512071720000 11523
1512071720000 11523
1512071720000 11523
1512071720000 11523
1512071720000 11523
1512071720000 11524
1512071720000 11524
1512071720000 11524
1512071720000 11524
1512071720000 11524
1512071730000 11454
1512071730000 11454
1512071730000 11454
1512071730000 11454
1512071730000 11454
1512071730000 11455
1512071730000 11455
1512071730000 11455
1512071730000 11455
1512071730000 11455
1512071730000 11456
1512071730000 11456
1512071730000 11456
1512071730000 11456
1512071730000 11456
1512071730000 11457
1512071730000 11457
1512071730000 11457
1512071730000 11457
1512071730000 11457
1512071730000 11458
1512071730000 11458
1512071730000 11458
1512071730000 11458
1512071730000 11458
1512071730000 11459
1512071730000 11459
1512071730000 11459
1512071730000 11459
1512071730000 11459
1512071730000 11459
1512071730000 11460
1512071730000 11460
1512071730000 11460
1512071730000 11460
1512071730000 11460
1512071730000 11460
1512071730000 11461
1512071730000 11461
1512071730000 11461
1512071730000 11461
1512071730000 11461
1512071730000 11461
1512071730000 11462
1512071730000 11462
1512071730000 11462
1512071730000 11462
1512071730000 11463
1512071730000 11463
1512071730000 11463
1512071730000 11463
1512071730000 11463
1512071730000 11464
1512071730000 11464
1512071730000 11464
1512071730000 11464
1512071730000 11464
1512071730000 11465
1512071730000 11465
1512071730000 11465
1512071730000 11465
1512071730000 11465
1512071730000 11466
1512071730000 11466
1512071730000 11466
1512071730000 11466
1512071730000 11466
1512071730000 11466
1512071730000 11467
1512071730000 11467
1512071730000 11467
1512071730000 11467
1512071730000 11467
1512071730000 11467
1512071730000 11467
1512071730000 11468
1512071730000 11468
1512071730000 11468
1512071730000 11468
1512071730000 11468
1512071730000 11468
1512071730000 11469
1512071730000 11469
1512071730000 11469
1512071730000 11469
1512071730000 11469
1512071730000 11469
1512071730000 11469
1512071730000 11470
1512071730000 11470
1512071730000 11470
1512071730000 11470
1512071730000 11470
1512071730000 11470
1512071730000 11471
1512071730000 11471
1512071730000 11471
1512071730000 11471
1512071730000 11471
1512071730000 11471
1512071740000 11461
1512071740000 11461
1512071740000 11461
1512071740000 11461
1512071740000 11462
1512071740000 11462
1512071740000 11462
1512071740000 11462
1512071740000 11462
1512071740000 11462
1512071740000 11463
1512071740000 11463
1512071740000 11463
1512071740000 11463
1512071740000 11463
1512071740000 11463
1512071740000 11464
1512071740000 11464
1512071740000 11464
1512071740000 11464
1512071740000 11464
1512071740000 11464
1512071740000 11465
1512071740000 11465
1512071740000 11465
1512071740000 11465
1512071740000 11465
1512071740000 11466
1512071740000 11466
1512071740000 11466
1512071740000 11466
1512071740000 11467
1512071740000 11467
1512071740000 11467
1512071740000 11467
1512071740000 11467
1512071740000 11468
1512071740000 11468
1512071740000 11468
1512071740000 11468
1512071740000 11469
1512071740000 11469
1512071740000 11469
1512071740000 11469
1512071740000 11469
1512071740000 11470
1512071740000 11470
1512071740000 11470
1512071740000 11470
1512071740000 11471
1512071740000 11471
1512071740000 11471
1512071740000 11471
1512071740000 11471
1512071740000 11472
1512071740000 11472
1512071740000 11472
1512071740000 11472
1512071740000 11472
1512071740000 11473
1512071740000 11473
1512071740000 11473
1512071740000 11473
1512071740000 11474
1512071740000 11474
1512071740000 11474
1512071740000 11474
1512071740000 11474
1512071740000 11475
1512071740000 11475
1512071740000 11475
1512071740000 11475
1512071740000 11475
1512071740000 11476
1512071740000 11476
1512071740000 11476
1512071740000 11476
1512071740000 11476
1512071740000 11476
1512071740000 11477
1512071740000 11477
1512071740000 11477
1512071740000 11477
1512071740000 11477
1512071740000 11478
1512071740000 11478
1512071740000 11478
1512071740000 11478
1512071740000 11478
1512071740000 11479
1512071740000 11479
1512071740000 11479
1512071740000 11479
1512071740000 11479
1512071740000 11479
1512071740000 11479
1512071740000 11480
1512071740000 11480
1512071740000 11480
1512071740000 11480
1512071750000 11502
1512071750000 11502
1512071750000 11502
1512071750000 11502
1512071750000 11502
1512071750000 11502
1512071750000 11503
1512071750000 11503
1512071750000 11503
1512071750000 11503
1512071750000 11503
1512071750000 11503
1512071750000 11504
1512071750000 11504
1512071750000 11504
1512071750000 11504
1512071750000 11504
1512071750000 11504
1512071750000 11505
1512071750000 11505
1512071750000 11505
1512071750000 11505
1512071750000 11505
1512071750000 11506
1512071750000 11506
1512071750000 11506
1512071750000 11506
1512071750000 11506
1512071750000 11506
1512071750000 11507
1512071750000 11507
1512071750000 11507
1512071750000 11507
1512071750000 11507
1512071750000 11507
1512071750000 11508
1512071750000 11508
1512071750000 11508
1512071750000 11508
1512071750000 11508
1512071750000 11508
1512071750000 11508
1512071750000 11509
1512071750000 11509
1512071750000 11509
1512071750000 11509
1512071750000 11509
1512071750000 11509
1512071750000 11509
1512071750000 11510
1512071750000 11510
1512071750000 11510
1512071750000 11510
1512071750000 11510
1512071750000 11510
1512071750000 11510
1512071750000 11511
1512071750000 11511
1512071750000 11511
1512071750000 11511
1512071750000 11511
1512071750000 11511
1512071750000 11511
1512071750000 11512
1512071750000 11512
1512071750000 11512
1512071750000 11512
1512071750000 11512
1512071750000 11512
1512071750000 11512
1512071750000 11513
1512071750000 11513
1512071750000 11513
1512071750000 11513
1512071750000 11513
1512071750000 11513
1512071750000 11514
1512071750000 11514
1512071750000 11514
1512071750000 11514
1512071750000 11514
1512071750000 11514
1512071750000 11514
1512071750000 11515
1512071750000 11515
1512071750000 11515
1512071750000 11515
1512071750000 11515
1512071750000 11515
1512071750000 11515
1512071750000 11516
1512071750000 11516
1512071750000 11516
1512071750000 11516
1512071750000 11516
1512071750000 11516
1512071750000 11516
1512071750000 11517
1512071750000 11517
1512071750000 11517
1512071760000 11453
1512071760000 11454
1512071760000 11454
1512071760000 11454
1512071760000 11454
1512071760000 11454
1512071760000 11454
1512071760000 11455
1512071760000 11455
1512071760000 11455
1512071760000 11455
1512071760000 11455
1512071760000 11455
1512071760000 11455
1512071760000 11456
1512071760000 11456
1512071760000 11456
1512071760000 11456
1512071760000 11456
1512071760000 11456
1512071760000 11456
1512071760000 11456
1512071760000 11457
1512071760000 11457
1512071760000 11457
1512071760000 11457
1512071760000 11457
1512071760000 11457
1512071760000 11458
1512071760000 11458
1512071760000 11458
1512071760000 11458
1512071760000 11458
1512071760000 11458
1512071760000 11459
1512071760000 11459
1512071760000 11459
1512071760000 11459
1512071760000 11459
1512071760000 11459
1512071760000 11459
1512071760000 11460
1512071760000 11460
1512071760000 11460
1512071760000 11460
1512071760000 11460
1512071760000 11460
1512071760000 11460
1512071760000 11461
1512071760000 11461
1512071760000 11461
1512071760000 11461
1512071760000 11461
1512071760000 11461
1512071760000 11461
1512071760000 11462
1512071760000 11462
1512071760000 11462
1512071760000 11462
1512071760000 11462
1512071760000 11462
1512071760000 11462
1512071760000 11463
1512071760000 11463
1512071760000 11463
1512071760000 11463
1512071760000 11463
1512071760000 11463
1512071760000 11463
1512071760000 11464
1512071760000 11464
1512071760000 11464
1512071760000 11464
1512071760000 11464
1512071760000 11464
1512071760000 11464
1512071760000 11465
1512071760000 11465
1512071760000 11465
1512071760000 11465
1512071760000 11465
1512071760000 11465
1512071760000 11465
1512071760000 11466
1512071760000 11466
1512071760000 11466
1512071760000 11466
1512071760000 11466
1512071760000 11466
1512071760000 11466
1512071760000 11467
1512071760000 11467
1512071760000 11467
1512071760000 11467
1512071760000 11467
1512071760000 11467
1512071760000 11467
1512071760000 11468
1512071760000 11468
1512071760000 11468
1512071770000 9539
1512071770000 9539
1512071770000 9540
1512071770000 9540
1512071770000 9540
1512071770000 9540
1512071770000 9540
1512071770000 9540
1512071770000 9541
1512071770000 9541
1512071770000 9541
1512071770000 9541
1512071770000 9541
1512071770000 9541
1512071770000 9541
1512071770000 9542
1512071770000 9542
1512071770000 9542
1512071770000 9542
1512071770000 9542
1512071770000 9542
1512071770000 9543
1512071770000 9543
1512071770000 9543
1512071770000 9543
1512071770000 9543
1512071770000 9543
1512071770000 9543
1512071770000 9544
1512071770000 9544
1512071770000 9544
1512071770000 9544
1512071770000 9544
1512071770000 9544
1512071770000 9544
1512071770000 9545
1512071770000 9545
1512071770000 9545
1512071770000 9545
1512071770000 9545
1512071770000 9545
1512071770000 9545
1512071770000 9546
1512071770000 9546
1512071770000 9546
1512071770000 9546
1512071770000 9546
1512071770000 9546
1512071770000 9547
1512071770000 9547
1512071770000 9547
1512071770000 9547
1512071770000 9547
1512071770000 9547
1512071770000 9548
1512071770000 9548
1512071770000 9548
1512071770000 9548
1512071770000 9548
1512071770000 9548
1512071770000 9548
1512071770000 9549
1512071770000 9549
1512071770000 9549
1512071770000 9549
1512071770000 9549
1512071770000 9550
1512071770000 9550
1512071770000 9550
1512071770000 9550
1512071770000 9550
1512071770000 9550
1512071770000 9550
1512071770000 9551
1512071770000 9551
1512071770000 9551
1512071770000 9551
1512071770000 9551
1512071770000 9551
1512071770000 9552
1512071770000 9552
1512071770000 9552
1512071770000 9552
1512071770000 9552
1512071770000 9552
1512071770000 9552
1512071770000 9553
1512071770000 9553
1512071770000 9553
1512071770000 9553
1512071770000 9553
1512071770000 9553
1512071770000 9554
1512071770000 9554
1512071770000 9554
1512071770000 9554
1512071770000 9554
1512071770000 9554
1512071770000 9554
1512071770000 9555
