1512068810000 11949
1512068810000 11949
1512068810000 11950
1512068810000 11950
1512068810000 11950
1512068810000 11950
1512068810000 11950
1512068810000 11951
1512068810000 11951
1512068810000 11951
1512068810000 11951
1512068810000 11951
1512068810000 11952
1512068810000 11952
1512068810000 11952
1512068810000 11952
1512068810000 11952
1512068810000 11953
1512068810000 11953
1512068810000 11953
1512068810000 11953
1512068810000 11953
1512068810000 11953
1512068810000 11954
1512068810000 11954
1512068810000 11954
1512068810000 11954
1512068810000 11954
1512068810000 11955
1512068810000 11955
1512068810000 11955
1512068810000 11955
1512068810000 11955
1512068810000 11956
1512068810000 11956
1512068810000 11956
1512068810000 11956
1512068810000 11956
1512068810000 11957
1512068810000 11957
1512068810000 11957
1512068810000 11957
1512068810000 11957
1512068810000 11957
1512068810000 11958
1512068810000 11958
1512068810000 11958
1512068810000 11958
1512068810000 11958
1512068810000 11959
1512068810000 11959
1512068810000 11959
1512068810000 11959
1512068810000 11959
1512068810000 11960
1512068810000 11960
1512068810000 11960
1512068810000 11960
1512068810000 11960
1512068810000 11961
1512068810000 11961
1512068810000 11961
1512068810000 11961
1512068810000 11961
1512068810000 11961
1512068810000 11962
1512068810000 11962
1512068810000 11962
1512068810000 11962
1512068810000 11962
1512068810000 11963
1512068810000 11963
1512068810000 11963
1512068810000 11963
1512068810000 11963
1512068810000 11964
1512068810000 11964
1512068810000 11964
1512068810000 11964
1512068810000 11964
1512068810000 11965
1512068810000 11965
1512068810000 11965
1512068810000 11965
1512068810000 11965
1512068810000 11966
1512068810000 11966
1512068810000 11966
1512068810000 11966
1512068810000 11966
1512068810000 11967
1512068810000 11967
1512068810000 11967
1512068810000 11967
1512068810000 11967
1512068810000 11968
1512068810000 11968
1512068810000 11968
1512068810000 11968
1512068810000 11968
1512068820000 11466
1512068820000 11466
1512068820000 11467
1512068820000 11467
1512068820000 11467
1512068820000 11467
1512068820000 11467
1512068820000 11467
1512068820000 11467
1512068820000 11468
1512068820000 11468
1512068820000 11468
1512068820000 11468
1512068820000 11468
1512068820000 11468
1512068820000 11468
1512068820000 11468
1512068820000 11469
1512068820000 11469
1512068820000 11469
1512068820000 11469
1512068820000 11469
1512068820000 11469
1512068820000 11469
1512068820000 11470
1512068820000 11470
1512068820000 11470
1512068820000 11470
1512068820000 11470
1512068820000 11470
1512068820000 11470
1512068820000 11471
1512068820000 11471
1512068820000 11471
1512068820000 11471
1512068820000 11471
1512068820000 11471
1512068820000 11471
1512068820000 11471
1512068820000 11472
1512068820000 11472
1512068820000 11472
1512068820000 11472
1512068820000 11472
1512068820000 11472
1512068820000 11472
1512068820000 11473
1512068820000 11473
1512068820000 11473
1512068820000 11473
1512068820000 11473
1512068820000 11473
1512068820000 11473
1512068820000 11473
1512068820000 11474
1512068820000 11474
1512068820000 11474
1512068820000 11474
1512068820000 11474
1512068820000 11474
1512068820000 11474
1512068820000 11475
1512068820000 11475
1512068820000 11475
1512068820000 11475
1512068820000 11475
1512068820000 11475
1512068820000 11475
1512068820000 11476
1512068820000 11476
1512068820000 11476
1512068820000 11476
1512068820000 11476
1512068820000 11476
1512068820000 11476
1512068820000 11476
1512068820000 11477
1512068820000 11477
1512068820000 11477
1512068820000 11477
1512068820000 11477
1512068820000 11477
1512068820000 11477
1512068820000 11478
1512068820000 11478
1512068820000 11478
1512068820000 11478
1512068820000 11478
1512068820000 11478
1512068820000 11478
1512068820000 11478
1512068820000 11479
1512068820000 11479
1512068820000 11479
1512068820000 11479
1512068820000 11479
1512068820000 11479
1512068820000 11479
1512068820000 11480
1512068820000 11480
1512068830000 11464
1512068830000 11464
1512068830000 11465
1512068830000 11465
1512068830000 11465
1512068830000 11465
1512068830000 11465
1512068830000 11465
1512068830000 11465
1512068830000 11465
1512068830000 11465
1512068830000 11465
1512068830000 11466
1512068830000 11466
1512068830000 11466
1512068830000 11466
1512068830000 11466
1512068830000 11466
1512068830000 11466
1512068830000 11466
1512068830000 11466
1512068830000 11466
1512068830000 11467
1512068830000 11467
1512068830000 11467
1512068830000 11467
1512068830000 11467
1512068830000 11467
1512068830000 11467
1512068830000 11467
1512068830000 11467
1512068830000 11467
1512068830000 11468
1512068830000 11468
1512068830000 11468
1512068830000 11468
1512068830000 11468
1512068830000 11468
1512068830000 11468
1512068830000 11468
1512068830000 11468
1512068830000 11468
1512068830000 11469
1512068830000 11469
1512068830000 11469
1512068830000 11469
1512068830000 11469
1512068830000 11469
1512068830000 11469
1512068830000 11469
1512068830000 11470
1512068830000 11470
1512068830000 11470
1512068830000 11470
1512068830000 11470
1512068830000 11470
1512068830000 11470
1512068830000 11471
1512068830000 11471
1512068830000 11471
1512068830000 11471
1512068830000 11471
1512068830000 11471
1512068830000 11471
1512068830000 11472
1512068830000 11472
1512068830000 11472
1512068830000 11472
1512068830000 11472
1512068830000 11472
1512068830000 11473
1512068830000 11473
1512068830000 11473
1512068830000 11473
1512068830000 11473
1512068830000 11473
1512068830000 11473
1512068830000 11474
1512068830000 11474
1512068830000 11474
1512068830000 11474
1512068830000 11474
1512068830000 11474
1512068830000 11474
1512068830000 11475
1512068830000 11475
1512068830000 11475
1512068830000 11475
1512068830000 11475
1512068830000 11475
1512068830000 11476
1512068830000 11476
1512068830000 11476
1512068830000 11476
1512068830000 11476
1512068830000 11476
1512068830000 11476
1512068830000 11477
1512068830000 11477
1512068830000 11477
1512068840000 11430
1512068840000 11431
1512068840000 11431
1512068840000 11431
1512068840000 11431
1512068840000 11431
1512068840000 11432
1512068840000 11432
1512068840000 11432
1512068840000 11432
1512068840000 11433
1512068840000 11433
1512068840000 11433
1512068840000 11433
1512068840000 11433
1512068840000 11433
1512068840000 11434
1512068840000 11434
1512068840000 11434
1512068840000 11434
1512068840000 11434
1512068840000 11434
1512068840000 11434
1512068840000 11435
1512068840000 11435
1512068840000 11435
1512068840000 11435
1512068840000 11435
1512068840000 11435
1512068840000 11435
1512068840000 11436
1512068840000 11436
1512068840000 11436
1512068840000 11436
1512068840000 11436
1512068840000 11436
1512068840000 11436
1512068840000 11437
1512068840000 11437
1512068840000 11437
1512068840000 11437
1512068840000 11437
1512068840000 11437
1512068840000 11437
1512068840000 11438
1512068840000 11438
1512068840000 11438
1512068840000 11438
1512068840000 11438
1512068840000 11438
1512068840000 11438
1512068840000 11439
1512068840000 11439
1512068840000 11439
1512068840000 11439
1512068840000 11439
1512068840000 11439
1512068840000 11439
1512068840000 11440
1512068840000 11440
1512068840000 11440
1512068840000 11440
1512068840000 11440
1512068840000 11440
1512068840000 11440
1512068840000 11441
1512068840000 11441
1512068840000 11441
1512068840000 11441
1512068840000 11441
1512068840000 11441
1512068840000 11441
1512068840000 11442
1512068840000 11442
1512068840000 11442
1512068840000 11442
1512068840000 11442
1512068840000 11442
1512068840000 11442
1512068840000 11443
1512068840000 11443
1512068840000 11443
1512068840000 11443
1512068840000 11443
1512068840000 11443
1512068840000 11443
1512068840000 11444
1512068840000 11444
1512068840000 11444
1512068840000 11444
1512068840000 11444
1512068840000 11444
1512068840000 11444
1512068840000 11445
1512068840000 11445
1512068840000 11445
1512068840000 11445
1512068840000 11445
1512068840000 11445
1512068840000 11445
1512068850000 11449
1512068850000 11449
1512068850000 11449
1512068850000 11449
1512068850000 11449
1512068850000 11450
1512068850000 11450
1512068850000 11450
1512068850000 11450
1512068850000 11450
1512068850000 11451
1512068850000 11451
1512068850000 11451
1512068850000 11451
1512068850000 11451
1512068850000 11451
1512068850000 11452
1512068850000 11452
1512068850000 11452
1512068850000 11452
1512068850000 11452
1512068850000 11453
1512068850000 11453
1512068850000 11453
1512068850000 11453
1512068850000 11453
1512068850000 11454
1512068850000 11454
1512068850000 11454
1512068850000 11454
1512068850000 11454
1512068850000 11454
1512068850000 11455
1512068850000 11455
1512068850000 11455
1512068850000 11455
1512068850000 11455
1512068850000 11456
1512068850000 11456
1512068850000 11456
1512068850000 11456
1512068850000 11456
1512068850000 11457
1512068850000 11457
1512068850000 11457
1512068850000 11457
1512068850000 11457
1512068850000 11458
1512068850000 11458
1512068850000 11458
1512068850000 11458
1512068850000 11458
1512068850000 11458
1512068850000 11458
1512068850000 11459
1512068850000 11459
1512068850000 11459
1512068850000 11459
1512068850000 11459
1512068850000 11459
1512068850000 11459
1512068850000 11460
1512068850000 11460
1512068850000 11460
1512068850000 11460
1512068850000 11460
1512068850000 11460
1512068850000 11461
1512068850000 11461
1512068850000 11461
1512068850000 11461
1512068850000 11461
1512068850000 11461
1512068850000 11461
1512068850000 11462
1512068850000 11462
1512068850000 11462
1512068850000 11462
1512068850000 11462
1512068850000 11462
1512068850000 11462
1512068850000 11463
1512068850000 11463
1512068850000 11463
1512068850000 11463
1512068850000 11463
1512068850000 11463
1512068850000 11464
1512068850000 11464
1512068850000 11464
1512068850000 11464
1512068850000 11464
1512068850000 11464
1512068850000 11464
1512068850000 11465
1512068850000 11465
1512068850000 11465
1512068850000 11465
1512068850000 11465
1512068850000 11465
1512068860000 11448
1512068860000 11448
1512068860000 11449
1512068860000 11449
1512068860000 11449
1512068860000 11449
1512068860000 11449
1512068860000 11449
1512068860000 11450
1512068860000 11450
1512068860000 11450
1512068860000 11450
1512068860000 11450
1512068860000 11450
1512068860000 11451
1512068860000 11451
1512068860000 11451
1512068860000 11451
1512068860000 11451
1512068860000 11451
1512068860000 11451
1512068860000 11452
1512068860000 11452
1512068860000 11452
1512068860000 11452
1512068860000 11452
1512068860000 11452
1512068860000 11452
1512068860000 11453
1512068860000 11453
1512068860000 11453
1512068860000 11453
1512068860000 11453
1512068860000 11453
1512068860000 11453
1512068860000 11454
1512068860000 11454
1512068860000 11454
1512068860000 11454
1512068860000 11454
1512068860000 11454
1512068860000 11454
1512068860000 11455
1512068860000 11455
1512068860000 11455
1512068860000 11455
1512068860000 11455
1512068860000 11455
1512068860000 11455
1512068860000 11455
1512068860000 11456
1512068860000 11456
1512068860000 11456
1512068860000 11456
1512068860000 11456
1512068860000 11456
1512068860000 11456
1512068860000 11457
1512068860000 11457
1512068860000 11457
1512068860000 11457
1512068860000 11457
1512068860000 11457
1512068860000 11458
1512068860000 11458
1512068860000 11458
1512068860000 11458
1512068860000 11458
1512068860000 11458
1512068860000 11458
1512068860000 11459
1512068860000 11459
1512068860000 11459
1512068860000 11459
1512068860000 11459
1512068860000 11459
1512068860000 11459
1512068860000 11460
1512068860000 11460
1512068860000 11460
1512068860000 11460
1512068860000 11460
1512068860000 11460
1512068860000 11460
1512068860000 11461
1512068860000 11461
1512068860000 11461
1512068860000 11461
1512068860000 11461
1512068860000 11461
1512068860000 11461
1512068860000 11462
1512068860000 11462
1512068860000 11462
1512068860000 11462
1512068860000 11462
1512068860000 11462
1512068860000 11462
1512068860000 11463
1512068860000 11463
1512068870000 11422
1512068870000 11422
1512068870000 11422
1512068870000 11422
1512068870000 11422
1512068870000 11423
1512068870000 11423
1512068870000 11423
1512068870000 11423
1512068870000 11423
1512068870000 11423
1512068870000 11423
1512068870000 11424
1512068870000 11424
1512068870000 11424
1512068870000 11424
1512068870000 11424
1512068870000 11424
1512068870000 11424
1512068870000 11425
1512068870000 11425
1512068870000 11425
1512068870000 11425
1512068870000 11425
1512068870000 11425
1512068870000 11425
1512068870000 11426
1512068870000 11426
1512068870000 11426
1512068870000 11426
1512068870000 11426
1512068870000 11426
1512068870000 11426
1512068870000 11427
1512068870000 11427
1512068870000 11427
1512068870000 11427
1512068870000 11427
1512068870000 11427
1512068870000 11427
1512068870000 11428
1512068870000 11428
1512068870000 11428
1512068870000 11428
1512068870000 11428
1512068870000 11428
1512068870000 11428
1512068870000 11429
1512068870000 11429
1512068870000 11429
1512068870000 11429
1512068870000 11429
1512068870000 11429
1512068870000 11429
1512068870000 11430
1512068870000 11430
1512068870000 11430
1512068870000 11430
1512068870000 11430
1512068870000 11430
1512068870000 11430
1512068870000 11431
1512068870000 11431
1512068870000 11431
1512068870000 11431
1512068870000 11431
1512068870000 11431
1512068870000 11432
1512068870000 11432
1512068870000 11432
1512068870000 11432
1512068870000 11432
1512068870000 11432
1512068870000 11433
1512068870000 11433
1512068870000 11433
1512068870000 11433
1512068870000 11433
1512068870000 11433
1512068870000 11433
1512068870000 11434
1512068870000 11434
1512068870000 11434
1512068870000 11434
1512068870000 11434
1512068870000 11434
1512068870000 11435
1512068870000 11435
1512068870000 11435
1512068870000 11435
1512068870000 11435
1512068870000 11435
1512068870000 11435
1512068870000 11436
1512068870000 11436
1512068870000 11436
1512068870000 11436
1512068870000 11436
1512068870000 11436
1512068870000 11437
1512068880000 11427
1512068880000 11427
1512068880000 11427
1512068880000 11427
1512068880000 11427
1512068880000 11427
1512068880000 11427
1512068880000 11427
1512068880000 11428
1512068880000 11428
1512068880000 11428
1512068880000 11428
1512068880000 11428
1512068880000 11428
1512068880000 11428
1512068880000 11428
1512068880000 11428
1512068880000 11428
1512068880000 11429
1512068880000 11429
1512068880000 11429
1512068880000 11429
1512068880000 11429
1512068880000 11429
1512068880000 11429
1512068880000 11429
1512068880000 11429
1512068880000 11429
1512068880000 11429
1512068880000 11430
1512068880000 11430
1512068880000 11430
1512068880000 11430
1512068880000 11430
1512068880000 11430
1512068880000 11430
1512068880000 11430
1512068880000 11430
1512068880000 11430
1512068880000 11430
1512068880000 11431
1512068880000 11431
1512068880000 11431
1512068880000 11431
1512068880000 11431
1512068880000 11431
1512068880000 11431
1512068880000 11431
1512068880000 11431
1512068880000 11431
1512068880000 11432
1512068880000 11432
1512068880000 11432
1512068880000 11432
1512068880000 11432
1512068880000 11432
1512068880000 11432
1512068880000 11432
1512068880000 11432
1512068880000 11432
1512068880000 11433
1512068880000 11433
1512068880000 11433
1512068880000 11433
1512068880000 11433
1512068880000 11433
1512068880000 11433
1512068880000 11433
1512068880000 11433
1512068880000 11433
1512068880000 11434
1512068880000 11434
1512068880000 11434
1512068880000 11434
1512068880000 11434
1512068880000 11434
1512068880000 11434
1512068880000 11434
1512068880000 11434
1512068880000 11434
1512068880000 11434
1512068880000 11435
1512068880000 11435
1512068880000 11435
1512068880000 11435
1512068880000 11435
1512068880000 11435
1512068880000 11435
1512068880000 11435
1512068880000 11435
1512068880000 11435
1512068880000 11435
1512068880000 11436
1512068880000 11436
1512068880000 11436
1512068880000 11436
1512068880000 11436
1512068880000 11436
1512068880000 11436
1512068880000 11436
1512068890000 11429
1512068890000 11430
1512068890000 11430
1512068890000 11430
1512068890000 11430
1512068890000 11430
1512068890000 11430
1512068890000 11430
1512068890000 11431
1512068890000 11431
1512068890000 11431
1512068890000 11431
1512068890000 11431
1512068890000 11431
1512068890000 11432
1512068890000 11432
1512068890000 11432
1512068890000 11432
1512068890000 11432
1512068890000 11432
1512068890000 11433
1512068890000 11433
1512068890000 11433
1512068890000 11433
1512068890000 11433
1512068890000 11433
1512068890000 11433
1512068890000 11434
1512068890000 11434
1512068890000 11434
1512068890000 11434
1512068890000 11434
1512068890000 11434
1512068890000 11434
1512068890000 11435
1512068890000 11435
1512068890000 11435
1512068890000 11435
1512068890000 11435
1512068890000 11435
1512068890000 11435
1512068890000 11436
1512068890000 11436
1512068890000 11436
1512068890000 11436
1512068890000 11436
1512068890000 11436
1512068890000 11436
1512068890000 11437
1512068890000 11437
1512068890000 11437
1512068890000 11437
1512068890000 11437
1512068890000 11437
1512068890000 11437
1512068890000 11438
1512068890000 11438
1512068890000 11438
1512068890000 11438
1512068890000 11438
1512068890000 11438
1512068890000 11439
1512068890000 11439
1512068890000 11439
1512068890000 11439
1512068890000 11439
1512068890000 11439
1512068890000 11439
1512068890000 11440
1512068890000 11440
1512068890000 11440
1512068890000 11440
1512068890000 11440
1512068890000 11440
1512068890000 11440
1512068890000 11441
1512068890000 11441
1512068890000 11441
1512068890000 11441
1512068890000 11441
1512068890000 11441
1512068890000 11442
1512068890000 11442
1512068890000 11442
1512068890000 11442
1512068890000 11442
1512068890000 11442
1512068890000 11442
1512068890000 11443
1512068890000 11443
1512068890000 11443
1512068890000 11443
1512068890000 11443
1512068890000 11443
1512068890000 11444
1512068890000 11444
1512068890000 11444
1512068890000 11444
1512068890000 11444
1512068890000 11444
1512068900000 11454
1512068900000 11454
1512068900000 11454
1512068900000 11454
1512068900000 11454
1512068900000 11454
1512068900000 11454
1512068900000 11455
1512068900000 11455
1512068900000 11455
1512068900000 11455
1512068900000 11455
1512068900000 11455
1512068900000 11455
1512068900000 11455
1512068900000 11456
1512068900000 11456
1512068900000 11456
1512068900000 11456
1512068900000 11456
1512068900000 11456
1512068900000 11456
1512068900000 11457
1512068900000 11457
1512068900000 11457
1512068900000 11457
1512068900000 11457
1512068900000 11457
1512068900000 11458
1512068900000 11458
1512068900000 11458
1512068900000 11458
1512068900000 11458
1512068900000 11458
1512068900000 11458
1512068900000 11459
1512068900000 11459
1512068900000 11459
1512068900000 11459
1512068900000 11459
1512068900000 11459
1512068900000 11459
1512068900000 11460
1512068900000 11460
1512068900000 11460
1512068900000 11460
1512068900000 11460
1512068900000 11460
1512068900000 11460
1512068900000 11461
1512068900000 11461
1512068900000 11461
1512068900000 11461
1512068900000 11461
1512068900000 11461
1512068900000 11461
1512068900000 11462
1512068900000 11462
1512068900000 11462
1512068900000 11462
1512068900000 11462
1512068900000 11462
1512068900000 11462
1512068900000 11463
1512068900000 11463
1512068900000 11463
1512068900000 11463
1512068900000 11463
1512068900000 11463
1512068900000 11463
1512068900000 11464
1512068900000 11464
1512068900000 11464
1512068900000 11464
1512068900000 11464
1512068900000 11464
1512068900000 11464
1512068900000 11465
1512068900000 11465
1512068900000 11465
1512068900000 11465
1512068900000 11465
1512068900000 11465
1512068900000 11465
1512068900000 11466
1512068900000 11466
1512068900000 11466
1512068900000 11466
1512068900000 11466
1512068900000 11466
1512068900000 11466
1512068900000 11467
1512068900000 11467
1512068900000 11467
1512068900000 11467
1512068900000 11467
1512068900000 11467
1512068900000 11468
1512068900000 11468
1512068900000 11468
1512068910000 11428
1512068910000 11428
1512068910000 11429
1512068910000 11429
1512068910000 11429
1512068910000 11429
1512068910000 11429
1512068910000 11429
1512068910000 11429
1512068910000 11429
1512068910000 11429
1512068910000 11429
1512068910000 11430
1512068910000 11430
1512068910000 11430
1512068910000 11430
1512068910000 11430
1512068910000 11430
1512068910000 11430
1512068910000 11430
1512068910000 11430
1512068910000 11430
1512068910000 11430
1512068910000 11431
1512068910000 11431
1512068910000 11431
1512068910000 11431
1512068910000 11431
1512068910000 11431
1512068910000 11431
1512068910000 11431
1512068910000 11431
1512068910000 11431
1512068910000 11432
1512068910000 11432
1512068910000 11432
1512068910000 11432
1512068910000 11432
1512068910000 11432
1512068910000 11432
1512068910000 11432
1512068910000 11432
1512068910000 11432
1512068910000 11432
1512068910000 11433
1512068910000 11433
1512068910000 11433
1512068910000 11433
1512068910000 11433
1512068910000 11433
1512068910000 11433
1512068910000 11433
1512068910000 11433
1512068910000 11433
1512068910000 11434
1512068910000 11434
1512068910000 11434
1512068910000 11434
1512068910000 11434
1512068910000 11434
1512068910000 11434
1512068910000 11434
1512068910000 11434
1512068910000 11434
1512068910000 11434
1512068910000 11435
1512068910000 11435
1512068910000 11435
1512068910000 11435
1512068910000 11435
1512068910000 11435
1512068910000 11435
1512068910000 11435
1512068910000 11435
1512068910000 11435
1512068910000 11436
1512068910000 11436
1512068910000 11436
1512068910000 11436
1512068910000 11436
1512068910000 11436
1512068910000 11436
1512068910000 11436
1512068910000 11436
1512068910000 11436
1512068910000 11436
1512068910000 11437
1512068910000 11437
1512068910000 11437
1512068910000 11437
1512068910000 11437
1512068910000 11437
1512068910000 11437
1512068910000 11437
1512068910000 11437
1512068910000 11437
1512068910000 11438
1512068910000 11438
1512068910000 11438
1512068910000 11438
1512068920000 11428
1512068920000 11428
1512068920000 11429
1512068920000 11429
1512068920000 11429
1512068920000 11429
1512068920000 11429
1512068920000 11429
1512068920000 11429
1512068920000 11430
1512068920000 11430
1512068920000 11430
1512068920000 11430
1512068920000 11430
1512068920000 11430
1512068920000 11431
1512068920000 11431
1512068920000 11431
1512068920000 11431
1512068920000 11431
1512068920000 11431
1512068920000 11432
1512068920000 11432
1512068920000 11432
1512068920000 11432
1512068920000 11432
1512068920000 11432
1512068920000 11433
1512068920000 11433
1512068920000 11433
1512068920000 11433
1512068920000 11433
1512068920000 11433
1512068920000 11433
1512068920000 11434
1512068920000 11434
1512068920000 11434
1512068920000 11434
1512068920000 11434
1512068920000 11434
1512068920000 11435
1512068920000 11435
1512068920000 11435
1512068920000 11435
1512068920000 11435
1512068920000 11435
1512068920000 11435
1512068920000 11436
1512068920000 11436
1512068920000 11436
1512068920000 11436
1512068920000 11436
1512068920000 11436
1512068920000 11436
1512068920000 11437
1512068920000 11437
1512068920000 11437
1512068920000 11437
1512068920000 11437
1512068920000 11437
1512068920000 11437
1512068920000 11438
1512068920000 11438
1512068920000 11438
1512068920000 11438
1512068920000 11438
1512068920000 11438
1512068920000 11438
1512068920000 11438
1512068920000 11439
1512068920000 11439
1512068920000 11439
1512068920000 11439
1512068920000 11439
1512068920000 11439
1512068920000 11439
1512068920000 11439
1512068920000 11440
1512068920000 11440
1512068920000 11440
1512068920000 11440
1512068920000 11440
1512068920000 11440
1512068920000 11440
1512068920000 11440
1512068920000 11440
1512068920000 11441
1512068920000 11441
1512068920000 11441
1512068920000 11441
1512068920000 11441
1512068920000 11441
1512068920000 11441
1512068920000 11441
1512068920000 11442
1512068920000 11442
1512068920000 11442
1512068920000 11442
1512068920000 11442
1512068920000 11442
1512068930000 11433
1512068930000 11433
1512068930000 11434
1512068930000 11434
1512068930000 11434
1512068930000 11434
1512068930000 11434
1512068930000 11434
1512068930000 11434
1512068930000 11435
1512068930000 11435
1512068930000 11435
1512068930000 11435
1512068930000 11435
1512068930000 11435
1512068930000 11435
1512068930000 11436
1512068930000 11436
1512068930000 11436
1512068930000 11436
1512068930000 11436
1512068930000 11436
1512068930000 11436
1512068930000 11437
1512068930000 11437
1512068930000 11437
1512068930000 11437
1512068930000 11437
1512068930000 11437
1512068930000 11438
1512068930000 11438
1512068930000 11438
1512068930000 11438
1512068930000 11438
1512068930000 11438
1512068930000 11438
1512068930000 11438
1512068930000 11439
1512068930000 11439
1512068930000 11439
1512068930000 11439
1512068930000 11439
1512068930000 11439
1512068930000 11439
1512068930000 11440
1512068930000 11440
1512068930000 11440
1512068930000 11440
1512068930000 11440
1512068930000 11440
1512068930000 11440
1512068930000 11441
1512068930000 11441
1512068930000 11441
1512068930000 11441
1512068930000 11441
1512068930000 11441
1512068930000 11442
1512068930000 11442
1512068930000 11442
1512068930000 11442
1512068930000 11442
1512068930000 11442
1512068930000 11442
1512068930000 11443
1512068930000 11443
1512068930000 11443
1512068930000 11443
1512068930000 11443
1512068930000 11443
1512068930000 11443
1512068930000 11444
1512068930000 11444
1512068930000 11444
1512068930000 11444
1512068930000 11444
1512068930000 11444
1512068930000 11444
1512068930000 11445
1512068930000 11445
1512068930000 11445
1512068930000 11445
1512068930000 11445
1512068930000 11445
1512068930000 11445
1512068930000 11446
1512068930000 11446
1512068930000 11446
1512068930000 11446
1512068930000 11446
1512068930000 11446
1512068930000 11446
1512068930000 11447
1512068930000 11447
1512068930000 11447
1512068930000 11447
1512068930000 11447
1512068930000 11447
1512068930000 11447
1512068930000 11448
1512068940000 11437
1512068940000 11437
1512068940000 11437
1512068940000 11437
1512068940000 11437
1512068940000 11437
1512068940000 11437
1512068940000 11437
1512068940000 11437
1512068940000 11437
1512068940000 11437
1512068940000 11438
1512068940000 11438
1512068940000 11438
1512068940000 11438
1512068940000 11438
1512068940000 11438
1512068940000 11438
1512068940000 11438
1512068940000 11438
1512068940000 11438
1512068940000 11438
1512068940000 11439
1512068940000 11439
1512068940000 11439
1512068940000 11439
1512068940000 11439
1512068940000 11439
1512068940000 11439
1512068940000 11439
1512068940000 11439
1512068940000 11439
1512068940000 11439
1512068940000 11440
1512068940000 11440
1512068940000 11440
1512068940000 11440
1512068940000 11440
1512068940000 11440
1512068940000 11440
1512068940000 11440
1512068940000 11440
1512068940000 11440
1512068940000 11441
1512068940000 11441
1512068940000 11441
1512068940000 11441
1512068940000 11441
1512068940000 11441
1512068940000 11441
1512068940000 11441
1512068940000 11442
1512068940000 11442
1512068940000 11442
1512068940000 11442
1512068940000 11442
1512068940000 11443
1512068940000 11443
1512068940000 11443
1512068940000 11443
1512068940000 11443
1512068940000 11443
1512068940000 11443
1512068940000 11444
1512068940000 11444
1512068940000 11444
1512068940000 11444
1512068940000 11444
1512068940000 11445
1512068940000 11445
1512068940000 11445
1512068940000 11445
1512068940000 11445
1512068940000 11445
1512068940000 11446
1512068940000 11446
1512068940000 11446
1512068940000 11446
1512068940000 11446
1512068940000 11446
1512068940000 11446
1512068940000 11447
1512068940000 11447
1512068940000 11447
1512068940000 11447
1512068940000 11447
1512068940000 11447
1512068940000 11447
1512068940000 11447
1512068940000 11448
1512068940000 11448
1512068940000 11448
1512068940000 11448
1512068940000 11448
1512068940000 11448
1512068940000 11448
1512068940000 11449
1512068940000 11449
1512068940000 11449
1512068940000 11449
1512068950000 11436
1512068950000 11436
1512068950000 11436
1512068950000 11436
1512068950000 11436
1512068950000 11436
1512068950000 11436
1512068950000 11437
1512068950000 11437
1512068950000 11437
1512068950000 11437
1512068950000 11437
1512068950000 11437
1512068950000 11437
1512068950000 11438
1512068950000 11438
1512068950000 11438
1512068950000 11438
1512068950000 11438
1512068950000 11438
1512068950000 11439
1512068950000 11439
1512068950000 11439
1512068950000 11439
1512068950000 11439
1512068950000 11439
1512068950000 11439
1512068950000 11440
1512068950000 11440
1512068950000 11440
1512068950000 11440
1512068950000 11440
1512068950000 11440
1512068950000 11440
1512068950000 11441
1512068950000 11441
1512068950000 11441
1512068950000 11441
1512068950000 11441
1512068950000 11441
1512068950000 11441
1512068950000 11442
1512068950000 11442
1512068950000 11442
1512068950000 11442
1512068950000 11442
1512068950000 11442
1512068950000 11442
1512068950000 11443
1512068950000 11443
1512068950000 11443
1512068950000 11443
1512068950000 11443
1512068950000 11443
1512068950000 11443
1512068950000 11443
1512068950000 11444
1512068950000 11444
1512068950000 11444
1512068950000 11444
1512068950000 11444
1512068950000 11444
1512068950000 11444
1512068950000 11445
1512068950000 11445
1512068950000 11445
1512068950000 11445
1512068950000 11445
1512068950000 11445
1512068950000 11445
1512068950000 11445
1512068950000 11446
1512068950000 11446
1512068950000 11446
1512068950000 11446
1512068950000 11446
1512068950000 11446
1512068950000 11446
1512068950000 11447
1512068950000 11447
1512068950000 11447
1512068950000 11447
1512068950000 11447
1512068950000 11447
1512068950000 11447
1512068950000 11447
1512068950000 11448
1512068950000 11448
1512068950000 11448
1512068950000 11448
1512068950000 11448
1512068950000 11448
1512068950000 11448
1512068950000 11449
1512068950000 11449
1512068950000 11449
1512068950000 11449
1512068950000 11449
1512068950000 11449
1512068950000 11449
1512068960000 11447
1512068960000 11447
1512068960000 11447
1512068960000 11447
1512068960000 11447
1512068960000 11448
1512068960000 11448
1512068960000 11448
1512068960000 11448
1512068960000 11448
1512068960000 11448
1512068960000 11448
1512068960000 11449
1512068960000 11449
1512068960000 11449
1512068960000 11449
1512068960000 11449
1512068960000 11449
1512068960000 11449
1512068960000 11450
1512068960000 11450
1512068960000 11450
1512068960000 11450
1512068960000 11450
1512068960000 11450
1512068960000 11450
1512068960000 11451
1512068960000 11451
1512068960000 11451
1512068960000 11451
1512068960000 11451
1512068960000 11451
1512068960000 11451
1512068960000 11451
1512068960000 11452
1512068960000 11452
1512068960000 11452
1512068960000 11452
1512068960000 11452
1512068960000 11452
1512068960000 11452
1512068960000 11453
1512068960000 11453
1512068960000 11453
1512068960000 11453
1512068960000 11453
1512068960000 11453
1512068960000 11453
1512068960000 11454
1512068960000 11454
1512068960000 11454
1512068960000 11454
1512068960000 11454
1512068960000 11454
1512068960000 11454
1512068960000 11455
1512068960000 11455
1512068960000 11455
1512068960000 11455
1512068960000 11455
1512068960000 11455
1512068960000 11455
1512068960000 11456
1512068960000 11456
1512068960000 11456
1512068960000 11456
1512068960000 11456
1512068960000 11456
1512068960000 11456
1512068960000 11457
1512068960000 11457
1512068960000 11457
1512068960000 11457
1512068960000 11457
1512068960000 11457
1512068960000 11457
1512068960000 11458
1512068960000 11458
1512068960000 11458
1512068960000 11458
1512068960000 11458
1512068960000 11458
1512068960000 11458
1512068960000 11459
1512068960000 11459
1512068960000 11459
1512068960000 11459
1512068960000 11459
1512068960000 11459
1512068960000 11459
1512068960000 11460
1512068960000 11460
1512068960000 11460
1512068960000 11460
1512068960000 11460
1512068960000 11460
1512068960000 11460
1512068960000 11461
1512068960000 11461
1512068960000 11461
1512068970000 11419
1512068970000 11419
1512068970000 11419
1512068970000 11419
1512068970000 11419
1512068970000 11419
1512068970000 11420
1512068970000 11420
1512068970000 11420
1512068970000 11420
1512068970000 11420
1512068970000 11420
1512068970000 11420
1512068970000 11421
1512068970000 11421
1512068970000 11421
1512068970000 11421
1512068970000 11421
1512068970000 11421
1512068970000 11421
1512068970000 11422
1512068970000 11422
1512068970000 11422
1512068970000 11422
1512068970000 11422
1512068970000 11422
1512068970000 11422
1512068970000 11423
1512068970000 11423
1512068970000 11423
1512068970000 11423
1512068970000 11423
1512068970000 11423
1512068970000 11423
1512068970000 11424
1512068970000 11424
1512068970000 11424
1512068970000 11424
1512068970000 11424
1512068970000 11424
1512068970000 11424
1512068970000 11425
1512068970000 11425
1512068970000 11425
1512068970000 11425
1512068970000 11425
1512068970000 11425
1512068970000 11425
1512068970000 11426
1512068970000 11426
1512068970000 11426
1512068970000 11426
1512068970000 11426
1512068970000 11426
1512068970000 11426
1512068970000 11427
1512068970000 11427
1512068970000 11427
1512068970000 11427
1512068970000 11427
1512068970000 11427
1512068970000 11427
1512068970000 11428
1512068970000 11428
1512068970000 11428
1512068970000 11428
1512068970000 11428
1512068970000 11428
1512068970000 11428
1512068970000 11429
1512068970000 11429
1512068970000 11429
1512068970000 11429
1512068970000 11429
1512068970000 11429
1512068970000 11429
1512068970000 11430
1512068970000 11430
1512068970000 11430
1512068970000 11430
1512068970000 11430
1512068970000 11430
1512068970000 11430
1512068970000 11431
1512068970000 11431
1512068970000 11431
1512068970000 11431
1512068970000 11431
1512068970000 11431
1512068970000 11431
1512068970000 11432
1512068970000 11432
1512068970000 11432
1512068970000 11432
1512068970000 11432
1512068970000 11432
1512068970000 11432
1512068970000 11433
1512068970000 11433
1512068970000 11433
1512068980000 11414
1512068980000 11415
1512068980000 11415
1512068980000 11415
1512068980000 11415
1512068980000 11415
1512068980000 11415
1512068980000 11415
1512068980000 11415
1512068980000 11415
1512068980000 11415
1512068980000 11415
1512068980000 11416
1512068980000 11416
1512068980000 11416
1512068980000 11416
1512068980000 11416
1512068980000 11416
1512068980000 11416
1512068980000 11416
1512068980000 11416
1512068980000 11417
1512068980000 11417
1512068980000 11417
1512068980000 11417
1512068980000 11417
1512068980000 11417
1512068980000 11417
1512068980000 11417
1512068980000 11418
1512068980000 11418
1512068980000 11418
1512068980000 11418
1512068980000 11418
1512068980000 11418
1512068980000 11418
1512068980000 11419
1512068980000 11419
1512068980000 11419
1512068980000 11419
1512068980000 11419
1512068980000 11419
1512068980000 11419
1512068980000 11420
1512068980000 11420
1512068980000 11420
1512068980000 11420
1512068980000 11420
1512068980000 11420
1512068980000 11420
1512068980000 11421
1512068980000 11421
1512068980000 11421
1512068980000 11421
1512068980000 11421
1512068980000 11421
1512068980000 11421
1512068980000 11422
1512068980000 11422
1512068980000 11422
1512068980000 11422
1512068980000 11422
1512068980000 11422
1512068980000 11422
1512068980000 11423
1512068980000 11423
1512068980000 11423
1512068980000 11423
1512068980000 11423
1512068980000 11423
1512068980000 11423
1512068980000 11424
1512068980000 11424
1512068980000 11424
1512068980000 11424
1512068980000 11424
1512068980000 11424
1512068980000 11424
1512068980000 11425
1512068980000 11425
1512068980000 11425
1512068980000 11425
1512068980000 11425
1512068980000 11425
1512068980000 11426
1512068980000 11426
1512068980000 11426
1512068980000 11426
1512068980000 11426
1512068980000 11427
1512068980000 11427
1512068980000 11427
1512068980000 11427
1512068980000 11427
1512068980000 11428
1512068980000 11428
1512068980000 11428
1512068980000 11428
1512068980000 11428
1512068980000 11429
1512068990000 11448
1512068990000 11449
1512068990000 11449
1512068990000 11449
1512068990000 11449
1512068990000 11449
1512068990000 11449
1512068990000 11450
1512068990000 11450
1512068990000 11450
1512068990000 11450
1512068990000 11450
1512068990000 11450
1512068990000 11450
1512068990000 11451
1512068990000 11451
1512068990000 11451
1512068990000 11451
1512068990000 11451
1512068990000 11451
1512068990000 11452
1512068990000 11452
1512068990000 11452
1512068990000 11452
1512068990000 11452
1512068990000 11452
1512068990000 11453
1512068990000 11453
1512068990000 11453
1512068990000 11453
1512068990000 11453
1512068990000 11453
1512068990000 11454
1512068990000 11454
1512068990000 11454
1512068990000 11454
1512068990000 11454
1512068990000 11454
1512068990000 11455
1512068990000 11455
1512068990000 11455
1512068990000 11455
1512068990000 11455
1512068990000 11455
1512068990000 11455
1512068990000 11456
1512068990000 11456
1512068990000 11456
1512068990000 11456
1512068990000 11456
1512068990000 11456
1512068990000 11457
1512068990000 11457
1512068990000 11457
1512068990000 11457
1512068990000 11457
1512068990000 11457
1512068990000 11458
1512068990000 11458
1512068990000 11458
1512068990000 11458
1512068990000 11458
1512068990000 11458
1512068990000 11459
1512068990000 11459
1512068990000 11459
1512068990000 11459
1512068990000 11459
1512068990000 11459
1512068990000 11460
1512068990000 11460
1512068990000 11460
1512068990000 11460
1512068990000 11460
1512068990000 11460
1512068990000 11461
1512068990000 11461
1512068990000 11461
1512068990000 11461
1512068990000 11461
1512068990000 11461
1512068990000 11461
1512068990000 11462
1512068990000 11462
1512068990000 11462
1512068990000 11462
1512068990000 11462
1512068990000 11462
1512068990000 11462
1512068990000 11463
1512068990000 11463
1512068990000 11463
1512068990000 11463
1512068990000 11463
1512068990000 11463
1512068990000 11463
1512068990000 11464
1512068990000 11464
1512068990000 11464
1512068990000 11464
1512069000000 11427
1512069000000 11427
1512069000000 11427
1512069000000 11427
1512069000000 11428
1512069000000 11428
1512069000000 11428
1512069000000 11428
1512069000000 11428
1512069000000 11428
1512069000000 11428
1512069000000 11429
1512069000000 11429
1512069000000 11429
1512069000000 11429
1512069000000 11429
1512069000000 11429
1512069000000 11430
1512069000000 11430
1512069000000 11430
1512069000000 11430
1512069000000 11430
1512069000000 11430
1512069000000 11430
1512069000000 11431
1512069000000 11431
1512069000000 11431
1512069000000 11431
1512069000000 11431
1512069000000 11431
1512069000000 11432
1512069000000 11432
1512069000000 11432
1512069000000 11432
1512069000000 11432
1512069000000 11432
1512069000000 11432
1512069000000 11433
1512069000000 11433
1512069000000 11433
1512069000000 11433
1512069000000 11433
1512069000000 11433
1512069000000 11434
1512069000000 11434
1512069000000 11434
1512069000000 11434
1512069000000 11434
1512069000000 11434
1512069000000 11434
1512069000000 11435
1512069000000 11435
1512069000000 11435
1512069000000 11435
1512069000000 11435
1512069000000 11435
1512069000000 11436
1512069000000 11436
1512069000000 11436
1512069000000 11436
1512069000000 11436
1512069000000 11436
1512069000000 11436
1512069000000 11437
1512069000000 11437
1512069000000 11437
1512069000000 11437
1512069000000 11437
1512069000000 11437
1512069000000 11438
1512069000000 11438
1512069000000 11438
1512069000000 11438
1512069000000 11438
1512069000000 11439
1512069000000 11439
1512069000000 11439
1512069000000 11439
1512069000000 11439
1512069000000 11440
1512069000000 11440
1512069000000 11440
1512069000000 11440
1512069000000 11440
1512069000000 11440
1512069000000 11441
1512069000000 11441
1512069000000 11441
1512069000000 11441
1512069000000 11441
1512069000000 11442
1512069000000 11442
1512069000000 11442
1512069000000 11442
1512069000000 11442
1512069000000 11442
1512069000000 11442
1512069000000 11442
1512069000000 11443
1512069000000 11443
1512069010000 11416
1512069010000 11416
1512069010000 11417
1512069010000 11417
1512069010000 11417
1512069010000 11417
1512069010000 11417
1512069010000 11417
1512069010000 11417
1512069010000 11418
1512069010000 11418
1512069010000 11418
1512069010000 11418
1512069010000 11418
1512069010000 11418
1512069010000 11419
1512069010000 11419
1512069010000 11419
1512069010000 11419
1512069010000 11419
1512069010000 11419
1512069010000 11419
1512069010000 11420
1512069010000 11420
1512069010000 11420
1512069010000 11420
1512069010000 11420
1512069010000 11420
1512069010000 11421
1512069010000 11421
1512069010000 11421
1512069010000 11421
1512069010000 11421
1512069010000 11421
1512069010000 11421
1512069010000 11422
1512069010000 11422
1512069010000 11422
1512069010000 11422
1512069010000 11422
1512069010000 11422
1512069010000 11423
1512069010000 11423
1512069010000 11423
1512069010000 11423
1512069010000 11423
1512069010000 11423
1512069010000 11423
1512069010000 11424
1512069010000 11424
1512069010000 11424
1512069010000 11424
1512069010000 11424
1512069010000 11424
1512069010000 11425
1512069010000 11425
1512069010000 11425
1512069010000 11425
1512069010000 11425
1512069010000 11425
1512069010000 11425
1512069010000 11426
1512069010000 11426
1512069010000 11426
1512069010000 11426
1512069010000 11426
1512069010000 11426
1512069010000 11426
1512069010000 11427
1512069010000 11427
1512069010000 11427
1512069010000 11427
1512069010000 11427
1512069010000 11427
1512069010000 11427
1512069010000 11428
1512069010000 11428
1512069010000 11428
1512069010000 11428
1512069010000 11428
1512069010000 11428
1512069010000 11428
1512069010000 11429
1512069010000 11429
1512069010000 11429
1512069010000 11429
1512069010000 11429
1512069010000 11429
1512069010000 11429
1512069010000 11430
1512069010000 11430
1512069010000 11430
1512069010000 11430
1512069010000 11430
1512069010000 11430
1512069010000 11430
1512069010000 11431
1512069010000 11431
1512069010000 11431
1512069010000 11431
1512069020000 11447
1512069020000 11447
1512069020000 11447
1512069020000 11447
1512069020000 11447
1512069020000 11447
1512069020000 11448
1512069020000 11448
1512069020000 11448
1512069020000 11448
1512069020000 11448
1512069020000 11448
1512069020000 11448
1512069020000 11448
1512069020000 11448
1512069020000 11449
1512069020000 11449
1512069020000 11449
1512069020000 11449
1512069020000 11449
1512069020000 11449
1512069020000 11449
1512069020000 11450
1512069020000 11450
1512069020000 11450
1512069020000 11450
1512069020000 11450
1512069020000 11450
1512069020000 11450
1512069020000 11451
1512069020000 11451
1512069020000 11451
1512069020000 11451
1512069020000 11451
1512069020000 11451
1512069020000 11451
1512069020000 11452
1512069020000 11452
1512069020000 11452
1512069020000 11452
1512069020000 11452
1512069020000 11452
1512069020000 11452
1512069020000 11452
1512069020000 11453
1512069020000 11453
1512069020000 11453
1512069020000 11453
1512069020000 11453
1512069020000 11453
1512069020000 11453
1512069020000 11454
1512069020000 11454
1512069020000 11454
1512069020000 11454
1512069020000 11454
1512069020000 11454
1512069020000 11454
1512069020000 11455
1512069020000 11455
1512069020000 11455
1512069020000 11455
1512069020000 11455
1512069020000 11455
1512069020000 11455
1512069020000 11456
1512069020000 11456
1512069020000 11456
1512069020000 11456
1512069020000 11456
1512069020000 11456
1512069020000 11456
1512069020000 11457
1512069020000 11457
1512069020000 11457
1512069020000 11457
1512069020000 11457
1512069020000 11457
1512069020000 11457
1512069020000 11458
1512069020000 11458
1512069020000 11458
1512069020000 11458
1512069020000 11458
1512069020000 11458
1512069020000 11458
1512069020000 11459
1512069020000 11459
1512069020000 11459
1512069020000 11459
1512069020000 11459
1512069020000 11459
1512069020000 11459
1512069020000 11460
1512069020000 11460
1512069020000 11460
1512069020000 11460
1512069020000 11460
1512069020000 11460
1512069020000 11460
1512069030000 11442
1512069030000 11442
1512069030000 11442
1512069030000 11442
1512069030000 11442
1512069030000 11442
1512069030000 11443
1512069030000 11443
1512069030000 11443
1512069030000 11443
1512069030000 11443
1512069030000 11443
1512069030000 11443
1512069030000 11444
1512069030000 11444
1512069030000 11444
1512069030000 11444
1512069030000 11444
1512069030000 11444
1512069030000 11444
1512069030000 11445
1512069030000 11445
1512069030000 11445
1512069030000 11445
1512069030000 11445
1512069030000 11445
1512069030000 11445
1512069030000 11445
1512069030000 11446
1512069030000 11446
1512069030000 11446
1512069030000 11446
1512069030000 11446
1512069030000 11446
1512069030000 11446
1512069030000 11447
1512069030000 11447
1512069030000 11447
1512069030000 11447
1512069030000 11447
1512069030000 11447
1512069030000 11447
1512069030000 11448
1512069030000 11448
1512069030000 11448
1512069030000 11448
1512069030000 11448
1512069030000 11448
1512069030000 11448
1512069030000 11448
1512069030000 11449
1512069030000 11449
1512069030000 11449
1512069030000 11449
1512069030000 11449
1512069030000 11449
1512069030000 11450
1512069030000 11450
1512069030000 11450
1512069030000 11450
1512069030000 11450
1512069030000 11450
1512069030000 11451
1512069030000 11451
1512069030000 11451
1512069030000 11451
1512069030000 11451
1512069030000 11451
1512069030000 11451
1512069030000 11452
1512069030000 11452
1512069030000 11452
1512069030000 11452
1512069030000 11452
1512069030000 11452
1512069030000 11452
1512069030000 11453
1512069030000 11453
1512069030000 11453
1512069030000 11453
1512069030000 11453
1512069030000 11453
1512069030000 11454
1512069030000 11454
1512069030000 11454
1512069030000 11454
1512069030000 11455
1512069030000 11455
1512069030000 11455
1512069030000 11455
1512069030000 11455
1512069030000 11456
1512069030000 11456
1512069030000 11456
1512069030000 11456
1512069030000 11456
1512069030000 11457
1512069030000 11457
1512069030000 11457
1512069030000 11457
1512069040000 11423
1512069040000 11424
1512069040000 11424
1512069040000 11424
1512069040000 11424
1512069040000 11424
1512069040000 11424
1512069040000 11424
1512069040000 11425
1512069040000 11425
1512069040000 11425
1512069040000 11425
1512069040000 11425
1512069040000 11425
1512069040000 11425
1512069040000 11426
1512069040000 11426
1512069040000 11426
1512069040000 11426
1512069040000 11426
1512069040000 11426
1512069040000 11426
1512069040000 11427
1512069040000 11427
1512069040000 11427
1512069040000 11427
1512069040000 11427
1512069040000 11427
1512069040000 11427
1512069040000 11428
1512069040000 11428
1512069040000 11428
1512069040000 11428
1512069040000 11428
1512069040000 11428
1512069040000 11428
1512069040000 11429
1512069040000 11429
1512069040000 11429
1512069040000 11429
1512069040000 11429
1512069040000 11429
1512069040000 11429
1512069040000 11430
1512069040000 11430
1512069040000 11430
1512069040000 11430
1512069040000 11430
1512069040000 11430
1512069040000 11430
1512069040000 11431
1512069040000 11431
1512069040000 11431
1512069040000 11431
1512069040000 11431
1512069040000 11431
1512069040000 11431
1512069040000 11432
1512069040000 11432
1512069040000 11432
1512069040000 11432
1512069040000 11432
1512069040000 11432
1512069040000 11432
1512069040000 11433
1512069040000 11433
1512069040000 11433
1512069040000 11433
1512069040000 11433
1512069040000 11433
1512069040000 11433
1512069040000 11434
1512069040000 11434
1512069040000 11434
1512069040000 11434
1512069040000 11434
1512069040000 11434
1512069040000 11434
1512069040000 11435
1512069040000 11435
1512069040000 11435
1512069040000 11435
1512069040000 11435
1512069040000 11435
1512069040000 11435
1512069040000 11436
1512069040000 11436
1512069040000 11436
1512069040000 11436
1512069040000 11436
1512069040000 11436
1512069040000 11436
1512069040000 11437
1512069040000 11437
1512069040000 11437
1512069040000 11437
1512069040000 11437
1512069040000 11437
1512069040000 11437
1512069040000 11438
1512069050000 11433
1512069050000 11433
1512069050000 11433
1512069050000 11433
1512069050000 11433
1512069050000 11434
1512069050000 11434
1512069050000 11434
1512069050000 11434
1512069050000 11434
1512069050000 11434
1512069050000 11434
1512069050000 11435
1512069050000 11435
1512069050000 11435
1512069050000 11435
1512069050000 11435
1512069050000 11435
1512069050000 11435
1512069050000 11436
1512069050000 11436
1512069050000 11436
1512069050000 11436
1512069050000 11436
1512069050000 11436
1512069050000 11436
1512069050000 11437
1512069050000 11437
1512069050000 11437
1512069050000 11437
1512069050000 11437
1512069050000 11437
1512069050000 11437
1512069050000 11438
1512069050000 11438
1512069050000 11438
1512069050000 11438
1512069050000 11438
1512069050000 11438
1512069050000 11438
1512069050000 11439
1512069050000 11439
1512069050000 11439
1512069050000 11439
1512069050000 11439
1512069050000 11439
1512069050000 11439
1512069050000 11440
1512069050000 11440
1512069050000 11440
1512069050000 11440
1512069050000 11440
1512069050000 11440
1512069050000 11440
1512069050000 11441
1512069050000 11441
1512069050000 11441
1512069050000 11441
1512069050000 11441
1512069050000 11441
1512069050000 11441
1512069050000 11442
1512069050000 11442
1512069050000 11442
1512069050000 11442
1512069050000 11442
1512069050000 11442
1512069050000 11442
1512069050000 11443
1512069050000 11443
1512069050000 11443
1512069050000 11443
1512069050000 11443
1512069050000 11443
1512069050000 11443
1512069050000 11444
1512069050000 11444
1512069050000 11444
1512069050000 11444
1512069050000 11444
1512069050000 11444
1512069050000 11444
1512069050000 11445
1512069050000 11445
1512069050000 11445
1512069050000 11445
1512069050000 11445
1512069050000 11445
1512069050000 11445
1512069050000 11446
1512069050000 11446
1512069050000 11446
1512069050000 11446
1512069050000 11446
1512069050000 11446
1512069050000 11446
1512069050000 11447
1512069050000 11447
1512069050000 11447
1512069050000 11447
1512069060000 11434
1512069060000 11434
1512069060000 11434
1512069060000 11434
1512069060000 11434
1512069060000 11434
1512069060000 11434
1512069060000 11434
1512069060000 11435
1512069060000 11435
1512069060000 11435
1512069060000 11435
1512069060000 11435
1512069060000 11435
1512069060000 11435
1512069060000 11436
1512069060000 11436
1512069060000 11436
1512069060000 11436
1512069060000 11436
1512069060000 11436
1512069060000 11436
1512069060000 11437
1512069060000 11437
1512069060000 11437
1512069060000 11437
1512069060000 11437
1512069060000 11437
1512069060000 11437
1512069060000 11438
1512069060000 11438
1512069060000 11438
1512069060000 11438
1512069060000 11438
1512069060000 11438
1512069060000 11438
1512069060000 11439
1512069060000 11439
1512069060000 11439
1512069060000 11439
1512069060000 11439
1512069060000 11439
1512069060000 11439
1512069060000 11440
1512069060000 11440
1512069060000 11440
1512069060000 11440
1512069060000 11441
1512069060000 11441
1512069060000 11441
1512069060000 11441
1512069060000 11442
1512069060000 11442
1512069060000 11442
1512069060000 11442
1512069060000 11442
1512069060000 11442
1512069060000 11443
1512069060000 11443
1512069060000 11443
1512069060000 11443
1512069060000 11443
1512069060000 11444
1512069060000 11444
1512069060000 11444
1512069060000 11444
1512069060000 11444
1512069060000 11445
1512069060000 11445
1512069060000 11445
1512069060000 11445
1512069060000 11445
1512069060000 11445
1512069060000 11446
1512069060000 11446
1512069060000 11446
1512069060000 11446
1512069060000 11446
1512069060000 11446
1512069060000 11446
1512069060000 11447
1512069060000 11447
1512069060000 11447
1512069060000 11447
1512069060000 11447
1512069060000 11447
1512069060000 11448
1512069060000 11448
1512069060000 11448
1512069060000 11448
1512069060000 11448
1512069060000 11448
1512069060000 11448
1512069060000 11449
1512069060000 11449
1512069060000 11449
1512069060000 11449
1512069060000 11449
1512069060000 11449
1512069060000 11450
1512069070000 11425
1512069070000 11425
1512069070000 11426
1512069070000 11426
1512069070000 11426
1512069070000 11426
1512069070000 11426
1512069070000 11426
1512069070000 11426
1512069070000 11427
1512069070000 11427
1512069070000 11427
1512069070000 11427
1512069070000 11427
1512069070000 11427
1512069070000 11427
1512069070000 11428
1512069070000 11428
1512069070000 11428
1512069070000 11428
1512069070000 11428
1512069070000 11428
1512069070000 11428
1512069070000 11429
1512069070000 11429
1512069070000 11429
1512069070000 11429
1512069070000 11429
1512069070000 11429
1512069070000 11429
1512069070000 11430
1512069070000 11430
1512069070000 11430
1512069070000 11430
1512069070000 11430
1512069070000 11430
1512069070000 11430
1512069070000 11431
1512069070000 11431
1512069070000 11431
1512069070000 11431
1512069070000 11431
1512069070000 11431
1512069070000 11432
1512069070000 11432
1512069070000 11432
1512069070000 11432
1512069070000 11432
1512069070000 11432
1512069070000 11432
1512069070000 11433
1512069070000 11433
1512069070000 11433
1512069070000 11433
1512069070000 11433
1512069070000 11433
1512069070000 11433
1512069070000 11434
1512069070000 11434
1512069070000 11434
1512069070000 11434
1512069070000 11434
1512069070000 11434
1512069070000 11434
1512069070000 11435
1512069070000 11435
1512069070000 11435
1512069070000 11435
1512069070000 11435
1512069070000 11435
1512069070000 11435
1512069070000 11435
1512069070000 11436
1512069070000 11436
1512069070000 11436
1512069070000 11436
1512069070000 11436
1512069070000 11436
1512069070000 11436
1512069070000 11437
1512069070000 11437
1512069070000 11437
1512069070000 11437
1512069070000 11437
1512069070000 11437
1512069070000 11438
1512069070000 11438
1512069070000 11438
1512069070000 11438
1512069070000 11438
1512069070000 11438
1512069070000 11438
1512069070000 11439
1512069070000 11439
1512069070000 11439
1512069070000 11439
1512069070000 11439
1512069070000 11439
1512069070000 11439
1512069070000 11440
1512069080000 11435
1512069080000 11435
1512069080000 11435
1512069080000 11435
1512069080000 11436
1512069080000 11436
1512069080000 11436
1512069080000 11436
1512069080000 11436
1512069080000 11436
1512069080000 11436
1512069080000 11437
1512069080000 11437
1512069080000 11437
1512069080000 11437
1512069080000 11437
1512069080000 11437
1512069080000 11438
1512069080000 11438
1512069080000 11438
1512069080000 11438
1512069080000 11438
1512069080000 11438
1512069080000 11438
1512069080000 11439
1512069080000 11439
1512069080000 11439
1512069080000 11439
1512069080000 11439
1512069080000 11439
1512069080000 11439
1512069080000 11440
1512069080000 11440
1512069080000 11440
1512069080000 11440
1512069080000 11440
1512069080000 11440
1512069080000 11441
1512069080000 11441
1512069080000 11441
1512069080000 11441
1512069080000 11441
1512069080000 11441
1512069080000 11441
1512069080000 11442
1512069080000 11442
1512069080000 11442
1512069080000 11442
1512069080000 11442
1512069080000 11442
1512069080000 11442
1512069080000 11443
1512069080000 11443
1512069080000 11443
1512069080000 11443
1512069080000 11443
1512069080000 11443
1512069080000 11444
1512069080000 11444
1512069080000 11444
1512069080000 11444
1512069080000 11444
1512069080000 11444
1512069080000 11444
1512069080000 11445
1512069080000 11445
1512069080000 11445
1512069080000 11445
1512069080000 11445
1512069080000 11445
1512069080000 11445
1512069080000 11446
1512069080000 11446
1512069080000 11446
1512069080000 11446
1512069080000 11446
1512069080000 11446
1512069080000 11446
1512069080000 11447
1512069080000 11447
1512069080000 11447
1512069080000 11447
1512069080000 11447
1512069080000 11447
1512069080000 11447
1512069080000 11448
1512069080000 11448
1512069080000 11448
1512069080000 11448
1512069080000 11448
1512069080000 11448
1512069080000 11448
1512069080000 11449
1512069080000 11449
1512069080000 11449
1512069080000 11449
1512069080000 11449
1512069080000 11449
1512069080000 11449
1512069080000 11450
1512069090000 11418
1512069090000 11418
1512069090000 11418
1512069090000 11418
1512069090000 11418
1512069090000 11418
1512069090000 11419
1512069090000 11419
1512069090000 11419
1512069090000 11419
1512069090000 11419
1512069090000 11419
1512069090000 11419
1512069090000 11419
1512069090000 11420
1512069090000 11420
1512069090000 11420
1512069090000 11420
1512069090000 11420
1512069090000 11420
1512069090000 11420
1512069090000 11420
1512069090000 11421
1512069090000 11421
1512069090000 11421
1512069090000 11421
1512069090000 11421
1512069090000 11421
1512069090000 11421
1512069090000 11421
1512069090000 11422
1512069090000 11422
1512069090000 11422
1512069090000 11422
1512069090000 11422
1512069090000 11422
1512069090000 11422
1512069090000 11423
1512069090000 11423
1512069090000 11423
1512069090000 11423
1512069090000 11423
1512069090000 11423
1512069090000 11423
1512069090000 11423
1512069090000 11424
1512069090000 11424
1512069090000 11424
1512069090000 11424
1512069090000 11424
1512069090000 11424
1512069090000 11424
1512069090000 11424
1512069090000 11425
1512069090000 11425
1512069090000 11425
1512069090000 11425
1512069090000 11425
1512069090000 11425
1512069090000 11425
1512069090000 11426
1512069090000 11426
1512069090000 11426
1512069090000 11426
1512069090000 11426
1512069090000 11426
1512069090000 11426
1512069090000 11426
1512069090000 11427
1512069090000 11427
1512069090000 11427
1512069090000 11427
1512069090000 11427
1512069090000 11427
1512069090000 11427
1512069090000 11428
1512069090000 11428
1512069090000 11428
1512069090000 11428
1512069090000 11428
1512069090000 11428
1512069090000 11428
1512069090000 11429
1512069090000 11429
1512069090000 11429
1512069090000 11429
1512069090000 11429
1512069090000 11429
1512069090000 11429
1512069090000 11430
1512069090000 11430
1512069090000 11430
1512069090000 11430
1512069090000 11430
1512069090000 11430
1512069090000 11430
1512069090000 11431
1512069090000 11431
1512069090000 11431
1512069090000 11431
1512069100000 11441
1512069100000 11441
1512069100000 11441
1512069100000 11441
1512069100000 11441
1512069100000 11441
1512069100000 11441
1512069100000 11441
1512069100000 11442
1512069100000 11442
1512069100000 11442
1512069100000 11442
1512069100000 11442
1512069100000 11442
1512069100000 11442
1512069100000 11442
1512069100000 11443
1512069100000 11443
1512069100000 11443
1512069100000 11443
1512069100000 11443
1512069100000 11443
1512069100000 11443
1512069100000 11443
1512069100000 11444
1512069100000 11444
1512069100000 11444
1512069100000 11444
1512069100000 11444
1512069100000 11444
1512069100000 11444
1512069100000 11445
1512069100000 11445
1512069100000 11445
1512069100000 11445
1512069100000 11445
1512069100000 11445
1512069100000 11445
1512069100000 11445
1512069100000 11446
1512069100000 11446
1512069100000 11446
1512069100000 11446
1512069100000 11446
1512069100000 11446
1512069100000 11446
1512069100000 11446
1512069100000 11447
1512069100000 11447
1512069100000 11447
1512069100000 11447
1512069100000 11447
1512069100000 11447
1512069100000 11447
1512069100000 11447
1512069100000 11448
1512069100000 11448
1512069100000 11448
1512069100000 11448
1512069100000 11448
1512069100000 11448
1512069100000 11448
1512069100000 11448
1512069100000 11449
1512069100000 11449
1512069100000 11449
1512069100000 11449
1512069100000 11449
1512069100000 11449
1512069100000 11449
1512069100000 11450
1512069100000 11450
1512069100000 11450
1512069100000 11450
1512069100000 11450
1512069100000 11450
1512069100000 11450
1512069100000 11451
1512069100000 11451
1512069100000 11451
1512069100000 11451
1512069100000 11451
1512069100000 11451
1512069100000 11451
1512069100000 11452
1512069100000 11452
1512069100000 11452
1512069100000 11452
1512069100000 11452
1512069100000 11452
1512069100000 11452
1512069100000 11452
1512069100000 11453
1512069100000 11453
1512069100000 11453
1512069100000 11453
1512069100000 11453
1512069100000 11453
1512069100000 11453
1512069100000 11454
1512069110000 11832
1512069110000 11832
1512069110000 11833
1512069110000 11833
1512069110000 11833
1512069110000 11833
1512069110000 11833
1512069110000 11833
1512069110000 11834
1512069110000 11834
1512069110000 11834
1512069110000 11834
1512069110000 11834
1512069110000 11834
1512069110000 11834
1512069110000 11835
1512069110000 11835
1512069110000 11835
1512069110000 11835
1512069110000 11835
1512069110000 11835
1512069110000 11835
1512069110000 11836
1512069110000 11836
1512069110000 11836
1512069110000 11836
1512069110000 11836
1512069110000 11836
1512069110000 11837
1512069110000 11837
1512069110000 11837
1512069110000 11837
1512069110000 11837
1512069110000 11837
1512069110000 11838
1512069110000 11838
1512069110000 11838
1512069110000 11838
1512069110000 11838
1512069110000 11838
1512069110000 11838
1512069110000 11839
1512069110000 11839
1512069110000 11839
1512069110000 11839
1512069110000 11839
1512069110000 11839
1512069110000 11839
1512069110000 11840
1512069110000 11840
1512069110000 11840
1512069110000 11840
1512069110000 11840
1512069110000 11840
1512069110000 11841
1512069110000 11841
1512069110000 11841
1512069110000 11841
1512069110000 11841
1512069110000 11841
1512069110000 11841
1512069110000 11842
1512069110000 11842
1512069110000 11842
1512069110000 11842
1512069110000 11842
1512069110000 11842
1512069110000 11843
1512069110000 11843
1512069110000 11843
1512069110000 11843
1512069110000 11843
1512069110000 11843
1512069110000 11844
1512069110000 11844
1512069110000 11844
1512069110000 11844
1512069110000 11844
1512069110000 11844
1512069110000 11844
1512069110000 11845
1512069110000 11845
1512069110000 11845
1512069110000 11845
1512069110000 11845
1512069110000 11845
1512069110000 11846
1512069110000 11846
1512069110000 11846
1512069110000 11846
1512069110000 11846
1512069110000 11846
1512069110000 11846
1512069110000 11847
1512069110000 11847
1512069110000 11847
1512069110000 11847
1512069110000 11847
1512069110000 11847
1512069110000 11848
1512069120000 11410
1512069120000 11410
1512069120000 11410
1512069120000 11410
1512069120000 11411
1512069120000 11411
1512069120000 11411
1512069120000 11411
1512069120000 11411
1512069120000 11411
1512069120000 11411
1512069120000 11412
1512069120000 11412
1512069120000 11412
1512069120000 11412
1512069120000 11412
1512069120000 11413
1512069120000 11413
1512069120000 11413
1512069120000 11413
1512069120000 11413
1512069120000 11413
1512069120000 11413
1512069120000 11414
1512069120000 11414
1512069120000 11414
1512069120000 11414
1512069120000 11414
1512069120000 11414
1512069120000 11414
1512069120000 11414
1512069120000 11415
1512069120000 11415
1512069120000 11415
1512069120000 11415
1512069120000 11415
1512069120000 11415
1512069120000 11415
1512069120000 11416
1512069120000 11416
1512069120000 11416
1512069120000 11416
1512069120000 11416
1512069120000 11416
1512069120000 11416
1512069120000 11416
1512069120000 11417
1512069120000 11417
1512069120000 11417
1512069120000 11417
1512069120000 11417
1512069120000 11417
1512069120000 11417
1512069120000 11418
1512069120000 11418
1512069120000 11418
1512069120000 11418
1512069120000 11418
1512069120000 11418
1512069120000 11418
1512069120000 11418
1512069120000 11419
1512069120000 11419
1512069120000 11419
1512069120000 11419
1512069120000 11419
1512069120000 11419
1512069120000 11419
1512069120000 11420
1512069120000 11420
1512069120000 11420
1512069120000 11420
1512069120000 11420
1512069120000 11420
1512069120000 11420
1512069120000 11420
1512069120000 11421
1512069120000 11421
1512069120000 11421
1512069120000 11421
1512069120000 11421
1512069120000 11421
1512069120000 11421
1512069120000 11422
1512069120000 11422
1512069120000 11422
1512069120000 11422
1512069120000 11422
1512069120000 11422
1512069120000 11422
1512069120000 11422
1512069120000 11423
1512069120000 11423
1512069120000 11423
1512069120000 11423
1512069120000 11423
1512069120000 11423
1512069120000 11423
1512069120000 11424
1512069120000 11424
1512069130000 11399
1512069130000 11399
1512069130000 11400
1512069130000 11400
1512069130000 11400
1512069130000 11400
1512069130000 11400
1512069130000 11400
1512069130000 11400
1512069130000 11401
1512069130000 11401
1512069130000 11401
1512069130000 11401
1512069130000 11401
1512069130000 11401
1512069130000 11401
1512069130000 11402
1512069130000 11402
1512069130000 11402
1512069130000 11402
1512069130000 11402
1512069130000 11402
1512069130000 11402
1512069130000 11403
1512069130000 11403
1512069130000 11403
1512069130000 11403
1512069130000 11403
1512069130000 11403
1512069130000 11403
1512069130000 11404
1512069130000 11404
1512069130000 11404
1512069130000 11404
1512069130000 11404
1512069130000 11404
1512069130000 11404
1512069130000 11405
1512069130000 11405
1512069130000 11405
1512069130000 11405
1512069130000 11405
1512069130000 11405
1512069130000 11406
1512069130000 11406
1512069130000 11406
1512069130000 11406
1512069130000 11406
1512069130000 11406
1512069130000 11406
1512069130000 11407
1512069130000 11407
1512069130000 11407
1512069130000 11407
1512069130000 11407
1512069130000 11407
1512069130000 11407
1512069130000 11408
1512069130000 11408
1512069130000 11408
1512069130000 11408
1512069130000 11408
1512069130000 11408
1512069130000 11408
1512069130000 11409
1512069130000 11409
1512069130000 11409
1512069130000 11409
1512069130000 11409
1512069130000 11409
1512069130000 11409
1512069130000 11410
1512069130000 11410
1512069130000 11410
1512069130000 11410
1512069130000 11410
1512069130000 11410
1512069130000 11410
1512069130000 11411
1512069130000 11411
1512069130000 11411
1512069130000 11411
1512069130000 11411
1512069130000 11411
1512069130000 11411
1512069130000 11412
1512069130000 11412
1512069130000 11412
1512069130000 11412
1512069130000 11412
1512069130000 11412
1512069130000 11412
1512069130000 11413
1512069130000 11413
1512069130000 11413
1512069130000 11413
1512069130000 11413
1512069130000 11413
1512069130000 11413
1512069130000 11414
1512069140000 11842
1512069140000 11843
1512069140000 11843
1512069140000 11843
1512069140000 11843
1512069140000 11843
1512069140000 11843
1512069140000 11843
1512069140000 11844
1512069140000 11844
1512069140000 11844
1512069140000 11844
1512069140000 11844
1512069140000 11844
1512069140000 11844
1512069140000 11845
1512069140000 11845
1512069140000 11845
1512069140000 11845
1512069140000 11845
1512069140000 11845
1512069140000 11845
1512069140000 11846
1512069140000 11846
1512069140000 11846
1512069140000 11846
1512069140000 11846
1512069140000 11846
1512069140000 11846
1512069140000 11847
1512069140000 11847
1512069140000 11847
1512069140000 11847
1512069140000 11847
1512069140000 11847
1512069140000 11847
1512069140000 11848
1512069140000 11848
1512069140000 11848
1512069140000 11848
1512069140000 11848
1512069140000 11848
1512069140000 11848
1512069140000 11849
1512069140000 11849
1512069140000 11849
1512069140000 11849
1512069140000 11849
1512069140000 11849
1512069140000 11849
1512069140000 11850
1512069140000 11850
1512069140000 11850
1512069140000 11850
1512069140000 11850
1512069140000 11850
1512069140000 11850
1512069140000 11851
1512069140000 11851
1512069140000 11851
1512069140000 11851
1512069140000 11851
1512069140000 11851
1512069140000 11851
1512069140000 11852
1512069140000 11852
1512069140000 11852
1512069140000 11852
1512069140000 11852
1512069140000 11852
1512069140000 11852
1512069140000 11853
1512069140000 11853
1512069140000 11853
1512069140000 11853
1512069140000 11853
1512069140000 11853
1512069140000 11853
1512069140000 11854
1512069140000 11854
1512069140000 11854
1512069140000 11854
1512069140000 11854
1512069140000 11854
1512069140000 11854
1512069140000 11855
1512069140000 11855
1512069140000 11855
1512069140000 11855
1512069140000 11855
1512069140000 11855
1512069140000 11855
1512069140000 11856
1512069140000 11856
1512069140000 11856
1512069140000 11856
1512069140000 11856
1512069140000 11856
1512069140000 11856
1512069140000 11857
1512069150000 11420
1512069150000 11421
1512069150000 11421
1512069150000 11421
1512069150000 11421
1512069150000 11421
1512069150000 11421
1512069150000 11421
1512069150000 11421
1512069150000 11422
1512069150000 11422
1512069150000 11422
1512069150000 11422
1512069150000 11422
1512069150000 11422
1512069150000 11422
1512069150000 11422
1512069150000 11423
1512069150000 11423
1512069150000 11423
1512069150000 11423
1512069150000 11423
1512069150000 11423
1512069150000 11423
1512069150000 11423
1512069150000 11424
1512069150000 11424
1512069150000 11424
1512069150000 11424
1512069150000 11424
1512069150000 11424
1512069150000 11424
1512069150000 11424
1512069150000 11424
1512069150000 11425
1512069150000 11425
1512069150000 11425
1512069150000 11425
1512069150000 11425
1512069150000 11425
1512069150000 11425
1512069150000 11425
1512069150000 11426
1512069150000 11426
1512069150000 11426
1512069150000 11426
1512069150000 11426
1512069150000 11426
1512069150000 11426
1512069150000 11426
1512069150000 11427
1512069150000 11427
1512069150000 11427
1512069150000 11427
1512069150000 11427
1512069150000 11427
1512069150000 11427
1512069150000 11427
1512069150000 11427
1512069150000 11428
1512069150000 11428
1512069150000 11428
1512069150000 11428
1512069150000 11428
1512069150000 11428
1512069150000 11428
1512069150000 11428
1512069150000 11428
1512069150000 11428
1512069150000 11429
1512069150000 11429
1512069150000 11429
1512069150000 11429
1512069150000 11429
1512069150000 11429
1512069150000 11429
1512069150000 11429
1512069150000 11429
1512069150000 11429
1512069150000 11430
1512069150000 11430
1512069150000 11430
1512069150000 11430
1512069150000 11430
1512069150000 11430
1512069150000 11430
1512069150000 11430
1512069150000 11430
1512069150000 11431
1512069150000 11431
1512069150000 11431
1512069150000 11431
1512069150000 11431
1512069150000 11431
1512069150000 11431
1512069150000 11431
1512069150000 11431
1512069150000 11432
1512069150000 11432
1512069150000 11432
1512069160000 11426
1512069160000 11426
1512069160000 11426
1512069160000 11426
1512069160000 11426
1512069160000 11426
1512069160000 11426
1512069160000 11427
1512069160000 11427
1512069160000 11427
1512069160000 11427
1512069160000 11427
1512069160000 11427
1512069160000 11427
1512069160000 11428
1512069160000 11428
1512069160000 11428
1512069160000 11428
1512069160000 11428
1512069160000 11428
1512069160000 11428
1512069160000 11429
1512069160000 11429
1512069160000 11429
1512069160000 11429
1512069160000 11429
1512069160000 11429
1512069160000 11429
1512069160000 11430
1512069160000 11430
1512069160000 11430
1512069160000 11430
1512069160000 11430
1512069160000 11430
1512069160000 11430
1512069160000 11431
1512069160000 11431
1512069160000 11431
1512069160000 11431
1512069160000 11431
1512069160000 11431
1512069160000 11431
1512069160000 11432
1512069160000 11432
1512069160000 11432
1512069160000 11432
1512069160000 11432
1512069160000 11432
1512069160000 11432
1512069160000 11433
1512069160000 11433
1512069160000 11433
1512069160000 11433
1512069160000 11433
1512069160000 11433
1512069160000 11433
1512069160000 11434
1512069160000 11434
1512069160000 11434
1512069160000 11434
1512069160000 11434
1512069160000 11434
1512069160000 11434
1512069160000 11434
1512069160000 11435
1512069160000 11435
1512069160000 11435
1512069160000 11435
1512069160000 11435
1512069160000 11435
1512069160000 11435
1512069160000 11436
1512069160000 11436
1512069160000 11436
1512069160000 11436
1512069160000 11436
1512069160000 11436
1512069160000 11436
1512069160000 11437
1512069160000 11437
1512069160000 11437
1512069160000 11437
1512069160000 11437
1512069160000 11437
1512069160000 11437
1512069160000 11438
1512069160000 11438
1512069160000 11438
1512069160000 11438
1512069160000 11438
1512069160000 11438
1512069160000 11438
1512069160000 11439
1512069160000 11439
1512069160000 11439
1512069160000 11439
1512069160000 11439
1512069160000 11439
1512069160000 11439
1512069160000 11440
1512069170000 11437
1512069170000 11437
1512069170000 11437
1512069170000 11437
1512069170000 11437
1512069170000 11437
1512069170000 11437
1512069170000 11438
1512069170000 11438
1512069170000 11438
1512069170000 11438
1512069170000 11438
1512069170000 11438
1512069170000 11438
1512069170000 11439
1512069170000 11439
1512069170000 11439
1512069170000 11439
1512069170000 11439
1512069170000 11439
1512069170000 11440
1512069170000 11440
1512069170000 11440
1512069170000 11440
1512069170000 11440
1512069170000 11440
1512069170000 11440
1512069170000 11441
1512069170000 11441
1512069170000 11441
1512069170000 11441
1512069170000 11441
1512069170000 11441
1512069170000 11442
1512069170000 11442
1512069170000 11442
1512069170000 11442
1512069170000 11442
1512069170000 11442
1512069170000 11442
1512069170000 11443
1512069170000 11443
1512069170000 11443
1512069170000 11443
1512069170000 11443
1512069170000 11443
1512069170000 11444
1512069170000 11444
1512069170000 11444
1512069170000 11444
1512069170000 11444
1512069170000 11444
1512069170000 11444
1512069170000 11445
1512069170000 11445
1512069170000 11445
1512069170000 11445
1512069170000 11445
1512069170000 11445
1512069170000 11446
1512069170000 11446
1512069170000 11446
1512069170000 11446
1512069170000 11446
1512069170000 11446
1512069170000 11446
1512069170000 11447
1512069170000 11447
1512069170000 11447
1512069170000 11447
1512069170000 11447
1512069170000 11447
1512069170000 11447
1512069170000 11447
1512069170000 11448
1512069170000 11448
1512069170000 11448
1512069170000 11448
1512069170000 11448
1512069170000 11448
1512069170000 11448
1512069170000 11449
1512069170000 11449
1512069170000 11449
1512069170000 11449
1512069170000 11449
1512069170000 11449
1512069170000 11449
1512069170000 11450
1512069170000 11450
1512069170000 11450
1512069170000 11450
1512069170000 11450
1512069170000 11450
1512069170000 11450
1512069170000 11451
1512069170000 11451
1512069170000 11451
1512069170000 11451
1512069170000 11451
1512069180000 11454
1512069180000 11454
1512069180000 11455
1512069180000 11455
1512069180000 11455
1512069180000 11455
1512069180000 11455
1512069180000 11455
1512069180000 11455
1512069180000 11456
1512069180000 11456
1512069180000 11456
1512069180000 11456
1512069180000 11456
1512069180000 11456
1512069180000 11456
1512069180000 11457
1512069180000 11457
1512069180000 11457
1512069180000 11457
1512069180000 11457
1512069180000 11457
1512069180000 11458
1512069180000 11458
1512069180000 11458
1512069180000 11458
1512069180000 11458
1512069180000 11458
1512069180000 11458
1512069180000 11459
1512069180000 11459
1512069180000 11459
1512069180000 11459
1512069180000 11459
1512069180000 11459
1512069180000 11460
1512069180000 11460
1512069180000 11460
1512069180000 11460
1512069180000 11460
1512069180000 11460
1512069180000 11461
1512069180000 11461
1512069180000 11461
1512069180000 11461
1512069180000 11461
1512069180000 11461
1512069180000 11462
1512069180000 11462
1512069180000 11462
1512069180000 11462
1512069180000 11462
1512069180000 11462
1512069180000 11463
1512069180000 11463
1512069180000 11463
1512069180000 11463
1512069180000 11463
1512069180000 11463
1512069180000 11463
1512069180000 11464
1512069180000 11464
1512069180000 11464
1512069180000 11464
1512069180000 11464
1512069180000 11464
1512069180000 11465
1512069180000 11465
1512069180000 11465
1512069180000 11465
1512069180000 11465
1512069180000 11465
1512069180000 11466
1512069180000 11466
1512069180000 11466
1512069180000 11466
1512069180000 11466
1512069180000 11466
1512069180000 11467
1512069180000 11467
1512069180000 11467
1512069180000 11467
1512069180000 11467
1512069180000 11467
1512069180000 11468
1512069180000 11468
1512069180000 11468
1512069180000 11468
1512069180000 11468
1512069180000 11468
1512069180000 11469
1512069180000 11469
1512069180000 11469
1512069180000 11469
1512069180000 11469
1512069180000 11469
1512069180000 11469
1512069180000 11470
1512069180000 11470
1512069180000 11470
1512069190000 11420
1512069190000 11420
1512069190000 11420
1512069190000 11420
1512069190000 11420
1512069190000 11420
1512069190000 11421
1512069190000 11421
1512069190000 11421
1512069190000 11421
1512069190000 11421
1512069190000 11421
1512069190000 11421
1512069190000 11422
1512069190000 11422
1512069190000 11422
1512069190000 11422
1512069190000 11422
1512069190000 11422
1512069190000 11422
1512069190000 11423
1512069190000 11423
1512069190000 11423
1512069190000 11423
1512069190000 11423
1512069190000 11423
1512069190000 11423
1512069190000 11423
1512069190000 11424
1512069190000 11424
1512069190000 11424
1512069190000 11424
1512069190000 11424
1512069190000 11424
1512069190000 11424
1512069190000 11425
1512069190000 11425
1512069190000 11425
1512069190000 11425
1512069190000 11425
1512069190000 11425
1512069190000 11425
1512069190000 11426
1512069190000 11426
1512069190000 11426
1512069190000 11426
1512069190000 11426
1512069190000 11426
1512069190000 11426
1512069190000 11427
1512069190000 11427
1512069190000 11427
1512069190000 11427
1512069190000 11427
1512069190000 11427
1512069190000 11427
1512069190000 11428
1512069190000 11428
1512069190000 11428
1512069190000 11428
1512069190000 11428
1512069190000 11428
1512069190000 11428
1512069190000 11429
1512069190000 11429
1512069190000 11429
1512069190000 11429
1512069190000 11429
1512069190000 11429
1512069190000 11429
1512069190000 11430
1512069190000 11430
1512069190000 11430
1512069190000 11430
1512069190000 11430
1512069190000 11430
1512069190000 11430
1512069190000 11431
1512069190000 11431
1512069190000 11431
1512069190000 11431
1512069190000 11431
1512069190000 11431
1512069190000 11431
1512069190000 11432
1512069190000 11432
1512069190000 11432
1512069190000 11432
1512069190000 11432
1512069190000 11432
1512069190000 11432
1512069190000 11433
1512069190000 11433
1512069190000 11433
1512069190000 11433
1512069190000 11433
1512069190000 11433
1512069190000 11433
1512069190000 11434
1512069190000 11434
1512069200000 11420
1512069200000 11420
1512069200000 11420
1512069200000 11421
1512069200000 11421
1512069200000 11421
1512069200000 11421
1512069200000 11421
1512069200000 11421
1512069200000 11421
1512069200000 11422
1512069200000 11422
1512069200000 11422
1512069200000 11422
1512069200000 11422
1512069200000 11422
1512069200000 11422
1512069200000 11423
1512069200000 11423
1512069200000 11423
1512069200000 11423
1512069200000 11423
1512069200000 11423
1512069200000 11423
1512069200000 11424
1512069200000 11424
1512069200000 11424
1512069200000 11424
1512069200000 11424
1512069200000 11424
1512069200000 11424
1512069200000 11425
1512069200000 11425
1512069200000 11425
1512069200000 11425
1512069200000 11425
1512069200000 11425
1512069200000 11425
1512069200000 11426
1512069200000 11426
1512069200000 11426
1512069200000 11426
1512069200000 11426
1512069200000 11426
1512069200000 11426
1512069200000 11427
1512069200000 11427
1512069200000 11427
1512069200000 11427
1512069200000 11427
1512069200000 11427
1512069200000 11427
1512069200000 11428
1512069200000 11428
1512069200000 11428
1512069200000 11428
1512069200000 11428
1512069200000 11428
1512069200000 11428
1512069200000 11429
1512069200000 11429
1512069200000 11429
1512069200000 11429
1512069200000 11429
1512069200000 11429
1512069200000 11429
1512069200000 11430
1512069200000 11430
1512069200000 11430
1512069200000 11430
1512069200000 11430
1512069200000 11430
1512069200000 11430
1512069200000 11430
1512069200000 11431
1512069200000 11431
1512069200000 11431
1512069200000 11431
1512069200000 11431
1512069200000 11431
1512069200000 11431
1512069200000 11432
1512069200000 11432
1512069200000 11432
1512069200000 11432
1512069200000 11432
1512069200000 11432
1512069200000 11432
1512069200000 11433
1512069200000 11433
1512069200000 11433
1512069200000 11433
1512069200000 11433
1512069200000 11433
1512069200000 11434
1512069200000 11434
1512069200000 11434
1512069200000 11434
1512069200000 11434
1512069200000 11434
1512069210000 9536
1512069210000 9536
1512069210000 9536
1512069210000 9536
1512069210000 9536
1512069210000 9537
1512069210000 9537
1512069210000 9537
1512069210000 9537
1512069210000 9537
1512069210000 9537
1512069210000 9537
1512069210000 9538
1512069210000 9538
1512069210000 9538
1512069210000 9538
1512069210000 9538
1512069210000 9538
1512069210000 9538
1512069210000 9539
1512069210000 9539
1512069210000 9539
1512069210000 9539
1512069210000 9539
1512069210000 9539
1512069210000 9539
1512069210000 9540
1512069210000 9540
1512069210000 9540
1512069210000 9540
1512069210000 9540
1512069210000 9540
1512069210000 9540
1512069210000 9541
1512069210000 9541
1512069210000 9541
1512069210000 9541
1512069210000 9541
1512069210000 9541
1512069210000 9541
1512069210000 9542
1512069210000 9542
1512069210000 9542
1512069210000 9542
1512069210000 9542
1512069210000 9542
1512069210000 9542
1512069210000 9543
1512069210000 9543
1512069210000 9543
1512069210000 9543
1512069210000 9543
1512069210000 9543
1512069210000 9543
1512069210000 9544
1512069210000 9544
1512069210000 9544
1512069210000 9544
1512069210000 9544
1512069210000 9544
1512069210000 9544
1512069210000 9544
1512069210000 9545
1512069210000 9545
1512069210000 9545
1512069210000 9545
1512069210000 9545
1512069210000 9545
1512069210000 9545
1512069210000 9546
1512069210000 9546
1512069210000 9546
1512069210000 9546
1512069210000 9546
1512069210000 9546
1512069210000 9546
1512069210000 9547
1512069210000 9547
1512069210000 9547
1512069210000 9547
1512069210000 9547
1512069210000 9547
1512069210000 9547
1512069210000 9548
1512069210000 9548
1512069210000 9548
1512069210000 9548
1512069210000 9548
1512069210000 9548
1512069210000 9549
1512069210000 9549
1512069210000 9549
1512069210000 9549
1512069210000 9549
1512069210000 9549
1512069210000 9549
1512069210000 9550
1512069210000 9550
1512069210000 9550
1512069210000 9550
