1512130440000 2736
1512130440000 2736
1512130440000 2736
1512130440000 2740
1512130440000 2740
1512130440000 2740
1512130440000 2741
1512130440000 2742
1512130440000 2742
1512130440000 2742
1512130440000 2742
1512130440000 2742
1512130440000 2742
1512130440000 2743
1512130440000 2743
1512130440000 2743
1512130440000 2743
1512130440000 2743
1512130440000 2743
1512130440000 2743
1512130440000 2743
1512130440000 2743
1512130440000 2743
1512130440000 2744
1512130440000 2744
1512130440000 2744
1512130440000 2744
1512130440000 2744
1512130440000 2744
1512130440000 2744
1512130440000 2744
1512130440000 2744
1512130440000 2744
1512130440000 2745
1512130440000 2745
1512130440000 2745
1512130440000 2745
1512130440000 2745
1512130440000 2745
1512130440000 2745
1512130440000 2745
1512130440000 2745
1512130440000 2745
1512130440000 2746
1512130440000 2746
1512130440000 2746
1512130440000 2746
1512130440000 2746
1512130440000 2746
1512130440000 2746
1512130440000 2746
1512130440000 2746
1512130440000 2746
1512130440000 2746
1512130440000 2746
1512130440000 2746
1512130440000 2746
1512130440000 2746
1512130440000 2746
1512130440000 2747
1512130440000 2747
1512130440000 2747
1512130440000 2747
1512130440000 2747
1512130440000 2747
1512130440000 2747
1512130440000 2747
1512130440000 2747
1512130440000 2747
1512130440000 2747
1512130440000 2747
1512130440000 2747
1512130440000 2747
1512130440000 2747
1512130440000 2747
1512130440000 2747
1512130440000 2748
1512130440000 2748
1512130440000 2748
1512130440000 2748
1512130440000 2748
1512130440000 2748
1512130440000 2748
1512130440000 2748
1512130440000 2748
1512130440000 2748
1512130440000 2748
1512130440000 2749
1512130440000 2749
1512130440000 2749
1512130440000 2749
1512130440000 2749
1512130440000 2749
1512130440000 2750
1512130440000 2750
1512130440000 2750
1512130440000 2750
1512130440000 2751
1512130440000 2776
1512130440000 2776
1512130450000 2684
1512130450000 2684
1512130450000 2684
1512130450000 2684
1512130450000 2684
1512130450000 2684
1512130450000 2684
1512130450000 2685
1512130450000 2685
1512130450000 2685
1512130450000 2685
1512130450000 2685
1512130450000 2685
1512130450000 2685
1512130450000 2685
1512130450000 2685
1512130450000 2685
1512130450000 2686
1512130450000 2686
1512130450000 2686
1512130450000 2686
1512130450000 2686
1512130450000 2686
1512130450000 2686
1512130450000 2686
1512130450000 2686
1512130450000 2686
1512130450000 2686
1512130450000 2686
1512130450000 2686
1512130450000 2686
1512130450000 2686
1512130450000 2686
1512130450000 2686
1512130450000 2686
1512130450000 2686
1512130450000 2687
1512130450000 2687
1512130450000 2687
1512130450000 2687
1512130450000 2687
1512130450000 2687
1512130450000 2687
1512130450000 2687
1512130450000 2687
1512130450000 2687
1512130450000 2687
1512130450000 2687
1512130450000 2688
1512130450000 2688
1512130450000 2688
1512130450000 2688
1512130450000 2688
1512130450000 2688
1512130450000 2688
1512130450000 2688
1512130450000 2688
1512130450000 2688
1512130450000 2688
1512130450000 2689
1512130450000 2689
1512130450000 2689
1512130450000 2689
1512130450000 2689
1512130450000 2689
1512130450000 2690
1512130450000 2690
1512130450000 2690
1512130450000 2690
1512130450000 2690
1512130450000 2691
1512130450000 2691
1512130450000 2691
1512130450000 2691
1512130450000 2691
1512130450000 2691
1512130450000 2691
1512130450000 2691
1512130450000 2691
1512130450000 2691
1512130450000 2691
1512130450000 2692
1512130450000 2693
1512130450000 2693
1512130450000 2694
1512130450000 2694
1512130450000 2695
1512130450000 2697
1512130450000 2700
1512130450000 2700
1512130450000 2701
1512130450000 2702
1512130450000 2709
1512130450000 2709
1512130450000 2710
1512130450000 354
1512130450000 354
1512130450000 355
1512130450000 364
1512130450000 364
1512130460000 642
1512130460000 642
1512130460000 642
1512130460000 643
1512130460000 643
1512130460000 644
1512130460000 644
1512130460000 644
1512130460000 644
1512130460000 645
1512130460000 645
1512130460000 645
1512130460000 645
1512130460000 645
1512130460000 646
1512130460000 646
1512130460000 646
1512130460000 646
1512130460000 646
1512130460000 646
1512130460000 647
1512130460000 647
1512130460000 647
1512130460000 647
1512130460000 647
1512130460000 648
1512130460000 648
1512130460000 648
1512130460000 648
1512130460000 648
1512130460000 648
1512130460000 648
1512130460000 648
1512130460000 648
1512130460000 648
1512130460000 648
1512130460000 648
1512130460000 649
1512130460000 649
1512130460000 649
1512130460000 649
1512130460000 649
1512130460000 649
1512130460000 649
1512130460000 649
1512130460000 650
1512130460000 650
1512130460000 650
1512130460000 650
1512130460000 651
1512130460000 651
1512130460000 651
1512130460000 651
1512130460000 651
1512130460000 651
1512130460000 651
1512130460000 651
1512130460000 651
1512130460000 651
1512130460000 651
1512130460000 651
1512130460000 651
1512130460000 651
1512130460000 651
1512130460000 651
1512130460000 652
1512130460000 652
1512130460000 652
1512130460000 652
1512130460000 652
1512130460000 652
1512130460000 652
1512130460000 652
1512130460000 652
1512130460000 652
1512130460000 652
1512130460000 652
1512130460000 652
1512130460000 653
1512130460000 653
1512130460000 653
1512130460000 653
1512130460000 653
1512130460000 653
1512130460000 653
1512130460000 653
1512130460000 653
1512130460000 653
1512130460000 654
1512130460000 654
1512130460000 654
1512130460000 654
1512130460000 654
1512130460000 654
1512130460000 654
1512130460000 655
1512130460000 655
1512130460000 656
1512130460000 676
1512130460000 676
1512130470000 2638
1512130470000 2638
1512130470000 2638
1512130470000 2638
1512130470000 2638
1512130470000 2638
1512130470000 2638
1512130470000 2638
1512130470000 2638
1512130470000 2638
1512130470000 2638
1512130470000 2638
1512130470000 2638
1512130470000 2638
1512130470000 2638
1512130470000 2639
1512130470000 2639
1512130470000 2639
1512130470000 2639
1512130470000 2639
1512130470000 2639
1512130470000 2639
1512130470000 2639
1512130470000 2639
1512130470000 2639
1512130470000 2639
1512130470000 2639
1512130470000 2639
1512130470000 2639
1512130470000 2639
1512130470000 2639
1512130470000 2639
1512130470000 2639
1512130470000 2639
1512130470000 2639
1512130470000 2639
1512130470000 2639
1512130470000 2640
1512130470000 2640
1512130470000 2640
1512130470000 2640
1512130470000 2640
1512130470000 2640
1512130470000 2640
1512130470000 2640
1512130470000 2640
1512130470000 2640
1512130470000 2640
1512130470000 2640
1512130470000 2640
1512130470000 2640
1512130470000 2640
1512130470000 2640
1512130470000 2640
1512130470000 2640
1512130470000 2640
1512130470000 2640
1512130470000 2641
1512130470000 2641
1512130470000 2641
1512130470000 2641
1512130470000 2641
1512130470000 2641
1512130470000 2641
1512130470000 2641
1512130470000 2641
1512130470000 2641
1512130470000 2641
1512130470000 2642
1512130470000 2642
1512130470000 2642
1512130470000 2642
1512130470000 2642
1512130470000 2642
1512130470000 2642
1512130470000 2642
1512130470000 2642
1512130470000 2642
1512130470000 2642
1512130470000 2642
1512130470000 2642
1512130470000 2642
1512130470000 2643
1512130470000 2643
1512130470000 2643
1512130470000 2644
1512130470000 2644
1512130470000 2645
1512130470000 2645
1512130470000 2645
1512130470000 2646
1512130470000 2646
1512130470000 2647
1512130470000 2647
1512130470000 2647
1512130470000 2649
1512130470000 2649
1512130470000 2649
1512130470000 2676
1512130470000 2676
1512130480000 710
1512130480000 711
1512130480000 712
1512130480000 712
1512130480000 712
1512130480000 712
1512130480000 713
1512130480000 713
1512130480000 713
1512130480000 713
1512130480000 713
1512130480000 714
1512130480000 714
1512130480000 714
1512130480000 714
1512130480000 714
1512130480000 714
1512130480000 714
1512130480000 714
1512130480000 714
1512130480000 715
1512130480000 715
1512130480000 715
1512130480000 715
1512130480000 715
1512130480000 715
1512130480000 715
1512130480000 715
1512130480000 715
1512130480000 715
1512130480000 716
1512130480000 716
1512130480000 716
1512130480000 717
1512130480000 717
1512130480000 717
1512130480000 717
1512130480000 717
1512130480000 717
1512130480000 717
1512130480000 718
1512130480000 718
1512130480000 718
1512130480000 718
1512130480000 718
1512130480000 718
1512130480000 718
1512130480000 718
1512130480000 718
1512130480000 718
1512130480000 718
1512130480000 718
1512130480000 718
1512130480000 719
1512130480000 719
1512130480000 719
1512130480000 719
1512130480000 719
1512130480000 719
1512130480000 719
1512130480000 719
1512130480000 719
1512130480000 719
1512130480000 719
1512130480000 719
1512130480000 719
1512130480000 720
1512130480000 720
1512130480000 720
1512130480000 720
1512130480000 720
1512130480000 720
1512130480000 720
1512130480000 720
1512130480000 720
1512130480000 720
1512130480000 720
1512130480000 720
1512130480000 720
1512130480000 720
1512130480000 720
1512130480000 720
1512130480000 720
1512130480000 720
1512130480000 721
1512130480000 721
1512130480000 721
1512130480000 721
1512130480000 721
1512130480000 721
1512130480000 735
1512130480000 735
1512130480000 736
1512130480000 737
1512130480000 738
1512130480000 738
1512130480000 739
1512130480000 739
1512130480000 749
1512130480000 750
1512130490000 618
1512130490000 619
1512130490000 619
1512130490000 619
1512130490000 621
1512130490000 621
1512130490000 621
1512130490000 621
1512130490000 621
1512130490000 621
1512130490000 622
1512130490000 622
1512130490000 622
1512130490000 622
1512130490000 623
1512130490000 623
1512130490000 623
1512130490000 623
1512130490000 623
1512130490000 623
1512130490000 623
1512130490000 623
1512130490000 623
1512130490000 623
1512130490000 623
1512130490000 624
1512130490000 624
1512130490000 624
1512130490000 624
1512130490000 624
1512130490000 624
1512130490000 624
1512130490000 624
1512130490000 624
1512130490000 624
1512130490000 624
1512130490000 624
1512130490000 624
1512130490000 624
1512130490000 624
1512130490000 624
1512130490000 625
1512130490000 625
1512130490000 625
1512130490000 625
1512130490000 625
1512130490000 625
1512130490000 625
1512130490000 625
1512130490000 625
1512130490000 625
1512130490000 625
1512130490000 625
1512130490000 625
1512130490000 625
1512130490000 625
1512130490000 625
1512130490000 625
1512130490000 625
1512130490000 625
1512130490000 625
1512130490000 625
1512130490000 625
1512130490000 626
1512130490000 626
1512130490000 626
1512130490000 626
1512130490000 626
1512130490000 626
1512130490000 626
1512130490000 626
1512130490000 626
1512130490000 626
1512130490000 626
1512130490000 626
1512130490000 627
1512130490000 627
1512130490000 627
1512130490000 627
1512130490000 627
1512130490000 627
1512130490000 627
1512130490000 627
1512130490000 627
1512130490000 627
1512130490000 627
1512130490000 627
1512130490000 627
1512130490000 627
1512130490000 628
1512130490000 628
1512130490000 628
1512130490000 628
1512130490000 628
1512130490000 628
1512130490000 628
1512130490000 629
1512130490000 639
1512130490000 656
1512130490000 656
1512130500000 622
1512130500000 623
1512130500000 623
1512130500000 623
1512130500000 624
1512130500000 624
1512130500000 624
1512130500000 624
1512130500000 624
1512130500000 625
1512130500000 625
1512130500000 625
1512130500000 625
1512130500000 625
1512130500000 625
1512130500000 626
1512130500000 626
1512130500000 626
1512130500000 626
1512130500000 626
1512130500000 626
1512130500000 626
1512130500000 626
1512130500000 626
1512130500000 627
1512130500000 627
1512130500000 627
1512130500000 627
1512130500000 627
1512130500000 627
1512130500000 627
1512130500000 627
1512130500000 627
1512130500000 627
1512130500000 628
1512130500000 628
1512130500000 628
1512130500000 628
1512130500000 628
1512130500000 628
1512130500000 628
1512130500000 628
1512130500000 628
1512130500000 629
1512130500000 629
1512130500000 629
1512130500000 629
1512130500000 629
1512130500000 629
1512130500000 629
1512130500000 629
1512130500000 629
1512130500000 629
1512130500000 629
1512130500000 629
1512130500000 629
1512130500000 629
1512130500000 629
1512130500000 629
1512130500000 629
1512130500000 630
1512130500000 630
1512130500000 630
1512130500000 630
1512130500000 630
1512130500000 630
1512130500000 630
1512130500000 630
1512130500000 630
1512130500000 630
1512130500000 630
1512130500000 630
1512130500000 630
1512130500000 630
1512130500000 630
1512130500000 630
1512130500000 630
1512130500000 631
1512130500000 631
1512130500000 631
1512130500000 631
1512130500000 631
1512130500000 631
1512130500000 631
1512130500000 631
1512130500000 631
1512130500000 631
1512130500000 631
1512130500000 631
1512130500000 632
1512130500000 632
1512130500000 632
1512130500000 633
1512130500000 633
1512130500000 634
1512130500000 657
1512130500000 657
1512130500000 657
1512130500000 657
1512130500000 658
1512130510000 660
1512130510000 660
1512130510000 661
1512130510000 661
1512130510000 662
1512130510000 662
1512130510000 662
1512130510000 662
1512130510000 662
1512130510000 663
1512130510000 663
1512130510000 663
1512130510000 663
1512130510000 663
1512130510000 663
1512130510000 664
1512130510000 664
1512130510000 664
1512130510000 664
1512130510000 664
1512130510000 664
1512130510000 664
1512130510000 664
1512130510000 664
1512130510000 665
1512130510000 665
1512130510000 665
1512130510000 665
1512130510000 665
1512130510000 665
1512130510000 665
1512130510000 665
1512130510000 665
1512130510000 665
1512130510000 665
1512130510000 666
1512130510000 666
1512130510000 666
1512130510000 666
1512130510000 666
1512130510000 666
1512130510000 666
1512130510000 666
1512130510000 666
1512130510000 666
1512130510000 666
1512130510000 666
1512130510000 666
1512130510000 666
1512130510000 666
1512130510000 667
1512130510000 667
1512130510000 667
1512130510000 667
1512130510000 667
1512130510000 667
1512130510000 667
1512130510000 667
1512130510000 667
1512130510000 667
1512130510000 667
1512130510000 667
1512130510000 667
1512130510000 667
1512130510000 668
1512130510000 668
1512130510000 668
1512130510000 668
1512130510000 668
1512130510000 668
1512130510000 668
1512130510000 668
1512130510000 668
1512130510000 668
1512130510000 668
1512130510000 668
1512130510000 669
1512130510000 669
1512130510000 669
1512130510000 669
1512130510000 669
1512130510000 669
1512130510000 669
1512130510000 669
1512130510000 669
1512130510000 669
1512130510000 670
1512130510000 670
1512130510000 670
1512130510000 670
1512130510000 670
1512130510000 670
1512130510000 671
1512130510000 687
1512130510000 687
1512130510000 696
1512130510000 696
1512130510000 705
1512130510000 706
1512130510000 706
1512130520000 660
1512130520000 660
1512130520000 661
1512130520000 661
1512130520000 662
1512130520000 662
1512130520000 662
1512130520000 662
1512130520000 662
1512130520000 662
1512130520000 662
1512130520000 662
1512130520000 663
1512130520000 663
1512130520000 663
1512130520000 663
1512130520000 663
1512130520000 663
1512130520000 663
1512130520000 663
1512130520000 663
1512130520000 663
1512130520000 663
1512130520000 664
1512130520000 664
1512130520000 664
1512130520000 664
1512130520000 664
1512130520000 664
1512130520000 664
1512130520000 664
1512130520000 664
1512130520000 664
1512130520000 664
1512130520000 664
1512130520000 665
1512130520000 665
1512130520000 665
1512130520000 665
1512130520000 665
1512130520000 665
1512130520000 665
1512130520000 665
1512130520000 665
1512130520000 666
1512130520000 666
1512130520000 666
1512130520000 666
1512130520000 666
1512130520000 666
1512130520000 666
1512130520000 666
1512130520000 666
1512130520000 666
1512130520000 666
1512130520000 666
1512130520000 666
1512130520000 666
1512130520000 666
1512130520000 666
1512130520000 666
1512130520000 666
1512130520000 666
1512130520000 667
1512130520000 667
1512130520000 667
1512130520000 667
1512130520000 667
1512130520000 667
1512130520000 667
1512130520000 667
1512130520000 667
1512130520000 667
1512130520000 667
1512130520000 667
1512130520000 667
1512130520000 667
1512130520000 667
1512130520000 668
1512130520000 668
1512130520000 668
1512130520000 668
1512130520000 668
1512130520000 668
1512130520000 668
1512130520000 668
1512130520000 668
1512130520000 668
1512130520000 668
1512130520000 668
1512130520000 669
1512130520000 669
1512130520000 669
1512130520000 669
1512130520000 669
1512130520000 670
1512130520000 684
1512130520000 684
1512130520000 696
1512130520000 696
1512130530000 656
1512130530000 657
1512130530000 657
1512130530000 658
1512130530000 658
1512130530000 658
1512130530000 658
1512130530000 659
1512130530000 659
1512130530000 659
1512130530000 659
1512130530000 660
1512130530000 660
1512130530000 660
1512130530000 661
1512130530000 661
1512130530000 661
1512130530000 661
1512130530000 661
1512130530000 661
1512130530000 661
1512130530000 661
1512130530000 661
1512130530000 662
1512130530000 662
1512130530000 662
1512130530000 662
1512130530000 662
1512130530000 662
1512130530000 662
1512130530000 662
1512130530000 662
1512130530000 662
1512130530000 662
1512130530000 662
1512130530000 663
1512130530000 663
1512130530000 663
1512130530000 663
1512130530000 663
1512130530000 664
1512130530000 664
1512130530000 664
1512130530000 664
1512130530000 664
1512130530000 664
1512130530000 664
1512130530000 664
1512130530000 664
1512130530000 664
1512130530000 664
1512130530000 665
1512130530000 665
1512130530000 665
1512130530000 665
1512130530000 665
1512130530000 665
1512130530000 665
1512130530000 665
1512130530000 665
1512130530000 666
1512130530000 666
1512130530000 666
1512130530000 666
1512130530000 666
1512130530000 666
1512130530000 666
1512130530000 666
1512130530000 666
1512130530000 666
1512130530000 666
1512130530000 666
1512130530000 666
1512130530000 666
1512130530000 666
1512130530000 667
1512130530000 667
1512130530000 667
1512130530000 667
1512130530000 667
1512130530000 667
1512130530000 667
1512130530000 667
1512130530000 667
1512130530000 667
1512130530000 667
1512130530000 667
1512130530000 667
1512130530000 667
1512130530000 667
1512130530000 668
1512130530000 668
1512130530000 668
1512130530000 668
1512130530000 669
1512130530000 672
1512130530000 672
1512130530000 690
1512130530000 691
1512130530000 691
1512130540000 659
1512130540000 659
1512130540000 659
1512130540000 661
1512130540000 662
1512130540000 662
1512130540000 662
1512130540000 662
1512130540000 662
1512130540000 662
1512130540000 662
1512130540000 662
1512130540000 662
1512130540000 662
1512130540000 663
1512130540000 663
1512130540000 663
1512130540000 663
1512130540000 663
1512130540000 663
1512130540000 663
1512130540000 663
1512130540000 663
1512130540000 663
1512130540000 663
1512130540000 663
1512130540000 663
1512130540000 664
1512130540000 664
1512130540000 664
1512130540000 664
1512130540000 664
1512130540000 664
1512130540000 664
1512130540000 664
1512130540000 664
1512130540000 664
1512130540000 664
1512130540000 664
1512130540000 664
1512130540000 665
1512130540000 665
1512130540000 665
1512130540000 665
1512130540000 665
1512130540000 665
1512130540000 665
1512130540000 665
1512130540000 665
1512130540000 665
1512130540000 665
1512130540000 665
1512130540000 665
1512130540000 665
1512130540000 666
1512130540000 666
1512130540000 666
1512130540000 666
1512130540000 666
1512130540000 666
1512130540000 666
1512130540000 666
1512130540000 666
1512130540000 666
1512130540000 666
1512130540000 666
1512130540000 666
1512130540000 666
1512130540000 666
1512130540000 666
1512130540000 666
1512130540000 667
1512130540000 667
1512130540000 667
1512130540000 667
1512130540000 667
1512130540000 667
1512130540000 667
1512130540000 667
1512130540000 667
1512130540000 668
1512130540000 668
1512130540000 668
1512130540000 668
1512130540000 668
1512130540000 668
1512130540000 669
1512130540000 677
1512130540000 677
1512130540000 679
1512130540000 679
1512130540000 679
1512130540000 679
1512130540000 680
1512130540000 696
1512130540000 696
1512130540000 698
1512130540000 699
1512130540000 700
1512130540000 700
1512130550000 606
1512130550000 606
1512130550000 606
1512130550000 607
1512130550000 607
1512130550000 607
1512130550000 608
1512130550000 608
1512130550000 608
1512130550000 608
1512130550000 608
1512130550000 608
1512130550000 609
1512130550000 609
1512130550000 609
1512130550000 609
1512130550000 609
1512130550000 609
1512130550000 609
1512130550000 609
1512130550000 609
1512130550000 610
1512130550000 610
1512130550000 610
1512130550000 610
1512130550000 610
1512130550000 610
1512130550000 610
1512130550000 611
1512130550000 611
1512130550000 611
1512130550000 611
1512130550000 611
1512130550000 611
1512130550000 611
1512130550000 611
1512130550000 611
1512130550000 611
1512130550000 611
1512130550000 611
1512130550000 611
1512130550000 611
1512130550000 611
1512130550000 611
1512130550000 612
1512130550000 612
1512130550000 612
1512130550000 612
1512130550000 612
1512130550000 612
1512130550000 612
1512130550000 612
1512130550000 612
1512130550000 612
1512130550000 612
1512130550000 612
1512130550000 612
1512130550000 612
1512130550000 612
1512130550000 612
1512130550000 612
1512130550000 613
1512130550000 613
1512130550000 613
1512130550000 613
1512130550000 613
1512130550000 613
1512130550000 613
1512130550000 613
1512130550000 613
1512130550000 613
1512130550000 613
1512130550000 613
1512130550000 614
1512130550000 614
1512130550000 614
1512130550000 614
1512130550000 614
1512130550000 614
1512130550000 614
1512130550000 614
1512130550000 614
1512130550000 614
1512130550000 614
1512130550000 614
1512130550000 614
1512130550000 615
1512130550000 615
1512130550000 615
1512130550000 615
1512130550000 615
1512130550000 616
1512130550000 616
1512130550000 617
1512130550000 618
1512130550000 618
1512130550000 644
1512130550000 645
1512130550000 653
1512130550000 653
1512130560000 2706
1512130560000 2707
1512130560000 2707
1512130560000 2707
1512130560000 2707
1512130560000 2707
1512130560000 2707
1512130560000 2707
1512130560000 2707
1512130560000 2707
1512130560000 2708
1512130560000 2708
1512130560000 2708
1512130560000 2708
1512130560000 2708
1512130560000 2708
1512130560000 2708
1512130560000 2708
1512130560000 2709
1512130560000 2709
1512130560000 2709
1512130560000 2709
1512130560000 2709
1512130560000 2709
1512130560000 2709
1512130560000 2709
1512130560000 2709
1512130560000 2709
1512130560000 2709
1512130560000 2710
1512130560000 2710
1512130560000 2710
1512130560000 2710
1512130560000 2710
1512130560000 2710
1512130560000 2710
1512130560000 2710
1512130560000 2710
1512130560000 2710
1512130560000 2710
1512130560000 2710
1512130560000 2710
1512130560000 2710
1512130560000 2710
1512130560000 2711
1512130560000 2711
1512130560000 2711
1512130560000 2711
1512130560000 2711
1512130560000 2711
1512130560000 2711
1512130560000 2711
1512130560000 2711
1512130560000 2711
1512130560000 2711
1512130560000 2711
1512130560000 2711
1512130560000 2711
1512130560000 2711
1512130560000 2712
1512130560000 2712
1512130560000 2712
1512130560000 2712
1512130560000 2712
1512130560000 2712
1512130560000 2712
1512130560000 2712
1512130560000 2712
1512130560000 2712
1512130560000 2713
1512130560000 2713
1512130560000 2713
1512130560000 2713
1512130560000 2713
1512130560000 2714
1512130560000 2714
1512130560000 2714
1512130560000 2714
1512130560000 2714
1512130560000 2714
1512130560000 2714
1512130560000 2714
1512130560000 2714
1512130560000 2715
1512130560000 2715
1512130560000 2715
1512130560000 2715
1512130560000 2715
1512130560000 2716
1512130560000 2717
1512130560000 2717
1512130560000 2717
1512130560000 2717
1512130560000 2717
1512130560000 2719
1512130560000 2720
1512130560000 2720
1512130560000 2721
1512130560000 2743
1512130560000 2743
1512130570000 2598
1512130570000 2599
1512130570000 2599
1512130570000 2599
1512130570000 2599
1512130570000 2599
1512130570000 2599
1512130570000 2599
1512130570000 2599
1512130570000 2600
1512130570000 2600
1512130570000 2600
1512130570000 2600
1512130570000 2600
1512130570000 2600
1512130570000 2600
1512130570000 2600
1512130570000 2600
1512130570000 2600
1512130570000 2600
1512130570000 2600
1512130570000 2600
1512130570000 2600
1512130570000 2600
1512130570000 2600
1512130570000 2600
1512130570000 2600
1512130570000 2600
1512130570000 2600
1512130570000 2600
1512130570000 2600
1512130570000 2601
1512130570000 2601
1512130570000 2601
1512130570000 2601
1512130570000 2601
1512130570000 2601
1512130570000 2601
1512130570000 2601
1512130570000 2601
1512130570000 2601
1512130570000 2601
1512130570000 2601
1512130570000 2601
1512130570000 2601
1512130570000 2601
1512130570000 2601
1512130570000 2601
1512130570000 2601
1512130570000 2601
1512130570000 2601
1512130570000 2602
1512130570000 2602
1512130570000 2602
1512130570000 2602
1512130570000 2602
1512130570000 2602
1512130570000 2602
1512130570000 2602
1512130570000 2602
1512130570000 2602
1512130570000 2602
1512130570000 2602
1512130570000 2602
1512130570000 2602
1512130570000 2602
1512130570000 2602
1512130570000 2602
1512130570000 2602
1512130570000 2602
1512130570000 2602
1512130570000 2602
1512130570000 2602
1512130570000 2602
1512130570000 2603
1512130570000 2603
1512130570000 2603
1512130570000 2603
1512130570000 2603
1512130570000 2603
1512130570000 2603
1512130570000 2603
1512130570000 2603
1512130570000 2603
1512130570000 2603
1512130570000 2604
1512130570000 2604
1512130570000 2604
1512130570000 2604
1512130570000 2604
1512130570000 2604
1512130570000 2605
1512130570000 2605
1512130570000 2605
1512130570000 2606
1512130570000 2606
1512130570000 2606
1512130570000 2622
1512130570000 2622
1512130570000 2622
1512130580000 616
1512130580000 618
1512130580000 619
1512130580000 619
1512130580000 619
1512130580000 620
1512130580000 620
1512130580000 620
1512130580000 620
1512130580000 620
1512130580000 621
1512130580000 621
1512130580000 621
1512130580000 622
1512130580000 622
1512130580000 622
1512130580000 622
1512130580000 622
1512130580000 622
1512130580000 622
1512130580000 622
1512130580000 622
1512130580000 622
1512130580000 622
1512130580000 622
1512130580000 622
1512130580000 622
1512130580000 622
1512130580000 623
1512130580000 623
1512130580000 623
1512130580000 623
1512130580000 623
1512130580000 623
1512130580000 623
1512130580000 623
1512130580000 623
1512130580000 623
1512130580000 623
1512130580000 623
1512130580000 623
1512130580000 623
1512130580000 623
1512130580000 623
1512130580000 623
1512130580000 623
1512130580000 624
1512130580000 624
1512130580000 624
1512130580000 624
1512130580000 624
1512130580000 624
1512130580000 624
1512130580000 624
1512130580000 624
1512130580000 624
1512130580000 624
1512130580000 624
1512130580000 624
1512130580000 624
1512130580000 624
1512130580000 624
1512130580000 625
1512130580000 625
1512130580000 625
1512130580000 625
1512130580000 625
1512130580000 625
1512130580000 625
1512130580000 625
1512130580000 625
1512130580000 625
1512130580000 625
1512130580000 626
1512130580000 626
1512130580000 626
1512130580000 626
1512130580000 626
1512130580000 626
1512130580000 626
1512130580000 626
1512130580000 626
1512130580000 626
1512130580000 626
1512130580000 627
1512130580000 627
1512130580000 627
1512130580000 627
1512130580000 627
1512130580000 627
1512130580000 627
1512130580000 628
1512130580000 628
1512130580000 629
1512130580000 635
1512130580000 636
1512130580000 636
1512130580000 637
1512130580000 670
1512130580000 670
1512130590000 697
1512130590000 698
1512130590000 699
1512130590000 699
1512130590000 699
1512130590000 700
1512130590000 701
1512130590000 701
1512130590000 701
1512130590000 702
1512130590000 702
1512130590000 702
1512130590000 702
1512130590000 702
1512130590000 702
1512130590000 703
1512130590000 703
1512130590000 703
1512130590000 703
1512130590000 703
1512130590000 704
1512130590000 704
1512130590000 704
1512130590000 704
1512130590000 704
1512130590000 704
1512130590000 704
1512130590000 704
1512130590000 704
1512130590000 704
1512130590000 704
1512130590000 705
1512130590000 705
1512130590000 705
1512130590000 705
1512130590000 705
1512130590000 706
1512130590000 706
1512130590000 706
1512130590000 706
1512130590000 706
1512130590000 706
1512130590000 706
1512130590000 706
1512130590000 707
1512130590000 707
1512130590000 707
1512130590000 707
1512130590000 707
1512130590000 707
1512130590000 708
1512130590000 708
1512130590000 708
1512130590000 708
1512130590000 708
1512130590000 708
1512130590000 708
1512130590000 708
1512130590000 708
1512130590000 708
1512130590000 708
1512130590000 708
1512130590000 708
1512130590000 708
1512130590000 709
1512130590000 709
1512130590000 709
1512130590000 709
1512130590000 709
1512130590000 709
1512130590000 709
1512130590000 709
1512130590000 709
1512130590000 709
1512130590000 709
1512130590000 709
1512130590000 709
1512130590000 709
1512130590000 709
1512130590000 709
1512130590000 709
1512130590000 710
1512130590000 710
1512130590000 710
1512130590000 710
1512130590000 710
1512130590000 710
1512130590000 710
1512130590000 710
1512130590000 710
1512130590000 710
1512130590000 710
1512130590000 710
1512130590000 710
1512130590000 711
1512130590000 711
1512130590000 711
1512130590000 711
1512130590000 712
1512130590000 712
1512130600000 656
1512130600000 659
1512130600000 659
1512130600000 660
1512130600000 660
1512130600000 661
1512130600000 661
1512130600000 661
1512130600000 661
1512130600000 661
1512130600000 661
1512130600000 661
1512130600000 661
1512130600000 662
1512130600000 662
1512130600000 662
1512130600000 662
1512130600000 663
1512130600000 663
1512130600000 663
1512130600000 664
1512130600000 664
1512130600000 664
1512130600000 664
1512130600000 664
1512130600000 665
1512130600000 665
1512130600000 665
1512130600000 665
1512130600000 665
1512130600000 665
1512130600000 665
1512130600000 665
1512130600000 665
1512130600000 666
1512130600000 666
1512130600000 666
1512130600000 666
1512130600000 666
1512130600000 666
1512130600000 666
1512130600000 666
1512130600000 667
1512130600000 667
1512130600000 667
1512130600000 667
1512130600000 667
1512130600000 667
1512130600000 667
1512130600000 667
1512130600000 667
1512130600000 668
1512130600000 668
1512130600000 668
1512130600000 668
1512130600000 668
1512130600000 668
1512130600000 668
1512130600000 668
1512130600000 668
1512130600000 668
1512130600000 669
1512130600000 669
1512130600000 669
1512130600000 669
1512130600000 669
1512130600000 669
1512130600000 669
1512130600000 669
1512130600000 669
1512130600000 669
1512130600000 669
1512130600000 669
1512130600000 670
1512130600000 670
1512130600000 670
1512130600000 670
1512130600000 670
1512130600000 670
1512130600000 670
1512130600000 670
1512130600000 670
1512130600000 670
1512130600000 670
1512130600000 670
1512130600000 670
1512130600000 670
1512130600000 670
1512130600000 671
1512130600000 671
1512130600000 671
1512130600000 671
1512130600000 671
1512130600000 671
1512130600000 671
1512130600000 671
1512130600000 672
1512130600000 672
1512130600000 703
1512130600000 704
1512130610000 688
1512130610000 688
1512130610000 688
1512130610000 689
1512130610000 689
1512130610000 689
1512130610000 689
1512130610000 689
1512130610000 690
1512130610000 690
1512130610000 690
1512130610000 690
1512130610000 690
1512130610000 691
1512130610000 691
1512130610000 691
1512130610000 691
1512130610000 692
1512130610000 692
1512130610000 692
1512130610000 692
1512130610000 692
1512130610000 692
1512130610000 692
1512130610000 692
1512130610000 692
1512130610000 692
1512130610000 693
1512130610000 693
1512130610000 693
1512130610000 693
1512130610000 693
1512130610000 693
1512130610000 693
1512130610000 693
1512130610000 693
1512130610000 694
1512130610000 694
1512130610000 694
1512130610000 694
1512130610000 694
1512130610000 694
1512130610000 694
1512130610000 694
1512130610000 694
1512130610000 694
1512130610000 694
1512130610000 694
1512130610000 694
1512130610000 694
1512130610000 694
1512130610000 695
1512130610000 695
1512130610000 695
1512130610000 695
1512130610000 695
1512130610000 695
1512130610000 695
1512130610000 695
1512130610000 695
1512130610000 695
1512130610000 695
1512130610000 695
1512130610000 695
1512130610000 695
1512130610000 695
1512130610000 695
1512130610000 695
1512130610000 695
1512130610000 695
1512130610000 695
1512130610000 695
1512130610000 696
1512130610000 696
1512130610000 696
1512130610000 696
1512130610000 696
1512130610000 696
1512130610000 696
1512130610000 696
1512130610000 696
1512130610000 696
1512130610000 696
1512130610000 696
1512130610000 696
1512130610000 697
1512130610000 697
1512130610000 698
1512130610000 698
1512130610000 704
1512130610000 704
1512130610000 706
1512130610000 706
1512130610000 707
1512130610000 708
1512130610000 714
1512130610000 716
1512130610000 716
1512130610000 726
1512130610000 726
1512130620000 688
1512130620000 689
1512130620000 689
1512130620000 689
1512130620000 689
1512130620000 690
1512130620000 690
1512130620000 690
1512130620000 690
1512130620000 690
1512130620000 690
1512130620000 690
1512130620000 691
1512130620000 691
1512130620000 691
1512130620000 691
1512130620000 691
1512130620000 691
1512130620000 691
1512130620000 691
1512130620000 691
1512130620000 691
1512130620000 691
1512130620000 692
1512130620000 692
1512130620000 692
1512130620000 692
1512130620000 692
1512130620000 692
1512130620000 692
1512130620000 692
1512130620000 692
1512130620000 692
1512130620000 692
1512130620000 692
1512130620000 693
1512130620000 693
1512130620000 693
1512130620000 693
1512130620000 693
1512130620000 693
1512130620000 693
1512130620000 693
1512130620000 693
1512130620000 693
1512130620000 694
1512130620000 694
1512130620000 694
1512130620000 694
1512130620000 694
1512130620000 694
1512130620000 694
1512130620000 694
1512130620000 694
1512130620000 694
1512130620000 694
1512130620000 694
1512130620000 694
1512130620000 694
1512130620000 694
1512130620000 694
1512130620000 695
1512130620000 695
1512130620000 695
1512130620000 695
1512130620000 695
1512130620000 695
1512130620000 695
1512130620000 695
1512130620000 695
1512130620000 695
1512130620000 695
1512130620000 695
1512130620000 695
1512130620000 695
1512130620000 696
1512130620000 696
1512130620000 696
1512130620000 696
1512130620000 696
1512130620000 696
1512130620000 696
1512130620000 696
1512130620000 696
1512130620000 696
1512130620000 697
1512130620000 697
1512130620000 697
1512130620000 697
1512130620000 697
1512130620000 698
1512130620000 698
1512130620000 699
1512130620000 706
1512130620000 706
1512130620000 707
1512130620000 708
1512130620000 720
1512130620000 721
1512130620000 722
1512130630000 657
1512130630000 657
1512130630000 658
1512130630000 658
1512130630000 658
1512130630000 658
1512130630000 658
1512130630000 658
1512130630000 659
1512130630000 659
1512130630000 659
1512130630000 659
1512130630000 659
1512130630000 659
1512130630000 659
1512130630000 659
1512130630000 659
1512130630000 659
1512130630000 660
1512130630000 660
1512130630000 660
1512130630000 660
1512130630000 660
1512130630000 660
1512130630000 660
1512130630000 660
1512130630000 660
1512130630000 660
1512130630000 661
1512130630000 661
1512130630000 661
1512130630000 662
1512130630000 662
1512130630000 662
1512130630000 662
1512130630000 662
1512130630000 662
1512130630000 662
1512130630000 662
1512130630000 662
1512130630000 662
1512130630000 662
1512130630000 662
1512130630000 662
1512130630000 662
1512130630000 662
1512130630000 662
1512130630000 662
1512130630000 663
1512130630000 663
1512130630000 663
1512130630000 663
1512130630000 663
1512130630000 663
1512130630000 663
1512130630000 663
1512130630000 663
1512130630000 663
1512130630000 663
1512130630000 664
1512130630000 664
1512130630000 664
1512130630000 664
1512130630000 664
1512130630000 664
1512130630000 664
1512130630000 664
1512130630000 664
1512130630000 665
1512130630000 665
1512130630000 665
1512130630000 665
1512130630000 665
1512130630000 665
1512130630000 665
1512130630000 665
1512130630000 665
1512130630000 665
1512130630000 665
1512130630000 665
1512130630000 665
1512130630000 666
1512130630000 666
1512130630000 666
1512130630000 666
1512130630000 666
1512130630000 666
1512130630000 666
1512130630000 666
1512130630000 666
1512130630000 666
1512130630000 667
1512130630000 667
1512130630000 667
1512130630000 667
1512130630000 667
1512130630000 668
1512130630000 668
1512130630000 696
1512130630000 697
1512130640000 663
1512130640000 663
1512130640000 664
1512130640000 664
1512130640000 665
1512130640000 666
1512130640000 667
1512130640000 667
1512130640000 667
1512130640000 667
1512130640000 667
1512130640000 667
1512130640000 667
1512130640000 667
1512130640000 667
1512130640000 668
1512130640000 668
1512130640000 669
1512130640000 669
1512130640000 669
1512130640000 669
1512130640000 669
1512130640000 669
1512130640000 669
1512130640000 670
1512130640000 670
1512130640000 670
1512130640000 670
1512130640000 670
1512130640000 670
1512130640000 670
1512130640000 670
1512130640000 670
1512130640000 670
1512130640000 670
1512130640000 670
1512130640000 670
1512130640000 670
1512130640000 670
1512130640000 671
1512130640000 671
1512130640000 671
1512130640000 671
1512130640000 671
1512130640000 671
1512130640000 671
1512130640000 671
1512130640000 671
1512130640000 671
1512130640000 671
1512130640000 671
1512130640000 671
1512130640000 672
1512130640000 672
1512130640000 672
1512130640000 672
1512130640000 672
1512130640000 672
1512130640000 672
1512130640000 672
1512130640000 672
1512130640000 672
1512130640000 672
1512130640000 672
1512130640000 672
1512130640000 672
1512130640000 672
1512130640000 672
1512130640000 672
1512130640000 672
1512130640000 673
1512130640000 673
1512130640000 673
1512130640000 673
1512130640000 673
1512130640000 673
1512130640000 673
1512130640000 674
1512130640000 674
1512130640000 674
1512130640000 674
1512130640000 674
1512130640000 674
1512130640000 674
1512130640000 675
1512130640000 675
1512130640000 675
1512130640000 675
1512130640000 676
1512130640000 690
1512130640000 691
1512130640000 691
1512130640000 691
1512130640000 692
1512130640000 692
1512130640000 700
1512130640000 700
1512130640000 701
1512130640000 701
1512130640000 702
1512130650000 658
1512130650000 658
1512130650000 658
1512130650000 659
1512130650000 659
1512130650000 659
1512130650000 659
1512130650000 659
1512130650000 659
1512130650000 660
1512130650000 660
1512130650000 660
1512130650000 660
1512130650000 660
1512130650000 661
1512130650000 661
1512130650000 661
1512130650000 661
1512130650000 661
1512130650000 661
1512130650000 661
1512130650000 661
1512130650000 661
1512130650000 661
1512130650000 661
1512130650000 661
1512130650000 661
1512130650000 661
1512130650000 661
1512130650000 662
1512130650000 662
1512130650000 662
1512130650000 662
1512130650000 662
1512130650000 662
1512130650000 662
1512130650000 662
1512130650000 662
1512130650000 662
1512130650000 662
1512130650000 662
1512130650000 662
1512130650000 662
1512130650000 663
1512130650000 663
1512130650000 663
1512130650000 663
1512130650000 663
1512130650000 663
1512130650000 663
1512130650000 663
1512130650000 663
1512130650000 663
1512130650000 664
1512130650000 664
1512130650000 664
1512130650000 664
1512130650000 664
1512130650000 664
1512130650000 664
1512130650000 664
1512130650000 664
1512130650000 664
1512130650000 664
1512130650000 664
1512130650000 664
1512130650000 664
1512130650000 664
1512130650000 665
1512130650000 665
1512130650000 665
1512130650000 665
1512130650000 665
1512130650000 665
1512130650000 665
1512130650000 665
1512130650000 666
1512130650000 666
1512130650000 666
1512130650000 666
1512130650000 666
1512130650000 666
1512130650000 666
1512130650000 666
1512130650000 666
1512130650000 666
1512130650000 667
1512130650000 667
1512130650000 667
1512130650000 667
1512130650000 667
1512130650000 668
1512130650000 668
1512130650000 668
1512130650000 668
1512130650000 668
1512130650000 668
1512130650000 696
1512130650000 696
1512130650000 697
1512130660000 706
1512130660000 707
1512130660000 707
1512130660000 707
1512130660000 708
1512130660000 708
1512130660000 708
1512130660000 708
1512130660000 709
1512130660000 709
1512130660000 709
1512130660000 709
1512130660000 709
1512130660000 709
1512130660000 710
1512130660000 710
1512130660000 710
1512130660000 710
1512130660000 710
1512130660000 710
1512130660000 710
1512130660000 711
1512130660000 711
1512130660000 711
1512130660000 711
1512130660000 711
1512130660000 711
1512130660000 711
1512130660000 711
1512130660000 711
1512130660000 711
1512130660000 711
1512130660000 711
1512130660000 711
1512130660000 711
1512130660000 711
1512130660000 712
1512130660000 712
1512130660000 712
1512130660000 712
1512130660000 712
1512130660000 712
1512130660000 712
1512130660000 712
1512130660000 712
1512130660000 712
1512130660000 712
1512130660000 712
1512130660000 713
1512130660000 713
1512130660000 713
1512130660000 713
1512130660000 713
1512130660000 713
1512130660000 713
1512130660000 713
1512130660000 713
1512130660000 713
1512130660000 713
1512130660000 713
1512130660000 713
1512130660000 713
1512130660000 713
1512130660000 713
1512130660000 713
1512130660000 713
1512130660000 713
1512130660000 713
1512130660000 714
1512130660000 714
1512130660000 714
1512130660000 714
1512130660000 714
1512130660000 714
1512130660000 714
1512130660000 714
1512130660000 714
1512130660000 714
1512130660000 714
1512130660000 714
1512130660000 714
1512130660000 715
1512130660000 715
1512130660000 715
1512130660000 715
1512130660000 715
1512130660000 715
1512130660000 715
1512130660000 715
1512130660000 715
1512130660000 715
1512130660000 715
1512130660000 715
1512130660000 715
1512130660000 716
1512130660000 716
1512130660000 716
1512130660000 717
1512130660000 745
1512130660000 745
1512130670000 662
1512130670000 662
1512130670000 664
1512130670000 664
1512130670000 664
1512130670000 664
1512130670000 664
1512130670000 664
1512130670000 664
1512130670000 665
1512130670000 665
1512130670000 665
1512130670000 665
1512130670000 665
1512130670000 666
1512130670000 666
1512130670000 666
1512130670000 666
1512130670000 666
1512130670000 666
1512130670000 666
1512130670000 666
1512130670000 666
1512130670000 666
1512130670000 666
1512130670000 666
1512130670000 667
1512130670000 667
1512130670000 667
1512130670000 667
1512130670000 667
1512130670000 667
1512130670000 668
1512130670000 668
1512130670000 668
1512130670000 668
1512130670000 668
1512130670000 668
1512130670000 668
1512130670000 668
1512130670000 668
1512130670000 669
1512130670000 669
1512130670000 669
1512130670000 669
1512130670000 669
1512130670000 669
1512130670000 669
1512130670000 669
1512130670000 669
1512130670000 669
1512130670000 669
1512130670000 669
1512130670000 669
1512130670000 669
1512130670000 670
1512130670000 670
1512130670000 670
1512130670000 670
1512130670000 670
1512130670000 670
1512130670000 670
1512130670000 670
1512130670000 670
1512130670000 670
1512130670000 670
1512130670000 671
1512130670000 671
1512130670000 671
1512130670000 671
1512130670000 671
1512130670000 671
1512130670000 671
1512130670000 671
1512130670000 671
1512130670000 671
1512130670000 671
1512130670000 671
1512130670000 672
1512130670000 672
1512130670000 672
1512130670000 672
1512130670000 672
1512130670000 672
1512130670000 672
1512130670000 672
1512130670000 672
1512130670000 672
1512130670000 672
1512130670000 672
1512130670000 672
1512130670000 672
1512130670000 673
1512130670000 673
1512130670000 673
1512130670000 674
1512130670000 674
1512130670000 675
1512130670000 702
1512130670000 702
1512130680000 2120
1512130680000 2120
1512130680000 2120
1512130680000 2120
1512130680000 2120
1512130680000 2120
1512130680000 2121
1512130680000 2121
1512130680000 2121
1512130680000 2121
1512130680000 2121
1512130680000 2122
1512130680000 2122
1512130680000 2122
1512130680000 2122
1512130680000 2122
1512130680000 2122
1512130680000 2122
1512130680000 2122
1512130680000 2122
1512130680000 2122
1512130680000 2122
1512130680000 2122
1512130680000 2122
1512130680000 2122
1512130680000 2122
1512130680000 2122
1512130680000 2122
1512130680000 2122
1512130680000 2122
1512130680000 2122
1512130680000 2123
1512130680000 2123
1512130680000 2123
1512130680000 2123
1512130680000 2123
1512130680000 2123
1512130680000 2123
1512130680000 2123
1512130680000 2123
1512130680000 2123
1512130680000 2123
1512130680000 2123
1512130680000 2123
1512130680000 2123
1512130680000 2123
1512130680000 2123
1512130680000 2124
1512130680000 2124
1512130680000 2124
1512130680000 2124
1512130680000 2124
1512130680000 2124
1512130680000 2124
1512130680000 2124
1512130680000 2124
1512130680000 2124
1512130680000 2124
1512130680000 2124
1512130680000 2124
1512130680000 2124
1512130680000 2124
1512130680000 2124
1512130680000 2124
1512130680000 2125
1512130680000 2125
1512130680000 2125
1512130680000 2125
1512130680000 2125
1512130680000 2125
1512130680000 2125
1512130680000 2126
1512130680000 2126
1512130680000 2126
1512130680000 2126
1512130680000 2126
1512130680000 2126
1512130680000 2127
1512130680000 2127
1512130680000 2127
1512130680000 2127
1512130680000 2127
1512130680000 2128
1512130680000 2128
1512130680000 2128
1512130680000 2130
1512130680000 2130
1512130680000 2130
1512130680000 2158
1512130680000 2158
1512130680000 2159
1512130680000 2159
1512130680000 2159
1512130680000 2159
1512130680000 2160
1512130680000 2160
1512130680000 2161
1512130680000 2161
1512130680000 2162
1512130680000 2162
1512130690000 2079
1512130690000 2079
1512130690000 2079
1512130690000 2079
1512130690000 2079
1512130690000 2079
1512130690000 2079
1512130690000 2079
1512130690000 2079
1512130690000 2079
1512130690000 2079
1512130690000 2079
1512130690000 2079
1512130690000 2079
1512130690000 2079
1512130690000 2079
1512130690000 2080
1512130690000 2080
1512130690000 2080
1512130690000 2080
1512130690000 2080
1512130690000 2080
1512130690000 2080
1512130690000 2080
1512130690000 2080
1512130690000 2080
1512130690000 2080
1512130690000 2080
1512130690000 2080
1512130690000 2080
1512130690000 2080
1512130690000 2080
1512130690000 2080
1512130690000 2080
1512130690000 2081
1512130690000 2081
1512130690000 2081
1512130690000 2081
1512130690000 2081
1512130690000 2081
1512130690000 2081
1512130690000 2081
1512130690000 2081
1512130690000 2081
1512130690000 2081
1512130690000 2081
1512130690000 2082
1512130690000 2082
1512130690000 2082
1512130690000 2082
1512130690000 2082
1512130690000 2082
1512130690000 2082
1512130690000 2082
1512130690000 2082
1512130690000 2082
1512130690000 2083
1512130690000 2083
1512130690000 2083
1512130690000 2083
1512130690000 2083
1512130690000 2083
1512130690000 2083
1512130690000 2083
1512130690000 2083
1512130690000 2083
1512130690000 2084
1512130690000 2084
1512130690000 2084
1512130690000 2085
1512130690000 2085
1512130690000 2085
1512130690000 2085
1512130690000 2085
1512130690000 2086
1512130690000 2087
1512130690000 2087
1512130690000 2088
1512130690000 2090
1512130690000 2115
1512130690000 2115
1512130690000 2115
1512130690000 2115
1512130690000 2115
1512130690000 2116
1512130690000 2116
1512130690000 2116
1512130690000 2116
1512130690000 2117
1512130690000 2117
1512130690000 2117
1512130690000 2117
1512130690000 2118
1512130690000 2118
1512130690000 2119
1512130690000 2119
1512130690000 2119
1512130690000 2119
1512130690000 2119
1512130690000 2119
1512130700000 2117
1512130700000 2117
1512130700000 2117
1512130700000 2117
1512130700000 2117
1512130700000 2117
1512130700000 2117
1512130700000 2117
1512130700000 2117
1512130700000 2117
1512130700000 2117
1512130700000 2117
1512130700000 2117
1512130700000 2118
1512130700000 2118
1512130700000 2118
1512130700000 2118
1512130700000 2118
1512130700000 2118
1512130700000 2118
1512130700000 2118
1512130700000 2118
1512130700000 2118
1512130700000 2118
1512130700000 2118
1512130700000 2118
1512130700000 2118
1512130700000 2118
1512130700000 2118
1512130700000 2118
1512130700000 2118
1512130700000 2118
1512130700000 2119
1512130700000 2119
1512130700000 2119
1512130700000 2119
1512130700000 2119
1512130700000 2119
1512130700000 2119
1512130700000 2119
1512130700000 2119
1512130700000 2119
1512130700000 2119
1512130700000 2119
1512130700000 2119
1512130700000 2119
1512130700000 2119
1512130700000 2119
1512130700000 2120
1512130700000 2120
1512130700000 2120
1512130700000 2120
1512130700000 2120
1512130700000 2120
1512130700000 2120
1512130700000 2120
1512130700000 2120
1512130700000 2121
1512130700000 2121
1512130700000 2121
1512130700000 2121
1512130700000 2121
1512130700000 2122
1512130700000 2122
1512130700000 2122
1512130700000 2123
1512130700000 2123
1512130700000 2123
1512130700000 2124
1512130700000 2124
1512130700000 2124
1512130700000 2124
1512130700000 2125
1512130700000 2125
1512130700000 2126
1512130700000 2126
1512130700000 2148
1512130700000 2148
1512130700000 2148
1512130700000 2149
1512130700000 2149
1512130700000 2154
1512130700000 2155
1512130700000 2155
1512130700000 2155
1512130700000 2155
1512130700000 2155
1512130700000 2155
1512130700000 2155
1512130700000 2155
1512130700000 2156
1512130700000 2156
1512130700000 2156
1512130700000 2156
1512130700000 2156
1512130700000 2156
1512130700000 2157
1512130700000 2157
1512130700000 2157
1512130700000 2174
1512130710000 2048
1512130710000 2048
1512130710000 2048
1512130710000 2048
1512130710000 2048
1512130710000 2048
1512130710000 2048
1512130710000 2048
1512130710000 2049
1512130710000 2049
1512130710000 2049
1512130710000 2049
1512130710000 2049
1512130710000 2049
1512130710000 2049
1512130710000 2049
1512130710000 2049
1512130710000 2049
1512130710000 2049
1512130710000 2049
1512130710000 2049
1512130710000 2049
1512130710000 2049
1512130710000 2049
1512130710000 2050
1512130710000 2050
1512130710000 2050
1512130710000 2050
1512130710000 2050
1512130710000 2050
1512130710000 2050
1512130710000 2050
1512130710000 2050
1512130710000 2051
1512130710000 2051
1512130710000 2051
1512130710000 2051
1512130710000 2051
1512130710000 2051
1512130710000 2051
1512130710000 2051
1512130710000 2051
1512130710000 2051
1512130710000 2051
1512130710000 2051
1512130710000 2051
1512130710000 2051
1512130710000 2052
1512130710000 2052
1512130710000 2052
1512130710000 2052
1512130710000 2052
1512130710000 2052
1512130710000 2052
1512130710000 2052
1512130710000 2053
1512130710000 2053
1512130710000 2054
1512130710000 2054
1512130710000 2055
1512130710000 2056
1512130710000 2056
1512130710000 2056
1512130710000 2056
1512130710000 2056
1512130710000 2056
1512130710000 2056
1512130710000 2057
1512130710000 2057
1512130710000 2057
1512130710000 2057
1512130710000 2057
1512130710000 2058
1512130710000 2058
1512130710000 2058
1512130710000 2058
1512130710000 2058
1512130710000 2059
1512130710000 2060
1512130710000 2060
1512130710000 2060
1512130710000 2061
1512130710000 2061
1512130710000 2062
1512130710000 2063
1512130710000 2063
1512130710000 2063
1512130710000 2063
1512130710000 2063
1512130710000 2064
1512130710000 2065
1512130710000 2066
1512130710000 2086
1512130710000 2087
1512130710000 2087
1512130710000 2088
1512130710000 2088
1512130710000 2088
1512130710000 2088
1512130710000 2088
1512130720000 2432
1512130720000 2432
1512130720000 2432
1512130720000 2432
1512130720000 2432
1512130720000 2432
1512130720000 2432
1512130720000 2432
1512130720000 2432
1512130720000 2432
1512130720000 2432
1512130720000 2432
1512130720000 2432
1512130720000 2432
1512130720000 2432
1512130720000 2432
1512130720000 2433
1512130720000 2433
1512130720000 2433
1512130720000 2433
1512130720000 2433
1512130720000 2433
1512130720000 2433
1512130720000 2433
1512130720000 2433
1512130720000 2433
1512130720000 2434
1512130720000 2434
1512130720000 2434
1512130720000 2434
1512130720000 2434
1512130720000 2434
1512130720000 2434
1512130720000 2434
1512130720000 2434
1512130720000 2434
1512130720000 2434
1512130720000 2435
1512130720000 2435
1512130720000 2435
1512130720000 2435
1512130720000 2435
1512130720000 2435
1512130720000 2435
1512130720000 2435
1512130720000 2435
1512130720000 2435
1512130720000 2435
1512130720000 2435
1512130720000 2435
1512130720000 2435
1512130720000 2436
1512130720000 2436
1512130720000 2436
1512130720000 2436
1512130720000 2437
1512130720000 2437
1512130720000 2437
1512130720000 2437
1512130720000 2437
1512130720000 2438
1512130720000 2438
1512130720000 2439
1512130720000 2439
1512130720000 2439
1512130720000 2440
1512130720000 2440
1512130720000 2440
1512130720000 2440
1512130720000 2441
1512130720000 2442
1512130720000 2446
1512130720000 2446
1512130720000 2446
1512130720000 2447
1512130720000 2452
1512130720000 2453
1512130720000 2453
1512130720000 2453
1512130720000 2454
1512130720000 2454
1512130720000 2463
1512130720000 2463
1512130720000 2463
1512130720000 2463
1512130720000 2463
1512130720000 2464
1512130720000 2464
1512130720000 2464
1512130720000 2464
1512130720000 2464
1512130720000 2464
1512130720000 2464
1512130720000 2470
1512130720000 2470
1512130720000 2471
1512130720000 2471
1512130720000 2472
1512130720000 2472
1512130720000 2473
1512130730000 2073
1512130730000 2073
1512130730000 2073
1512130730000 2073
1512130730000 2073
1512130730000 2073
1512130730000 2073
1512130730000 2073
1512130730000 2073
1512130730000 2073
1512130730000 2073
1512130730000 2073
1512130730000 2073
1512130730000 2073
1512130730000 2073
1512130730000 2073
1512130730000 2073
1512130730000 2073
1512130730000 2073
1512130730000 2073
1512130730000 2073
1512130730000 2073
1512130730000 2073
1512130730000 2073
1512130730000 2074
1512130730000 2074
1512130730000 2074
1512130730000 2074
1512130730000 2074
1512130730000 2074
1512130730000 2074
1512130730000 2074
1512130730000 2074
1512130730000 2074
1512130730000 2074
1512130730000 2074
1512130730000 2074
1512130730000 2074
1512130730000 2075
1512130730000 2075
1512130730000 2075
1512130730000 2075
1512130730000 2075
1512130730000 2075
1512130730000 2075
1512130730000 2075
1512130730000 2075
1512130730000 2075
1512130730000 2075
1512130730000 2075
1512130730000 2075
1512130730000 2075
1512130730000 2076
1512130730000 2076
1512130730000 2076
1512130730000 2076
1512130730000 2076
1512130730000 2076
1512130730000 2076
1512130730000 2076
1512130730000 2076
1512130730000 2076
1512130730000 2076
1512130730000 2076
1512130730000 2076
1512130730000 2076
1512130730000 2077
1512130730000 2077
1512130730000 2077
1512130730000 2077
1512130730000 2077
1512130730000 2078
1512130730000 2078
1512130730000 2078
1512130730000 2078
1512130730000 2078
1512130730000 2079
1512130730000 2079
1512130730000 2079
1512130730000 2079
1512130730000 2080
1512130730000 2080
1512130730000 2081
1512130730000 2082
1512130730000 2092
1512130730000 2093
1512130730000 2093
1512130730000 2094
1512130730000 2094
1512130730000 2110
1512130730000 2110
1512130730000 2111
1512130730000 2111
1512130730000 2111
1512130730000 2111
1512130730000 2112
1512130730000 2112
1512130730000 2112
1512130730000 2113
1512130730000 2114
1512130740000 2080
1512130740000 2081
1512130740000 2081
1512130740000 2081
1512130740000 2081
1512130740000 2081
1512130740000 2082
1512130740000 2082
1512130740000 2082
1512130740000 2082
1512130740000 2082
1512130740000 2082
1512130740000 2082
1512130740000 2082
1512130740000 2082
1512130740000 2082
1512130740000 2082
1512130740000 2082
1512130740000 2082
1512130740000 2082
1512130740000 2082
1512130740000 2082
1512130740000 2082
1512130740000 2082
1512130740000 2082
1512130740000 2082
1512130740000 2082
1512130740000 2082
1512130740000 2082
1512130740000 2082
1512130740000 2082
1512130740000 2082
1512130740000 2082
1512130740000 2082
1512130740000 2083
1512130740000 2083
1512130740000 2083
1512130740000 2083
1512130740000 2083
1512130740000 2083
1512130740000 2083
1512130740000 2083
1512130740000 2084
1512130740000 2084
1512130740000 2084
1512130740000 2084
1512130740000 2084
1512130740000 2084
1512130740000 2084
1512130740000 2084
1512130740000 2084
1512130740000 2084
1512130740000 2084
1512130740000 2084
1512130740000 2084
1512130740000 2085
1512130740000 2085
1512130740000 2085
1512130740000 2085
1512130740000 2085
1512130740000 2085
1512130740000 2086
1512130740000 2086
1512130740000 2086
1512130740000 2086
1512130740000 2086
1512130740000 2086
1512130740000 2086
1512130740000 2087
1512130740000 2087
1512130740000 2087
1512130740000 2087
1512130740000 2088
1512130740000 2088
1512130740000 2088
1512130740000 2089
1512130740000 2089
1512130740000 2089
1512130740000 2090
1512130740000 2091
1512130740000 2092
1512130740000 2092
1512130740000 2093
1512130740000 2094
1512130740000 2118
1512130740000 2118
1512130740000 2119
1512130740000 2119
1512130740000 2119
1512130740000 2119
1512130740000 2119
1512130740000 2119
1512130740000 2120
1512130740000 2120
1512130740000 2120
1512130740000 2120
1512130740000 2120
1512130740000 2120
1512130740000 2121
1512130740000 2122
1512130750000 2095
1512130750000 2095
1512130750000 2096
1512130750000 2096
1512130750000 2096
1512130750000 2096
1512130750000 2096
1512130750000 2096
1512130750000 2096
1512130750000 2096
1512130750000 2096
1512130750000 2096
1512130750000 2096
1512130750000 2096
1512130750000 2096
1512130750000 2096
1512130750000 2096
1512130750000 2096
1512130750000 2096
1512130750000 2096
1512130750000 2096
1512130750000 2096
1512130750000 2096
1512130750000 2096
1512130750000 2096
1512130750000 2096
1512130750000 2096
1512130750000 2096
1512130750000 2096
1512130750000 2096
1512130750000 2096
1512130750000 2097
1512130750000 2097
1512130750000 2097
1512130750000 2097
1512130750000 2097
1512130750000 2097
1512130750000 2097
1512130750000 2097
1512130750000 2097
1512130750000 2097
1512130750000 2097
1512130750000 2097
1512130750000 2097
1512130750000 2097
1512130750000 2097
1512130750000 2097
1512130750000 2097
1512130750000 2097
1512130750000 2097
1512130750000 2098
1512130750000 2098
1512130750000 2098
1512130750000 2098
1512130750000 2098
1512130750000 2098
1512130750000 2098
1512130750000 2098
1512130750000 2098
1512130750000 2098
1512130750000 2098
1512130750000 2099
1512130750000 2099
1512130750000 2099
1512130750000 2099
1512130750000 2099
1512130750000 2099
1512130750000 2100
1512130750000 2100
1512130750000 2100
1512130750000 2100
1512130750000 2100
1512130750000 2101
1512130750000 2101
1512130750000 2108
1512130750000 2108
1512130750000 2109
1512130750000 2109
1512130750000 2121
1512130750000 2121
1512130750000 2122
1512130750000 2122
1512130750000 2132
1512130750000 2133
1512130750000 2133
1512130750000 2133
1512130750000 2133
1512130750000 2133
1512130750000 2134
1512130750000 2134
1512130750000 2135
1512130750000 2135
1512130750000 2135
1512130750000 2136
1512130750000 2136
1512130750000 2136
1512130750000 2136
1512130750000 2136
1512130750000 2136
1512130750000 2136
1512130760000 2062
1512130760000 2062
1512130760000 2062
1512130760000 2062
1512130760000 2062
1512130760000 2062
1512130760000 2062
1512130760000 2063
1512130760000 2063
1512130760000 2063
1512130760000 2063
1512130760000 2063
1512130760000 2063
1512130760000 2063
1512130760000 2063
1512130760000 2063
1512130760000 2063
1512130760000 2063
1512130760000 2063
1512130760000 2063
1512130760000 2063
1512130760000 2063
1512130760000 2063
1512130760000 2063
1512130760000 2063
1512130760000 2063
1512130760000 2064
1512130760000 2064
1512130760000 2064
1512130760000 2064
1512130760000 2064
1512130760000 2064
1512130760000 2064
1512130760000 2064
1512130760000 2064
1512130760000 2064
1512130760000 2064
1512130760000 2064
1512130760000 2064
1512130760000 2064
1512130760000 2064
1512130760000 2065
1512130760000 2065
1512130760000 2065
1512130760000 2065
1512130760000 2065
1512130760000 2065
1512130760000 2065
1512130760000 2065
1512130760000 2065
1512130760000 2065
1512130760000 2065
1512130760000 2065
1512130760000 2066
1512130760000 2066
1512130760000 2066
1512130760000 2066
1512130760000 2066
1512130760000 2066
1512130760000 2066
1512130760000 2066
1512130760000 2066
1512130760000 2067
1512130760000 2067
1512130760000 2067
1512130760000 2067
1512130760000 2067
1512130760000 2067
1512130760000 2067
1512130760000 2067
1512130760000 2067
1512130760000 2068
1512130760000 2068
1512130760000 2068
1512130760000 2070
1512130760000 2071
1512130760000 2072
1512130760000 2073
1512130760000 2073
1512130760000 2074
1512130760000 2088
1512130760000 2089
1512130760000 2089
1512130760000 2089
1512130760000 2089
1512130760000 2091
1512130760000 2099
1512130760000 2099
1512130760000 2099
1512130760000 2100
1512130760000 2100
1512130760000 2100
1512130760000 2101
1512130760000 2101
1512130760000 2101
1512130760000 2101
1512130760000 2102
1512130760000 2103
1512130760000 2104
1512130760000 2104
1512130770000 1677
1512130770000 1677
1512130770000 1677
1512130770000 1677
1512130770000 1677
1512130770000 1677
1512130770000 1677
1512130770000 1678
1512130770000 1678
1512130770000 1678
1512130770000 1678
1512130770000 1678
1512130770000 1678
1512130770000 1678
1512130770000 1678
1512130770000 1678
1512130770000 1678
1512130770000 1678
1512130770000 1678
1512130770000 1678
1512130770000 1678
1512130770000 1678
1512130770000 1678
1512130770000 1678
1512130770000 1678
1512130770000 1678
1512130770000 1678
1512130770000 1678
1512130770000 1678
1512130770000 1678
1512130770000 1679
1512130770000 1679
1512130770000 1679
1512130770000 1679
1512130770000 1679
1512130770000 1679
1512130770000 1679
1512130770000 1679
1512130770000 1679
1512130770000 1679
1512130770000 1679
1512130770000 1679
1512130770000 1679
1512130770000 1679
1512130770000 1679
1512130770000 1679
1512130770000 1679
1512130770000 1679
1512130770000 1679
1512130770000 1680
1512130770000 1680
1512130770000 1680
1512130770000 1680
1512130770000 1680
1512130770000 1680
1512130770000 1680
1512130770000 1680
1512130770000 1680
1512130770000 1680
1512130770000 1680
1512130770000 1680
1512130770000 1680
1512130770000 1680
1512130770000 1680
1512130770000 1681
1512130770000 1681
1512130770000 1681
1512130770000 1681
1512130770000 1681
1512130770000 1681
1512130770000 1681
1512130770000 1682
1512130770000 1682
1512130770000 1682
1512130770000 1682
1512130770000 1683
1512130770000 1693
1512130770000 1694
1512130770000 1694
1512130770000 1694
1512130770000 1695
1512130770000 1715
1512130770000 1715
1512130770000 1715
1512130770000 1715
1512130770000 1715
1512130770000 1715
1512130770000 1715
1512130770000 1716
1512130770000 1716
1512130770000 1716
1512130770000 1716
1512130770000 1717
1512130770000 1717
1512130770000 1718
1512130770000 1736
1512130770000 1737
1512130770000 1737
1512130770000 1741
1512130770000 1742
1512130780000 2057
1512130780000 2057
1512130780000 2057
1512130780000 2057
1512130780000 2057
1512130780000 2057
1512130780000 2057
1512130780000 2057
1512130780000 2057
1512130780000 2057
1512130780000 2057
1512130780000 2057
1512130780000 2057
1512130780000 2057
1512130780000 2057
1512130780000 2057
1512130780000 2057
1512130780000 2057
1512130780000 2057
1512130780000 2057
1512130780000 2057
1512130780000 2057
1512130780000 2058
1512130780000 2058
1512130780000 2058
1512130780000 2058
1512130780000 2058
1512130780000 2058
1512130780000 2058
1512130780000 2058
1512130780000 2058
1512130780000 2058
1512130780000 2058
1512130780000 2058
1512130780000 2058
1512130780000 2058
1512130780000 2058
1512130780000 2058
1512130780000 2058
1512130780000 2058
1512130780000 2058
1512130780000 2058
1512130780000 2058
1512130780000 2058
1512130780000 2058
1512130780000 2058
1512130780000 2058
1512130780000 2059
1512130780000 2059
1512130780000 2059
1512130780000 2059
1512130780000 2059
1512130780000 2059
1512130780000 2059
1512130780000 2059
1512130780000 2059
1512130780000 2059
1512130780000 2059
1512130780000 2059
1512130780000 2060
1512130780000 2060
1512130780000 2060
1512130780000 2060
1512130780000 2060
1512130780000 2060
1512130780000 2060
1512130780000 2060
1512130780000 2060
1512130780000 2060
1512130780000 2060
1512130780000 2061
1512130780000 2061
1512130780000 2061
1512130780000 2061
1512130780000 2062
1512130780000 2062
1512130780000 2062
1512130780000 2062
1512130780000 2062
1512130780000 2094
1512130780000 2095
1512130780000 2095
1512130780000 2095
1512130780000 2095
1512130780000 2095
1512130780000 2095
1512130780000 2095
1512130780000 2095
1512130780000 2096
1512130780000 2096
1512130780000 2096
1512130780000 2096
1512130780000 2096
1512130780000 2097
1512130780000 2097
1512130780000 2097
1512130780000 2098
1512130780000 2098
1512130780000 2098
1512130780000 2099
1512130790000 2038
1512130790000 2038
1512130790000 2038
1512130790000 2038
1512130790000 2038
1512130790000 2038
1512130790000 2038
1512130790000 2038
1512130790000 2038
1512130790000 2038
1512130790000 2038
1512130790000 2039
1512130790000 2039
1512130790000 2039
1512130790000 2039
1512130790000 2039
1512130790000 2039
1512130790000 2039
1512130790000 2039
1512130790000 2039
1512130790000 2039
1512130790000 2039
1512130790000 2039
1512130790000 2039
1512130790000 2039
1512130790000 2039
1512130790000 2039
1512130790000 2039
1512130790000 2039
1512130790000 2039
1512130790000 2039
1512130790000 2039
1512130790000 2039
1512130790000 2040
1512130790000 2040
1512130790000 2040
1512130790000 2040
1512130790000 2040
1512130790000 2040
1512130790000 2040
1512130790000 2040
1512130790000 2040
1512130790000 2040
1512130790000 2040
1512130790000 2040
1512130790000 2040
1512130790000 2040
1512130790000 2040
1512130790000 2040
1512130790000 2040
1512130790000 2041
1512130790000 2041
1512130790000 2041
1512130790000 2041
1512130790000 2041
1512130790000 2041
1512130790000 2042
1512130790000 2042
1512130790000 2042
1512130790000 2042
1512130790000 2042
1512130790000 2042
1512130790000 2042
1512130790000 2042
1512130790000 2042
1512130790000 2042
1512130790000 2042
1512130790000 2042
1512130790000 2043
1512130790000 2043
1512130790000 2043
1512130790000 2043
1512130790000 2043
1512130790000 2044
1512130790000 2044
1512130790000 2044
1512130790000 2045
1512130790000 2045
1512130790000 2046
1512130790000 2075
1512130790000 2075
1512130790000 2075
1512130790000 2075
1512130790000 2075
1512130790000 2075
1512130790000 2075
1512130790000 2075
1512130790000 2075
1512130790000 2076
1512130790000 2076
1512130790000 2076
1512130790000 2077
1512130790000 2077
1512130790000 2077
1512130790000 2078
1512130790000 2078
1512130790000 2078
1512130790000 2079
1512130790000 2079
1512130790000 2079
1512130800000 2102
1512130800000 2102
1512130800000 2102
1512130800000 2102
1512130800000 2102
1512130800000 2102
1512130800000 2102
1512130800000 2102
1512130800000 2102
1512130800000 2102
1512130800000 2102
1512130800000 2102
1512130800000 2102
1512130800000 2102
1512130800000 2102
1512130800000 2102
1512130800000 2103
1512130800000 2103
1512130800000 2103
1512130800000 2103
1512130800000 2103
1512130800000 2103
1512130800000 2103
1512130800000 2103
1512130800000 2103
1512130800000 2103
1512130800000 2103
1512130800000 2103
1512130800000 2103
1512130800000 2103
1512130800000 2103
1512130800000 2103
1512130800000 2103
1512130800000 2104
1512130800000 2104
1512130800000 2104
1512130800000 2104
1512130800000 2104
1512130800000 2104
1512130800000 2104
1512130800000 2104
1512130800000 2104
1512130800000 2104
1512130800000 2104
1512130800000 2104
1512130800000 2104
1512130800000 2104
1512130800000 2104
1512130800000 2104
1512130800000 2104
1512130800000 2105
1512130800000 2105
1512130800000 2105
1512130800000 2105
1512130800000 2105
1512130800000 2105
1512130800000 2105
1512130800000 2105
1512130800000 2105
1512130800000 2105
1512130800000 2105
1512130800000 2105
1512130800000 2105
1512130800000 2105
1512130800000 2105
1512130800000 2106
1512130800000 2106
1512130800000 2106
1512130800000 2106
1512130800000 2106
1512130800000 2106
1512130800000 2106
1512130800000 2106
1512130800000 2106
1512130800000 2106
1512130800000 2107
1512130800000 2107
1512130800000 2107
1512130800000 2107
1512130800000 2107
1512130800000 2107
1512130800000 2107
1512130800000 2107
1512130800000 2108
1512130800000 2108
1512130800000 2108
1512130800000 2108
1512130800000 2109
1512130800000 2109
1512130800000 2109
1512130800000 2110
1512130800000 2139
1512130800000 2140
1512130800000 2140
1512130800000 2140
1512130800000 2141
1512130800000 2142
1512130800000 2143
1512130800000 2143
1512130800000 2143
1512130810000 2128
1512130810000 2128
1512130810000 2128
1512130810000 2128
1512130810000 2128
1512130810000 2128
1512130810000 2128
1512130810000 2128
1512130810000 2129
1512130810000 2129
1512130810000 2129
1512130810000 2129
1512130810000 2129
1512130810000 2129
1512130810000 2129
1512130810000 2129
1512130810000 2129
1512130810000 2129
1512130810000 2129
1512130810000 2129
1512130810000 2129
1512130810000 2129
1512130810000 2129
1512130810000 2129
1512130810000 2129
1512130810000 2129
1512130810000 2129
1512130810000 2129
1512130810000 2130
1512130810000 2130
1512130810000 2130
1512130810000 2130
1512130810000 2130
1512130810000 2130
1512130810000 2130
1512130810000 2130
1512130810000 2130
1512130810000 2130
1512130810000 2130
1512130810000 2130
1512130810000 2130
1512130810000 2130
1512130810000 2130
1512130810000 2131
1512130810000 2131
1512130810000 2131
1512130810000 2131
1512130810000 2131
1512130810000 2131
1512130810000 2131
1512130810000 2131
1512130810000 2131
1512130810000 2131
1512130810000 2131
1512130810000 2131
1512130810000 2131
1512130810000 2131
1512130810000 2132
1512130810000 2132
1512130810000 2132
1512130810000 2132
1512130810000 2132
1512130810000 2132
1512130810000 2132
1512130810000 2132
1512130810000 2132
1512130810000 2132
1512130810000 2132
1512130810000 2132
1512130810000 2133
1512130810000 2133
1512130810000 2133
1512130810000 2134
1512130810000 2134
1512130810000 2135
1512130810000 2137
1512130810000 2137
1512130810000 2137
1512130810000 2137
1512130810000 2138
1512130810000 2165
1512130810000 2165
1512130810000 2166
1512130810000 2166
1512130810000 2167
1512130810000 2167
1512130810000 2168
1512130810000 2168
1512130810000 2168
1512130810000 2169
1512130810000 2169
1512130810000 2169
1512130810000 2170
1512130810000 2170
1512130810000 2170
1512130810000 2170
1512130810000 2171
1512130810000 2198
1512130810000 2198
1512130810000 2198
1512130820000 2082
1512130820000 2082
1512130820000 2082
1512130820000 2082
1512130820000 2082
1512130820000 2082
1512130820000 2082
1512130820000 2083
1512130820000 2083
1512130820000 2083
1512130820000 2083
1512130820000 2083
1512130820000 2083
1512130820000 2083
1512130820000 2083
1512130820000 2083
1512130820000 2083
1512130820000 2083
1512130820000 2083
1512130820000 2083
1512130820000 2083
1512130820000 2083
1512130820000 2083
1512130820000 2083
1512130820000 2083
1512130820000 2083
1512130820000 2084
1512130820000 2084
1512130820000 2084
1512130820000 2084
1512130820000 2084
1512130820000 2084
1512130820000 2084
1512130820000 2084
1512130820000 2084
1512130820000 2084
1512130820000 2084
1512130820000 2084
1512130820000 2084
1512130820000 2084
1512130820000 2084
1512130820000 2084
1512130820000 2084
1512130820000 2085
1512130820000 2085
1512130820000 2085
1512130820000 2085
1512130820000 2085
1512130820000 2085
1512130820000 2085
1512130820000 2085
1512130820000 2085
1512130820000 2085
1512130820000 2085
1512130820000 2085
1512130820000 2085
1512130820000 2086
1512130820000 2086
1512130820000 2086
1512130820000 2086
1512130820000 2086
1512130820000 2086
1512130820000 2086
1512130820000 2087
1512130820000 2087
1512130820000 2087
1512130820000 2087
1512130820000 2087
1512130820000 2087
1512130820000 2088
1512130820000 2088
1512130820000 2088
1512130820000 2088
1512130820000 2088
1512130820000 2089
1512130820000 2089
1512130820000 2089
1512130820000 2090
1512130820000 2091
1512130820000 2111
1512130820000 2111
1512130820000 2114
1512130820000 2114
1512130820000 2120
1512130820000 2121
1512130820000 2121
1512130820000 2122
1512130820000 2122
1512130820000 2123
1512130820000 2123
1512130820000 2123
1512130820000 2123
1512130820000 2124
1512130820000 2127
1512130820000 2128
1512130820000 2128
1512130820000 2128
1512130820000 2129
1512130820000 2129
1512130820000 2129
1512130830000 2021
1512130830000 2022
1512130830000 2022
1512130830000 2022
1512130830000 2022
1512130830000 2022
1512130830000 2022
1512130830000 2022
1512130830000 2023
1512130830000 2023
1512130830000 2023
1512130830000 2023
1512130830000 2023
1512130830000 2023
1512130830000 2023
1512130830000 2023
1512130830000 2023
1512130830000 2023
1512130830000 2023
1512130830000 2023
1512130830000 2024
1512130830000 2024
1512130830000 2024
1512130830000 2024
1512130830000 2024
1512130830000 2024
1512130830000 2025
1512130830000 2025
1512130830000 2025
1512130830000 2025
1512130830000 2025
1512130830000 2025
1512130830000 2025
1512130830000 2025
1512130830000 2025
1512130830000 2025
1512130830000 2025
1512130830000 2025
1512130830000 2026
1512130830000 2026
1512130830000 2026
1512130830000 2026
1512130830000 2026
1512130830000 2026
1512130830000 2026
1512130830000 2026
1512130830000 2026
1512130830000 2026
1512130830000 2026
1512130830000 2026
1512130830000 2026
1512130830000 2026
1512130830000 2026
1512130830000 2027
1512130830000 2027
1512130830000 2027
1512130830000 2027
1512130830000 2027
1512130830000 2027
1512130830000 2027
1512130830000 2027
1512130830000 2027
1512130830000 2028
1512130830000 2028
1512130830000 2028
1512130830000 2028
1512130830000 2028
1512130830000 2028
1512130830000 2029
1512130830000 2029
1512130830000 2029
1512130830000 2029
1512130830000 2029
1512130830000 2029
1512130830000 2030
1512130830000 2030
1512130830000 2031
1512130830000 2031
1512130830000 2040
1512130830000 2040
1512130830000 2040
1512130830000 2040
1512130830000 2040
1512130830000 2059
1512130830000 2059
1512130830000 2059
1512130830000 2060
1512130830000 2060
1512130830000 2060
1512130830000 2060
1512130830000 2060
1512130830000 2060
1512130830000 2061
1512130830000 2061
1512130830000 2061
1512130830000 2062
1512130830000 2062
1512130830000 2062
1512130830000 2064
1512130830000 2083
1512130840000 116
1512130840000 116
1512130840000 116
1512130840000 117
1512130840000 118
1512130840000 118
1512130840000 118
1512130840000 118
1512130840000 119
1512130840000 119
1512130840000 119
1512130840000 119
1512130840000 120
1512130840000 120
1512130840000 120
1512130840000 120
1512130840000 121
1512130840000 121
1512130840000 122
1512130840000 123
1512130840000 123
1512130840000 124
1512130840000 152
1512130840000 154
1512130840000 154
1512130840000 166
1512130840000 168
1512130840000 -2118
1512130840000 -2118
1512130840000 -2118
1512130840000 -2118
1512130840000 -2118
1512130840000 -2118
1512130840000 -2118
1512130840000 -2118
1512130840000 -2119
1512130840000 -2119
1512130840000 -2120
1512130840000 -2121
1512130840000 -2121
1512130840000 -2128
1512130840000 -2129
1512130840000 -2129
1512130840000 -2129
1512130840000 -2149
1512130840000 -2149
1512130840000 -2150
1512130840000 -2151
1512130840000 -2153
1512130840000 -2153
1512130840000 -2153
1512130840000 -2154
1512130840000 -2154
1512130840000 -2154
1512130840000 -2154
1512130840000 -2155
1512130840000 -2155
1512130840000 -2155
1512130840000 -2155
1512130840000 -2155
1512130840000 -2155
1512130840000 -2155
1512130840000 -2155
1512130840000 -2155
1512130840000 -2155
1512130840000 -2155
1512130840000 -2155
1512130840000 -2155
1512130840000 -2156
1512130840000 -2156
1512130840000 -2156
1512130840000 -2156
1512130840000 -2156
1512130840000 -2156
1512130840000 -2156
1512130840000 -2156
1512130840000 -2156
1512130840000 -2156
1512130840000 -2157
1512130840000 -2157
1512130840000 -2157
1512130840000 -2157
1512130840000 -2157
1512130840000 -2157
1512130840000 -2157
1512130840000 -2157
1512130840000 -2157
1512130840000 -2157
1512130840000 -2157
1512130840000 -2157
1512130840000 -2157
1512130840000 -2157
1512130840000 -2157
1512130840000 -2158
1512130840000 -2158
1512130840000 -2158
1512130840000 -2158
1512130840000 -2158
1512130840000 -2158
1512130840000 -2159
