1512144940000 10584
1512144940000 10584
1512144940000 10585
1512144940000 10586
1512144940000 10586
1512144940000 10587
1512144940000 10587
1512144940000 10587
1512144940000 10588
1512144940000 10588
1512144940000 10589
1512144940000 10589
1512144940000 10590
1512144940000 10590
1512144940000 10591
1512144940000 10591
1512144940000 10592
1512144940000 10592
1512144940000 10593
1512144940000 10593
1512144940000 10594
1512144940000 10594
1512144940000 10595
1512144940000 10632
1512144940000 10633
1512144940000 10633
1512144940000 10633
1512144940000 10634
1512144940000 10634
1512144940000 10634
1512144940000 10635
1512144940000 10635
1512144940000 10635
1512144940000 10636
1512144940000 10636
1512144940000 10636
1512144940000 10636
1512144940000 10637
1512144940000 10637
1512144940000 10637
1512144940000 10638
1512144940000 10638
1512144940000 10638
1512144940000 10638
1512144940000 10639
1512144940000 10639
1512144940000 10639
1512144940000 10700
1512144940000 10701
1512144940000 10701
1512144940000 10701
1512144940000 10702
1512144940000 10702
1512144940000 10702
1512144940000 10703
1512144940000 10703
1512144940000 10703
1512144940000 10704
1512144940000 10704
1512144940000 10704
1512144940000 10705
1512144940000 10705
1512144940000 10705
1512144940000 10706
1512144940000 10720
1512144940000 10721
1512144940000 10721
1512144940000 10721
1512144940000 10722
1512144940000 10722
1512144940000 10722
1512144940000 10723
1512144940000 10723
1512144940000 10723
1512144940000 10724
1512144940000 10724
1512144940000 10724
1512144940000 10725
1512144940000 10725
1512144940000 10726
1512144940000 10726
1512144940000 11683
1512144940000 11684
1512144940000 11684
1512144940000 11685
1512144940000 11685
1512144940000 11686
1512144940000 11686
1512144940000 11687
1512144940000 11687
1512144940000 11688
1512144940000 11688
1512144940000 11689
1512144940000 11689
1512144940000 11690
1512144940000 11690
1512144940000 11691
1512144940000 11691
1512144940000 11692
1512144940000 11692
1512144950000 10145
1512144950000 10145
1512144950000 10146
1512144950000 10146
1512144950000 10147
1512144950000 10147
1512144950000 10148
1512144950000 10148
1512144950000 10148
1512144950000 10149
1512144950000 10149
1512144950000 10150
1512144950000 10150
1512144950000 10151
1512144950000 10151
1512144950000 10249
1512144950000 10250
1512144950000 10250
1512144950000 10250
1512144950000 10250
1512144950000 10251
1512144950000 10251
1512144950000 10251
1512144950000 10251
1512144950000 10251
1512144950000 10251
1512144950000 10251
1512144950000 10251
1512144950000 10252
1512144950000 10252
1512144950000 10252
1512144950000 10252
1512144950000 10252
1512144950000 10252
1512144950000 10252
1512144950000 10253
1512144950000 10253
1512144950000 10253
1512144950000 10253
1512144950000 10253
1512144950000 10253
1512144950000 10253
1512144950000 10253
1512144950000 10253
1512144950000 10254
1512144950000 10254
1512144950000 10254
1512144950000 10254
1512144950000 10254
1512144950000 10255
1512144950000 10255
1512144950000 10255
1512144950000 10256
1512144950000 10256
1512144950000 10256
1512144950000 10256
1512144950000 10257
1512144950000 10257
1512144950000 10257
1512144950000 10257
1512144950000 10257
1512144950000 10258
1512144950000 10258
1512144950000 10258
1512144950000 10258
1512144950000 10259
1512144950000 10259
1512144950000 10259
1512144950000 10259
1512144950000 10259
1512144950000 10259
1512144950000 10259
1512144950000 10260
1512144950000 10260
1512144950000 10260
1512144950000 10260
1512144950000 10260
1512144950000 10260
1512144950000 10261
1512144950000 10261
1512144950000 10261
1512144950000 10261
1512144950000 10261
1512144950000 10261
1512144950000 10262
1512144950000 10262
1512144950000 10262
1512144950000 10262
1512144950000 10262
1512144950000 10262
1512144950000 10262
1512144950000 10262
1512144950000 10263
1512144950000 10263
1512144950000 10263
1512144950000 10263
1512144950000 10264
1512144950000 10264
1512144950000 10264
1512144950000 10265
1512144960000 10154
1512144960000 10155
1512144960000 10155
1512144960000 10155
1512144960000 10156
1512144960000 10156
1512144960000 10157
1512144960000 10157
1512144960000 10157
1512144960000 10158
1512144960000 10158
1512144960000 10159
1512144960000 10159
1512144960000 10159
1512144960000 10160
1512144960000 10160
1512144960000 10161
1512144960000 10161
1512144960000 10248
1512144960000 10248
1512144960000 10248
1512144960000 10248
1512144960000 10249
1512144960000 10249
1512144960000 10249
1512144960000 10249
1512144960000 10249
1512144960000 10249
1512144960000 10250
1512144960000 10250
1512144960000 10250
1512144960000 10250
1512144960000 10250
1512144960000 10250
1512144960000 10251
1512144960000 10251
1512144960000 10251
1512144960000 10251
1512144960000 10251
1512144960000 10251
1512144960000 10252
1512144960000 10255
1512144960000 10255
1512144960000 10255
1512144960000 10255
1512144960000 10256
1512144960000 10256
1512144960000 10256
1512144960000 10257
1512144960000 10257
1512144960000 10257
1512144960000 10258
1512144960000 10258
1512144960000 10258
1512144960000 10259
1512144960000 10259
1512144960000 10259
1512144960000 10259
1512144960000 10260
1512144960000 10260
1512144960000 10260
1512144960000 10260
1512144960000 10260
1512144960000 10261
1512144960000 10261
1512144960000 10261
1512144960000 10261
1512144960000 10261
1512144960000 10262
1512144960000 10262
1512144960000 10262
1512144960000 10262
1512144960000 10263
1512144960000 10263
1512144960000 10263
1512144960000 10263
1512144960000 10264
1512144960000 10264
1512144960000 10264
1512144960000 10265
1512144960000 10265
1512144960000 10265
1512144960000 10265
1512144960000 10266
1512144960000 10266
1512144960000 10266
1512144960000 10266
1512144960000 10267
1512144960000 10267
1512144960000 10267
1512144960000 10268
1512144960000 10268
1512144960000 10268
1512144960000 10268
1512144960000 10269
1512144960000 10269
1512144960000 10269
1512144960000 10270
1512144960000 10270
1512144960000 10270
1512144970000 10091
1512144970000 10091
1512144970000 10092
1512144970000 10092
1512144970000 10093
1512144970000 10093
1512144970000 10093
1512144970000 10094
1512144970000 10094
1512144970000 10095
1512144970000 10095
1512144970000 10096
1512144970000 10096
1512144970000 10097
1512144970000 10097
1512144970000 10098
1512144970000 10102
1512144970000 10102
1512144970000 10102
1512144970000 10103
1512144970000 10103
1512144970000 10104
1512144970000 10104
1512144970000 10105
1512144970000 10105
1512144970000 10105
1512144970000 10106
1512144970000 10106
1512144970000 10107
1512144970000 10107
1512144970000 10107
1512144970000 10108
1512144970000 10108
1512144970000 10109
1512144970000 10109
1512144970000 10110
1512144970000 10110
1512144970000 10111
1512144970000 10111
1512144970000 10111
1512144970000 10112
1512144970000 10112
1512144970000 10113
1512144970000 10113
1512144970000 10114
1512144970000 10151
1512144970000 10151
1512144970000 10152
1512144970000 10152
1512144970000 10153
1512144970000 10153
1512144970000 10153
1512144970000 10154
1512144970000 10154
1512144970000 10155
1512144970000 10155
1512144970000 10156
1512144970000 10156
1512144970000 10157
1512144970000 10157
1512144970000 10158
1512144970000 10158
1512144970000 10159
1512144970000 10159
1512144970000 10160
1512144970000 10249
1512144970000 10249
1512144970000 10249
1512144970000 10249
1512144970000 10250
1512144970000 10250
1512144970000 10250
1512144970000 10251
1512144970000 10251
1512144970000 10251
1512144970000 10251
1512144970000 10251
1512144970000 10251
1512144970000 10251
1512144970000 10252
1512144970000 10252
1512144970000 10252
1512144970000 10252
1512144970000 10252
1512144970000 10252
1512144970000 10252
1512144970000 10253
1512144970000 10253
1512144970000 10253
1512144970000 10253
1512144970000 10253
1512144970000 10253
1512144970000 10253
1512144970000 10253
1512144970000 10253
1512144970000 10253
1512144970000 10254
1512144970000 10254
1512144970000 10254
1512144970000 10254
1512144980000 10103
1512144980000 10103
1512144980000 10104
1512144980000 10104
1512144980000 10105
1512144980000 10105
1512144980000 10105
1512144980000 10105
1512144980000 10106
1512144980000 10106
1512144980000 10106
1512144980000 10107
1512144980000 10107
1512144980000 10107
1512144980000 10108
1512144980000 10108
1512144980000 10108
1512144980000 10109
1512144980000 10138
1512144980000 10139
1512144980000 10139
1512144980000 10140
1512144980000 10140
1512144980000 10140
1512144980000 10141
1512144980000 10141
1512144980000 10142
1512144980000 10142
1512144980000 10143
1512144980000 10143
1512144980000 10144
1512144980000 10144
1512144980000 10145
1512144980000 10145
1512144980000 10145
1512144980000 10146
1512144980000 10246
1512144980000 10246
1512144980000 10246
1512144980000 10247
1512144980000 10247
1512144980000 10247
1512144980000 10247
1512144980000 10247
1512144980000 10247
1512144980000 10247
1512144980000 10248
1512144980000 10248
1512144980000 10248
1512144980000 10248
1512144980000 10248
1512144980000 10248
1512144980000 10248
1512144980000 10248
1512144980000 10248
1512144980000 10249
1512144980000 10249
1512144980000 10249
1512144980000 10249
1512144980000 10249
1512144980000 10249
1512144980000 10249
1512144980000 10249
1512144980000 10250
1512144980000 10250
1512144980000 10250
1512144980000 10251
1512144980000 10251
1512144980000 10251
1512144980000 10251
1512144980000 10256
1512144980000 10256
1512144980000 10257
1512144980000 10257
1512144980000 10257
1512144980000 10258
1512144980000 10258
1512144980000 10258
1512144980000 10258
1512144980000 10259
1512144980000 10259
1512144980000 10259
1512144980000 10259
1512144980000 10260
1512144980000 10260
1512144980000 10260
1512144980000 10260
1512144980000 10261
1512144980000 10261
1512144980000 10261
1512144980000 10261
1512144980000 10262
1512144980000 10262
1512144980000 10262
1512144980000 10262
1512144980000 10263
1512144980000 10263
1512144980000 10263
1512144980000 10264
1512144980000 10264
1512144990000 10092
1512144990000 10092
1512144990000 10093
1512144990000 10093
1512144990000 10094
1512144990000 10094
1512144990000 10094
1512144990000 10095
1512144990000 10095
1512144990000 10096
1512144990000 10096
1512144990000 10096
1512144990000 10097
1512144990000 10097
1512144990000 10098
1512144990000 10098
1512144990000 10098
1512144990000 10099
1512144990000 10099
1512144990000 10099
1512144990000 10100
1512144990000 10137
1512144990000 10138
1512144990000 10138
1512144990000 10139
1512144990000 10139
1512144990000 10140
1512144990000 10140
1512144990000 10140
1512144990000 10141
1512144990000 10141
1512144990000 10142
1512144990000 10142
1512144990000 10143
1512144990000 10143
1512144990000 10144
1512144990000 10247
1512144990000 10247
1512144990000 10247
1512144990000 10247
1512144990000 10248
1512144990000 10248
1512144990000 10248
1512144990000 10248
1512144990000 10248
1512144990000 10248
1512144990000 10248
1512144990000 10248
1512144990000 10249
1512144990000 10249
1512144990000 10249
1512144990000 10249
1512144990000 10249
1512144990000 10249
1512144990000 10249
1512144990000 10249
1512144990000 10249
1512144990000 10249
1512144990000 10250
1512144990000 10250
1512144990000 10250
1512144990000 10250
1512144990000 10250
1512144990000 10250
1512144990000 10250
1512144990000 10250
1512144990000 10250
1512144990000 10250
1512144990000 10251
1512144990000 10251
1512144990000 10251
1512144990000 10251
1512144990000 10251
1512144990000 10251
1512144990000 10252
1512144990000 10252
1512144990000 10252
1512144990000 10252
1512144990000 10253
1512144990000 10253
1512144990000 10253
1512144990000 10253
1512144990000 10254
1512144990000 10254
1512144990000 10254
1512144990000 10254
1512144990000 10254
1512144990000 10255
1512144990000 10255
1512144990000 10255
1512144990000 10255
1512144990000 10256
1512144990000 10256
1512144990000 10256
1512144990000 10256
1512144990000 10257
1512144990000 10257
1512144990000 10257
1512144990000 10257
1512144990000 10257
1512145000000 10133
1512145000000 10133
1512145000000 10134
1512145000000 10134
1512145000000 10134
1512145000000 10135
1512145000000 10135
1512145000000 10136
1512145000000 10136
1512145000000 10137
1512145000000 10137
1512145000000 10138
1512145000000 10138
1512145000000 10138
1512145000000 10139
1512145000000 10139
1512145000000 10140
1512145000000 10140
1512145000000 10141
1512145000000 10141
1512145000000 10141
1512145000000 10142
1512145000000 10142
1512145000000 10143
1512145000000 10143
1512145000000 10144
1512145000000 10144
1512145000000 10249
1512145000000 10249
1512145000000 10249
1512145000000 10249
1512145000000 10250
1512145000000 10250
1512145000000 10250
1512145000000 10250
1512145000000 10250
1512145000000 10250
1512145000000 10251
1512145000000 10251
1512145000000 10251
1512145000000 10251
1512145000000 10251
1512145000000 10251
1512145000000 10251
1512145000000 10252
1512145000000 10252
1512145000000 10252
1512145000000 10252
1512145000000 10253
1512145000000 10253
1512145000000 10253
1512145000000 10254
1512145000000 10254
1512145000000 10254
1512145000000 10254
1512145000000 10254
1512145000000 10255
1512145000000 10255
1512145000000 10255
1512145000000 10255
1512145000000 10256
1512145000000 10256
1512145000000 10256
1512145000000 10256
1512145000000 10256
1512145000000 10257
1512145000000 10257
1512145000000 10257
1512145000000 10257
1512145000000 10257
1512145000000 10257
1512145000000 10258
1512145000000 10258
1512145000000 10258
1512145000000 10258
1512145000000 10258
1512145000000 10258
1512145000000 10258
1512145000000 10258
1512145000000 10259
1512145000000 10259
1512145000000 10259
1512145000000 10259
1512145000000 10259
1512145000000 10259
1512145000000 10259
1512145000000 10259
1512145000000 10259
1512145000000 10260
1512145000000 10260
1512145000000 10260
1512145000000 10260
1512145000000 10260
1512145000000 10260
1512145000000 10260
1512145000000 10261
1512145000000 10261
1512145000000 10261
1512145000000 10261
1512145000000 10261
1512145010000 10130
1512145010000 10130
1512145010000 10131
1512145010000 10131
1512145010000 10132
1512145010000 10132
1512145010000 10132
1512145010000 10133
1512145010000 10133
1512145010000 10134
1512145010000 10134
1512145010000 10134
1512145010000 10135
1512145010000 10135
1512145010000 10136
1512145010000 10253
1512145010000 10254
1512145010000 10254
1512145010000 10254
1512145010000 10254
1512145010000 10254
1512145010000 10254
1512145010000 10254
1512145010000 10254
1512145010000 10255
1512145010000 10255
1512145010000 10255
1512145010000 10255
1512145010000 10255
1512145010000 10255
1512145010000 10255
1512145010000 10255
1512145010000 10256
1512145010000 10256
1512145010000 10256
1512145010000 10256
1512145010000 10256
1512145010000 10256
1512145010000 10256
1512145010000 10256
1512145010000 10257
1512145010000 10257
1512145010000 10257
1512145010000 10257
1512145010000 10257
1512145010000 10257
1512145010000 10257
1512145010000 10257
1512145010000 10258
1512145010000 10258
1512145010000 10258
1512145010000 10258
1512145010000 10258
1512145010000 10258
1512145010000 10260
1512145010000 10260
1512145010000 10260
1512145010000 10260
1512145010000 10260
1512145010000 10260
1512145010000 10261
1512145010000 10261
1512145010000 10261
1512145010000 10261
1512145010000 10261
1512145010000 10261
1512145010000 10261
1512145010000 10261
1512145010000 10262
1512145010000 10262
1512145010000 10262
1512145010000 10262
1512145010000 10262
1512145010000 10262
1512145010000 10262
1512145010000 10262
1512145010000 10263
1512145010000 10263
1512145010000 10263
1512145010000 10263
1512145010000 10263
1512145010000 10263
1512145010000 10263
1512145010000 10264
1512145010000 10264
1512145010000 10264
1512145010000 10265
1512145010000 10265
1512145010000 10265
1512145010000 10266
1512145010000 10266
1512145010000 10266
1512145010000 10267
1512145010000 10267
1512145010000 10267
1512145010000 10268
1512145010000 10268
1512145010000 10268
1512145010000 10269
1512145010000 10269
1512145020000 10081
1512145020000 10082
1512145020000 10082
1512145020000 10082
1512145020000 10082
1512145020000 10083
1512145020000 10083
1512145020000 10083
1512145020000 10083
1512145020000 10083
1512145020000 10084
1512145020000 10084
1512145020000 10084
1512145020000 10084
1512145020000 10085
1512145020000 10085
1512145020000 10085
1512145020000 10095
1512145020000 10095
1512145020000 10095
1512145020000 10096
1512145020000 10096
1512145020000 10096
1512145020000 10096
1512145020000 10097
1512145020000 10097
1512145020000 10097
1512145020000 10097
1512145020000 10098
1512145020000 10098
1512145020000 10098
1512145020000 10098
1512145020000 10099
1512145020000 10099
1512145020000 10099
1512145020000 10099
1512145020000 10100
1512145020000 10100
1512145020000 10100
1512145020000 10101
1512145020000 10101
1512145020000 10101
1512145020000 10101
1512145020000 10102
1512145020000 10102
1512145020000 10102
1512145020000 10102
1512145020000 10142
1512145020000 10142
1512145020000 10142
1512145020000 10143
1512145020000 10143
1512145020000 10143
1512145020000 10144
1512145020000 10144
1512145020000 10144
1512145020000 10145
1512145020000 10145
1512145020000 10145
1512145020000 10146
1512145020000 10146
1512145020000 10146
1512145020000 10147
1512145020000 10147
1512145020000 10147
1512145020000 10250
1512145020000 10250
1512145020000 10250
1512145020000 10250
1512145020000 10250
1512145020000 10250
1512145020000 10250
1512145020000 10251
1512145020000 10251
1512145020000 10251
1512145020000 10251
1512145020000 10251
1512145020000 10251
1512145020000 10251
1512145020000 10251
1512145020000 10252
1512145020000 10252
1512145020000 10255
1512145020000 10255
1512145020000 10255
1512145020000 10255
1512145020000 10256
1512145020000 10256
1512145020000 10256
1512145020000 10256
1512145020000 10257
1512145020000 10257
1512145020000 10257
1512145020000 10257
1512145020000 10258
1512145020000 10258
1512145020000 10258
1512145020000 10258
1512145020000 10259
1512145020000 10259
1512145030000 10092
1512145030000 10092
1512145030000 10093
1512145030000 10093
1512145030000 10094
1512145030000 10094
1512145030000 10095
1512145030000 10095
1512145030000 10096
1512145030000 10096
1512145030000 10096
1512145030000 10097
1512145030000 10097
1512145030000 10097
1512145030000 10098
1512145030000 10098
1512145030000 10098
1512145030000 10098
1512145030000 10099
1512145030000 10099
1512145030000 10099
1512145030000 10099
1512145030000 10099
1512145030000 10099
1512145030000 10100
1512145030000 10100
1512145030000 10100
1512145030000 10100
1512145030000 10101
1512145030000 10101
1512145030000 10101
1512145030000 10101
1512145030000 10102
1512145030000 10102
1512145030000 10103
1512145030000 10103
1512145030000 10103
1512145030000 10104
1512145030000 10104
1512145030000 10105
1512145030000 10105
1512145030000 10105
1512145030000 10106
1512145030000 10106
1512145030000 10151
1512145030000 10151
1512145030000 10152
1512145030000 10152
1512145030000 10152
1512145030000 10153
1512145030000 10153
1512145030000 10154
1512145030000 10154
1512145030000 10154
1512145030000 10155
1512145030000 10155
1512145030000 10156
1512145030000 10156
1512145030000 10156
1512145030000 10157
1512145030000 10157
1512145030000 10158
1512145030000 10158
1512145030000 10158
1512145030000 10249
1512145030000 10249
1512145030000 10249
1512145030000 10249
1512145030000 10249
1512145030000 10249
1512145030000 10250
1512145030000 10250
1512145030000 10250
1512145030000 10250
1512145030000 10250
1512145030000 10250
1512145030000 10250
1512145030000 10250
1512145030000 10251
1512145030000 10251
1512145030000 10251
1512145030000 10251
1512145030000 10251
1512145030000 10251
1512145030000 10251
1512145030000 10251
1512145030000 10252
1512145030000 10252
1512145030000 10252
1512145030000 10252
1512145030000 10253
1512145030000 10253
1512145030000 10253
1512145030000 10253
1512145030000 10254
1512145030000 10254
1512145030000 10254
1512145030000 10254
1512145030000 10254
1512145030000 10255
1512145040000 10095
1512145040000 10096
1512145040000 10096
1512145040000 10097
1512145040000 10097
1512145040000 10097
1512145040000 10098
1512145040000 10098
1512145040000 10099
1512145040000 10099
1512145040000 10099
1512145040000 10100
1512145040000 10100
1512145040000 10101
1512145040000 10101
1512145040000 10101
1512145040000 10101
1512145040000 10102
1512145040000 10102
1512145040000 10102
1512145040000 10102
1512145040000 10103
1512145040000 10103
1512145040000 10103
1512145040000 10104
1512145040000 10104
1512145040000 10105
1512145040000 10105
1512145040000 10105
1512145040000 10106
1512145040000 10106
1512145040000 10107
1512145040000 10107
1512145040000 10107
1512145040000 10108
1512145040000 10108
1512145040000 10109
1512145040000 10109
1512145040000 10110
1512145040000 10110
1512145040000 10110
1512145040000 10111
1512145040000 10111
1512145040000 10112
1512145040000 10161
1512145040000 10161
1512145040000 10161
1512145040000 10162
1512145040000 10162
1512145040000 10163
1512145040000 10163
1512145040000 10163
1512145040000 10164
1512145040000 10164
1512145040000 10165
1512145040000 10165
1512145040000 10166
1512145040000 10166
1512145040000 10166
1512145040000 10167
1512145040000 10167
1512145040000 10167
1512145040000 10168
1512145040000 10168
1512145040000 10169
1512145040000 10169
1512145040000 10238
1512145040000 10239
1512145040000 10239
1512145040000 10239
1512145040000 10239
1512145040000 10240
1512145040000 10240
1512145040000 10240
1512145040000 10240
1512145040000 10241
1512145040000 10241
1512145040000 10241
1512145040000 10241
1512145040000 10249
1512145040000 10250
1512145040000 10250
1512145040000 10250
1512145040000 10250
1512145040000 10250
1512145040000 10250
1512145040000 10250
1512145040000 10251
1512145040000 10251
1512145040000 10251
1512145040000 10251
1512145040000 10251
1512145040000 10251
1512145040000 10251
1512145040000 10252
1512145040000 10252
1512145040000 10252
1512145040000 10252
1512145040000 10252
1512145040000 10252
1512145050000 10085
1512145050000 10086
1512145050000 10086
1512145050000 10086
1512145050000 10087
1512145050000 10087
1512145050000 10087
1512145050000 10088
1512145050000 10088
1512145050000 10088
1512145050000 10088
1512145050000 10089
1512145050000 10089
1512145050000 10089
1512145050000 10090
1512145050000 10090
1512145050000 10091
1512145050000 10091
1512145050000 10091
1512145050000 10146
1512145050000 10147
1512145050000 10147
1512145050000 10147
1512145050000 10148
1512145050000 10148
1512145050000 10149
1512145050000 10149
1512145050000 10149
1512145050000 10150
1512145050000 10150
1512145050000 10151
1512145050000 10151
1512145050000 10152
1512145050000 10152
1512145050000 10152
1512145050000 10153
1512145050000 10153
1512145050000 10154
1512145050000 10154
1512145050000 10154
1512145050000 10155
1512145050000 10155
1512145050000 10156
1512145050000 10248
1512145050000 10248
1512145050000 10248
1512145050000 10248
1512145050000 10249
1512145050000 10249
1512145050000 10249
1512145050000 10249
1512145050000 10249
1512145050000 10249
1512145050000 10250
1512145050000 10250
1512145050000 10250
1512145050000 10250
1512145050000 10250
1512145050000 10250
1512145050000 10251
1512145050000 10251
1512145050000 10251
1512145050000 10251
1512145050000 10251
1512145050000 10253
1512145050000 10253
1512145050000 10253
1512145050000 10253
1512145050000 10254
1512145050000 10254
1512145050000 10254
1512145050000 10254
1512145050000 10254
1512145050000 10255
1512145050000 10255
1512145050000 10255
1512145050000 10255
1512145050000 10256
1512145050000 10256
1512145050000 10256
1512145050000 10256
1512145050000 10257
1512145050000 10257
1512145050000 10257
1512145050000 10257
1512145050000 10258
1512145050000 10258
1512145050000 10258
1512145050000 10258
1512145050000 10259
1512145050000 10259
1512145050000 10259
1512145050000 10259
1512145050000 10260
1512145050000 10260
1512145050000 10260
1512145050000 10261
1512145050000 10261
1512145050000 10261
1512145050000 10262
1512145060000 10096
1512145060000 10097
1512145060000 10097
1512145060000 10097
1512145060000 10098
1512145060000 10098
1512145060000 10098
1512145060000 10098
1512145060000 10099
1512145060000 10099
1512145060000 10099
1512145060000 10100
1512145060000 10100
1512145060000 10100
1512145060000 10101
1512145060000 10101
1512145060000 10101
1512145060000 10101
1512145060000 10102
1512145060000 10142
1512145060000 10143
1512145060000 10143
1512145060000 10144
1512145060000 10144
1512145060000 10145
1512145060000 10145
1512145060000 10146
1512145060000 10146
1512145060000 10146
1512145060000 10147
1512145060000 10147
1512145060000 10148
1512145060000 10148
1512145060000 10148
1512145060000 10149
1512145060000 10149
1512145060000 10150
1512145060000 10150
1512145060000 10150
1512145060000 10151
1512145060000 10252
1512145060000 10252
1512145060000 10252
1512145060000 10252
1512145060000 10253
1512145060000 10253
1512145060000 10253
1512145060000 10253
1512145060000 10254
1512145060000 10254
1512145060000 10254
1512145060000 10254
1512145060000 10254
1512145060000 10254
1512145060000 10254
1512145060000 10254
1512145060000 10254
1512145060000 10254
1512145060000 10255
1512145060000 10255
1512145060000 10255
1512145060000 10255
1512145060000 10255
1512145060000 10255
1512145060000 10255
1512145060000 10255
1512145060000 10255
1512145060000 10255
1512145060000 10255
1512145060000 10256
1512145060000 10256
1512145060000 10256
1512145060000 10256
1512145060000 10256
1512145060000 10256
1512145060000 10256
1512145060000 10256
1512145060000 10257
1512145060000 10257
1512145060000 10257
1512145060000 10257
1512145060000 10258
1512145060000 10258
1512145060000 10258
1512145060000 10258
1512145060000 10260
1512145060000 10260
1512145060000 10260
1512145060000 10260
1512145060000 10261
1512145060000 10261
1512145060000 10262
1512145060000 10262
1512145060000 10262
1512145060000 10262
1512145060000 10263
1512145060000 10263
1512145060000 10263
1512145060000 10264
1512145060000 10264
1512145070000 10087
1512145070000 10087
1512145070000 10087
1512145070000 10087
1512145070000 10087
1512145070000 10087
1512145070000 10088
1512145070000 10088
1512145070000 10088
1512145070000 10088
1512145070000 10088
1512145070000 10088
1512145070000 10089
1512145070000 10089
1512145070000 10089
1512145070000 10089
1512145070000 10089
1512145070000 10089
1512145070000 10090
1512145070000 10090
1512145070000 10090
1512145070000 10090
1512145070000 10090
1512145070000 10090
1512145070000 10090
1512145070000 10090
1512145070000 10090
1512145070000 10091
1512145070000 10091
1512145070000 10091
1512145070000 10091
1512145070000 10091
1512145070000 10092
1512145070000 10092
1512145070000 10092
1512145070000 10093
1512145070000 10093
1512145070000 10093
1512145070000 10094
1512145070000 10094
1512145070000 10094
1512145070000 10095
1512145070000 10145
1512145070000 10145
1512145070000 10146
1512145070000 10146
1512145070000 10147
1512145070000 10147
1512145070000 10148
1512145070000 10148
1512145070000 10148
1512145070000 10149
1512145070000 10149
1512145070000 10150
1512145070000 10150
1512145070000 10151
1512145070000 10151
1512145070000 10151
1512145070000 10152
1512145070000 10152
1512145070000 10153
1512145070000 10153
1512145070000 10153
1512145070000 10248
1512145070000 10248
1512145070000 10248
1512145070000 10248
1512145070000 10249
1512145070000 10249
1512145070000 10249
1512145070000 10249
1512145070000 10250
1512145070000 10250
1512145070000 10250
1512145070000 10250
1512145070000 10251
1512145070000 10251
1512145070000 10251
1512145070000 10257
1512145070000 10257
1512145070000 10257
1512145070000 10258
1512145070000 10258
1512145070000 10258
1512145070000 10258
1512145070000 10259
1512145070000 10259
1512145070000 10259
1512145070000 10260
1512145070000 10260
1512145070000 10260
1512145070000 10261
1512145070000 10261
1512145070000 10261
1512145070000 10262
1512145070000 10262
1512145070000 10262
1512145070000 10263
1512145070000 10263
1512145070000 10264
1512145080000 10093
1512145080000 10094
1512145080000 10094
1512145080000 10094
1512145080000 10095
1512145080000 10095
1512145080000 10095
1512145080000 10096
1512145080000 10096
1512145080000 10096
1512145080000 10097
1512145080000 10097
1512145080000 10097
1512145080000 10098
1512145080000 10098
1512145080000 10098
1512145080000 10099
1512145080000 10099
1512145080000 10099
1512145080000 10099
1512145080000 10100
1512145080000 10100
1512145080000 10150
1512145080000 10151
1512145080000 10151
1512145080000 10151
1512145080000 10152
1512145080000 10152
1512145080000 10152
1512145080000 10153
1512145080000 10153
1512145080000 10153
1512145080000 10154
1512145080000 10154
1512145080000 10154
1512145080000 10155
1512145080000 10155
1512145080000 10155
1512145080000 10156
1512145080000 10156
1512145080000 10156
1512145080000 10157
1512145080000 10157
1512145080000 10157
1512145080000 10158
1512145080000 10158
1512145080000 10158
1512145080000 10159
1512145080000 10242
1512145080000 10243
1512145080000 10243
1512145080000 10243
1512145080000 10244
1512145080000 10244
1512145080000 10244
1512145080000 10244
1512145080000 10245
1512145080000 10245
1512145080000 10245
1512145080000 10246
1512145080000 10246
1512145080000 10246
1512145080000 10246
1512145080000 10247
1512145080000 10253
1512145080000 10254
1512145080000 10254
1512145080000 10254
1512145080000 10254
1512145080000 10254
1512145080000 10254
1512145080000 10255
1512145080000 10255
1512145080000 10255
1512145080000 10255
1512145080000 10255
1512145080000 10256
1512145080000 10256
1512145080000 10256
1512145080000 10256
1512145080000 10256
1512145080000 10258
1512145080000 10258
1512145080000 10258
1512145080000 10259
1512145080000 10259
1512145080000 10259
1512145080000 10259
1512145080000 10260
1512145080000 10260
1512145080000 10260
1512145080000 10260
1512145080000 10261
1512145080000 10261
1512145080000 10261
1512145080000 10261
1512145080000 10262
1512145080000 10262
1512145080000 10262
1512145080000 10262
1512145090000 10089
1512145090000 10089
1512145090000 10089
1512145090000 10090
1512145090000 10090
1512145090000 10090
1512145090000 10090
1512145090000 10090
1512145090000 10090
1512145090000 10090
1512145090000 10090
1512145090000 10090
1512145090000 10091
1512145090000 10091
1512145090000 10091
1512145090000 10091
1512145090000 10091
1512145090000 10091
1512145090000 10091
1512145090000 10091
1512145090000 10091
1512145090000 10091
1512145090000 10092
1512145090000 10092
1512145090000 10092
1512145090000 10092
1512145090000 10092
1512145090000 10092
1512145090000 10092
1512145090000 10092
1512145090000 10092
1512145090000 10092
1512145090000 10092
1512145090000 10093
1512145090000 10093
1512145090000 10093
1512145090000 10093
1512145090000 10093
1512145090000 10093
1512145090000 10093
1512145090000 10093
1512145090000 10093
1512145090000 10139
1512145090000 10140
1512145090000 10140
1512145090000 10140
1512145090000 10141
1512145090000 10141
1512145090000 10142
1512145090000 10142
1512145090000 10142
1512145090000 10143
1512145090000 10143
1512145090000 10144
1512145090000 10144
1512145090000 10144
1512145090000 10145
1512145090000 10145
1512145090000 10146
1512145090000 10146
1512145090000 10146
1512145090000 10147
1512145090000 10147
1512145090000 10147
1512145090000 10148
1512145090000 10247
1512145090000 10247
1512145090000 10247
1512145090000 10247
1512145090000 10248
1512145090000 10248
1512145090000 10248
1512145090000 10248
1512145090000 10249
1512145090000 10249
1512145090000 10249
1512145090000 10250
1512145090000 10250
1512145090000 10250
1512145090000 10250
1512145090000 10251
1512145090000 10251
1512145090000 10251
1512145090000 10252
1512145090000 10252
1512145090000 10252
1512145090000 10258
1512145090000 10259
1512145090000 10259
1512145090000 10259
1512145090000 10259
1512145090000 10260
1512145090000 10260
1512145090000 10260
1512145090000 10260
1512145090000 10261
1512145090000 10261
1512145090000 10261
1512145090000 10261
1512145090000 10262
1512145100000 10123
1512145100000 10123
1512145100000 10124
1512145100000 10124
1512145100000 10124
1512145100000 10125
1512145100000 10125
1512145100000 10126
1512145100000 10126
1512145100000 10126
1512145100000 10127
1512145100000 10127
1512145100000 10128
1512145100000 10128
1512145100000 10128
1512145100000 10129
1512145100000 10129
1512145100000 10241
1512145100000 10241
1512145100000 10242
1512145100000 10242
1512145100000 10242
1512145100000 10242
1512145100000 10243
1512145100000 10243
1512145100000 10243
1512145100000 10243
1512145100000 10244
1512145100000 10244
1512145100000 10244
1512145100000 10244
1512145100000 10245
1512145100000 10245
1512145100000 10245
1512145100000 10245
1512145100000 10246
1512145100000 10250
1512145100000 10250
1512145100000 10250
1512145100000 10250
1512145100000 10250
1512145100000 10250
1512145100000 10251
1512145100000 10251
1512145100000 10251
1512145100000 10251
1512145100000 10251
1512145100000 10251
1512145100000 10251
1512145100000 10252
1512145100000 10252
1512145100000 10252
1512145100000 10252
1512145100000 10252
1512145100000 10252
1512145100000 10252
1512145100000 10253
1512145100000 10253
1512145100000 10253
1512145100000 10255
1512145100000 10256
1512145100000 10256
1512145100000 10256
1512145100000 10256
1512145100000 10257
1512145100000 10257
1512145100000 10257
1512145100000 10257
1512145100000 10258
1512145100000 10258
1512145100000 10258
1512145100000 10258
1512145100000 10258
1512145100000 10258
1512145100000 10258
1512145100000 10258
1512145100000 10259
1512145100000 10259
1512145100000 10259
1512145100000 10259
1512145100000 10259
1512145100000 10259
1512145100000 10259
1512145100000 10260
1512145100000 10260
1512145100000 10260
1512145100000 10260
1512145100000 10260
1512145100000 10260
1512145100000 10260
1512145100000 10260
1512145100000 10261
1512145100000 10261
1512145100000 10261
1512145100000 10261
1512145100000 10261
1512145100000 10262
1512145100000 10262
1512145100000 10262
1512145100000 10262
1512145110000 10159
1512145110000 10159
1512145110000 10159
1512145110000 10160
1512145110000 10160
1512145110000 10160
1512145110000 10161
1512145110000 10161
1512145110000 10162
1512145110000 10162
1512145110000 10162
1512145110000 10163
1512145110000 10163
1512145110000 10163
1512145110000 10164
1512145110000 10164
1512145110000 10164
1512145110000 10165
1512145110000 10165
1512145110000 10165
1512145110000 10166
1512145110000 10166
1512145110000 10166
1512145110000 10167
1512145110000 10167
1512145110000 10167
1512145110000 10168
1512145110000 10168
1512145110000 10169
1512145110000 10169
1512145110000 10243
1512145110000 10243
1512145110000 10244
1512145110000 10244
1512145110000 10244
1512145110000 10245
1512145110000 10245
1512145110000 10245
1512145110000 10246
1512145110000 10246
1512145110000 10246
1512145110000 10247
1512145110000 10247
1512145110000 10247
1512145110000 10247
1512145110000 10248
1512145110000 10248
1512145110000 10248
1512145110000 10248
1512145110000 10248
1512145110000 10249
1512145110000 10249
1512145110000 10249
1512145110000 10249
1512145110000 10249
1512145110000 10250
1512145110000 10250
1512145110000 10250
1512145110000 10250
1512145110000 10251
1512145110000 10251
1512145110000 10251
1512145110000 10255
1512145110000 10255
1512145110000 10255
1512145110000 10256
1512145110000 10256
1512145110000 10256
1512145110000 10256
1512145110000 10257
1512145110000 10257
1512145110000 10257
1512145110000 10257
1512145110000 10258
1512145110000 10258
1512145110000 10258
1512145110000 10258
1512145110000 10258
1512145110000 10258
1512145110000 10258
1512145110000 10258
1512145110000 10258
1512145110000 10259
1512145110000 10259
1512145110000 10259
1512145110000 10259
1512145110000 10259
1512145110000 10259
1512145110000 10259
1512145110000 10259
1512145110000 10259
1512145110000 10260
1512145110000 10260
1512145110000 10260
1512145110000 10260
1512145110000 10260
1512145110000 10260
1512145110000 10261
1512145110000 10261
1512145110000 10261
1512145120000 10097
1512145120000 10098
1512145120000 10098
1512145120000 10099
1512145120000 10099
1512145120000 10100
1512145120000 10100
1512145120000 10100
1512145120000 10101
1512145120000 10101
1512145120000 10102
1512145120000 10102
1512145120000 10102
1512145120000 10103
1512145120000 10103
1512145120000 10104
1512145120000 10104
1512145120000 10104
1512145120000 10105
1512145120000 10105
1512145120000 10106
1512145120000 10106
1512145120000 10130
1512145120000 10131
1512145120000 10131
1512145120000 10132
1512145120000 10132
1512145120000 10132
1512145120000 10133
1512145120000 10133
1512145120000 10133
1512145120000 10134
1512145120000 10134
1512145120000 10134
1512145120000 10135
1512145120000 10135
1512145120000 10135
1512145120000 10136
1512145120000 10136
1512145120000 10136
1512145120000 10137
1512145120000 10137
1512145120000 10243
1512145120000 10243
1512145120000 10244
1512145120000 10244
1512145120000 10244
1512145120000 10244
1512145120000 10245
1512145120000 10245
1512145120000 10245
1512145120000 10245
1512145120000 10245
1512145120000 10245
1512145120000 10246
1512145120000 10246
1512145120000 10246
1512145120000 10246
1512145120000 10246
1512145120000 10246
1512145120000 10247
1512145120000 10247
1512145120000 10247
1512145120000 10247
1512145120000 10247
1512145120000 10248
1512145120000 10248
1512145120000 10248
1512145120000 10248
1512145120000 10249
1512145120000 10249
1512145120000 10249
1512145120000 10249
1512145120000 10250
1512145120000 10250
1512145120000 10261
1512145120000 10261
1512145120000 10261
1512145120000 10261
1512145120000 10262
1512145120000 10262
1512145120000 10262
1512145120000 10262
1512145120000 10262
1512145120000 10262
1512145120000 10262
1512145120000 10263
1512145120000 10263
1512145120000 10263
1512145120000 10263
1512145120000 10263
1512145120000 10263
1512145120000 10263
1512145120000 10263
1512145120000 10264
1512145120000 10264
1512145120000 10264
1512145120000 10264
1512145120000 10264
1512145120000 10264
1512145130000 10087
1512145130000 10087
1512145130000 10087
1512145130000 10087
1512145130000 10088
1512145130000 10088
1512145130000 10088
1512145130000 10089
1512145130000 10089
1512145130000 10089
1512145130000 10090
1512145130000 10090
1512145130000 10090
1512145130000 10091
1512145130000 10132
1512145130000 10132
1512145130000 10133
1512145130000 10133
1512145130000 10133
1512145130000 10134
1512145130000 10134
1512145130000 10134
1512145130000 10135
1512145130000 10135
1512145130000 10135
1512145130000 10136
1512145130000 10136
1512145130000 10136
1512145130000 10137
1512145130000 10137
1512145130000 10137
1512145130000 10138
1512145130000 10248
1512145130000 10248
1512145130000 10248
1512145130000 10248
1512145130000 10249
1512145130000 10249
1512145130000 10249
1512145130000 10249
1512145130000 10250
1512145130000 10250
1512145130000 10250
1512145130000 10250
1512145130000 10251
1512145130000 10251
1512145130000 10251
1512145130000 10251
1512145130000 10251
1512145130000 10251
1512145130000 10251
1512145130000 10251
1512145130000 10251
1512145130000 10252
1512145130000 10252
1512145130000 10252
1512145130000 10252
1512145130000 10252
1512145130000 10252
1512145130000 10252
1512145130000 10252
1512145130000 10252
1512145130000 10252
1512145130000 10252
1512145130000 10252
1512145130000 10253
1512145130000 10253
1512145130000 10253
1512145130000 10253
1512145130000 10253
1512145130000 10253
1512145130000 10253
1512145130000 10253
1512145130000 10253
1512145130000 10253
1512145130000 10253
1512145130000 10254
1512145130000 10254
1512145130000 10254
1512145130000 10254
1512145130000 10254
1512145130000 10254
1512145130000 10254
1512145130000 10254
1512145130000 10254
1512145130000 10255
1512145130000 10255
1512145130000 10255
1512145130000 10255
1512145130000 10256
1512145130000 10256
1512145130000 10256
1512145130000 10256
1512145130000 10257
1512145130000 10257
1512145130000 10257
1512145130000 10257
1512145130000 10258
1512145130000 10258
1512145130000 10258
1512145140000 10244
1512145140000 10244
1512145140000 10244
1512145140000 10245
1512145140000 10245
1512145140000 10245
1512145140000 10245
1512145140000 10246
1512145140000 10246
1512145140000 10246
1512145140000 10247
1512145140000 10247
1512145140000 10249
1512145140000 10249
1512145140000 10249
1512145140000 10250
1512145140000 10250
1512145140000 10250
1512145140000 10250
1512145140000 10250
1512145140000 10250
1512145140000 10251
1512145140000 10251
1512145140000 10251
1512145140000 10251
1512145140000 10251
1512145140000 10251
1512145140000 10251
1512145140000 10251
1512145140000 10251
1512145140000 10251
1512145140000 10251
1512145140000 10251
1512145140000 10251
1512145140000 10251
1512145140000 10252
1512145140000 10252
1512145140000 10252
1512145140000 10252
1512145140000 10252
1512145140000 10252
1512145140000 10252
1512145140000 10252
1512145140000 10252
1512145140000 10252
1512145140000 10252
1512145140000 10252
1512145140000 10252
1512145140000 10252
1512145140000 10253
1512145140000 10253
1512145140000 10253
1512145140000 10253
1512145140000 10253
1512145140000 10253
1512145140000 10253
1512145140000 10253
1512145140000 10253
1512145140000 10254
1512145140000 10254
1512145140000 10254
1512145140000 10254
1512145140000 10254
1512145140000 10254
1512145140000 10254
1512145140000 10254
1512145140000 10254
1512145140000 10254
1512145140000 10255
1512145140000 10255
1512145140000 10255
1512145140000 10255
1512145140000 10303
1512145140000 10303
1512145140000 10304
1512145140000 10304
1512145140000 10304
1512145140000 10305
1512145140000 10305
1512145140000 10305
1512145140000 10305
1512145140000 10306
1512145140000 10306
1512145140000 10306
1512145140000 10306
1512145140000 10307
1512145140000 10307
1512145140000 10307
1512145140000 10307
1512145140000 10308
1512145140000 10308
1512145140000 10308
1512145140000 10309
1512145140000 10309
1512145140000 10309
1512145140000 10309
1512145140000 10310
1512145140000 10310
1512145140000 10310
1512145140000 10310
1512145150000 10098
1512145150000 10098
1512145150000 10098
1512145150000 10099
1512145150000 10099
1512145150000 10099
1512145150000 10100
1512145150000 10100
1512145150000 10100
1512145150000 10100
1512145150000 10101
1512145150000 10101
1512145150000 10101
1512145150000 10102
1512145150000 10102
1512145150000 10102
1512145150000 10103
1512145150000 10103
1512145150000 10103
1512145150000 10104
1512145150000 10104
1512145150000 10104
1512145150000 10104
1512145150000 10105
1512145150000 10105
1512145150000 10138
1512145150000 10138
1512145150000 10139
1512145150000 10139
1512145150000 10139
1512145150000 10140
1512145150000 10140
1512145150000 10140
1512145150000 10141
1512145150000 10141
1512145150000 10142
1512145150000 10142
1512145150000 10142
1512145150000 10143
1512145150000 10143
1512145150000 10247
1512145150000 10247
1512145150000 10247
1512145150000 10247
1512145150000 10247
1512145150000 10248
1512145150000 10248
1512145150000 10248
1512145150000 10248
1512145150000 10248
1512145150000 10248
1512145150000 10248
1512145150000 10248
1512145150000 10249
1512145150000 10249
1512145150000 10249
1512145150000 10249
1512145150000 10249
1512145150000 10249
1512145150000 10249
1512145150000 10250
1512145150000 10250
1512145150000 10250
1512145150000 10250
1512145150000 10250
1512145150000 10250
1512145150000 10250
1512145150000 10251
1512145150000 10251
1512145150000 10251
1512145150000 10251
1512145150000 10251
1512145150000 10251
1512145150000 10251
1512145150000 10251
1512145150000 10252
1512145150000 10252
1512145150000 10252
1512145150000 10253
1512145150000 10253
1512145150000 10254
1512145150000 10254
1512145150000 10259
1512145150000 10259
1512145150000 10259
1512145150000 10259
1512145150000 10259
1512145150000 10260
1512145150000 10260
1512145150000 10260
1512145150000 10260
1512145150000 10260
1512145150000 10260
1512145150000 10260
1512145150000 10261
1512145150000 10261
1512145150000 10261
1512145150000 10261
1512145150000 10261
1512145150000 10261
1512145160000 10118
1512145160000 10118
1512145160000 10118
1512145160000 10119
1512145160000 10119
1512145160000 10119
1512145160000 10120
1512145160000 10120
1512145160000 10120
1512145160000 10121
1512145160000 10121
1512145160000 10121
1512145160000 10122
1512145160000 10122
1512145160000 10122
1512145160000 10122
1512145160000 10123
1512145160000 10123
1512145160000 10123
1512145160000 10124
1512145160000 10124
1512145160000 10124
1512145160000 10124
1512145160000 10125
1512145160000 10125
1512145160000 10126
1512145160000 10126
1512145160000 10126
1512145160000 10127
1512145160000 10127
1512145160000 10129
1512145160000 10130
1512145160000 10130
1512145160000 10130
1512145160000 10131
1512145160000 10131
1512145160000 10131
1512145160000 10132
1512145160000 10132
1512145160000 10132
1512145160000 10132
1512145160000 10133
1512145160000 10133
1512145160000 10133
1512145160000 10134
1512145160000 10134
1512145160000 10134
1512145160000 10135
1512145160000 10243
1512145160000 10244
1512145160000 10244
1512145160000 10244
1512145160000 10244
1512145160000 10244
1512145160000 10245
1512145160000 10245
1512145160000 10245
1512145160000 10245
1512145160000 10245
1512145160000 10246
1512145160000 10246
1512145160000 10246
1512145160000 10246
1512145160000 10246
1512145160000 10246
1512145160000 10246
1512145160000 10247
1512145160000 10247
1512145160000 10247
1512145160000 10247
1512145160000 10247
1512145160000 10247
1512145160000 10248
1512145160000 10248
1512145160000 10248
1512145160000 10248
1512145160000 10248
1512145160000 10248
1512145160000 10249
1512145160000 10257
1512145160000 10258
1512145160000 10258
1512145160000 10258
1512145160000 10258
1512145160000 10258
1512145160000 10258
1512145160000 10259
1512145160000 10259
1512145160000 10259
1512145160000 10259
1512145160000 10259
1512145160000 10259
1512145160000 10259
1512145160000 10260
1512145160000 10260
1512145160000 10260
1512145160000 10260
1512145160000 10260
1512145160000 10260
1512145160000 10261
1512145170000 10085
1512145170000 10085
1512145170000 10086
1512145170000 10086
1512145170000 10086
1512145170000 10086
1512145170000 10087
1512145170000 10087
1512145170000 10087
1512145170000 10087
1512145170000 10088
1512145170000 10088
1512145170000 10088
1512145170000 10088
1512145170000 10088
1512145170000 10088
1512145170000 10088
1512145170000 10088
1512145170000 10089
1512145170000 10089
1512145170000 10089
1512145170000 10089
1512145170000 10089
1512145170000 10089
1512145170000 10089
1512145170000 10089
1512145170000 10090
1512145170000 10090
1512145170000 10090
1512145170000 10090
1512145170000 10090
1512145170000 10090
1512145170000 10090
1512145170000 10091
1512145170000 10091
1512145170000 10091
1512145170000 10139
1512145170000 10139
1512145170000 10140
1512145170000 10140
1512145170000 10140
1512145170000 10141
1512145170000 10141
1512145170000 10141
1512145170000 10142
1512145170000 10142
1512145170000 10142
1512145170000 10143
1512145170000 10143
1512145170000 10144
1512145170000 10144
1512145170000 10144
1512145170000 10145
1512145170000 10145
1512145170000 10145
1512145170000 10146
1512145170000 10146
1512145170000 10146
1512145170000 10249
1512145170000 10249
1512145170000 10249
1512145170000 10249
1512145170000 10250
1512145170000 10250
1512145170000 10250
1512145170000 10250
1512145170000 10251
1512145170000 10251
1512145170000 10251
1512145170000 10251
1512145170000 10252
1512145170000 10252
1512145170000 10252
1512145170000 10252
1512145170000 10253
1512145170000 10253
1512145170000 10257
1512145170000 10257
1512145170000 10257
1512145170000 10257
1512145170000 10258
1512145170000 10258
1512145170000 10258
1512145170000 10258
1512145170000 10259
1512145170000 10259
1512145170000 10259
1512145170000 10259
1512145170000 10259
1512145170000 10260
1512145170000 10260
1512145170000 10260
1512145170000 10260
1512145170000 10261
1512145170000 10261
1512145170000 10261
1512145170000 10262
1512145170000 10262
1512145170000 10262
1512145170000 10262
1512145180000 10126
1512145180000 10126
1512145180000 10126
1512145180000 10127
1512145180000 10127
1512145180000 10127
1512145180000 10128
1512145180000 10128
1512145180000 10129
1512145180000 10129
1512145180000 10129
1512145180000 10130
1512145180000 10240
1512145180000 10240
1512145180000 10241
1512145180000 10241
1512145180000 10241
1512145180000 10241
1512145180000 10242
1512145180000 10242
1512145180000 10242
1512145180000 10243
1512145180000 10243
1512145180000 10243
1512145180000 10244
1512145180000 10244
1512145180000 10250
1512145180000 10250
1512145180000 10250
1512145180000 10251
1512145180000 10251
1512145180000 10251
1512145180000 10251
1512145180000 10252
1512145180000 10252
1512145180000 10252
1512145180000 10252
1512145180000 10253
1512145180000 10253
1512145180000 10253
1512145180000 10253
1512145180000 10253
1512145180000 10254
1512145180000 10254
1512145180000 10254
1512145180000 10254
1512145180000 10255
1512145180000 10255
1512145180000 10258
1512145180000 10258
1512145180000 10258
1512145180000 10258
1512145180000 10258
1512145180000 10258
1512145180000 10259
1512145180000 10259
1512145180000 10259
1512145180000 10259
1512145180000 10259
1512145180000 10259
1512145180000 10259
1512145180000 10259
1512145180000 10259
1512145180000 10260
1512145180000 10260
1512145180000 10260
1512145180000 10260
1512145180000 10260
1512145180000 10260
1512145180000 10260
1512145180000 10260
1512145180000 10260
1512145180000 10260
1512145180000 10260
1512145180000 10261
1512145180000 10261
1512145180000 10261
1512145180000 10261
1512145180000 10261
1512145180000 10261
1512145180000 10261
1512145180000 10261
1512145180000 10261
1512145180000 10261
1512145180000 10262
1512145180000 10262
1512145180000 10262
1512145180000 10262
1512145180000 10263
1512145180000 10263
1512145180000 10263
1512145180000 10263
1512145180000 10264
1512145180000 10264
1512145180000 10264
1512145180000 10264
1512145180000 10265
1512145180000 10265
1512145180000 10265
1512145180000 10266
1512145190000 10110
1512145190000 10110
1512145190000 10111
1512145190000 10111
1512145190000 10111
1512145190000 10112
1512145190000 10112
1512145190000 10112
1512145190000 10112
1512145190000 10112
1512145190000 10113
1512145190000 10113
1512145190000 10113
1512145190000 10113
1512145190000 10113
1512145190000 10114
1512145190000 10114
1512145190000 10114
1512145190000 10114
1512145190000 10114
1512145190000 10114
1512145190000 10114
1512145190000 10114
1512145190000 10114
1512145190000 10114
1512145190000 10114
1512145190000 10114
1512145190000 10115
1512145190000 10115
1512145190000 10115
1512145190000 10115
1512145190000 10115
1512145190000 10115
1512145190000 10115
1512145190000 10116
1512145190000 10130
1512145190000 10130
1512145190000 10131
1512145190000 10131
1512145190000 10131
1512145190000 10132
1512145190000 10132
1512145190000 10132
1512145190000 10133
1512145190000 10133
1512145190000 10133
1512145190000 10134
1512145190000 10134
1512145190000 10135
1512145190000 10135
1512145190000 10135
1512145190000 10136
1512145190000 10136
1512145190000 10137
1512145190000 10139
1512145190000 10139
1512145190000 10140
1512145190000 10140
1512145190000 10141
1512145190000 10141
1512145190000 10141
1512145190000 10142
1512145190000 10142
1512145190000 10142
1512145190000 10143
1512145190000 10143
1512145190000 10144
1512145190000 10144
1512145190000 10144
1512145190000 10145
1512145190000 10145
1512145190000 10145
1512145190000 10146
1512145190000 10146
1512145190000 10147
1512145190000 10147
1512145190000 10147
1512145190000 10177
1512145190000 10178
1512145190000 10178
1512145190000 10178
1512145190000 10179
1512145190000 10179
1512145190000 10179
1512145190000 10180
1512145190000 10180
1512145190000 10180
1512145190000 10181
1512145190000 10181
1512145190000 10181
1512145190000 10182
1512145190000 10182
1512145190000 10182
1512145190000 10183
1512145190000 10183
1512145190000 10183
1512145190000 10184
1512145190000 10184
1512145190000 10184
1512145190000 10185
1512145200000 10083
1512145200000 10084
1512145200000 10084
1512145200000 10084
1512145200000 10084
1512145200000 10085
1512145200000 10085
1512145200000 10085
1512145200000 10085
1512145200000 10086
1512145200000 10086
1512145200000 10086
1512145200000 10086
1512145200000 10087
1512145200000 10087
1512145200000 10087
1512145200000 10087
1512145200000 10087
1512145200000 10117
1512145200000 10118
1512145200000 10118
1512145200000 10118
1512145200000 10119
1512145200000 10119
1512145200000 10119
1512145200000 10119
1512145200000 10120
1512145200000 10120
1512145200000 10120
1512145200000 10120
1512145200000 10121
1512145200000 10121
1512145200000 10121
1512145200000 10121
1512145200000 10248
1512145200000 10248
1512145200000 10249
1512145200000 10249
1512145200000 10249
1512145200000 10249
1512145200000 10249
1512145200000 10249
1512145200000 10249
1512145200000 10249
1512145200000 10249
1512145200000 10249
1512145200000 10250
1512145200000 10250
1512145200000 10250
1512145200000 10250
1512145200000 10250
1512145200000 10250
1512145200000 10250
1512145200000 10250
1512145200000 10251
1512145200000 10251
1512145200000 10251
1512145200000 10251
1512145200000 10251
1512145200000 10251
1512145200000 10251
1512145200000 10251
1512145200000 10251
1512145200000 10251
1512145200000 10252
1512145200000 10252
1512145200000 10252
1512145200000 10252
1512145200000 10252
1512145200000 10252
1512145200000 10252
1512145200000 10253
1512145200000 10253
1512145200000 10253
1512145200000 10253
1512145200000 10254
1512145200000 10254
1512145200000 10254
1512145200000 10260
1512145200000 10260
1512145200000 10261
1512145200000 10261
1512145200000 10261
1512145200000 10262
1512145200000 10262
1512145200000 10262
1512145200000 10262
1512145200000 10263
1512145200000 10263
1512145200000 10263
1512145200000 10264
1512145200000 10264
1512145200000 10264
1512145200000 10264
1512145200000 10265
1512145200000 10265
1512145200000 10265
1512145200000 10266
1512145200000 10266
1512145200000 10266
1512145210000 10134
1512145210000 10134
1512145210000 10134
1512145210000 10135
1512145210000 10135
1512145210000 10135
1512145210000 10136
1512145210000 10136
1512145210000 10136
1512145210000 10137
1512145210000 10137
1512145210000 10137
1512145210000 10138
1512145210000 10138
1512145210000 10139
1512145210000 10139
1512145210000 10139
1512145210000 10140
1512145210000 10252
1512145210000 10252
1512145210000 10252
1512145210000 10252
1512145210000 10252
1512145210000 10252
1512145210000 10253
1512145210000 10253
1512145210000 10253
1512145210000 10253
1512145210000 10253
1512145210000 10253
1512145210000 10253
1512145210000 10253
1512145210000 10253
1512145210000 10253
1512145210000 10253
1512145210000 10253
1512145210000 10254
1512145210000 10254
1512145210000 10254
1512145210000 10254
1512145210000 10254
1512145210000 10254
1512145210000 10254
1512145210000 10254
1512145210000 10254
1512145210000 10254
1512145210000 10254
1512145210000 10254
1512145210000 10254
1512145210000 10254
1512145210000 10254
1512145210000 10254
1512145210000 10255
1512145210000 10255
1512145210000 10255
1512145210000 10255
1512145210000 10255
1512145210000 10255
1512145210000 10255
1512145210000 10255
1512145210000 10255
1512145210000 10255
1512145210000 10255
1512145210000 10255
1512145210000 10255
1512145210000 10255
1512145210000 10255
1512145210000 10255
1512145210000 10255
1512145210000 10256
1512145210000 10256
1512145210000 10256
1512145210000 10256
1512145210000 10256
1512145210000 10256
1512145210000 10256
1512145210000 10256
1512145210000 10256
1512145210000 10256
1512145210000 10256
1512145210000 10256
1512145210000 10256
1512145210000 10256
1512145210000 10256
1512145210000 10256
1512145210000 10256
1512145210000 10257
1512145210000 10257
1512145210000 10257
1512145210000 10257
1512145210000 10257
1512145210000 10257
1512145210000 10257
1512145210000 10257
1512145210000 10258
1512145210000 10258
1512145210000 10258
1512145210000 10258
1512145210000 10258
1512145210000 10258
1512145220000 10097
1512145220000 10098
1512145220000 10098
1512145220000 10099
1512145220000 10099
1512145220000 10099
1512145220000 10100
1512145220000 10100
1512145220000 10101
1512145220000 10101
1512145220000 10102
1512145220000 10102
1512145220000 10102
1512145220000 10103
1512145220000 10103
1512145220000 10104
1512145220000 10104
1512145220000 10104
1512145220000 10105
1512145220000 10105
1512145220000 10134
1512145220000 10134
1512145220000 10135
1512145220000 10135
1512145220000 10135
1512145220000 10136
1512145220000 10136
1512145220000 10137
1512145220000 10137
1512145220000 10137
1512145220000 10138
1512145220000 10138
1512145220000 10138
1512145220000 10139
1512145220000 10139
1512145220000 10139
1512145220000 10140
1512145220000 10140
1512145220000 10140
1512145220000 10141
1512145220000 10141
1512145220000 10245
1512145220000 10246
1512145220000 10246
1512145220000 10246
1512145220000 10246
1512145220000 10246
1512145220000 10247
1512145220000 10247
1512145220000 10247
1512145220000 10247
1512145220000 10247
1512145220000 10247
1512145220000 10247
1512145220000 10247
1512145220000 10248
1512145220000 10248
1512145220000 10248
1512145220000 10248
1512145220000 10248
1512145220000 10248
1512145220000 10249
1512145220000 10249
1512145220000 10249
1512145220000 10249
1512145220000 10249
1512145220000 10249
1512145220000 10250
1512145220000 10250
1512145220000 10250
1512145220000 10250
1512145220000 10250
1512145220000 10250
1512145220000 10250
1512145220000 10250
1512145220000 10251
1512145220000 10251
1512145220000 10251
1512145220000 10257
1512145220000 10257
1512145220000 10257
1512145220000 10257
1512145220000 10258
1512145220000 10258
1512145220000 10258
1512145220000 10258
1512145220000 10258
1512145220000 10258
1512145220000 10259
1512145220000 10259
1512145220000 10259
1512145220000 10259
1512145220000 10259
1512145220000 10259
1512145220000 10260
1512145220000 10260
1512145220000 10260
1512145220000 10260
1512145220000 10260
1512145220000 10260
1512145230000 10088
1512145230000 10089
1512145230000 10089
1512145230000 10089
1512145230000 10090
1512145230000 10090
1512145230000 10091
1512145230000 10091
1512145230000 10091
1512145230000 10092
1512145230000 10092
1512145230000 10092
1512145230000 10092
1512145230000 10093
1512145230000 10093
1512145230000 10093
1512145230000 10094
1512145230000 10094
1512145230000 10094
1512145230000 10095
1512145230000 10095
1512145230000 10095
1512145230000 10096
1512145230000 10096
1512145230000 10096
1512145230000 10097
1512145230000 10098
1512145230000 10098
1512145230000 10098
1512145230000 10098
1512145230000 10098
1512145230000 10098
1512145230000 10098
1512145230000 10098
1512145230000 10099
1512145230000 10099
1512145230000 10099
1512145230000 10099
1512145230000 10099
1512145230000 10099
1512145230000 10099
1512145230000 10100
1512145230000 10100
1512145230000 10100
1512145230000 10100
1512145230000 10100
1512145230000 10100
1512145230000 10100
1512145230000 10113
1512145230000 10114
1512145230000 10114
1512145230000 10114
1512145230000 10115
1512145230000 10115
1512145230000 10115
1512145230000 10116
1512145230000 10116
1512145230000 10116
1512145230000 10117
1512145230000 10117
1512145230000 10117
1512145230000 10118
1512145230000 10118
1512145230000 10240
1512145230000 10240
1512145230000 10240
1512145230000 10241
1512145230000 10241
1512145230000 10241
1512145230000 10241
1512145230000 10242
1512145230000 10242
1512145230000 10242
1512145230000 10242
1512145230000 10243
1512145230000 10243
1512145230000 10243
1512145230000 10243
1512145230000 10244
1512145230000 10255
1512145230000 10255
1512145230000 10255
1512145230000 10256
1512145230000 10256
1512145230000 10256
1512145230000 10256
1512145230000 10257
1512145230000 10257
1512145230000 10257
1512145230000 10257
1512145230000 10258
1512145230000 10258
1512145230000 10258
1512145230000 10258
1512145230000 10259
1512145230000 10259
1512145230000 10259
1512145230000 10259
1512145230000 10260
1512145230000 10260
1512145240000 10098
1512145240000 10098
1512145240000 10098
1512145240000 10098
1512145240000 10098
1512145240000 10099
1512145240000 10099
1512145240000 10099
1512145240000 10099
1512145240000 10099
1512145240000 10099
1512145240000 10099
1512145240000 10099
1512145240000 10100
1512145240000 10100
1512145240000 10100
1512145240000 10100
1512145240000 10100
1512145240000 10100
1512145240000 10100
1512145240000 10101
1512145240000 10101
1512145240000 10101
1512145240000 10101
1512145240000 10101
1512145240000 10101
1512145240000 10129
1512145240000 10129
1512145240000 10129
1512145240000 10130
1512145240000 10130
1512145240000 10130
1512145240000 10131
1512145240000 10131
1512145240000 10131
1512145240000 10132
1512145240000 10132
1512145240000 10132
1512145240000 10133
1512145240000 10133
1512145240000 10134
1512145240000 10134
1512145240000 10134
1512145240000 10135
1512145240000 10246
1512145240000 10247
1512145240000 10247
1512145240000 10247
1512145240000 10248
1512145240000 10248
1512145240000 10248
1512145240000 10248
1512145240000 10249
1512145240000 10249
1512145240000 10249
1512145240000 10249
1512145240000 10250
1512145240000 10250
1512145240000 10264
1512145240000 10264
1512145240000 10265
1512145240000 10265
1512145240000 10265
1512145240000 10265
1512145240000 10265
1512145240000 10266
1512145240000 10266
1512145240000 10266
1512145240000 10266
1512145240000 10266
1512145240000 10266
1512145240000 10267
1512145240000 10267
1512145240000 10267
1512145240000 10267
1512145240000 10267
1512145240000 10267
1512145240000 10268
1512145240000 10268
1512145240000 10268
1512145240000 10268
1512145240000 10268
1512145240000 10268
1512145240000 10269
1512145240000 10269
1512145240000 10269
1512145240000 10269
1512145240000 10269
1512145240000 10270
1512145240000 10270
1512145240000 10270
1512145240000 10270
1512145240000 10270
1512145240000 10270
1512145240000 10271
1512145240000 10271
1512145240000 10271
1512145240000 10271
1512145240000 10271
1512145240000 10272
1512145250000 10146
1512145250000 10147
1512145250000 10147
1512145250000 10147
1512145250000 10148
1512145250000 10148
1512145250000 10148
1512145250000 10149
1512145250000 10149
1512145250000 10149
1512145250000 10150
1512145250000 10150
1512145250000 10150
1512145250000 10151
1512145250000 10151
1512145250000 10151
1512145250000 10152
1512145250000 10152
1512145250000 10153
1512145250000 10153
1512145250000 10153
1512145250000 10243
1512145250000 10244
1512145250000 10244
1512145250000 10244
1512145250000 10244
1512145250000 10245
1512145250000 10245
1512145250000 10245
1512145250000 10246
1512145250000 10246
1512145250000 10246
1512145250000 10247
1512145250000 10247
1512145250000 10247
1512145250000 10247
1512145250000 10248
1512145250000 10248
1512145250000 10248
1512145250000 10248
1512145250000 10248
1512145250000 10248
1512145250000 10249
1512145250000 10249
1512145250000 10249
1512145250000 10249
1512145250000 10249
1512145250000 10250
1512145250000 10250
1512145250000 10250
1512145250000 10250
1512145250000 10250
1512145250000 10250
1512145250000 10250
1512145250000 10251
1512145250000 10251
1512145250000 10251
1512145250000 10251
1512145250000 10251
1512145250000 10251
1512145250000 10251
1512145250000 10251
1512145250000 10251
1512145250000 10252
1512145250000 10252
1512145250000 10252
1512145250000 10252
1512145250000 10252
1512145250000 10252
1512145250000 10252
1512145250000 10252
1512145250000 10252
1512145250000 10252
1512145250000 10252
1512145250000 10252
1512145250000 10252
1512145250000 10253
1512145250000 10253
1512145250000 10253
1512145250000 10253
1512145250000 10253
1512145250000 10253
1512145250000 10253
1512145250000 10253
1512145250000 10253
1512145250000 10253
1512145250000 10253
1512145250000 10253
1512145250000 10254
1512145250000 10254
1512145250000 10254
1512145250000 10254
1512145250000 10254
1512145250000 10254
1512145250000 10254
1512145250000 10254
1512145250000 10254
1512145250000 10254
1512145250000 10255
1512145250000 10255
1512145260000 10132
1512145260000 10132
1512145260000 10132
1512145260000 10133
1512145260000 10133
1512145260000 10133
1512145260000 10133
1512145260000 10134
1512145260000 10134
1512145260000 10134
1512145260000 10135
1512145260000 10135
1512145260000 10135
1512145260000 10135
1512145260000 10136
1512145260000 10136
1512145260000 10136
1512145260000 10249
1512145260000 10249
1512145260000 10250
1512145260000 10250
1512145260000 10250
1512145260000 10250
1512145260000 10250
1512145260000 10250
1512145260000 10250
1512145260000 10250
1512145260000 10250
1512145260000 10250
1512145260000 10250
1512145260000 10251
1512145260000 10251
1512145260000 10251
1512145260000 10251
1512145260000 10251
1512145260000 10251
1512145260000 10251
1512145260000 10251
1512145260000 10251
1512145260000 10251
1512145260000 10251
1512145260000 10252
1512145260000 10252
1512145260000 10252
1512145260000 10252
1512145260000 10252
1512145260000 10252
1512145260000 10252
1512145260000 10252
1512145260000 10252
1512145260000 10252
1512145260000 10252
1512145260000 10253
1512145260000 10253
1512145260000 10253
1512145260000 10253
1512145260000 10253
1512145260000 10253
1512145260000 10253
1512145260000 10254
1512145260000 10255
1512145260000 10255
1512145260000 10255
1512145260000 10256
1512145260000 10256
1512145260000 10256
1512145260000 10256
1512145260000 10257
1512145260000 10257
1512145260000 10257
1512145260000 10257
1512145260000 10258
1512145260000 10258
1512145260000 10258
1512145260000 10258
1512145260000 10258
1512145260000 10259
1512145260000 10259
1512145260000 10259
1512145260000 10259
1512145260000 10260
1512145260000 10260
1512145260000 10260
1512145260000 10261
1512145260000 10261
1512145260000 10261
1512145260000 10262
1512145260000 10262
1512145260000 10262
1512145260000 10262
1512145260000 10262
1512145260000 10263
1512145260000 10263
1512145260000 10263
1512145260000 10263
1512145260000 10264
1512145260000 10264
1512145260000 10264
1512145260000 10264
1512145260000 10265
1512145270000 10161
1512145270000 10161
1512145270000 10161
1512145270000 10162
1512145270000 10162
1512145270000 10162
1512145270000 10163
1512145270000 10163
1512145270000 10163
1512145270000 10164
1512145270000 10164
1512145270000 10164
1512145270000 10165
1512145270000 10165
1512145270000 10165
1512145270000 10166
1512145270000 10166
1512145270000 10166
1512145270000 10167
1512145270000 10167
1512145270000 10167
1512145270000 10168
1512145270000 10168
1512145270000 10168
1512145270000 10169
1512145270000 10169
1512145270000 10169
1512145270000 10247
1512145270000 10248
1512145270000 10248
1512145270000 10248
1512145270000 10248
1512145270000 10248
1512145270000 10248
1512145270000 10248
1512145270000 10248
1512145270000 10249
1512145270000 10249
1512145270000 10249
1512145270000 10249
1512145270000 10249
1512145270000 10249
1512145270000 10249
1512145270000 10249
1512145270000 10249
1512145270000 10249
1512145270000 10249
1512145270000 10249
1512145270000 10249
1512145270000 10249
1512145270000 10250
1512145270000 10250
1512145270000 10250
1512145270000 10250
1512145270000 10250
1512145270000 10250
1512145270000 10250
1512145270000 10250
1512145270000 10250
1512145270000 10250
1512145270000 10250
1512145270000 10251
1512145270000 10251
1512145270000 10251
1512145270000 10251
1512145270000 10251
1512145270000 10251
1512145270000 10251
1512145270000 10251
1512145270000 10251
1512145270000 10251
1512145270000 10252
1512145270000 10252
1512145270000 10252
1512145270000 10252
1512145270000 10252
1512145270000 10252
1512145270000 10252
1512145270000 10253
1512145270000 10253
1512145270000 10253
1512145270000 10253
1512145270000 10253
1512145270000 10253
1512145270000 10253
1512145270000 10254
1512145270000 10254
1512145270000 10254
1512145270000 10254
1512145270000 10254
1512145270000 10254
1512145270000 10254
1512145270000 10254
1512145270000 10255
1512145270000 10255
1512145270000 10255
1512145270000 10255
1512145270000 10256
1512145270000 10256
1512145270000 10256
1512145280000 10145
1512145280000 10145
1512145280000 10145
1512145280000 10146
1512145280000 10146
1512145280000 10147
1512145280000 10147
1512145280000 10147
1512145280000 10148
1512145280000 10148
1512145280000 10148
1512145280000 10149
1512145280000 10149
1512145280000 10149
1512145280000 10150
1512145280000 10150
1512145280000 10150
1512145280000 10151
1512145280000 10151
1512145280000 10151
1512145280000 10152
1512145280000 10152
1512145280000 10152
1512145280000 10153
1512145280000 10153
1512145280000 10243
1512145280000 10243
1512145280000 10244
1512145280000 10244
1512145280000 10244
1512145280000 10244
1512145280000 10245
1512145280000 10245
1512145280000 10245
1512145280000 10245
1512145280000 10245
1512145280000 10246
1512145280000 10246
1512145280000 10246
1512145280000 10246
1512145280000 10247
1512145280000 10247
1512145280000 10247
1512145280000 10248
1512145280000 10248
1512145280000 10249
1512145280000 10249
1512145280000 10249
1512145280000 10249
1512145280000 10250
1512145280000 10250
1512145280000 10250
1512145280000 10250
1512145280000 10250
1512145280000 10250
1512145280000 10250
1512145280000 10251
1512145280000 10251
1512145280000 10251
1512145280000 10251
1512145280000 10251
1512145280000 10251
1512145280000 10251
1512145280000 10251
1512145280000 10251
1512145280000 10251
1512145280000 10251
1512145280000 10252
1512145280000 10252
1512145280000 10252
1512145280000 10252
1512145280000 10252
1512145280000 10252
1512145280000 10252
1512145280000 10252
1512145280000 10252
1512145280000 10253
1512145280000 10258
1512145280000 10258
1512145280000 10258
1512145280000 10258
1512145280000 10259
1512145280000 10259
1512145280000 10259
1512145280000 10259
1512145280000 10260
1512145280000 10260
1512145280000 10260
1512145280000 10260
1512145280000 10261
1512145280000 10261
1512145280000 10261
1512145280000 10262
1512145280000 10262
1512145280000 10262
1512145280000 10263
1512145280000 10263
1512145280000 10263
1512145280000 10263
1512145280000 10264
1512145290000 10245
1512145290000 10246
1512145290000 10246
1512145290000 10246
1512145290000 10247
1512145290000 10247
1512145290000 10247
1512145290000 10247
1512145290000 10247
1512145290000 10247
1512145290000 10248
1512145290000 10248
1512145290000 10248
1512145290000 10248
1512145290000 10248
1512145290000 10248
1512145290000 10248
1512145290000 10248
1512145290000 10248
1512145290000 10249
1512145290000 10249
1512145290000 10249
1512145290000 10249
1512145290000 10249
1512145290000 10249
1512145290000 10249
1512145290000 10249
1512145290000 10250
1512145290000 10250
1512145290000 10250
1512145290000 10250
1512145290000 10250
1512145290000 10250
1512145290000 10250
1512145290000 10251
1512145290000 10251
1512145290000 10251
1512145290000 10251
1512145290000 10251
1512145290000 10252
1512145290000 10252
1512145290000 10252
1512145290000 10253
1512145290000 10253
1512145290000 10253
1512145290000 10253
1512145290000 10254
1512145290000 10254
1512145290000 10254
1512145290000 10254
1512145290000 10254
1512145290000 10254
1512145290000 10254
1512145290000 10254
1512145290000 10255
1512145290000 10255
1512145290000 10255
1512145290000 10255
1512145290000 10255
1512145290000 10263
1512145290000 10263
1512145290000 10263
1512145290000 10264
1512145290000 10264
1512145290000 10264
1512145290000 10264
1512145290000 10265
1512145290000 10265
1512145290000 10265
1512145290000 10266
1512145290000 10266
1512145290000 10266
1512145290000 10267
1512145290000 10267
1512145290000 10267
1512145290000 10267
1512145290000 10268
1512145290000 10268
1512145290000 10268
1512145290000 10284
1512145290000 10285
1512145290000 10285
1512145290000 10285
1512145290000 10286
1512145290000 10286
1512145290000 10286
1512145290000 10287
1512145290000 10287
1512145290000 10287
1512145290000 10288
1512145290000 10288
1512145290000 10288
1512145290000 10289
1512145290000 10289
1512145290000 10289
1512145290000 10290
1512145290000 10290
1512145290000 10290
1512145290000 10291
1512145290000 10291
1512145300000 10089
1512145300000 10090
1512145300000 10090
1512145300000 10090
1512145300000 10090
1512145300000 10090
1512145300000 10090
1512145300000 10090
1512145300000 10090
1512145300000 10091
1512145300000 10091
1512145300000 10091
1512145300000 10091
1512145300000 10091
1512145300000 10091
1512145300000 10091
1512145300000 10092
1512145300000 10092
1512145300000 10092
1512145300000 10092
1512145300000 10092
1512145300000 10092
1512145300000 10092
1512145300000 10092
1512145300000 10130
1512145300000 10130
1512145300000 10131
1512145300000 10131
1512145300000 10131
1512145300000 10132
1512145300000 10132
1512145300000 10132
1512145300000 10133
1512145300000 10133
1512145300000 10134
1512145300000 10134
1512145300000 10134
1512145300000 10135
1512145300000 10135
1512145300000 10135
1512145300000 10136
1512145300000 10136
1512145300000 10136
1512145300000 10242
1512145300000 10242
1512145300000 10242
1512145300000 10243
1512145300000 10243
1512145300000 10243
1512145300000 10243
1512145300000 10244
1512145300000 10244
1512145300000 10244
1512145300000 10245
1512145300000 10245
1512145300000 10245
1512145300000 10246
1512145300000 10246
1512145300000 10246
1512145300000 10251
1512145300000 10251
1512145300000 10252
1512145300000 10252
1512145300000 10252
1512145300000 10252
1512145300000 10253
1512145300000 10253
1512145300000 10253
1512145300000 10254
1512145300000 10254
1512145300000 10254
1512145300000 10254
1512145300000 10254
1512145300000 10255
1512145300000 10255
1512145300000 10255
1512145300000 10256
1512145300000 10257
1512145300000 10257
1512145300000 10257
1512145300000 10258
1512145300000 10258
1512145300000 10258
1512145300000 10258
1512145300000 10259
1512145300000 10259
1512145300000 10259
1512145300000 10260
1512145300000 10260
1512145300000 10260
1512145300000 10261
1512145300000 10261
1512145300000 10261
1512145300000 10261
1512145300000 10262
1512145300000 10262
1512145300000 10262
1512145300000 10263
1512145300000 10263
1512145300000 10263
1512145310000 10142
1512145310000 10142
1512145310000 10142
1512145310000 10143
1512145310000 10143
1512145310000 10144
1512145310000 10144
1512145310000 10144
1512145310000 10144
1512145310000 10145
1512145310000 10145
1512145310000 10146
1512145310000 10146
1512145310000 10146
1512145310000 10147
1512145310000 10147
1512145310000 10147
1512145310000 10148
1512145310000 10148
1512145310000 10246
1512145310000 10246
1512145310000 10247
1512145310000 10247
1512145310000 10247
1512145310000 10247
1512145310000 10247
1512145310000 10247
1512145310000 10247
1512145310000 10248
1512145310000 10248
1512145310000 10248
1512145310000 10248
1512145310000 10248
1512145310000 10248
1512145310000 10248
1512145310000 10249
1512145310000 10249
1512145310000 10249
1512145310000 10249
1512145310000 10249
1512145310000 10250
1512145310000 10250
1512145310000 10250
1512145310000 10251
1512145310000 10251
1512145310000 10251
1512145310000 10251
1512145310000 10251
1512145310000 10252
1512145310000 10252
1512145310000 10252
1512145310000 10252
1512145310000 10252
1512145310000 10252
1512145310000 10252
1512145310000 10252
1512145310000 10253
1512145310000 10253
1512145310000 10253
1512145310000 10253
1512145310000 10253
1512145310000 10253
1512145310000 10253
1512145310000 10253
1512145310000 10254
1512145310000 10254
1512145310000 10254
1512145310000 10254
1512145310000 10254
1512145310000 10254
1512145310000 10254
1512145310000 10255
1512145310000 10255
1512145310000 10255
1512145310000 10255
1512145310000 10255
1512145310000 10255
1512145310000 10256
1512145310000 10256
1512145310000 10256
1512145310000 10256
1512145310000 10256
1512145310000 10256
1512145310000 10257
1512145310000 10257
1512145310000 10257
1512145310000 10258
1512145310000 10258
1512145310000 10258
1512145310000 10258
1512145310000 10259
1512145310000 10259
1512145310000 10259
1512145310000 10260
1512145310000 10260
1512145310000 10260
1512145310000 10261
1512145310000 10261
1512145310000 10261
1512145310000 10261
1512145320000 10137
1512145320000 10137
1512145320000 10138
1512145320000 10138
1512145320000 10138
1512145320000 10138
1512145320000 10139
1512145320000 10139
1512145320000 10139
1512145320000 10139
1512145320000 10140
1512145320000 10140
1512145320000 10140
1512145320000 10141
1512145320000 10141
1512145320000 10141
1512145320000 10141
1512145320000 10142
1512145320000 10142
1512145320000 10142
1512145320000 10142
1512145320000 10143
1512145320000 10245
1512145320000 10245
1512145320000 10245
1512145320000 10246
1512145320000 10246
1512145320000 10246
1512145320000 10246
1512145320000 10246
1512145320000 10246
1512145320000 10246
1512145320000 10246
1512145320000 10246
1512145320000 10247
1512145320000 10247
1512145320000 10247
1512145320000 10247
1512145320000 10247
1512145320000 10247
1512145320000 10247
1512145320000 10247
1512145320000 10248
1512145320000 10248
1512145320000 10248
1512145320000 10248
1512145320000 10248
1512145320000 10248
1512145320000 10248
1512145320000 10248
1512145320000 10249
1512145320000 10249
1512145320000 10249
1512145320000 10249
1512145320000 10249
1512145320000 10250
1512145320000 10250
1512145320000 10250
1512145320000 10250
1512145320000 10251
1512145320000 10251
1512145320000 10251
1512145320000 10256
1512145320000 10256
1512145320000 10257
1512145320000 10257
1512145320000 10257
1512145320000 10257
1512145320000 10258
1512145320000 10258
1512145320000 10258
1512145320000 10258
1512145320000 10259
1512145320000 10259
1512145320000 10259
1512145320000 10259
1512145320000 10259
1512145320000 10260
1512145320000 10260
1512145320000 10260
1512145320000 10260
1512145320000 10260
1512145320000 10260
1512145320000 10261
1512145320000 10261
1512145320000 10261
1512145320000 10261
1512145320000 10261
1512145320000 10261
1512145320000 10262
1512145320000 10262
1512145320000 10262
1512145320000 10262
1512145320000 10262
1512145320000 10262
1512145320000 10262
1512145320000 10263
1512145320000 10263
1512145320000 10263
1512145320000 10263
1512145330000 10145
1512145330000 10146
1512145330000 10146
1512145330000 10146
1512145330000 10147
1512145330000 10147
1512145330000 10147
1512145330000 10148
1512145330000 10148
1512145330000 10148
1512145330000 10149
1512145330000 10149
1512145330000 10149
1512145330000 10150
1512145330000 10150
1512145330000 10150
1512145330000 10151
1512145330000 10151
1512145330000 10151
1512145330000 10152
1512145330000 10152
1512145330000 10152
1512145330000 10153
1512145330000 10153
1512145330000 10153
1512145330000 10154
1512145330000 10239
1512145330000 10240
1512145330000 10240
1512145330000 10240
1512145330000 10241
1512145330000 10241
1512145330000 10241
1512145330000 10241
1512145330000 10242
1512145330000 10242
1512145330000 10242
1512145330000 10242
1512145330000 10243
1512145330000 10243
1512145330000 10243
1512145330000 10243
1512145330000 10245
1512145330000 10246
1512145330000 10246
1512145330000 10246
1512145330000 10246
1512145330000 10247
1512145330000 10247
1512145330000 10247
1512145330000 10247
1512145330000 10248
1512145330000 10248
1512145330000 10248
1512145330000 10248
1512145330000 10248
1512145330000 10249
1512145330000 10249
1512145330000 10251
1512145330000 10252
1512145330000 10252
1512145330000 10252
1512145330000 10252
1512145330000 10252
1512145330000 10252
1512145330000 10252
1512145330000 10253
1512145330000 10253
1512145330000 10253
1512145330000 10253
1512145330000 10253
1512145330000 10253
1512145330000 10253
1512145330000 10254
1512145330000 10254
1512145330000 10255
1512145330000 10255
1512145330000 10256
1512145330000 10256
1512145330000 10256
1512145330000 10257
1512145330000 10257
1512145330000 10257
1512145330000 10257
1512145330000 10258
1512145330000 10258
1512145330000 10258
1512145330000 10258
1512145330000 10259
1512145330000 10259
1512145330000 10259
1512145330000 10259
1512145330000 10260
1512145330000 10260
1512145330000 10260
1512145330000 10260
1512145330000 10261
1512145330000 10261
1512145330000 10261
1512145330000 10262
1512145340000 9297
1512145340000 9297
1512145340000 9297
1512145340000 9298
1512145340000 9298
1512145340000 9298
1512145340000 9298
1512145340000 9298
1512145340000 9299
1512145340000 9299
1512145340000 9299
1512145340000 9299
1512145340000 9300
1512145340000 9300
1512145340000 9300
1512145340000 9300
1512145340000 9301
1512145340000 9301
1512145340000 9301
1512145340000 9301
1512145340000 9301
1512145340000 9302
1512145340000 9302
1512145340000 9302
1512145340000 9302
1512145340000 9303
1512145340000 9303
1512145340000 9303
1512145340000 9303
1512145340000 9304
1512145340000 9304
1512145340000 9304
1512145340000 9304
1512145340000 9304
1512145340000 9304
1512145340000 9304
1512145340000 9304
1512145340000 9304
1512145340000 9305
1512145340000 9305
1512145340000 9305
1512145340000 9305
1512145340000 9305
1512145340000 9305
1512145340000 9305
1512145340000 9305
1512145340000 9305
1512145340000 9305
1512145340000 9305
1512145340000 9305
1512145340000 9305
1512145340000 9305
1512145340000 9306
1512145340000 9306
1512145340000 9306
1512145340000 9306
1512145340000 9306
1512145340000 9306
1512145340000 9306
1512145340000 9306
1512145340000 9306
1512145340000 9306
1512145340000 9306
1512145340000 9306
1512145340000 9306
1512145340000 9307
1512145340000 9307
1512145340000 9307
1512145340000 9307
1512145340000 9308
1512145340000 9308
1512145340000 9308
1512145340000 9309
1512145340000 9309
1512145340000 9309
1512145340000 9309
1512145340000 9310
1512145340000 9310
1512145340000 9310
1512145340000 9311
1512145340000 9352
1512145340000 9353
1512145340000 9353
1512145340000 9354
1512145340000 9354
1512145340000 9354
1512145340000 9355
1512145340000 9355
1512145340000 9355
1512145340000 9356
1512145340000 9356
1512145340000 9356
1512145340000 9357
1512145340000 9357
1512145340000 9357
1512145340000 9358
1512145340000 9358
1512145340000 9358
1512145340000 9359
1512145340000 9359
