1512032620000 1626
1512032620000 1626
1512032620000 1627
1512032620000 1627
1512032620000 1628
1512032620000 1628
1512032620000 1629
1512032620000 1629
1512032620000 1629
1512032620000 1630
1512032620000 1630
1512032620000 1631
1512032620000 296
1512032620000 296
1512032620000 297
1512032620000 297
1512032620000 297
1512032620000 298
1512032620000 298
1512032620000 298
1512032620000 298
1512032620000 298
1512032620000 299
1512032620000 299
1512032620000 299
1512032620000 299
1512032620000 299
1512032620000 299
1512032620000 299
1512032620000 299
1512032620000 299
1512032620000 299
1512032620000 299
1512032620000 300
1512032620000 300
1512032620000 300
1512032620000 300
1512032620000 300
1512032620000 300
1512032620000 300
1512032620000 301
1512032620000 301
1512032620000 301
1512032620000 301
1512032620000 301
1512032620000 301
1512032620000 301
1512032620000 301
1512032620000 301
1512032620000 301
1512032620000 301
1512032620000 301
1512032620000 301
1512032620000 301
1512032620000 302
1512032620000 302
1512032620000 302
1512032620000 302
1512032620000 302
1512032620000 302
1512032620000 302
1512032620000 302
1512032620000 302
1512032620000 302
1512032620000 302
1512032620000 302
1512032620000 302
1512032620000 302
1512032620000 302
1512032620000 302
1512032620000 303
1512032620000 303
1512032620000 303
1512032620000 303
1512032620000 303
1512032620000 303
1512032620000 303
1512032620000 303
1512032620000 303
1512032620000 303
1512032620000 304
1512032620000 304
1512032620000 304
1512032620000 304
1512032620000 304
1512032620000 304
1512032620000 304
1512032620000 304
1512032620000 304
1512032620000 305
1512032620000 305
1512032620000 305
1512032620000 306
1512032620000 307
1512032620000 310
1512032620000 311
1512032620000 331
1512032620000 332
1512032620000 332
1512032620000 332
1512032630000 703
1512032630000 703
1512032630000 704
1512032630000 704
1512032630000 704
1512032630000 704
1512032630000 704
1512032630000 704
1512032630000 704
1512032630000 704
1512032630000 704
1512032630000 705
1512032630000 705
1512032630000 705
1512032630000 705
1512032630000 705
1512032630000 705
1512032630000 705
1512032630000 705
1512032630000 705
1512032630000 706
1512032630000 706
1512032630000 706
1512032630000 706
1512032630000 706
1512032630000 706
1512032630000 706
1512032630000 706
1512032630000 706
1512032630000 706
1512032630000 706
1512032630000 706
1512032630000 706
1512032630000 706
1512032630000 706
1512032630000 707
1512032630000 707
1512032630000 707
1512032630000 707
1512032630000 707
1512032630000 707
1512032630000 707
1512032630000 707
1512032630000 707
1512032630000 707
1512032630000 707
1512032630000 707
1512032630000 707
1512032630000 707
1512032630000 707
1512032630000 707
1512032630000 707
1512032630000 707
1512032630000 708
1512032630000 708
1512032630000 708
1512032630000 708
1512032630000 708
1512032630000 708
1512032630000 708
1512032630000 708
1512032630000 708
1512032630000 708
1512032630000 708
1512032630000 708
1512032630000 708
1512032630000 708
1512032630000 708
1512032630000 709
1512032630000 709
1512032630000 709
1512032630000 709
1512032630000 709
1512032630000 709
1512032630000 709
1512032630000 709
1512032630000 709
1512032630000 709
1512032630000 709
1512032630000 710
1512032630000 710
1512032630000 710
1512032630000 710
1512032630000 710
1512032630000 710
1512032630000 710
1512032630000 710
1512032630000 711
1512032630000 711
1512032630000 711
1512032630000 723
1512032630000 723
1512032630000 725
1512032630000 725
1512032630000 725
1512032630000 726
1512032630000 739
1512032630000 740
1512032630000 740
1512032630000 740
1512032640000 1291
1512032640000 1291
1512032640000 1292
1512032640000 1292
1512032640000 1292
1512032640000 1292
1512032640000 1292
1512032640000 1292
1512032640000 1292
1512032640000 1292
1512032640000 1292
1512032640000 1292
1512032640000 1292
1512032640000 1292
1512032640000 1292
1512032640000 1292
1512032640000 1293
1512032640000 1293
1512032640000 1293
1512032640000 1293
1512032640000 1293
1512032640000 1293
1512032640000 1293
1512032640000 1293
1512032640000 1293
1512032640000 1293
1512032640000 1293
1512032640000 1293
1512032640000 1293
1512032640000 1293
1512032640000 1293
1512032640000 1294
1512032640000 1294
1512032640000 1294
1512032640000 1294
1512032640000 1294
1512032640000 1294
1512032640000 1294
1512032640000 1294
1512032640000 1294
1512032640000 1294
1512032640000 1294
1512032640000 1294
1512032640000 1294
1512032640000 1294
1512032640000 1294
1512032640000 1294
1512032640000 1294
1512032640000 1294
1512032640000 1294
1512032640000 1295
1512032640000 1295
1512032640000 1295
1512032640000 1295
1512032640000 1295
1512032640000 1295
1512032640000 1295
1512032640000 1295
1512032640000 1295
1512032640000 1296
1512032640000 1296
1512032640000 1296
1512032640000 1296
1512032640000 1296
1512032640000 1296
1512032640000 1296
1512032640000 1296
1512032640000 1296
1512032640000 1296
1512032640000 1296
1512032640000 1296
1512032640000 1296
1512032640000 1296
1512032640000 1297
1512032640000 1297
1512032640000 1297
1512032640000 1298
1512032640000 1298
1512032640000 1298
1512032640000 1298
1512032640000 1298
1512032640000 1298
1512032640000 1299
1512032640000 1299
1512032640000 1299
1512032640000 1300
1512032640000 1312
1512032640000 1312
1512032640000 1313
1512032640000 1313
1512032640000 1313
1512032640000 1324
1512032640000 1325
1512032640000 1325
1512032640000 1326
1512032640000 1326
1512032640000 343
1512032640000 344
1512032640000 344
1512032640000 344
1512032650000 1703
1512032650000 1703
1512032650000 1703
1512032650000 1703
1512032650000 1703
1512032650000 1703
1512032650000 1703
1512032650000 1703
1512032650000 1703
1512032650000 1703
1512032650000 1703
1512032650000 1703
1512032650000 1704
1512032650000 1704
1512032650000 1704
1512032650000 1704
1512032650000 1704
1512032650000 1704
1512032650000 1704
1512032650000 1704
1512032650000 1704
1512032650000 1704
1512032650000 1704
1512032650000 1704
1512032650000 1704
1512032650000 1704
1512032650000 1704
1512032650000 1704
1512032650000 1704
1512032650000 1705
1512032650000 1705
1512032650000 1705
1512032650000 1705
1512032650000 1705
1512032650000 1705
1512032650000 1705
1512032650000 1705
1512032650000 1705
1512032650000 1705
1512032650000 1705
1512032650000 1705
1512032650000 1705
1512032650000 1705
1512032650000 1705
1512032650000 1705
1512032650000 1705
1512032650000 1705
1512032650000 1705
1512032650000 1705
1512032650000 1706
1512032650000 1706
1512032650000 1706
1512032650000 1706
1512032650000 1706
1512032650000 1706
1512032650000 1706
1512032650000 1706
1512032650000 1706
1512032650000 1706
1512032650000 1706
1512032650000 1706
1512032650000 1706
1512032650000 1706
1512032650000 1706
1512032650000 1706
1512032650000 1706
1512032650000 1706
1512032650000 1707
1512032650000 1707
1512032650000 1707
1512032650000 1707
1512032650000 1707
1512032650000 1707
1512032650000 1707
1512032650000 1707
1512032650000 1707
1512032650000 1707
1512032650000 1707
1512032650000 1708
1512032650000 1708
1512032650000 1708
1512032650000 1708
1512032650000 1708
1512032650000 1708
1512032650000 1708
1512032650000 1709
1512032650000 1709
1512032650000 1709
1512032650000 1710
1512032650000 1710
1512032650000 1723
1512032650000 1724
1512032650000 1724
1512032650000 1724
1512032650000 1725
1512032650000 1725
1512032650000 359
1512032650000 359
1512032650000 360
1512032650000 360
1512032660000 648
1512032660000 648
1512032660000 648
1512032660000 649
1512032660000 649
1512032660000 649
1512032660000 649
1512032660000 649
1512032660000 649
1512032660000 649
1512032660000 649
1512032660000 650
1512032660000 650
1512032660000 650
1512032660000 650
1512032660000 651
1512032660000 651
1512032660000 651
1512032660000 651
1512032660000 651
1512032660000 651
1512032660000 651
1512032660000 651
1512032660000 651
1512032660000 651
1512032660000 652
1512032660000 652
1512032660000 652
1512032660000 652
1512032660000 652
1512032660000 652
1512032660000 652
1512032660000 652
1512032660000 652
1512032660000 652
1512032660000 652
1512032660000 652
1512032660000 652
1512032660000 652
1512032660000 652
1512032660000 652
1512032660000 653
1512032660000 653
1512032660000 653
1512032660000 653
1512032660000 653
1512032660000 653
1512032660000 653
1512032660000 653
1512032660000 653
1512032660000 653
1512032660000 653
1512032660000 653
1512032660000 653
1512032660000 654
1512032660000 654
1512032660000 654
1512032660000 654
1512032660000 654
1512032660000 654
1512032660000 654
1512032660000 654
1512032660000 654
1512032660000 654
1512032660000 654
1512032660000 654
1512032660000 654
1512032660000 654
1512032660000 654
1512032660000 654
1512032660000 654
1512032660000 655
1512032660000 655
1512032660000 655
1512032660000 655
1512032660000 655
1512032660000 655
1512032660000 655
1512032660000 655
1512032660000 655
1512032660000 655
1512032660000 656
1512032660000 656
1512032660000 656
1512032660000 656
1512032660000 656
1512032660000 656
1512032660000 656
1512032660000 656
1512032660000 656
1512032660000 657
1512032660000 657
1512032660000 657
1512032660000 658
1512032660000 658
1512032660000 658
1512032660000 680
1512032660000 680
1512032660000 681
1512032660000 682
1512032670000 588
1512032670000 588
1512032670000 589
1512032670000 589
1512032670000 589
1512032670000 589
1512032670000 589
1512032670000 589
1512032670000 589
1512032670000 589
1512032670000 589
1512032670000 589
1512032670000 590
1512032670000 590
1512032670000 590
1512032670000 590
1512032670000 590
1512032670000 590
1512032670000 591
1512032670000 591
1512032670000 591
1512032670000 591
1512032670000 591
1512032670000 591
1512032670000 591
1512032670000 591
1512032670000 591
1512032670000 591
1512032670000 592
1512032670000 592
1512032670000 592
1512032670000 592
1512032670000 592
1512032670000 592
1512032670000 592
1512032670000 592
1512032670000 592
1512032670000 592
1512032670000 592
1512032670000 592
1512032670000 592
1512032670000 592
1512032670000 593
1512032670000 593
1512032670000 593
1512032670000 593
1512032670000 593
1512032670000 593
1512032670000 593
1512032670000 593
1512032670000 593
1512032670000 593
1512032670000 593
1512032670000 593
1512032670000 593
1512032670000 593
1512032670000 593
1512032670000 593
1512032670000 593
1512032670000 593
1512032670000 593
1512032670000 593
1512032670000 593
1512032670000 593
1512032670000 593
1512032670000 593
1512032670000 594
1512032670000 594
1512032670000 594
1512032670000 594
1512032670000 594
1512032670000 594
1512032670000 594
1512032670000 594
1512032670000 594
1512032670000 594
1512032670000 594
1512032670000 594
1512032670000 594
1512032670000 595
1512032670000 595
1512032670000 595
1512032670000 595
1512032670000 595
1512032670000 595
1512032670000 595
1512032670000 595
1512032670000 595
1512032670000 595
1512032670000 596
1512032670000 596
1512032670000 596
1512032670000 596
1512032670000 596
1512032670000 596
1512032670000 597
1512032670000 628
1512032670000 628
1512032670000 628
1512032670000 628
1512032680000 1276
1512032680000 1276
1512032680000 1276
1512032680000 1276
1512032680000 1276
1512032680000 1276
1512032680000 1276
1512032680000 1276
1512032680000 1276
1512032680000 1277
1512032680000 1277
1512032680000 1277
1512032680000 1277
1512032680000 1277
1512032680000 1277
1512032680000 1277
1512032680000 1277
1512032680000 1277
1512032680000 1277
1512032680000 1277
1512032680000 1278
1512032680000 1278
1512032680000 1278
1512032680000 1278
1512032680000 1278
1512032680000 1278
1512032680000 1278
1512032680000 1278
1512032680000 1278
1512032680000 1278
1512032680000 1278
1512032680000 1278
1512032680000 1278
1512032680000 1278
1512032680000 1278
1512032680000 1279
1512032680000 1279
1512032680000 1279
1512032680000 1279
1512032680000 1279
1512032680000 1279
1512032680000 1279
1512032680000 1279
1512032680000 1279
1512032680000 1279
1512032680000 1279
1512032680000 1279
1512032680000 1279
1512032680000 1279
1512032680000 1280
1512032680000 1280
1512032680000 1280
1512032680000 1280
1512032680000 1280
1512032680000 1280
1512032680000 1280
1512032680000 1280
1512032680000 1281
1512032680000 1281
1512032680000 1281
1512032680000 1281
1512032680000 1281
1512032680000 1281
1512032680000 1282
1512032680000 1282
1512032680000 1282
1512032680000 1282
1512032680000 1282
1512032680000 1282
1512032680000 1282
1512032680000 1283
1512032680000 1283
1512032680000 1284
1512032680000 1284
1512032680000 1284
1512032680000 1284
1512032680000 1284
1512032680000 1284
1512032680000 1285
1512032680000 1285
1512032680000 1285
1512032680000 1286
1512032680000 1287
1512032680000 1287
1512032680000 1287
1512032680000 1287
1512032680000 1288
1512032680000 1288
1512032680000 1288
1512032680000 1306
1512032680000 1306
1512032680000 1307
1512032680000 1307
1512032680000 1307
1512032680000 1308
1512032680000 1308
1512032680000 1315
1512032680000 1316
1512032680000 1316
1512032680000 1316
1512032690000 1636
1512032690000 1636
1512032690000 1636
1512032690000 1636
1512032690000 1636
1512032690000 1636
1512032690000 1636
1512032690000 1636
1512032690000 1637
1512032690000 1637
1512032690000 1637
1512032690000 1637
1512032690000 1637
1512032690000 1637
1512032690000 1637
1512032690000 1637
1512032690000 1637
1512032690000 1637
1512032690000 1637
1512032690000 1637
1512032690000 1637
1512032690000 1637
1512032690000 1637
1512032690000 1637
1512032690000 1637
1512032690000 1637
1512032690000 1637
1512032690000 1637
1512032690000 1637
1512032690000 1637
1512032690000 1637
1512032690000 1637
1512032690000 1637
1512032690000 1638
1512032690000 1638
1512032690000 1638
1512032690000 1638
1512032690000 1638
1512032690000 1638
1512032690000 1638
1512032690000 1638
1512032690000 1638
1512032690000 1638
1512032690000 1638
1512032690000 1638
1512032690000 1638
1512032690000 1638
1512032690000 1638
1512032690000 1638
1512032690000 1638
1512032690000 1638
1512032690000 1638
1512032690000 1639
1512032690000 1639
1512032690000 1639
1512032690000 1639
1512032690000 1639
1512032690000 1639
1512032690000 1639
1512032690000 1639
1512032690000 1639
1512032690000 1639
1512032690000 1639
1512032690000 1639
1512032690000 1639
1512032690000 1639
1512032690000 1639
1512032690000 1639
1512032690000 1639
1512032690000 1639
1512032690000 1639
1512032690000 1639
1512032690000 1640
1512032690000 1640
1512032690000 1640
1512032690000 1640
1512032690000 1640
1512032690000 1640
1512032690000 1640
1512032690000 1640
1512032690000 1640
1512032690000 1640
1512032690000 1640
1512032690000 1641
1512032690000 1641
1512032690000 1641
1512032690000 1641
1512032690000 1641
1512032690000 1641
1512032690000 1641
1512032690000 1642
1512032690000 1644
1512032690000 1645
1512032690000 1645
1512032690000 1645
1512032690000 1645
1512032690000 1676
1512032690000 1676
1512032690000 1677
1512032690000 1677
1512032700000 650
1512032700000 650
1512032700000 650
1512032700000 650
1512032700000 650
1512032700000 650
1512032700000 650
1512032700000 650
1512032700000 651
1512032700000 651
1512032700000 651
1512032700000 651
1512032700000 651
1512032700000 651
1512032700000 651
1512032700000 651
1512032700000 651
1512032700000 651
1512032700000 652
1512032700000 652
1512032700000 652
1512032700000 652
1512032700000 652
1512032700000 652
1512032700000 652
1512032700000 652
1512032700000 652
1512032700000 652
1512032700000 652
1512032700000 652
1512032700000 652
1512032700000 652
1512032700000 652
1512032700000 653
1512032700000 653
1512032700000 653
1512032700000 653
1512032700000 653
1512032700000 653
1512032700000 653
1512032700000 653
1512032700000 653
1512032700000 653
1512032700000 653
1512032700000 653
1512032700000 653
1512032700000 653
1512032700000 653
1512032700000 653
1512032700000 653
1512032700000 653
1512032700000 654
1512032700000 654
1512032700000 654
1512032700000 654
1512032700000 654
1512032700000 654
1512032700000 654
1512032700000 654
1512032700000 654
1512032700000 654
1512032700000 654
1512032700000 654
1512032700000 654
1512032700000 654
1512032700000 654
1512032700000 654
1512032700000 654
1512032700000 654
1512032700000 654
1512032700000 654
1512032700000 655
1512032700000 655
1512032700000 655
1512032700000 655
1512032700000 655
1512032700000 655
1512032700000 655
1512032700000 655
1512032700000 655
1512032700000 655
1512032700000 656
1512032700000 656
1512032700000 656
1512032700000 656
1512032700000 656
1512032700000 656
1512032700000 657
1512032700000 657
1512032700000 657
1512032700000 658
1512032700000 658
1512032700000 658
1512032700000 667
1512032700000 667
1512032700000 668
1512032700000 669
1512032700000 669
1512032700000 670
1512032700000 670
1512032710000 1629
1512032710000 1629
1512032710000 1629
1512032710000 1629
1512032710000 1629
1512032710000 1629
1512032710000 1629
1512032710000 1629
1512032710000 1629
1512032710000 1629
1512032710000 1629
1512032710000 1629
1512032710000 1629
1512032710000 1629
1512032710000 1629
1512032710000 1629
1512032710000 1629
1512032710000 1629
1512032710000 1630
1512032710000 1630
1512032710000 1630
1512032710000 1630
1512032710000 1630
1512032710000 1630
1512032710000 1630
1512032710000 1630
1512032710000 1630
1512032710000 1630
1512032710000 1630
1512032710000 1630
1512032710000 1630
1512032710000 1630
1512032710000 1630
1512032710000 1630
1512032710000 1630
1512032710000 1630
1512032710000 1630
1512032710000 1630
1512032710000 1630
1512032710000 1630
1512032710000 1631
1512032710000 1631
1512032710000 1631
1512032710000 1631
1512032710000 1631
1512032710000 1631
1512032710000 1631
1512032710000 1631
1512032710000 1631
1512032710000 1631
1512032710000 1631
1512032710000 1631
1512032710000 1631
1512032710000 1631
1512032710000 1631
1512032710000 1631
1512032710000 1631
1512032710000 1631
1512032710000 1631
1512032710000 1631
1512032710000 1631
1512032710000 1632
1512032710000 1632
1512032710000 1632
1512032710000 1632
1512032710000 1632
1512032710000 1632
1512032710000 1632
1512032710000 1632
1512032710000 1632
1512032710000 1632
1512032710000 1632
1512032710000 1632
1512032710000 1632
1512032710000 1632
1512032710000 1632
1512032710000 1632
1512032710000 1632
1512032710000 1632
1512032710000 1633
1512032710000 1633
1512032710000 1633
1512032710000 1633
1512032710000 1633
1512032710000 1633
1512032710000 1633
1512032710000 1633
1512032710000 1633
1512032710000 1633
1512032710000 1634
1512032710000 1634
1512032710000 1634
1512032710000 1634
1512032710000 1634
1512032710000 1635
1512032710000 1658
1512032710000 1667
1512032710000 1667
1512032710000 1667
1512032710000 1668
1512032720000 1654
1512032720000 1654
1512032720000 1654
1512032720000 1655
1512032720000 1655
1512032720000 1655
1512032720000 1655
1512032720000 1655
1512032720000 1655
1512032720000 1655
1512032720000 1655
1512032720000 1655
1512032720000 1655
1512032720000 1655
1512032720000 1655
1512032720000 1655
1512032720000 1656
1512032720000 1656
1512032720000 1656
1512032720000 1656
1512032720000 1656
1512032720000 1656
1512032720000 1656
1512032720000 1656
1512032720000 1656
1512032720000 1656
1512032720000 1656
1512032720000 1656
1512032720000 1656
1512032720000 1657
1512032720000 1657
1512032720000 1657
1512032720000 1657
1512032720000 1657
1512032720000 1657
1512032720000 1657
1512032720000 1657
1512032720000 1657
1512032720000 1657
1512032720000 1657
1512032720000 1657
1512032720000 1657
1512032720000 1657
1512032720000 1657
1512032720000 1657
1512032720000 1657
1512032720000 1657
1512032720000 1658
1512032720000 1658
1512032720000 1658
1512032720000 1658
1512032720000 1658
1512032720000 1658
1512032720000 1658
1512032720000 1658
1512032720000 1658
1512032720000 1658
1512032720000 1658
1512032720000 1658
1512032720000 1659
1512032720000 1659
1512032720000 1659
1512032720000 1659
1512032720000 1659
1512032720000 1659
1512032720000 1659
1512032720000 1659
1512032720000 1659
1512032720000 1659
1512032720000 1660
1512032720000 1660
1512032720000 1660
1512032720000 1660
1512032720000 1660
1512032720000 1660
1512032720000 1661
1512032720000 1661
1512032720000 1661
1512032720000 1661
1512032720000 1661
1512032720000 1661
1512032720000 1661
1512032720000 1661
1512032720000 1663
1512032720000 1663
1512032720000 1664
1512032720000 1664
1512032720000 1673
1512032720000 1673
1512032720000 1673
1512032720000 1673
1512032720000 1673
1512032720000 1674
1512032720000 1679
1512032720000 1679
1512032720000 1680
1512032720000 313
1512032720000 314
1512032720000 314
1512032720000 315
1512032730000 1279
1512032730000 1279
1512032730000 1279
1512032730000 1279
1512032730000 1279
1512032730000 1279
1512032730000 1279
1512032730000 1280
1512032730000 1280
1512032730000 1280
1512032730000 1280
1512032730000 1280
1512032730000 1280
1512032730000 1280
1512032730000 1280
1512032730000 1280
1512032730000 1280
1512032730000 1280
1512032730000 1280
1512032730000 1281
1512032730000 1281
1512032730000 1281
1512032730000 1281
1512032730000 1281
1512032730000 1281
1512032730000 1281
1512032730000 1281
1512032730000 1281
1512032730000 1281
1512032730000 1281
1512032730000 1281
1512032730000 1281
1512032730000 1281
1512032730000 1281
1512032730000 1281
1512032730000 1281
1512032730000 1281
1512032730000 1281
1512032730000 1282
1512032730000 1282
1512032730000 1282
1512032730000 1282
1512032730000 1282
1512032730000 1282
1512032730000 1282
1512032730000 1282
1512032730000 1282
1512032730000 1282
1512032730000 1282
1512032730000 1283
1512032730000 1283
1512032730000 1283
1512032730000 1283
1512032730000 1283
1512032730000 1283
1512032730000 1283
1512032730000 1283
1512032730000 1283
1512032730000 1283
1512032730000 1283
1512032730000 1283
1512032730000 1283
1512032730000 1284
1512032730000 1284
1512032730000 1284
1512032730000 1284
1512032730000 1284
1512032730000 1284
1512032730000 1284
1512032730000 1285
1512032730000 1285
1512032730000 1285
1512032730000 1285
1512032730000 1285
1512032730000 1286
1512032730000 1286
1512032730000 1286
1512032730000 1286
1512032730000 1286
1512032730000 1286
1512032730000 1287
1512032730000 1287
1512032730000 1287
1512032730000 1287
1512032730000 1288
1512032730000 1288
1512032730000 1288
1512032730000 1288
1512032730000 1289
1512032730000 1289
1512032730000 1290
1512032730000 1290
1512032730000 1290
1512032730000 1290
1512032730000 1291
1512032730000 1291
1512032730000 322
1512032730000 322
1512032730000 323
1512032730000 323
1512032740000 608
1512032740000 608
1512032740000 608
1512032740000 608
1512032740000 609
1512032740000 609
1512032740000 609
1512032740000 609
1512032740000 609
1512032740000 609
1512032740000 609
1512032740000 609
1512032740000 609
1512032740000 609
1512032740000 609
1512032740000 610
1512032740000 610
1512032740000 610
1512032740000 610
1512032740000 610
1512032740000 610
1512032740000 610
1512032740000 610
1512032740000 610
1512032740000 610
1512032740000 610
1512032740000 610
1512032740000 611
1512032740000 611
1512032740000 611
1512032740000 611
1512032740000 611
1512032740000 611
1512032740000 611
1512032740000 611
1512032740000 611
1512032740000 611
1512032740000 611
1512032740000 611
1512032740000 611
1512032740000 611
1512032740000 611
1512032740000 611
1512032740000 611
1512032740000 611
1512032740000 611
1512032740000 611
1512032740000 612
1512032740000 612
1512032740000 612
1512032740000 612
1512032740000 612
1512032740000 612
1512032740000 612
1512032740000 612
1512032740000 612
1512032740000 612
1512032740000 612
1512032740000 612
1512032740000 612
1512032740000 612
1512032740000 612
1512032740000 612
1512032740000 612
1512032740000 612
1512032740000 612
1512032740000 612
1512032740000 612
1512032740000 612
1512032740000 613
1512032740000 613
1512032740000 613
1512032740000 613
1512032740000 613
1512032740000 613
1512032740000 613
1512032740000 613
1512032740000 613
1512032740000 613
1512032740000 613
1512032740000 613
1512032740000 613
1512032740000 613
1512032740000 613
1512032740000 613
1512032740000 613
1512032740000 613
1512032740000 614
1512032740000 614
1512032740000 614
1512032740000 614
1512032740000 614
1512032740000 614
1512032740000 614
1512032740000 614
1512032740000 614
1512032740000 614
1512032740000 614
1512032740000 615
1512032740000 615
1512032750000 595
1512032750000 596
1512032750000 596
1512032750000 596
1512032750000 596
1512032750000 597
1512032750000 597
1512032750000 597
1512032750000 597
1512032750000 598
1512032750000 598
1512032750000 598
1512032750000 598
1512032750000 598
1512032750000 598
1512032750000 598
1512032750000 598
1512032750000 598
1512032750000 598
1512032750000 599
1512032750000 599
1512032750000 599
1512032750000 599
1512032750000 599
1512032750000 599
1512032750000 599
1512032750000 599
1512032750000 599
1512032750000 599
1512032750000 599
1512032750000 599
1512032750000 599
1512032750000 599
1512032750000 599
1512032750000 600
1512032750000 600
1512032750000 600
1512032750000 600
1512032750000 600
1512032750000 600
1512032750000 600
1512032750000 600
1512032750000 600
1512032750000 600
1512032750000 600
1512032750000 600
1512032750000 600
1512032750000 600
1512032750000 600
1512032750000 600
1512032750000 600
1512032750000 600
1512032750000 600
1512032750000 600
1512032750000 601
1512032750000 601
1512032750000 601
1512032750000 601
1512032750000 601
1512032750000 601
1512032750000 601
1512032750000 601
1512032750000 601
1512032750000 601
1512032750000 601
1512032750000 601
1512032750000 601
1512032750000 601
1512032750000 601
1512032750000 601
1512032750000 601
1512032750000 602
1512032750000 602
1512032750000 602
1512032750000 602
1512032750000 602
1512032750000 602
1512032750000 602
1512032750000 602
1512032750000 602
1512032750000 603
1512032750000 603
1512032750000 603
1512032750000 604
1512032750000 604
1512032750000 620
1512032750000 621
1512032750000 621
1512032750000 621
1512032750000 621
1512032750000 627
1512032750000 627
1512032750000 627
1512032750000 628
1512032750000 628
1512032750000 628
1512032750000 635
1512032750000 635
1512032750000 635
1512032750000 636
1512032760000 806
1512032760000 806
1512032760000 806
1512032760000 806
1512032760000 806
1512032760000 806
1512032760000 806
1512032760000 806
1512032760000 807
1512032760000 807
1512032760000 807
1512032760000 807
1512032760000 807
1512032760000 807
1512032760000 807
1512032760000 807
1512032760000 807
1512032760000 807
1512032760000 808
1512032760000 808
1512032760000 808
1512032760000 808
1512032760000 808
1512032760000 808
1512032760000 808
1512032760000 808
1512032760000 808
1512032760000 808
1512032760000 808
1512032760000 809
1512032760000 809
1512032760000 809
1512032760000 809
1512032760000 809
1512032760000 809
1512032760000 809
1512032760000 809
1512032760000 809
1512032760000 809
1512032760000 809
1512032760000 809
1512032760000 809
1512032760000 809
1512032760000 809
1512032760000 810
1512032760000 810
1512032760000 810
1512032760000 810
1512032760000 810
1512032760000 810
1512032760000 810
1512032760000 810
1512032760000 810
1512032760000 810
1512032760000 810
1512032760000 811
1512032760000 811
1512032760000 811
1512032760000 811
1512032760000 811
1512032760000 811
1512032760000 811
1512032760000 812
1512032760000 812
1512032760000 812
1512032760000 812
1512032760000 812
1512032760000 812
1512032760000 812
1512032760000 812
1512032760000 812
1512032760000 812
1512032760000 812
1512032760000 812
1512032760000 812
1512032760000 812
1512032760000 812
1512032760000 812
1512032760000 813
1512032760000 813
1512032760000 813
1512032760000 813
1512032760000 813
1512032760000 813
1512032760000 813
1512032760000 813
1512032760000 813
1512032760000 821
1512032760000 822
1512032760000 822
1512032760000 822
1512032760000 822
1512032760000 823
1512032760000 823
1512032760000 834
1512032760000 834
1512032760000 842
1512032760000 843
1512032760000 843
1512032760000 843
1512032770000 647
1512032770000 647
1512032770000 647
1512032770000 648
1512032770000 648
1512032770000 648
1512032770000 648
1512032770000 648
1512032770000 648
1512032770000 648
1512032770000 649
1512032770000 649
1512032770000 649
1512032770000 649
1512032770000 649
1512032770000 649
1512032770000 649
1512032770000 649
1512032770000 649
1512032770000 649
1512032770000 649
1512032770000 649
1512032770000 649
1512032770000 649
1512032770000 649
1512032770000 649
1512032770000 650
1512032770000 650
1512032770000 650
1512032770000 650
1512032770000 650
1512032770000 650
1512032770000 650
1512032770000 650
1512032770000 650
1512032770000 650
1512032770000 650
1512032770000 651
1512032770000 651
1512032770000 651
1512032770000 651
1512032770000 651
1512032770000 651
1512032770000 651
1512032770000 651
1512032770000 651
1512032770000 652
1512032770000 652
1512032770000 652
1512032770000 652
1512032770000 652
1512032770000 652
1512032770000 652
1512032770000 652
1512032770000 652
1512032770000 652
1512032770000 652
1512032770000 652
1512032770000 652
1512032770000 652
1512032770000 653
1512032770000 653
1512032770000 653
1512032770000 653
1512032770000 653
1512032770000 653
1512032770000 653
1512032770000 653
1512032770000 653
1512032770000 653
1512032770000 653
1512032770000 653
1512032770000 653
1512032770000 653
1512032770000 653
1512032770000 653
1512032770000 653
1512032770000 654
1512032770000 654
1512032770000 654
1512032770000 654
1512032770000 654
1512032770000 654
1512032770000 655
1512032770000 655
1512032770000 655
1512032770000 655
1512032770000 656
1512032770000 656
1512032770000 671
1512032770000 671
1512032770000 671
1512032770000 671
1512032770000 671
1512032770000 675
1512032770000 675
1512032770000 677
1512032770000 677
1512032770000 677
1512032770000 678
1512032780000 629
1512032780000 629
1512032780000 629
1512032780000 629
1512032780000 629
1512032780000 630
1512032780000 630
1512032780000 630
1512032780000 630
1512032780000 630
1512032780000 630
1512032780000 630
1512032780000 630
1512032780000 631
1512032780000 631
1512032780000 631
1512032780000 631
1512032780000 631
1512032780000 631
1512032780000 632
1512032780000 632
1512032780000 632
1512032780000 632
1512032780000 632
1512032780000 632
1512032780000 632
1512032780000 632
1512032780000 632
1512032780000 632
1512032780000 633
1512032780000 633
1512032780000 633
1512032780000 633
1512032780000 633
1512032780000 633
1512032780000 633
1512032780000 634
1512032780000 634
1512032780000 634
1512032780000 634
1512032780000 634
1512032780000 634
1512032780000 634
1512032780000 634
1512032780000 634
1512032780000 634
1512032780000 634
1512032780000 635
1512032780000 635
1512032780000 635
1512032780000 635
1512032780000 635
1512032780000 635
1512032780000 635
1512032780000 635
1512032780000 635
1512032780000 635
1512032780000 635
1512032780000 635
1512032780000 635
1512032780000 635
1512032780000 635
1512032780000 635
1512032780000 636
1512032780000 636
1512032780000 636
1512032780000 636
1512032780000 636
1512032780000 636
1512032780000 636
1512032780000 636
1512032780000 636
1512032780000 636
1512032780000 636
1512032780000 636
1512032780000 636
1512032780000 636
1512032780000 636
1512032780000 636
1512032780000 636
1512032780000 636
1512032780000 637
1512032780000 637
1512032780000 637
1512032780000 637
1512032780000 637
1512032780000 637
1512032780000 637
1512032780000 637
1512032780000 637
1512032780000 638
1512032780000 638
1512032780000 638
1512032780000 638
1512032780000 638
1512032780000 638
1512032780000 656
1512032780000 657
1512032780000 657
1512032780000 657
1512032790000 682
1512032790000 682
1512032790000 683
1512032790000 683
1512032790000 683
1512032790000 683
1512032790000 683
1512032790000 683
1512032790000 683
1512032790000 683
1512032790000 683
1512032790000 683
1512032790000 683
1512032790000 683
1512032790000 684
1512032790000 684
1512032790000 684
1512032790000 684
1512032790000 684
1512032790000 684
1512032790000 684
1512032790000 684
1512032790000 684
1512032790000 684
1512032790000 684
1512032790000 684
1512032790000 684
1512032790000 684
1512032790000 684
1512032790000 684
1512032790000 685
1512032790000 685
1512032790000 685
1512032790000 685
1512032790000 685
1512032790000 685
1512032790000 685
1512032790000 685
1512032790000 685
1512032790000 685
1512032790000 685
1512032790000 685
1512032790000 685
1512032790000 685
1512032790000 685
1512032790000 685
1512032790000 685
1512032790000 685
1512032790000 686
1512032790000 686
1512032790000 686
1512032790000 686
1512032790000 686
1512032790000 686
1512032790000 686
1512032790000 686
1512032790000 686
1512032790000 686
1512032790000 686
1512032790000 686
1512032790000 686
1512032790000 686
1512032790000 686
1512032790000 686
1512032790000 686
1512032790000 686
1512032790000 687
1512032790000 687
1512032790000 687
1512032790000 687
1512032790000 687
1512032790000 687
1512032790000 687
1512032790000 687
1512032790000 687
1512032790000 687
1512032790000 687
1512032790000 687
1512032790000 687
1512032790000 687
1512032790000 688
1512032790000 688
1512032790000 688
1512032790000 688
1512032790000 688
1512032790000 688
1512032790000 688
1512032790000 688
1512032790000 689
1512032790000 689
1512032790000 690
1512032790000 691
1512032790000 691
1512032790000 697
1512032790000 698
1512032790000 699
1512032790000 719
1512032790000 719
1512032790000 720
1512032790000 720
1512032800000 617
1512032800000 617
1512032800000 617
1512032800000 617
1512032800000 617
1512032800000 617
1512032800000 618
1512032800000 618
1512032800000 618
1512032800000 618
1512032800000 618
1512032800000 618
1512032800000 618
1512032800000 618
1512032800000 618
1512032800000 618
1512032800000 618
1512032800000 618
1512032800000 619
1512032800000 619
1512032800000 619
1512032800000 619
1512032800000 619
1512032800000 619
1512032800000 619
1512032800000 619
1512032800000 619
1512032800000 619
1512032800000 619
1512032800000 619
1512032800000 619
1512032800000 619
1512032800000 620
1512032800000 620
1512032800000 620
1512032800000 620
1512032800000 620
1512032800000 620
1512032800000 620
1512032800000 620
1512032800000 620
1512032800000 620
1512032800000 620
1512032800000 620
1512032800000 620
1512032800000 620
1512032800000 621
1512032800000 621
1512032800000 621
1512032800000 621
1512032800000 621
1512032800000 621
1512032800000 621
1512032800000 621
1512032800000 621
1512032800000 621
1512032800000 621
1512032800000 621
1512032800000 621
1512032800000 621
1512032800000 621
1512032800000 621
1512032800000 621
1512032800000 621
1512032800000 621
1512032800000 621
1512032800000 621
1512032800000 621
1512032800000 621
1512032800000 622
1512032800000 622
1512032800000 622
1512032800000 622
1512032800000 622
1512032800000 622
1512032800000 622
1512032800000 622
1512032800000 622
1512032800000 622
1512032800000 622
1512032800000 622
1512032800000 622
1512032800000 622
1512032800000 622
1512032800000 622
1512032800000 622
1512032800000 622
1512032800000 622
1512032800000 623
1512032800000 623
1512032800000 623
1512032800000 623
1512032800000 623
1512032800000 623
1512032800000 623
1512032800000 623
1512032800000 623
1512032800000 624
1512032800000 624
1512032800000 625
1512032810000 644
1512032810000 644
1512032810000 645
1512032810000 645
1512032810000 645
1512032810000 645
1512032810000 645
1512032810000 645
1512032810000 646
1512032810000 646
1512032810000 646
1512032810000 646
1512032810000 646
1512032810000 646
1512032810000 646
1512032810000 646
1512032810000 646
1512032810000 646
1512032810000 647
1512032810000 647
1512032810000 647
1512032810000 647
1512032810000 647
1512032810000 647
1512032810000 647
1512032810000 647
1512032810000 647
1512032810000 647
1512032810000 647
1512032810000 647
1512032810000 647
1512032810000 647
1512032810000 647
1512032810000 647
1512032810000 647
1512032810000 648
1512032810000 648
1512032810000 648
1512032810000 648
1512032810000 648
1512032810000 648
1512032810000 648
1512032810000 648
1512032810000 648
1512032810000 648
1512032810000 648
1512032810000 648
1512032810000 648
1512032810000 648
1512032810000 648
1512032810000 648
1512032810000 648
1512032810000 648
1512032810000 649
1512032810000 649
1512032810000 649
1512032810000 649
1512032810000 649
1512032810000 649
1512032810000 649
1512032810000 649
1512032810000 649
1512032810000 649
1512032810000 649
1512032810000 649
1512032810000 649
1512032810000 649
1512032810000 649
1512032810000 649
1512032810000 649
1512032810000 649
1512032810000 649
1512032810000 649
1512032810000 649
1512032810000 649
1512032810000 649
1512032810000 649
1512032810000 650
1512032810000 650
1512032810000 650
1512032810000 650
1512032810000 650
1512032810000 650
1512032810000 650
1512032810000 650
1512032810000 651
1512032810000 651
1512032810000 651
1512032810000 651
1512032810000 651
1512032810000 652
1512032810000 653
1512032810000 653
1512032810000 656
1512032810000 657
1512032810000 657
1512032810000 657
1512032810000 667
1512032810000 668
1512032810000 668
1512032820000 692
1512032820000 692
1512032820000 693
1512032820000 693
1512032820000 693
1512032820000 693
1512032820000 693
1512032820000 693
1512032820000 693
1512032820000 693
1512032820000 694
1512032820000 694
1512032820000 694
1512032820000 694
1512032820000 694
1512032820000 694
1512032820000 694
1512032820000 694
1512032820000 694
1512032820000 694
1512032820000 694
1512032820000 694
1512032820000 694
1512032820000 694
1512032820000 694
1512032820000 694
1512032820000 694
1512032820000 695
1512032820000 695
1512032820000 695
1512032820000 695
1512032820000 695
1512032820000 695
1512032820000 695
1512032820000 695
1512032820000 695
1512032820000 695
1512032820000 695
1512032820000 695
1512032820000 695
1512032820000 695
1512032820000 695
1512032820000 695
1512032820000 695
1512032820000 695
1512032820000 695
1512032820000 695
1512032820000 695
1512032820000 696
1512032820000 696
1512032820000 696
1512032820000 696
1512032820000 696
1512032820000 696
1512032820000 696
1512032820000 696
1512032820000 696
1512032820000 696
1512032820000 696
1512032820000 696
1512032820000 696
1512032820000 696
1512032820000 696
1512032820000 696
1512032820000 696
1512032820000 696
1512032820000 697
1512032820000 697
1512032820000 697
1512032820000 697
1512032820000 697
1512032820000 697
1512032820000 697
1512032820000 697
1512032820000 697
1512032820000 697
1512032820000 697
1512032820000 697
1512032820000 697
1512032820000 697
1512032820000 698
1512032820000 698
1512032820000 698
1512032820000 699
1512032820000 699
1512032820000 699
1512032820000 700
1512032820000 700
1512032820000 709
1512032820000 710
1512032820000 710
1512032820000 710
1512032820000 719
1512032820000 720
1512032820000 733
1512032820000 733
1512032820000 733
1512032820000 734
1512032820000 734
1512032820000 734
1512032830000 654
1512032830000 654
1512032830000 655
1512032830000 655
1512032830000 655
1512032830000 655
1512032830000 655
1512032830000 655
1512032830000 655
1512032830000 655
1512032830000 656
1512032830000 656
1512032830000 656
1512032830000 656
1512032830000 656
1512032830000 656
1512032830000 656
1512032830000 656
1512032830000 656
1512032830000 656
1512032830000 656
1512032830000 656
1512032830000 656
1512032830000 656
1512032830000 656
1512032830000 657
1512032830000 657
1512032830000 657
1512032830000 657
1512032830000 657
1512032830000 657
1512032830000 657
1512032830000 657
1512032830000 657
1512032830000 657
1512032830000 657
1512032830000 658
1512032830000 658
1512032830000 658
1512032830000 658
1512032830000 658
1512032830000 658
1512032830000 658
1512032830000 658
1512032830000 658
1512032830000 658
1512032830000 658
1512032830000 658
1512032830000 658
1512032830000 658
1512032830000 658
1512032830000 659
1512032830000 659
1512032830000 659
1512032830000 659
1512032830000 659
1512032830000 659
1512032830000 659
1512032830000 659
1512032830000 659
1512032830000 659
1512032830000 659
1512032830000 659
1512032830000 659
1512032830000 659
1512032830000 659
1512032830000 659
1512032830000 659
1512032830000 659
1512032830000 659
1512032830000 659
1512032830000 659
1512032830000 659
1512032830000 660
1512032830000 660
1512032830000 660
1512032830000 660
1512032830000 660
1512032830000 660
1512032830000 660
1512032830000 660
1512032830000 660
1512032830000 660
1512032830000 660
1512032830000 660
1512032830000 660
1512032830000 660
1512032830000 660
1512032830000 661
1512032830000 661
1512032830000 661
1512032830000 661
1512032830000 661
1512032830000 661
1512032830000 661
1512032830000 661
1512032830000 662
1512032830000 662
1512032830000 662
1512032830000 663
1512032840000 645
1512032840000 645
1512032840000 645
1512032840000 646
1512032840000 646
1512032840000 646
1512032840000 646
1512032840000 647
1512032840000 647
1512032840000 647
1512032840000 647
1512032840000 647
1512032840000 647
1512032840000 647
1512032840000 647
1512032840000 647
1512032840000 647
1512032840000 647
1512032840000 647
1512032840000 647
1512032840000 647
1512032840000 648
1512032840000 648
1512032840000 648
1512032840000 648
1512032840000 648
1512032840000 648
1512032840000 648
1512032840000 648
1512032840000 648
1512032840000 648
1512032840000 648
1512032840000 648
1512032840000 648
1512032840000 648
1512032840000 648
1512032840000 649
1512032840000 649
1512032840000 649
1512032840000 649
1512032840000 649
1512032840000 649
1512032840000 649
1512032840000 649
1512032840000 649
1512032840000 649
1512032840000 649
1512032840000 649
1512032840000 649
1512032840000 649
1512032840000 649
1512032840000 649
1512032840000 649
1512032840000 649
1512032840000 649
1512032840000 649
1512032840000 650
1512032840000 650
1512032840000 650
1512032840000 650
1512032840000 650
1512032840000 650
1512032840000 650
1512032840000 650
1512032840000 650
1512032840000 650
1512032840000 650
1512032840000 650
1512032840000 650
1512032840000 650
1512032840000 650
1512032840000 650
1512032840000 650
1512032840000 650
1512032840000 650
1512032840000 650
1512032840000 650
1512032840000 650
1512032840000 651
1512032840000 651
1512032840000 651
1512032840000 651
1512032840000 651
1512032840000 651
1512032840000 651
1512032840000 651
1512032840000 651
1512032840000 651
1512032840000 651
1512032840000 651
1512032840000 652
1512032840000 652
1512032840000 652
1512032840000 665
1512032840000 666
1512032840000 666
1512032840000 666
1512032840000 667
1512032840000 667
1512032840000 668
1512032850000 678
1512032850000 678
1512032850000 678
1512032850000 678
1512032850000 679
1512032850000 679
1512032850000 679
1512032850000 679
1512032850000 679
1512032850000 679
1512032850000 679
1512032850000 679
1512032850000 679
1512032850000 679
1512032850000 680
1512032850000 680
1512032850000 680
1512032850000 680
1512032850000 680
1512032850000 680
1512032850000 680
1512032850000 680
1512032850000 680
1512032850000 680
1512032850000 680
1512032850000 680
1512032850000 681
1512032850000 681
1512032850000 681
1512032850000 681
1512032850000 681
1512032850000 681
1512032850000 681
1512032850000 681
1512032850000 681
1512032850000 682
1512032850000 682
1512032850000 682
1512032850000 682
1512032850000 682
1512032850000 682
1512032850000 682
1512032850000 682
1512032850000 682
1512032850000 682
1512032850000 683
1512032850000 683
1512032850000 683
1512032850000 683
1512032850000 683
1512032850000 683
1512032850000 683
1512032850000 683
1512032850000 683
1512032850000 683
1512032850000 683
1512032850000 684
1512032850000 684
1512032850000 684
1512032850000 684
1512032850000 684
1512032850000 684
1512032850000 684
1512032850000 684
1512032850000 684
1512032850000 684
1512032850000 684
1512032850000 684
1512032850000 685
1512032850000 685
1512032850000 685
1512032850000 685
1512032850000 685
1512032850000 685
1512032850000 685
1512032850000 685
1512032850000 685
1512032850000 685
1512032850000 685
1512032850000 686
1512032850000 686
1512032850000 686
1512032850000 686
1512032850000 686
1512032850000 686
1512032850000 686
1512032850000 686
1512032850000 686
1512032850000 686
1512032850000 686
1512032850000 686
1512032850000 686
1512032850000 687
1512032850000 687
1512032850000 687
1512032850000 687
1512032850000 715
1512032850000 715
1512032850000 716
1512032850000 716
1512032860000 689
1512032860000 689
1512032860000 689
1512032860000 689
1512032860000 689
1512032860000 689
1512032860000 689
1512032860000 690
1512032860000 690
1512032860000 690
1512032860000 690
1512032860000 690
1512032860000 691
1512032860000 691
1512032860000 691
1512032860000 691
1512032860000 691
1512032860000 692
1512032860000 692
1512032860000 692
1512032860000 692
1512032860000 692
1512032860000 692
1512032860000 692
1512032860000 692
1512032860000 692
1512032860000 692
1512032860000 692
1512032860000 692
1512032860000 692
1512032860000 692
1512032860000 693
1512032860000 693
1512032860000 693
1512032860000 693
1512032860000 693
1512032860000 693
1512032860000 693
1512032860000 693
1512032860000 693
1512032860000 693
1512032860000 693
1512032860000 693
1512032860000 693
1512032860000 693
1512032860000 693
1512032860000 693
1512032860000 693
1512032860000 693
1512032860000 693
1512032860000 693
1512032860000 694
1512032860000 694
1512032860000 694
1512032860000 694
1512032860000 694
1512032860000 694
1512032860000 694
1512032860000 694
1512032860000 694
1512032860000 694
1512032860000 694
1512032860000 694
1512032860000 694
1512032860000 694
1512032860000 694
1512032860000 694
1512032860000 694
1512032860000 694
1512032860000 694
1512032860000 694
1512032860000 695
1512032860000 695
1512032860000 695
1512032860000 695
1512032860000 695
1512032860000 695
1512032860000 695
1512032860000 695
1512032860000 695
1512032860000 696
1512032860000 696
1512032860000 697
1512032860000 707
1512032860000 707
1512032860000 708
1512032860000 714
1512032860000 714
1512032860000 715
1512032860000 715
1512032860000 715
1512032860000 716
1512032860000 716
1512032860000 716
1512032860000 716
1512032860000 717
1512032860000 717
1512032860000 718
1512032860000 718
1512032860000 719
1512032870000 631
1512032870000 631
1512032870000 631
1512032870000 631
1512032870000 631
1512032870000 631
1512032870000 631
1512032870000 631
1512032870000 631
1512032870000 632
1512032870000 632
1512032870000 632
1512032870000 632
1512032870000 632
1512032870000 632
1512032870000 632
1512032870000 632
1512032870000 632
1512032870000 632
1512032870000 632
1512032870000 632
1512032870000 632
1512032870000 632
1512032870000 632
1512032870000 632
1512032870000 632
1512032870000 632
1512032870000 632
1512032870000 632
1512032870000 633
1512032870000 633
1512032870000 633
1512032870000 633
1512032870000 633
1512032870000 633
1512032870000 633
1512032870000 633
1512032870000 633
1512032870000 633
1512032870000 633
1512032870000 633
1512032870000 633
1512032870000 633
1512032870000 633
1512032870000 633
1512032870000 633
1512032870000 633
1512032870000 633
1512032870000 633
1512032870000 633
1512032870000 633
1512032870000 634
1512032870000 634
1512032870000 634
1512032870000 634
1512032870000 634
1512032870000 634
1512032870000 634
1512032870000 634
1512032870000 634
1512032870000 634
1512032870000 634
1512032870000 634
1512032870000 634
1512032870000 634
1512032870000 634
1512032870000 634
1512032870000 634
1512032870000 635
1512032870000 635
1512032870000 635
1512032870000 635
1512032870000 635
1512032870000 635
1512032870000 635
1512032870000 635
1512032870000 635
1512032870000 635
1512032870000 635
1512032870000 635
1512032870000 635
1512032870000 636
1512032870000 636
1512032870000 636
1512032870000 636
1512032870000 636
1512032870000 636
1512032870000 636
1512032870000 637
1512032870000 637
1512032870000 637
1512032870000 656
1512032870000 656
1512032870000 656
1512032870000 657
1512032870000 657
1512032870000 657
1512032870000 657
1512032870000 658
1512032870000 658
1512032880000 656
1512032880000 656
1512032880000 656
1512032880000 656
1512032880000 656
1512032880000 656
1512032880000 657
1512032880000 657
1512032880000 657
1512032880000 658
1512032880000 658
1512032880000 658
1512032880000 658
1512032880000 658
1512032880000 658
1512032880000 658
1512032880000 658
1512032880000 658
1512032880000 658
1512032880000 658
1512032880000 658
1512032880000 659
1512032880000 659
1512032880000 659
1512032880000 659
1512032880000 659
1512032880000 659
1512032880000 659
1512032880000 659
1512032880000 659
1512032880000 659
1512032880000 660
1512032880000 660
1512032880000 660
1512032880000 660
1512032880000 661
1512032880000 661
1512032880000 661
1512032880000 661
1512032880000 661
1512032880000 661
1512032880000 661
1512032880000 661
1512032880000 661
1512032880000 661
1512032880000 661
1512032880000 661
1512032880000 661
1512032880000 661
1512032880000 661
1512032880000 662
1512032880000 662
1512032880000 662
1512032880000 662
1512032880000 662
1512032880000 662
1512032880000 662
1512032880000 662
1512032880000 663
1512032880000 663
1512032880000 663
1512032880000 663
1512032880000 663
1512032880000 663
1512032880000 663
1512032880000 663
1512032880000 663
1512032880000 663
1512032880000 663
1512032880000 663
1512032880000 664
1512032880000 664
1512032880000 664
1512032880000 664
1512032880000 664
1512032880000 664
1512032880000 664
1512032880000 664
1512032880000 664
1512032880000 664
1512032880000 664
1512032880000 664
1512032880000 664
1512032880000 665
1512032880000 665
1512032880000 665
1512032880000 665
1512032880000 665
1512032880000 666
1512032880000 666
1512032880000 666
1512032880000 667
1512032880000 706
1512032880000 707
1512032880000 707
1512032880000 707
1512032880000 707
1512032880000 708
1512032880000 714
1512032880000 715
1512032890000 646
1512032890000 647
1512032890000 647
1512032890000 647
1512032890000 648
1512032890000 648
1512032890000 648
1512032890000 648
1512032890000 648
1512032890000 648
1512032890000 649
1512032890000 649
1512032890000 649
1512032890000 649
1512032890000 649
1512032890000 649
1512032890000 649
1512032890000 649
1512032890000 649
1512032890000 649
1512032890000 649
1512032890000 649
1512032890000 649
1512032890000 649
1512032890000 650
1512032890000 650
1512032890000 650
1512032890000 650
1512032890000 650
1512032890000 650
1512032890000 650
1512032890000 650
1512032890000 650
1512032890000 650
1512032890000 651
1512032890000 651
1512032890000 651
1512032890000 651
1512032890000 651
1512032890000 651
1512032890000 651
1512032890000 651
1512032890000 651
1512032890000 651
1512032890000 651
1512032890000 651
1512032890000 651
1512032890000 651
1512032890000 651
1512032890000 651
1512032890000 651
1512032890000 651
1512032890000 651
1512032890000 651
1512032890000 651
1512032890000 651
1512032890000 652
1512032890000 652
1512032890000 652
1512032890000 652
1512032890000 652
1512032890000 652
1512032890000 652
1512032890000 652
1512032890000 652
1512032890000 652
1512032890000 652
1512032890000 652
1512032890000 652
1512032890000 652
1512032890000 652
1512032890000 652
1512032890000 652
1512032890000 652
1512032890000 652
1512032890000 653
1512032890000 653
1512032890000 653
1512032890000 653
1512032890000 653
1512032890000 653
1512032890000 653
1512032890000 653
1512032890000 654
1512032890000 654
1512032890000 654
1512032890000 654
1512032890000 655
1512032890000 655
1512032890000 657
1512032890000 658
1512032890000 658
1512032890000 658
1512032890000 659
1512032890000 659
1512032890000 674
1512032890000 675
1512032890000 675
1512032890000 688
1512032890000 688
1512032900000 661
1512032900000 661
1512032900000 661
1512032900000 661
1512032900000 662
1512032900000 662
1512032900000 662
1512032900000 662
1512032900000 662
1512032900000 662
1512032900000 662
1512032900000 662
1512032900000 662
1512032900000 662
1512032900000 662
1512032900000 662
1512032900000 662
1512032900000 662
1512032900000 662
1512032900000 662
1512032900000 662
1512032900000 662
1512032900000 662
1512032900000 662
1512032900000 662
1512032900000 663
1512032900000 663
1512032900000 663
1512032900000 663
1512032900000 663
1512032900000 663
1512032900000 663
1512032900000 663
1512032900000 663
1512032900000 663
1512032900000 663
1512032900000 663
1512032900000 663
1512032900000 663
1512032900000 663
1512032900000 663
1512032900000 663
1512032900000 663
1512032900000 663
1512032900000 663
1512032900000 663
1512032900000 663
1512032900000 663
1512032900000 664
1512032900000 664
1512032900000 664
1512032900000 664
1512032900000 664
1512032900000 664
1512032900000 664
1512032900000 664
1512032900000 664
1512032900000 664
1512032900000 664
1512032900000 664
1512032900000 664
1512032900000 664
1512032900000 664
1512032900000 664
1512032900000 664
1512032900000 664
1512032900000 664
1512032900000 664
1512032900000 664
1512032900000 664
1512032900000 664
1512032900000 664
1512032900000 664
1512032900000 664
1512032900000 665
1512032900000 665
1512032900000 665
1512032900000 665
1512032900000 665
1512032900000 665
1512032900000 665
1512032900000 665
1512032900000 665
1512032900000 665
1512032900000 665
1512032900000 665
1512032900000 665
1512032900000 665
1512032900000 665
1512032900000 665
1512032900000 666
1512032900000 666
1512032900000 666
1512032900000 669
1512032900000 669
1512032900000 669
1512032900000 698
1512032900000 699
1512032900000 699
1512032900000 699
1512032910000 685
1512032910000 685
1512032910000 685
1512032910000 685
1512032910000 686
1512032910000 686
1512032910000 686
1512032910000 686
1512032910000 686
1512032910000 686
1512032910000 686
1512032910000 686
1512032910000 686
1512032910000 686
1512032910000 687
1512032910000 687
1512032910000 687
1512032910000 687
1512032910000 687
1512032910000 687
1512032910000 687
1512032910000 687
1512032910000 687
1512032910000 688
1512032910000 688
1512032910000 688
1512032910000 688
1512032910000 688
1512032910000 688
1512032910000 688
1512032910000 688
1512032910000 688
1512032910000 688
1512032910000 688
1512032910000 688
1512032910000 689
1512032910000 689
1512032910000 689
1512032910000 689
1512032910000 689
1512032910000 689
1512032910000 689
1512032910000 689
1512032910000 689
1512032910000 689
1512032910000 689
1512032910000 689
1512032910000 690
1512032910000 690
1512032910000 690
1512032910000 690
1512032910000 690
1512032910000 690
1512032910000 690
1512032910000 690
1512032910000 690
1512032910000 690
1512032910000 690
1512032910000 690
1512032910000 690
1512032910000 690
1512032910000 690
1512032910000 690
1512032910000 690
1512032910000 690
1512032910000 690
1512032910000 691
1512032910000 691
1512032910000 691
1512032910000 691
1512032910000 691
1512032910000 691
1512032910000 691
1512032910000 691
1512032910000 691
1512032910000 691
1512032910000 691
1512032910000 691
1512032910000 691
1512032910000 691
1512032910000 691
1512032910000 691
1512032910000 691
1512032910000 692
1512032910000 692
1512032910000 692
1512032910000 692
1512032910000 692
1512032910000 692
1512032910000 706
1512032910000 706
1512032910000 706
1512032910000 706
1512032910000 706
1512032910000 707
1512032910000 707
1512032910000 722
1512032910000 723
1512032910000 724
1512032910000 724
1512032920000 654
1512032920000 654
1512032920000 654
1512032920000 654
1512032920000 655
1512032920000 655
1512032920000 655
1512032920000 655
1512032920000 655
1512032920000 655
1512032920000 655
1512032920000 655
1512032920000 655
1512032920000 655
1512032920000 655
1512032920000 656
1512032920000 656
1512032920000 656
1512032920000 656
1512032920000 656
1512032920000 656
1512032920000 656
1512032920000 656
1512032920000 656
1512032920000 656
1512032920000 656
1512032920000 656
1512032920000 656
1512032920000 656
1512032920000 656
1512032920000 656
1512032920000 656
1512032920000 657
1512032920000 657
1512032920000 657
1512032920000 657
1512032920000 657
1512032920000 657
1512032920000 657
1512032920000 657
1512032920000 657
1512032920000 657
1512032920000 658
1512032920000 658
1512032920000 658
1512032920000 658
1512032920000 658
1512032920000 658
1512032920000 658
1512032920000 658
1512032920000 658
1512032920000 658
1512032920000 658
1512032920000 659
1512032920000 659
1512032920000 659
1512032920000 659
1512032920000 659
1512032920000 659
1512032920000 659
1512032920000 659
1512032920000 660
1512032920000 660
1512032920000 660
1512032920000 660
1512032920000 660
1512032920000 660
1512032920000 660
1512032920000 660
1512032920000 660
1512032920000 660
1512032920000 660
1512032920000 660
1512032920000 660
1512032920000 660
1512032920000 660
1512032920000 660
1512032920000 661
1512032920000 661
1512032920000 661
1512032920000 661
1512032920000 661
1512032920000 661
1512032920000 661
1512032920000 661
1512032920000 661
1512032920000 661
1512032920000 661
1512032920000 662
1512032920000 662
1512032920000 662
1512032920000 662
1512032920000 662
1512032920000 662
1512032920000 662
1512032920000 665
1512032920000 665
1512032920000 680
1512032920000 680
1512032920000 681
1512032930000 660
1512032930000 660
1512032930000 660
1512032930000 660
1512032930000 660
1512032930000 661
1512032930000 661
1512032930000 661
1512032930000 661
1512032930000 661
1512032930000 661
1512032930000 661
1512032930000 661
1512032930000 661
1512032930000 662
1512032930000 662
1512032930000 662
1512032930000 662
1512032930000 663
1512032930000 663
1512032930000 663
1512032930000 663
1512032930000 663
1512032930000 663
1512032930000 663
1512032930000 663
1512032930000 663
1512032930000 663
1512032930000 663
1512032930000 663
1512032930000 664
1512032930000 664
1512032930000 664
1512032930000 664
1512032930000 664
1512032930000 664
1512032930000 664
1512032930000 664
1512032930000 665
1512032930000 665
1512032930000 665
1512032930000 665
1512032930000 665
1512032930000 665
1512032930000 665
1512032930000 665
1512032930000 665
1512032930000 665
1512032930000 665
1512032930000 666
1512032930000 666
1512032930000 666
1512032930000 666
1512032930000 666
1512032930000 666
1512032930000 666
1512032930000 666
1512032930000 666
1512032930000 666
1512032930000 666
1512032930000 667
1512032930000 667
1512032930000 667
1512032930000 667
1512032930000 667
1512032930000 667
1512032930000 667
1512032930000 667
1512032930000 667
1512032930000 667
1512032930000 667
1512032930000 667
1512032930000 668
1512032930000 668
1512032930000 668
1512032930000 668
1512032930000 668
1512032930000 668
1512032930000 668
1512032930000 668
1512032930000 668
1512032930000 668
1512032930000 669
1512032930000 669
1512032930000 669
1512032930000 669
1512032930000 669
1512032930000 669
1512032930000 669
1512032930000 670
1512032930000 670
1512032930000 670
1512032930000 670
1512032930000 671
1512032930000 671
1512032930000 671
1512032930000 699
1512032930000 699
1512032930000 699
1512032930000 700
1512032940000 672
1512032940000 672
1512032940000 672
1512032940000 672
1512032940000 672
1512032940000 672
1512032940000 672
1512032940000 672
1512032940000 672
1512032940000 672
1512032940000 673
1512032940000 673
1512032940000 673
1512032940000 673
1512032940000 673
1512032940000 673
1512032940000 673
1512032940000 673
1512032940000 673
1512032940000 673
1512032940000 673
1512032940000 673
1512032940000 673
1512032940000 674
1512032940000 674
1512032940000 674
1512032940000 674
1512032940000 674
1512032940000 674
1512032940000 674
1512032940000 674
1512032940000 674
1512032940000 674
1512032940000 674
1512032940000 674
1512032940000 674
1512032940000 674
1512032940000 674
1512032940000 674
1512032940000 674
1512032940000 674
1512032940000 675
1512032940000 675
1512032940000 675
1512032940000 675
1512032940000 675
1512032940000 675
1512032940000 675
1512032940000 675
1512032940000 675
1512032940000 675
1512032940000 675
1512032940000 675
1512032940000 675
1512032940000 675
1512032940000 675
1512032940000 675
1512032940000 676
1512032940000 676
1512032940000 676
1512032940000 676
1512032940000 676
1512032940000 676
1512032940000 676
1512032940000 676
1512032940000 676
1512032940000 676
1512032940000 676
1512032940000 676
1512032940000 676
1512032940000 676
1512032940000 676
1512032940000 676
1512032940000 676
1512032940000 676
1512032940000 676
1512032940000 677
1512032940000 677
1512032940000 677
1512032940000 677
1512032940000 677
1512032940000 678
1512032940000 678
1512032940000 678
1512032940000 678
1512032940000 678
1512032940000 678
1512032940000 679
1512032940000 679
1512032940000 680
1512032940000 692
1512032940000 692
1512032940000 693
1512032940000 693
1512032940000 693
1512032940000 694
1512032940000 699
1512032940000 700
1512032940000 700
1512032940000 700
1512032950000 700
1512032950000 701
1512032950000 701
1512032950000 701
1512032950000 701
1512032950000 701
1512032950000 701
1512032950000 702
1512032950000 702
1512032950000 702
1512032950000 702
1512032950000 702
1512032950000 702
1512032950000 702
1512032950000 702
1512032950000 702
1512032950000 702
1512032950000 702
1512032950000 703
1512032950000 703
1512032950000 703
1512032950000 703
1512032950000 703
1512032950000 703
1512032950000 703
1512032950000 703
1512032950000 703
1512032950000 703
1512032950000 703
1512032950000 703
1512032950000 703
1512032950000 703
1512032950000 703
1512032950000 703
1512032950000 703
1512032950000 703
1512032950000 703
1512032950000 704
1512032950000 704
1512032950000 704
1512032950000 704
1512032950000 704
1512032950000 704
1512032950000 704
1512032950000 704
1512032950000 704
1512032950000 704
1512032950000 704
1512032950000 704
1512032950000 704
1512032950000 704
1512032950000 704
1512032950000 704
1512032950000 704
1512032950000 704
1512032950000 704
1512032950000 704
1512032950000 704
1512032950000 704
1512032950000 704
1512032950000 705
1512032950000 705
1512032950000 705
1512032950000 705
1512032950000 705
1512032950000 705
1512032950000 705
1512032950000 705
1512032950000 705
1512032950000 705
1512032950000 705
1512032950000 705
1512032950000 705
1512032950000 705
1512032950000 705
1512032950000 706
1512032950000 706
1512032950000 706
1512032950000 706
1512032950000 706
1512032950000 706
1512032950000 706
1512032950000 706
1512032950000 706
1512032950000 706
1512032950000 707
1512032950000 707
1512032950000 707
1512032950000 707
1512032950000 707
1512032950000 707
1512032950000 708
1512032950000 728
1512032950000 728
1512032950000 731
1512032950000 732
1512032950000 732
1512032950000 732
1512032950000 732
1512032950000 732
1512032960000 650
1512032960000 650
1512032960000 650
1512032960000 651
1512032960000 651
1512032960000 651
1512032960000 651
1512032960000 651
1512032960000 651
1512032960000 651
1512032960000 651
1512032960000 651
1512032960000 652
1512032960000 652
1512032960000 652
1512032960000 652
1512032960000 652
1512032960000 653
1512032960000 653
1512032960000 653
1512032960000 653
1512032960000 653
1512032960000 653
1512032960000 653
1512032960000 653
1512032960000 653
1512032960000 653
1512032960000 653
1512032960000 653
1512032960000 653
1512032960000 654
1512032960000 654
1512032960000 654
1512032960000 654
1512032960000 655
1512032960000 655
1512032960000 655
1512032960000 655
1512032960000 655
1512032960000 655
1512032960000 655
1512032960000 655
1512032960000 655
1512032960000 655
1512032960000 655
1512032960000 655
1512032960000 655
1512032960000 655
1512032960000 655
1512032960000 656
1512032960000 656
1512032960000 656
1512032960000 656
1512032960000 656
1512032960000 656
1512032960000 656
1512032960000 656
1512032960000 656
1512032960000 656
1512032960000 657
1512032960000 657
1512032960000 657
1512032960000 657
1512032960000 657
1512032960000 657
1512032960000 657
1512032960000 657
1512032960000 657
1512032960000 657
1512032960000 657
1512032960000 657
1512032960000 657
1512032960000 657
1512032960000 657
1512032960000 657
1512032960000 657
1512032960000 657
1512032960000 657
1512032960000 658
1512032960000 658
1512032960000 658
1512032960000 658
1512032960000 658
1512032960000 658
1512032960000 658
1512032960000 658
1512032960000 658
1512032960000 658
1512032960000 659
1512032960000 659
1512032960000 660
1512032960000 660
1512032960000 661
1512032960000 661
1512032960000 661
1512032960000 661
1512032960000 662
1512032960000 662
1512032960000 679
1512032960000 679
1512032970000 1654
1512032970000 1654
1512032970000 1654
1512032970000 1654
1512032970000 1654
1512032970000 1654
1512032970000 1654
1512032970000 1654
1512032970000 1654
1512032970000 1654
1512032970000 1654
1512032970000 1654
1512032970000 1654
1512032970000 1654
1512032970000 1654
1512032970000 1654
1512032970000 1654
1512032970000 1654
1512032970000 1655
1512032970000 1655
1512032970000 1655
1512032970000 1655
1512032970000 1655
1512032970000 1655
1512032970000 1655
1512032970000 1655
1512032970000 1655
1512032970000 1655
1512032970000 1655
1512032970000 1655
1512032970000 1655
1512032970000 1655
1512032970000 1655
1512032970000 1655
1512032970000 1655
1512032970000 1655
1512032970000 1655
1512032970000 1655
1512032970000 1655
1512032970000 1655
1512032970000 1655
1512032970000 1655
1512032970000 1655
1512032970000 1655
1512032970000 1656
1512032970000 1656
1512032970000 1656
1512032970000 1656
1512032970000 1656
1512032970000 1656
1512032970000 1656
1512032970000 1656
1512032970000 1656
1512032970000 1656
1512032970000 1656
1512032970000 1656
1512032970000 1656
1512032970000 1656
1512032970000 1656
1512032970000 1656
1512032970000 1656
1512032970000 1656
1512032970000 1656
1512032970000 1656
1512032970000 1656
1512032970000 1656
1512032970000 1656
1512032970000 1656
1512032970000 1657
1512032970000 1657
1512032970000 1657
1512032970000 1657
1512032970000 1657
1512032970000 1657
1512032970000 1657
1512032970000 1657
1512032970000 1657
1512032970000 1658
1512032970000 1658
1512032970000 1658
1512032970000 1658
1512032970000 1658
1512032970000 1658
1512032970000 1658
1512032970000 1658
1512032970000 1658
1512032970000 1659
1512032970000 1659
1512032970000 1659
1512032970000 1659
1512032970000 1659
1512032970000 1659
1512032970000 1659
1512032970000 1660
1512032970000 1660
1512032970000 1660
1512032970000 1660
1512032970000 1661
1512032970000 1661
1512032970000 1661
1512032980000 632
1512032980000 632
1512032980000 632
1512032980000 632
1512032980000 632
1512032980000 632
1512032980000 632
1512032980000 632
1512032980000 632
1512032980000 632
1512032980000 632
1512032980000 633
1512032980000 633
1512032980000 633
1512032980000 633
1512032980000 633
1512032980000 633
1512032980000 633
1512032980000 633
1512032980000 633
1512032980000 633
1512032980000 633
1512032980000 633
1512032980000 633
1512032980000 633
1512032980000 633
1512032980000 633
1512032980000 633
1512032980000 633
1512032980000 634
1512032980000 634
1512032980000 634
1512032980000 634
1512032980000 634
1512032980000 634
1512032980000 634
1512032980000 634
1512032980000 634
1512032980000 634
1512032980000 634
1512032980000 634
1512032980000 634
1512032980000 634
1512032980000 634
1512032980000 634
1512032980000 634
1512032980000 634
1512032980000 634
1512032980000 635
1512032980000 635
1512032980000 635
1512032980000 635
1512032980000 635
1512032980000 635
1512032980000 635
1512032980000 635
1512032980000 635
1512032980000 635
1512032980000 635
1512032980000 635
1512032980000 635
1512032980000 635
1512032980000 635
1512032980000 635
1512032980000 635
1512032980000 635
1512032980000 635
1512032980000 635
1512032980000 636
1512032980000 636
1512032980000 636
1512032980000 636
1512032980000 636
1512032980000 636
1512032980000 636
1512032980000 636
1512032980000 636
1512032980000 636
1512032980000 636
1512032980000 636
1512032980000 636
1512032980000 636
1512032980000 636
1512032980000 636
1512032980000 637
1512032980000 637
1512032980000 637
1512032980000 637
1512032980000 637
1512032980000 637
1512032980000 638
1512032980000 638
1512032980000 639
1512032980000 645
1512032980000 645
1512032980000 647
1512032980000 647
1512032980000 648
1512032980000 648
1512032980000 648
1512032990000 621
1512032990000 622
1512032990000 622
1512032990000 622
1512032990000 622
1512032990000 622
1512032990000 622
1512032990000 622
1512032990000 623
1512032990000 623
1512032990000 623
1512032990000 623
1512032990000 623
1512032990000 624
1512032990000 624
1512032990000 624
1512032990000 624
1512032990000 624
1512032990000 624
1512032990000 624
1512032990000 624
1512032990000 624
1512032990000 624
1512032990000 624
1512032990000 625
1512032990000 625
1512032990000 625
1512032990000 625
1512032990000 625
1512032990000 625
1512032990000 625
1512032990000 625
1512032990000 626
1512032990000 626
1512032990000 626
1512032990000 626
1512032990000 626
1512032990000 627
1512032990000 627
1512032990000 627
1512032990000 627
1512032990000 627
1512032990000 627
1512032990000 627
1512032990000 627
1512032990000 627
1512032990000 627
1512032990000 627
1512032990000 627
1512032990000 627
1512032990000 627
1512032990000 628
1512032990000 628
1512032990000 628
1512032990000 628
1512032990000 628
1512032990000 628
1512032990000 628
1512032990000 628
1512032990000 628
1512032990000 628
1512032990000 629
1512032990000 629
1512032990000 629
1512032990000 629
1512032990000 629
1512032990000 629
1512032990000 629
1512032990000 629
1512032990000 629
1512032990000 629
1512032990000 629
1512032990000 629
1512032990000 629
1512032990000 629
1512032990000 629
1512032990000 630
1512032990000 630
1512032990000 630
1512032990000 630
1512032990000 630
1512032990000 630
1512032990000 630
1512032990000 630
1512032990000 630
1512032990000 630
1512032990000 630
1512032990000 630
1512032990000 630
1512032990000 631
1512032990000 631
1512032990000 631
1512032990000 631
1512032990000 632
1512032990000 632
1512032990000 632
1512032990000 657
1512032990000 658
1512032990000 658
1512032990000 658
1512033000000 653
1512033000000 653
1512033000000 654
1512033000000 654
1512033000000 654
1512033000000 654
1512033000000 654
1512033000000 654
1512033000000 654
1512033000000 654
1512033000000 654
1512033000000 655
1512033000000 655
1512033000000 655
1512033000000 655
1512033000000 655
1512033000000 655
1512033000000 655
1512033000000 655
1512033000000 655
1512033000000 655
1512033000000 655
1512033000000 655
1512033000000 656
1512033000000 656
1512033000000 656
1512033000000 656
1512033000000 656
1512033000000 656
1512033000000 656
1512033000000 656
1512033000000 656
1512033000000 656
1512033000000 656
1512033000000 656
1512033000000 656
1512033000000 656
1512033000000 656
1512033000000 656
1512033000000 656
1512033000000 656
1512033000000 656
1512033000000 657
1512033000000 657
1512033000000 657
1512033000000 657
1512033000000 657
1512033000000 657
1512033000000 657
1512033000000 657
1512033000000 657
1512033000000 657
1512033000000 657
1512033000000 657
1512033000000 657
1512033000000 657
1512033000000 657
1512033000000 657
1512033000000 657
1512033000000 657
1512033000000 657
1512033000000 657
1512033000000 657
1512033000000 657
1512033000000 657
1512033000000 658
1512033000000 658
1512033000000 658
1512033000000 658
1512033000000 658
1512033000000 658
1512033000000 658
1512033000000 658
1512033000000 658
1512033000000 658
1512033000000 658
1512033000000 658
1512033000000 658
1512033000000 659
1512033000000 659
1512033000000 659
1512033000000 659
1512033000000 659
1512033000000 659
1512033000000 659
1512033000000 660
1512033000000 660
1512033000000 660
1512033000000 661
1512033000000 681
1512033000000 681
1512033000000 682
1512033000000 682
1512033000000 682
1512033000000 683
1512033000000 687
1512033000000 687
1512033000000 688
1512033000000 688
1512033000000 689
1512033010000 666
1512033010000 666
1512033010000 666
1512033010000 666
1512033010000 666
1512033010000 666
1512033010000 666
1512033010000 667
1512033010000 667
1512033010000 668
1512033010000 668
1512033010000 668
1512033010000 668
1512033010000 668
1512033010000 668
1512033010000 668
1512033010000 668
1512033010000 668
1512033010000 668
1512033010000 669
1512033010000 669
1512033010000 669
1512033010000 669
1512033010000 669
1512033010000 669
1512033010000 670
1512033010000 670
1512033010000 670
1512033010000 670
1512033010000 670
1512033010000 671
1512033010000 671
1512033010000 671
1512033010000 671
1512033010000 671
1512033010000 671
1512033010000 671
1512033010000 671
1512033010000 671
1512033010000 672
1512033010000 672
1512033010000 672
1512033010000 672
1512033010000 672
1512033010000 672
1512033010000 672
1512033010000 672
1512033010000 672
1512033010000 672
1512033010000 673
1512033010000 673
1512033010000 673
1512033010000 673
1512033010000 673
1512033010000 673
1512033010000 673
1512033010000 673
1512033010000 673
1512033010000 673
1512033010000 673
1512033010000 674
1512033010000 674
1512033010000 674
1512033010000 674
1512033010000 674
1512033010000 674
1512033010000 674
1512033010000 674
1512033010000 674
1512033010000 674
1512033010000 674
1512033010000 674
1512033010000 674
1512033010000 674
1512033010000 674
1512033010000 674
1512033010000 674
1512033010000 675
1512033010000 675
1512033010000 675
1512033010000 675
1512033010000 675
1512033010000 675
1512033010000 675
1512033010000 675
1512033010000 675
1512033010000 675
1512033010000 675
1512033010000 676
1512033010000 676
1512033010000 677
1512033010000 677
1512033010000 678
1512033010000 684
1512033010000 684
1512033010000 684
1512033010000 684
1512033010000 685
1512033010000 685
1512033010000 685
1512033020000 -4342
1512033020000 -4342
1512033020000 -4342
1512033020000 -4345
1512033020000 -4346
1512033020000 -4346
1512033020000 -4355
1512033020000 -4355
1512033020000 -4356
1512033020000 -4356
1512033020000 -4357
1512033020000 -4379
1512033020000 -4379
1512033020000 -4379
1512033020000 -4379
1512033020000 -4380
1512033020000 -4380
1512033020000 -4380
1512033020000 -4380
1512033020000 -4380
1512033020000 -4380
1512033020000 -4380
1512033020000 -4380
1512033020000 -4380
1512033020000 -4380
1512033020000 -4380
1512033020000 -4380
1512033020000 -4380
1512033020000 -4381
1512033020000 -4381
1512033020000 -4381
1512033020000 -4381
1512033020000 -4381
1512033020000 -4381
1512033020000 -4381
1512033020000 -4381
1512033020000 -4381
1512033020000 -4381
1512033020000 -4381
1512033020000 -4381
1512033020000 -4381
1512033020000 -4381
1512033020000 -4381
1512033020000 -4382
1512033020000 -4382
1512033020000 -4382
1512033020000 -4382
1512033020000 -4382
1512033020000 -4382
1512033020000 -4382
1512033020000 -4382
1512033020000 -4382
1512033020000 -4382
1512033020000 -4382
1512033020000 -4382
1512033020000 -4382
1512033020000 -4383
1512033020000 -5325
1512033020000 -5333
1512033020000 -5333
1512033020000 -5361
1512033020000 -5361
1512033020000 -5361
1512033020000 -5361
1512033020000 -5361
1512033020000 -5361
1512033020000 -5362
1512033020000 -5362
1512033020000 -5362
1512033020000 -5362
1512033020000 -5362
1512033020000 -5362
1512033020000 -5362
1512033020000 -5362
1512033020000 -5363
1512033020000 -5363
1512033020000 -5363
1512033020000 -5363
1512033020000 -5363
1512033020000 -5363
1512033020000 -5363
1512033020000 -5363
1512033020000 -5363
1512033020000 -5364
1512033020000 -5364
1512033020000 -5364
1512033020000 -5364
1512033020000 -5364
1512033020000 -5364
1512033020000 -5364
1512033020000 -5364
1512033020000 -5364
1512033020000 -5364
1512033020000 -5364
1512033020000 -5364
1512033020000 -5364
1512033020000 -5364
1512033020000 -5364
1512033020000 -6378
1512033020000 -6381
