1512118440000 322
1512118440000 322
1512118440000 322
1512118440000 322
1512118440000 322
1512118440000 322
1512118440000 322
1512118440000 322
1512118440000 322
1512118440000 322
1512118440000 322
1512118440000 322
1512118440000 322
1512118440000 322
1512118440000 322
1512118440000 322
1512118440000 322
1512118440000 322
1512118440000 322
1512118440000 322
1512118440000 322
1512118440000 322
1512118440000 322
1512118440000 322
1512118440000 322
1512118440000 322
1512118440000 322
1512118440000 322
1512118440000 322
1512118440000 322
1512118440000 322
1512118440000 322
1512118440000 322
1512118440000 322
1512118440000 322
1512118440000 322
1512118440000 322
1512118440000 322
1512118440000 322
1512118440000 325
1512118440000 329
1512118440000 329
1512118440000 329
1512118440000 329
1512118440000 329
1512118440000 329
1512118440000 329
1512118440000 329
1512118440000 329
1512118440000 329
1512118440000 329
1512118440000 329
1512118440000 329
1512118440000 329
1512118440000 329
1512118440000 329
1512118440000 329
1512118440000 329
1512118440000 330
1512118440000 332
1512118440000 332
1512118440000 332
1512118440000 332
1512118440000 332
1512118440000 332
1512118440000 332
1512118440000 332
1512118440000 332
1512118440000 332
1512118440000 332
1512118440000 332
1512118440000 332
1512118440000 333
1512118440000 333
1512118440000 333
1512118440000 333
1512118440000 333
1512118440000 339
1512118440000 340
1512118440000 340
1512118440000 343
1512118440000 344
1512118440000 344
1512118440000 344
1512118440000 345
1512118440000 345
1512118440000 345
1512118440000 346
1512118440000 346
1512118440000 348
1512118440000 348
1512118440000 349
1512118440000 349
1512118440000 349
1512118440000 350
1512118440000 350
1512118440000 352
1512118440000 352
1512118440000 353
1512118440000 353
1512118450000 317
1512118450000 317
1512118450000 317
1512118450000 317
1512118450000 317
1512118450000 317
1512118450000 317
1512118450000 317
1512118450000 317
1512118450000 318
1512118450000 318
1512118450000 318
1512118450000 318
1512118450000 318
1512118450000 318
1512118450000 318
1512118450000 318
1512118450000 318
1512118450000 318
1512118450000 318
1512118450000 318
1512118450000 318
1512118450000 318
1512118450000 318
1512118450000 318
1512118450000 318
1512118450000 318
1512118450000 318
1512118450000 318
1512118450000 318
1512118450000 318
1512118450000 318
1512118450000 318
1512118450000 319
1512118450000 319
1512118450000 319
1512118450000 319
1512118450000 319
1512118450000 319
1512118450000 319
1512118450000 319
1512118450000 319
1512118450000 319
1512118450000 319
1512118450000 319
1512118450000 319
1512118450000 319
1512118450000 319
1512118450000 319
1512118450000 319
1512118450000 319
1512118450000 319
1512118450000 319
1512118450000 319
1512118450000 319
1512118450000 319
1512118450000 319
1512118450000 319
1512118450000 319
1512118450000 319
1512118450000 319
1512118450000 319
1512118450000 319
1512118450000 319
1512118450000 320
1512118450000 320
1512118450000 320
1512118450000 320
1512118450000 320
1512118450000 320
1512118450000 320
1512118450000 320
1512118450000 320
1512118450000 320
1512118450000 320
1512118450000 320
1512118450000 320
1512118450000 320
1512118450000 320
1512118450000 320
1512118450000 320
1512118450000 320
1512118450000 321
1512118450000 321
1512118450000 321
1512118450000 321
1512118450000 321
1512118450000 321
1512118450000 321
1512118450000 321
1512118450000 321
1512118450000 321
1512118450000 322
1512118450000 322
1512118450000 322
1512118450000 325
1512118450000 326
1512118450000 326
1512118450000 342
1512118450000 342
1512118460000 319
1512118460000 319
1512118460000 319
1512118460000 319
1512118460000 319
1512118460000 319
1512118460000 319
1512118460000 320
1512118460000 320
1512118460000 320
1512118460000 320
1512118460000 320
1512118460000 320
1512118460000 320
1512118460000 320
1512118460000 320
1512118460000 320
1512118460000 320
1512118460000 320
1512118460000 320
1512118460000 320
1512118460000 320
1512118460000 320
1512118460000 320
1512118460000 320
1512118460000 320
1512118460000 320
1512118460000 320
1512118460000 320
1512118460000 320
1512118460000 320
1512118460000 320
1512118460000 320
1512118460000 320
1512118460000 320
1512118460000 320
1512118460000 321
1512118460000 321
1512118460000 321
1512118460000 321
1512118460000 321
1512118460000 321
1512118460000 321
1512118460000 321
1512118460000 321
1512118460000 321
1512118460000 321
1512118460000 321
1512118460000 321
1512118460000 321
1512118460000 321
1512118460000 321
1512118460000 321
1512118460000 321
1512118460000 321
1512118460000 321
1512118460000 321
1512118460000 321
1512118460000 321
1512118460000 321
1512118460000 321
1512118460000 321
1512118460000 321
1512118460000 321
1512118460000 321
1512118460000 322
1512118460000 322
1512118460000 322
1512118460000 322
1512118460000 322
1512118460000 322
1512118460000 322
1512118460000 322
1512118460000 322
1512118460000 322
1512118460000 322
1512118460000 322
1512118460000 322
1512118460000 322
1512118460000 322
1512118460000 322
1512118460000 322
1512118460000 322
1512118460000 322
1512118460000 322
1512118460000 322
1512118460000 322
1512118460000 323
1512118460000 323
1512118460000 323
1512118460000 323
1512118460000 323
1512118460000 323
1512118460000 323
1512118460000 323
1512118460000 323
1512118460000 324
1512118460000 340
1512118460000 340
1512118460000 673
1512118470000 319
1512118470000 319
1512118470000 320
1512118470000 320
1512118470000 320
1512118470000 320
1512118470000 320
1512118470000 320
1512118470000 320
1512118470000 320
1512118470000 320
1512118470000 320
1512118470000 320
1512118470000 320
1512118470000 320
1512118470000 320
1512118470000 320
1512118470000 320
1512118470000 320
1512118470000 320
1512118470000 321
1512118470000 321
1512118470000 321
1512118470000 321
1512118470000 321
1512118470000 321
1512118470000 321
1512118470000 321
1512118470000 321
1512118470000 321
1512118470000 321
1512118470000 321
1512118470000 321
1512118470000 321
1512118470000 321
1512118470000 321
1512118470000 321
1512118470000 321
1512118470000 321
1512118470000 321
1512118470000 321
1512118470000 321
1512118470000 321
1512118470000 321
1512118470000 321
1512118470000 321
1512118470000 321
1512118470000 321
1512118470000 321
1512118470000 321
1512118470000 321
1512118470000 321
1512118470000 321
1512118470000 321
1512118470000 321
1512118470000 322
1512118470000 322
1512118470000 322
1512118470000 322
1512118470000 322
1512118470000 322
1512118470000 322
1512118470000 322
1512118470000 322
1512118470000 322
1512118470000 322
1512118470000 322
1512118470000 322
1512118470000 322
1512118470000 322
1512118470000 322
1512118470000 322
1512118470000 322
1512118470000 322
1512118470000 322
1512118470000 322
1512118470000 322
1512118470000 322
1512118470000 322
1512118470000 322
1512118470000 322
1512118470000 323
1512118470000 323
1512118470000 323
1512118470000 323
1512118470000 323
1512118470000 323
1512118470000 323
1512118470000 323
1512118470000 323
1512118470000 323
1512118470000 324
1512118470000 324
1512118470000 346
1512118470000 346
1512118470000 663
1512118470000 669
1512118470000 669
1512118470000 692
1512118470000 692
1512118480000 354
1512118480000 354
1512118480000 354
1512118480000 354
1512118480000 354
1512118480000 354
1512118480000 354
1512118480000 354
1512118480000 354
1512118480000 354
1512118480000 354
1512118480000 354
1512118480000 354
1512118480000 355
1512118480000 355
1512118480000 355
1512118480000 355
1512118480000 355
1512118480000 355
1512118480000 355
1512118480000 355
1512118480000 355
1512118480000 355
1512118480000 355
1512118480000 355
1512118480000 355
1512118480000 355
1512118480000 355
1512118480000 355
1512118480000 355
1512118480000 355
1512118480000 355
1512118480000 355
1512118480000 355
1512118480000 355
1512118480000 355
1512118480000 355
1512118480000 355
1512118480000 355
1512118480000 355
1512118480000 355
1512118480000 355
1512118480000 355
1512118480000 355
1512118480000 355
1512118480000 355
1512118480000 355
1512118480000 355
1512118480000 356
1512118480000 356
1512118480000 356
1512118480000 356
1512118480000 356
1512118480000 356
1512118480000 356
1512118480000 356
1512118480000 356
1512118480000 356
1512118480000 356
1512118480000 356
1512118480000 356
1512118480000 356
1512118480000 356
1512118480000 356
1512118480000 356
1512118480000 356
1512118480000 356
1512118480000 356
1512118480000 356
1512118480000 356
1512118480000 356
1512118480000 356
1512118480000 357
1512118480000 357
1512118480000 357
1512118480000 357
1512118480000 357
1512118480000 357
1512118480000 357
1512118480000 357
1512118480000 357
1512118480000 357
1512118480000 357
1512118480000 357
1512118480000 357
1512118480000 357
1512118480000 357
1512118480000 358
1512118480000 358
1512118480000 358
1512118480000 359
1512118480000 359
1512118480000 359
1512118480000 360
1512118480000 360
1512118480000 363
1512118480000 363
1512118480000 625
1512118480000 647
1512118480000 648
1512118490000 349
1512118490000 349
1512118490000 350
1512118490000 350
1512118490000 350
1512118490000 350
1512118490000 350
1512118490000 350
1512118490000 350
1512118490000 350
1512118490000 350
1512118490000 350
1512118490000 350
1512118490000 350
1512118490000 350
1512118490000 350
1512118490000 350
1512118490000 350
1512118490000 351
1512118490000 351
1512118490000 351
1512118490000 351
1512118490000 351
1512118490000 351
1512118490000 351
1512118490000 351
1512118490000 351
1512118490000 351
1512118490000 351
1512118490000 351
1512118490000 351
1512118490000 351
1512118490000 351
1512118490000 351
1512118490000 351
1512118490000 351
1512118490000 351
1512118490000 351
1512118490000 351
1512118490000 351
1512118490000 351
1512118490000 351
1512118490000 351
1512118490000 351
1512118490000 351
1512118490000 351
1512118490000 352
1512118490000 352
1512118490000 352
1512118490000 352
1512118490000 352
1512118490000 352
1512118490000 352
1512118490000 352
1512118490000 352
1512118490000 352
1512118490000 352
1512118490000 352
1512118490000 353
1512118490000 353
1512118490000 353
1512118490000 353
1512118490000 353
1512118490000 353
1512118490000 353
1512118490000 353
1512118490000 353
1512118490000 353
1512118490000 353
1512118490000 353
1512118490000 353
1512118490000 353
1512118490000 353
1512118490000 353
1512118490000 353
1512118490000 353
1512118490000 353
1512118490000 353
1512118490000 353
1512118490000 354
1512118490000 354
1512118490000 354
1512118490000 354
1512118490000 354
1512118490000 354
1512118490000 354
1512118490000 354
1512118490000 354
1512118490000 354
1512118490000 354
1512118490000 354
1512118490000 354
1512118490000 355
1512118490000 355
1512118490000 355
1512118490000 690
1512118490000 701
1512118490000 701
1512118490000 701
1512118490000 702
1512118500000 326
1512118500000 326
1512118500000 327
1512118500000 327
1512118500000 327
1512118500000 327
1512118500000 327
1512118500000 327
1512118500000 327
1512118500000 327
1512118500000 327
1512118500000 327
1512118500000 328
1512118500000 328
1512118500000 328
1512118500000 328
1512118500000 328
1512118500000 329
1512118500000 329
1512118500000 329
1512118500000 329
1512118500000 329
1512118500000 329
1512118500000 329
1512118500000 329
1512118500000 329
1512118500000 329
1512118500000 329
1512118500000 329
1512118500000 329
1512118500000 329
1512118500000 329
1512118500000 330
1512118500000 330
1512118500000 330
1512118500000 330
1512118500000 330
1512118500000 330
1512118500000 330
1512118500000 330
1512118500000 330
1512118500000 331
1512118500000 331
1512118500000 332
1512118500000 332
1512118500000 332
1512118500000 332
1512118500000 333
1512118500000 333
1512118500000 333
1512118500000 333
1512118500000 333
1512118500000 333
1512118500000 333
1512118500000 333
1512118500000 333
1512118500000 333
1512118500000 333
1512118500000 333
1512118500000 333
1512118500000 334
1512118500000 334
1512118500000 334
1512118500000 334
1512118500000 334
1512118500000 334
1512118500000 334
1512118500000 334
1512118500000 334
1512118500000 334
1512118500000 334
1512118500000 343
1512118500000 343
1512118500000 343
1512118500000 343
1512118500000 343
1512118500000 344
1512118500000 344
1512118500000 344
1512118500000 346
1512118500000 347
1512118500000 348
1512118500000 353
1512118500000 353
1512118500000 353
1512118500000 354
1512118500000 354
1512118500000 355
1512118500000 357
1512118500000 357
1512118500000 361
1512118500000 361
1512118500000 364
1512118500000 364
1512118500000 365
1512118500000 705
1512118500000 751
1512118500000 751
1512118500000 752
1512118500000 752
1512118510000 390
1512118510000 390
1512118510000 390
1512118510000 390
1512118510000 390
1512118510000 390
1512118510000 390
1512118510000 390
1512118510000 391
1512118510000 391
1512118510000 391
1512118510000 391
1512118510000 391
1512118510000 391
1512118510000 391
1512118510000 391
1512118510000 391
1512118510000 391
1512118510000 391
1512118510000 391
1512118510000 391
1512118510000 391
1512118510000 391
1512118510000 391
1512118510000 391
1512118510000 391
1512118510000 391
1512118510000 391
1512118510000 391
1512118510000 391
1512118510000 391
1512118510000 391
1512118510000 391
1512118510000 391
1512118510000 391
1512118510000 391
1512118510000 391
1512118510000 391
1512118510000 391
1512118510000 392
1512118510000 392
1512118510000 392
1512118510000 392
1512118510000 392
1512118510000 392
1512118510000 392
1512118510000 392
1512118510000 392
1512118510000 392
1512118510000 392
1512118510000 392
1512118510000 392
1512118510000 392
1512118510000 392
1512118510000 392
1512118510000 392
1512118510000 392
1512118510000 392
1512118510000 392
1512118510000 392
1512118510000 392
1512118510000 393
1512118510000 393
1512118510000 393
1512118510000 393
1512118510000 393
1512118510000 393
1512118510000 393
1512118510000 393
1512118510000 393
1512118510000 393
1512118510000 393
1512118510000 393
1512118510000 393
1512118510000 393
1512118510000 393
1512118510000 393
1512118510000 393
1512118510000 393
1512118510000 393
1512118510000 393
1512118510000 393
1512118510000 393
1512118510000 393
1512118510000 393
1512118510000 393
1512118510000 394
1512118510000 394
1512118510000 394
1512118510000 394
1512118510000 394
1512118510000 394
1512118510000 394
1512118510000 394
1512118510000 394
1512118510000 394
1512118510000 394
1512118510000 394
1512118510000 395
1512118510000 408
1512118520000 338
1512118520000 338
1512118520000 338
1512118520000 338
1512118520000 338
1512118520000 338
1512118520000 338
1512118520000 338
1512118520000 338
1512118520000 338
1512118520000 338
1512118520000 338
1512118520000 338
1512118520000 338
1512118520000 338
1512118520000 338
1512118520000 338
1512118520000 338
1512118520000 338
1512118520000 338
1512118520000 338
1512118520000 338
1512118520000 338
1512118520000 338
1512118520000 338
1512118520000 338
1512118520000 338
1512118520000 338
1512118520000 338
1512118520000 338
1512118520000 338
1512118520000 338
1512118520000 338
1512118520000 338
1512118520000 338
1512118520000 338
1512118520000 338
1512118520000 338
1512118520000 338
1512118520000 338
1512118520000 339
1512118520000 339
1512118520000 339
1512118520000 339
1512118520000 339
1512118520000 339
1512118520000 339
1512118520000 339
1512118520000 339
1512118520000 339
1512118520000 339
1512118520000 339
1512118520000 339
1512118520000 339
1512118520000 339
1512118520000 339
1512118520000 339
1512118520000 339
1512118520000 339
1512118520000 339
1512118520000 339
1512118520000 340
1512118520000 340
1512118520000 340
1512118520000 340
1512118520000 340
1512118520000 340
1512118520000 340
1512118520000 340
1512118520000 340
1512118520000 340
1512118520000 340
1512118520000 340
1512118520000 340
1512118520000 340
1512118520000 340
1512118520000 340
1512118520000 340
1512118520000 340
1512118520000 340
1512118520000 340
1512118520000 340
1512118520000 340
1512118520000 341
1512118520000 341
1512118520000 341
1512118520000 341
1512118520000 341
1512118520000 341
1512118520000 342
1512118520000 363
1512118520000 363
1512118520000 363
1512118520000 364
1512118520000 364
1512118520000 651
1512118520000 673
1512118520000 674
1512118520000 675
1512118520000 675
1512118530000 310
1512118530000 310
1512118530000 310
1512118530000 311
1512118530000 311
1512118530000 311
1512118530000 311
1512118530000 311
1512118530000 311
1512118530000 311
1512118530000 311
1512118530000 311
1512118530000 311
1512118530000 311
1512118530000 311
1512118530000 311
1512118530000 311
1512118530000 311
1512118530000 311
1512118530000 311
1512118530000 311
1512118530000 311
1512118530000 311
1512118530000 311
1512118530000 311
1512118530000 311
1512118530000 311
1512118530000 311
1512118530000 311
1512118530000 311
1512118530000 311
1512118530000 311
1512118530000 311
1512118530000 312
1512118530000 312
1512118530000 312
1512118530000 312
1512118530000 312
1512118530000 312
1512118530000 312
1512118530000 312
1512118530000 312
1512118530000 312
1512118530000 312
1512118530000 312
1512118530000 312
1512118530000 312
1512118530000 312
1512118530000 312
1512118530000 312
1512118530000 312
1512118530000 312
1512118530000 312
1512118530000 312
1512118530000 312
1512118530000 312
1512118530000 313
1512118530000 313
1512118530000 313
1512118530000 313
1512118530000 313
1512118530000 313
1512118530000 313
1512118530000 313
1512118530000 313
1512118530000 313
1512118530000 313
1512118530000 313
1512118530000 313
1512118530000 313
1512118530000 313
1512118530000 313
1512118530000 313
1512118530000 313
1512118530000 314
1512118530000 314
1512118530000 314
1512118530000 314
1512118530000 314
1512118530000 314
1512118530000 315
1512118530000 315
1512118530000 316
1512118530000 320
1512118530000 320
1512118530000 321
1512118530000 321
1512118530000 326
1512118530000 326
1512118530000 334
1512118530000 335
1512118530000 662
1512118530000 662
1512118530000 665
1512118530000 666
1512118530000 674
1512118530000 675
1512118530000 675
1512118530000 677
1512118530000 677
1512118540000 365
1512118540000 365
1512118540000 365
1512118540000 365
1512118540000 365
1512118540000 365
1512118540000 365
1512118540000 365
1512118540000 365
1512118540000 365
1512118540000 365
1512118540000 365
1512118540000 365
1512118540000 365
1512118540000 366
1512118540000 366
1512118540000 366
1512118540000 366
1512118540000 366
1512118540000 366
1512118540000 366
1512118540000 366
1512118540000 366
1512118540000 366
1512118540000 366
1512118540000 366
1512118540000 366
1512118540000 366
1512118540000 366
1512118540000 366
1512118540000 366
1512118540000 366
1512118540000 366
1512118540000 366
1512118540000 366
1512118540000 366
1512118540000 366
1512118540000 366
1512118540000 366
1512118540000 366
1512118540000 366
1512118540000 366
1512118540000 366
1512118540000 366
1512118540000 366
1512118540000 366
1512118540000 366
1512118540000 366
1512118540000 366
1512118540000 366
1512118540000 366
1512118540000 366
1512118540000 366
1512118540000 366
1512118540000 366
1512118540000 366
1512118540000 366
1512118540000 367
1512118540000 367
1512118540000 367
1512118540000 367
1512118540000 367
1512118540000 367
1512118540000 367
1512118540000 367
1512118540000 367
1512118540000 367
1512118540000 367
1512118540000 367
1512118540000 367
1512118540000 367
1512118540000 367
1512118540000 367
1512118540000 367
1512118540000 367
1512118540000 367
1512118540000 367
1512118540000 367
1512118540000 367
1512118540000 367
1512118540000 367
1512118540000 367
1512118540000 367
1512118540000 367
1512118540000 367
1512118540000 368
1512118540000 368
1512118540000 368
1512118540000 368
1512118540000 368
1512118540000 368
1512118540000 368
1512118540000 615
1512118540000 628
1512118540000 631
1512118540000 645
1512118540000 652
1512118540000 652
1512118540000 660
1512118540000 660
1512118550000 311
1512118550000 311
1512118550000 311
1512118550000 311
1512118550000 311
1512118550000 311
1512118550000 311
1512118550000 311
1512118550000 311
1512118550000 311
1512118550000 311
1512118550000 311
1512118550000 311
1512118550000 312
1512118550000 312
1512118550000 312
1512118550000 312
1512118550000 312
1512118550000 312
1512118550000 312
1512118550000 312
1512118550000 312
1512118550000 312
1512118550000 312
1512118550000 312
1512118550000 312
1512118550000 312
1512118550000 312
1512118550000 312
1512118550000 312
1512118550000 312
1512118550000 312
1512118550000 312
1512118550000 312
1512118550000 312
1512118550000 312
1512118550000 312
1512118550000 312
1512118550000 312
1512118550000 312
1512118550000 312
1512118550000 312
1512118550000 312
1512118550000 312
1512118550000 313
1512118550000 313
1512118550000 313
1512118550000 313
1512118550000 313
1512118550000 313
1512118550000 313
1512118550000 313
1512118550000 313
1512118550000 313
1512118550000 313
1512118550000 314
1512118550000 314
1512118550000 314
1512118550000 314
1512118550000 314
1512118550000 314
1512118550000 314
1512118550000 314
1512118550000 314
1512118550000 314
1512118550000 314
1512118550000 314
1512118550000 314
1512118550000 314
1512118550000 314
1512118550000 314
1512118550000 314
1512118550000 314
1512118550000 314
1512118550000 315
1512118550000 315
1512118550000 315
1512118550000 315
1512118550000 315
1512118550000 315
1512118550000 315
1512118550000 315
1512118550000 315
1512118550000 316
1512118550000 316
1512118550000 358
1512118550000 360
1512118550000 360
1512118550000 363
1512118550000 364
1512118550000 364
1512118550000 622
1512118550000 622
1512118550000 631
1512118550000 632
1512118550000 644
1512118550000 644
1512118550000 644
1512118550000 655
1512118550000 663
1512118560000 313
1512118560000 313
1512118560000 313
1512118560000 313
1512118560000 313
1512118560000 313
1512118560000 313
1512118560000 313
1512118560000 313
1512118560000 313
1512118560000 313
1512118560000 313
1512118560000 314
1512118560000 314
1512118560000 314
1512118560000 314
1512118560000 314
1512118560000 314
1512118560000 314
1512118560000 314
1512118560000 314
1512118560000 314
1512118560000 314
1512118560000 314
1512118560000 314
1512118560000 314
1512118560000 314
1512118560000 314
1512118560000 314
1512118560000 314
1512118560000 314
1512118560000 314
1512118560000 314
1512118560000 314
1512118560000 314
1512118560000 314
1512118560000 314
1512118560000 314
1512118560000 315
1512118560000 315
1512118560000 315
1512118560000 315
1512118560000 315
1512118560000 315
1512118560000 315
1512118560000 315
1512118560000 315
1512118560000 315
1512118560000 315
1512118560000 315
1512118560000 315
1512118560000 316
1512118560000 316
1512118560000 316
1512118560000 316
1512118560000 316
1512118560000 316
1512118560000 316
1512118560000 316
1512118560000 316
1512118560000 317
1512118560000 317
1512118560000 317
1512118560000 317
1512118560000 317
1512118560000 317
1512118560000 317
1512118560000 317
1512118560000 317
1512118560000 317
1512118560000 317
1512118560000 317
1512118560000 317
1512118560000 318
1512118560000 318
1512118560000 318
1512118560000 318
1512118560000 318
1512118560000 318
1512118560000 318
1512118560000 318
1512118560000 319
1512118560000 321
1512118560000 321
1512118560000 322
1512118560000 322
1512118560000 322
1512118560000 322
1512118560000 322
1512118560000 322
1512118560000 323
1512118560000 323
1512118560000 364
1512118560000 365
1512118560000 643
1512118560000 647
1512118560000 655
1512118560000 722
1512118560000 723
1512118560000 723
1512118570000 319
1512118570000 319
1512118570000 319
1512118570000 319
1512118570000 319
1512118570000 319
1512118570000 319
1512118570000 319
1512118570000 319
1512118570000 319
1512118570000 319
1512118570000 319
1512118570000 319
1512118570000 319
1512118570000 320
1512118570000 320
1512118570000 320
1512118570000 320
1512118570000 320
1512118570000 320
1512118570000 320
1512118570000 320
1512118570000 320
1512118570000 320
1512118570000 320
1512118570000 320
1512118570000 320
1512118570000 320
1512118570000 320
1512118570000 320
1512118570000 320
1512118570000 320
1512118570000 320
1512118570000 320
1512118570000 320
1512118570000 320
1512118570000 320
1512118570000 320
1512118570000 320
1512118570000 320
1512118570000 320
1512118570000 320
1512118570000 320
1512118570000 320
1512118570000 320
1512118570000 320
1512118570000 320
1512118570000 320
1512118570000 321
1512118570000 321
1512118570000 321
1512118570000 321
1512118570000 321
1512118570000 321
1512118570000 321
1512118570000 321
1512118570000 321
1512118570000 321
1512118570000 321
1512118570000 321
1512118570000 321
1512118570000 321
1512118570000 321
1512118570000 321
1512118570000 321
1512118570000 321
1512118570000 321
1512118570000 321
1512118570000 321
1512118570000 321
1512118570000 321
1512118570000 321
1512118570000 321
1512118570000 321
1512118570000 322
1512118570000 322
1512118570000 322
1512118570000 322
1512118570000 322
1512118570000 322
1512118570000 322
1512118570000 322
1512118570000 322
1512118570000 322
1512118570000 322
1512118570000 323
1512118570000 323
1512118570000 323
1512118570000 324
1512118570000 339
1512118570000 339
1512118570000 339
1512118570000 340
1512118570000 340
1512118570000 349
1512118570000 657
1512118570000 661
1512118570000 662
1512118570000 662
1512118570000 662
1512118580000 313
1512118580000 313
1512118580000 313
1512118580000 313
1512118580000 313
1512118580000 313
1512118580000 313
1512118580000 313
1512118580000 313
1512118580000 313
1512118580000 313
1512118580000 313
1512118580000 314
1512118580000 314
1512118580000 314
1512118580000 314
1512118580000 314
1512118580000 314
1512118580000 314
1512118580000 314
1512118580000 314
1512118580000 314
1512118580000 314
1512118580000 314
1512118580000 314
1512118580000 314
1512118580000 314
1512118580000 314
1512118580000 314
1512118580000 314
1512118580000 314
1512118580000 314
1512118580000 314
1512118580000 314
1512118580000 314
1512118580000 314
1512118580000 315
1512118580000 315
1512118580000 315
1512118580000 315
1512118580000 315
1512118580000 315
1512118580000 315
1512118580000 315
1512118580000 315
1512118580000 315
1512118580000 315
1512118580000 315
1512118580000 315
1512118580000 315
1512118580000 315
1512118580000 315
1512118580000 315
1512118580000 315
1512118580000 315
1512118580000 315
1512118580000 315
1512118580000 315
1512118580000 316
1512118580000 316
1512118580000 316
1512118580000 316
1512118580000 316
1512118580000 316
1512118580000 316
1512118580000 316
1512118580000 316
1512118580000 316
1512118580000 316
1512118580000 316
1512118580000 316
1512118580000 316
1512118580000 316
1512118580000 316
1512118580000 316
1512118580000 316
1512118580000 316
1512118580000 316
1512118580000 316
1512118580000 316
1512118580000 317
1512118580000 317
1512118580000 317
1512118580000 317
1512118580000 317
1512118580000 317
1512118580000 317
1512118580000 317
1512118580000 331
1512118580000 331
1512118580000 331
1512118580000 331
1512118580000 640
1512118580000 647
1512118580000 648
1512118580000 649
1512118580000 649
1512118580000 650
1512118580000 657
1512118580000 658
1512118590000 298
1512118590000 298
1512118590000 298
1512118590000 298
1512118590000 299
1512118590000 299
1512118590000 300
1512118590000 300
1512118590000 300
1512118590000 300
1512118590000 301
1512118590000 301
1512118590000 301
1512118590000 303
1512118590000 303
1512118590000 303
1512118590000 304
1512118590000 304
1512118590000 304
1512118590000 304
1512118590000 304
1512118590000 304
1512118590000 305
1512118590000 305
1512118590000 305
1512118590000 305
1512118590000 305
1512118590000 305
1512118590000 305
1512118590000 306
1512118590000 306
1512118590000 306
1512118590000 306
1512118590000 306
1512118590000 307
1512118590000 307
1512118590000 307
1512118590000 308
1512118590000 308
1512118590000 308
1512118590000 308
1512118590000 309
1512118590000 309
1512118590000 310
1512118590000 310
1512118590000 310
1512118590000 311
1512118590000 312
1512118590000 312
1512118590000 313
1512118590000 313
1512118590000 313
1512118590000 313
1512118590000 314
1512118590000 314
1512118590000 314
1512118590000 314
1512118590000 314
1512118590000 314
1512118590000 314
1512118590000 314
1512118590000 315
1512118590000 315
1512118590000 315
1512118590000 316
1512118590000 316
1512118590000 316
1512118590000 316
1512118590000 317
1512118590000 317
1512118590000 317
1512118590000 317
1512118590000 317
1512118590000 318
1512118590000 318
1512118590000 318
1512118590000 318
1512118590000 320
1512118590000 321
1512118590000 321
1512118590000 322
1512118590000 324
1512118590000 324
1512118590000 324
1512118590000 325
1512118590000 325
1512118590000 326
1512118590000 327
1512118590000 332
1512118590000 332
1512118590000 333
1512118590000 333
1512118590000 339
1512118590000 339
1512118590000 340
1512118590000 340
1512118590000 342
1512118590000 342
1512118590000 359
1512118590000 722
1512118600000 335
1512118600000 336
1512118600000 336
1512118600000 336
1512118600000 337
1512118600000 337
1512118600000 337
1512118600000 337
1512118600000 337
1512118600000 337
1512118600000 338
1512118600000 338
1512118600000 338
1512118600000 338
1512118600000 339
1512118600000 341
1512118600000 341
1512118600000 341
1512118600000 341
1512118600000 342
1512118600000 342
1512118600000 342
1512118600000 342
1512118600000 342
1512118600000 342
1512118600000 342
1512118600000 342
1512118600000 342
1512118600000 343
1512118600000 343
1512118600000 343
1512118600000 343
1512118600000 343
1512118600000 343
1512118600000 343
1512118600000 343
1512118600000 344
1512118600000 344
1512118600000 344
1512118600000 344
1512118600000 344
1512118600000 344
1512118600000 345
1512118600000 345
1512118600000 345
1512118600000 345
1512118600000 345
1512118600000 345
1512118600000 345
1512118600000 345
1512118600000 345
1512118600000 345
1512118600000 346
1512118600000 346
1512118600000 346
1512118600000 346
1512118600000 346
1512118600000 346
1512118600000 346
1512118600000 347
1512118600000 347
1512118600000 347
1512118600000 347
1512118600000 347
1512118600000 347
1512118600000 348
1512118600000 348
1512118600000 348
1512118600000 348
1512118600000 348
1512118600000 348
1512118600000 348
1512118600000 348
1512118600000 349
1512118600000 349
1512118600000 350
1512118600000 351
1512118600000 351
1512118600000 351
1512118600000 352
1512118600000 352
1512118600000 352
1512118600000 353
1512118600000 353
1512118600000 353
1512118600000 354
1512118600000 354
1512118600000 355
1512118600000 356
1512118600000 356
1512118600000 360
1512118600000 360
1512118600000 363
1512118600000 363
1512118600000 752
1512118600000 760
1512118600000 762
1512118600000 762
1512118600000 763
1512118600000 763
1512118610000 352
1512118610000 352
1512118610000 352
1512118610000 353
1512118610000 353
1512118610000 353
1512118610000 353
1512118610000 353
1512118610000 353
1512118610000 353
1512118610000 353
1512118610000 353
1512118610000 353
1512118610000 353
1512118610000 353
1512118610000 353
1512118610000 353
1512118610000 354
1512118610000 354
1512118610000 354
1512118610000 354
1512118610000 354
1512118610000 354
1512118610000 354
1512118610000 354
1512118610000 354
1512118610000 354
1512118610000 354
1512118610000 354
1512118610000 354
1512118610000 354
1512118610000 354
1512118610000 354
1512118610000 355
1512118610000 355
1512118610000 355
1512118610000 355
1512118610000 355
1512118610000 355
1512118610000 355
1512118610000 355
1512118610000 355
1512118610000 355
1512118610000 355
1512118610000 355
1512118610000 355
1512118610000 355
1512118610000 355
1512118610000 355
1512118610000 355
1512118610000 355
1512118610000 355
1512118610000 356
1512118610000 356
1512118610000 356
1512118610000 356
1512118610000 356
1512118610000 357
1512118610000 357
1512118610000 357
1512118610000 357
1512118610000 357
1512118610000 357
1512118610000 357
1512118610000 357
1512118610000 357
1512118610000 357
1512118610000 357
1512118610000 357
1512118610000 357
1512118610000 357
1512118610000 357
1512118610000 357
1512118610000 357
1512118610000 357
1512118610000 357
1512118610000 358
1512118610000 358
1512118610000 358
1512118610000 358
1512118610000 358
1512118610000 358
1512118610000 358
1512118610000 358
1512118610000 358
1512118610000 358
1512118610000 358
1512118610000 358
1512118610000 358
1512118610000 358
1512118610000 359
1512118610000 359
1512118610000 359
1512118610000 365
1512118610000 365
1512118610000 366
1512118610000 366
1512118610000 669
1512118610000 688
1512118610000 691
1512118620000 336
1512118620000 336
1512118620000 336
1512118620000 336
1512118620000 336
1512118620000 336
1512118620000 336
1512118620000 336
1512118620000 336
1512118620000 336
1512118620000 337
1512118620000 337
1512118620000 337
1512118620000 337
1512118620000 337
1512118620000 337
1512118620000 337
1512118620000 338
1512118620000 338
1512118620000 338
1512118620000 338
1512118620000 338
1512118620000 338
1512118620000 338
1512118620000 338
1512118620000 338
1512118620000 339
1512118620000 339
1512118620000 339
1512118620000 339
1512118620000 339
1512118620000 339
1512118620000 340
1512118620000 340
1512118620000 340
1512118620000 340
1512118620000 340
1512118620000 340
1512118620000 340
1512118620000 340
1512118620000 340
1512118620000 340
1512118620000 340
1512118620000 340
1512118620000 340
1512118620000 340
1512118620000 340
1512118620000 340
1512118620000 340
1512118620000 340
1512118620000 340
1512118620000 340
1512118620000 341
1512118620000 341
1512118620000 341
1512118620000 341
1512118620000 342
1512118620000 342
1512118620000 342
1512118620000 342
1512118620000 342
1512118620000 342
1512118620000 342
1512118620000 342
1512118620000 342
1512118620000 342
1512118620000 342
1512118620000 342
1512118620000 342
1512118620000 342
1512118620000 342
1512118620000 342
1512118620000 342
1512118620000 342
1512118620000 342
1512118620000 343
1512118620000 343
1512118620000 343
1512118620000 343
1512118620000 343
1512118620000 343
1512118620000 343
1512118620000 343
1512118620000 343
1512118620000 343
1512118620000 343
1512118620000 343
1512118620000 343
1512118620000 343
1512118620000 343
1512118620000 344
1512118620000 373
1512118620000 374
1512118620000 374
1512118620000 378
1512118620000 379
1512118620000 380
1512118620000 664
1512118620000 664
1512118620000 665
1512118630000 316
1512118630000 316
1512118630000 316
1512118630000 317
1512118630000 317
1512118630000 317
1512118630000 317
1512118630000 317
1512118630000 317
1512118630000 317
1512118630000 317
1512118630000 317
1512118630000 317
1512118630000 317
1512118630000 317
1512118630000 317
1512118630000 317
1512118630000 317
1512118630000 317
1512118630000 317
1512118630000 317
1512118630000 317
1512118630000 317
1512118630000 317
1512118630000 317
1512118630000 317
1512118630000 317
1512118630000 317
1512118630000 318
1512118630000 318
1512118630000 318
1512118630000 318
1512118630000 318
1512118630000 318
1512118630000 318
1512118630000 318
1512118630000 318
1512118630000 318
1512118630000 318
1512118630000 318
1512118630000 318
1512118630000 318
1512118630000 318
1512118630000 318
1512118630000 318
1512118630000 318
1512118630000 318
1512118630000 319
1512118630000 319
1512118630000 319
1512118630000 319
1512118630000 319
1512118630000 319
1512118630000 319
1512118630000 319
1512118630000 319
1512118630000 319
1512118630000 319
1512118630000 320
1512118630000 320
1512118630000 320
1512118630000 320
1512118630000 320
1512118630000 320
1512118630000 320
1512118630000 320
1512118630000 320
1512118630000 320
1512118630000 320
1512118630000 320
1512118630000 320
1512118630000 320
1512118630000 320
1512118630000 320
1512118630000 321
1512118630000 321
1512118630000 321
1512118630000 321
1512118630000 321
1512118630000 321
1512118630000 321
1512118630000 321
1512118630000 321
1512118630000 321
1512118630000 322
1512118630000 651
1512118630000 654
1512118630000 655
1512118630000 657
1512118630000 664
1512118630000 665
1512118630000 665
1512118630000 666
1512118630000 666
1512118630000 666
1512118630000 667
1512118630000 667
1512118630000 671
1512118630000 671
1512118630000 672
1512118640000 320
1512118640000 320
1512118640000 320
1512118640000 321
1512118640000 321
1512118640000 321
1512118640000 321
1512118640000 321
1512118640000 321
1512118640000 321
1512118640000 321
1512118640000 321
1512118640000 321
1512118640000 321
1512118640000 322
1512118640000 322
1512118640000 322
1512118640000 322
1512118640000 322
1512118640000 322
1512118640000 322
1512118640000 322
1512118640000 322
1512118640000 322
1512118640000 322
1512118640000 322
1512118640000 322
1512118640000 322
1512118640000 322
1512118640000 322
1512118640000 322
1512118640000 322
1512118640000 322
1512118640000 322
1512118640000 322
1512118640000 323
1512118640000 323
1512118640000 323
1512118640000 323
1512118640000 323
1512118640000 323
1512118640000 323
1512118640000 323
1512118640000 323
1512118640000 323
1512118640000 323
1512118640000 323
1512118640000 323
1512118640000 323
1512118640000 323
1512118640000 323
1512118640000 323
1512118640000 323
1512118640000 323
1512118640000 323
1512118640000 323
1512118640000 323
1512118640000 323
1512118640000 324
1512118640000 324
1512118640000 324
1512118640000 324
1512118640000 324
1512118640000 324
1512118640000 324
1512118640000 324
1512118640000 324
1512118640000 324
1512118640000 324
1512118640000 324
1512118640000 324
1512118640000 324
1512118640000 324
1512118640000 324
1512118640000 324
1512118640000 324
1512118640000 324
1512118640000 324
1512118640000 325
1512118640000 325
1512118640000 325
1512118640000 325
1512118640000 325
1512118640000 325
1512118640000 325
1512118640000 326
1512118640000 326
1512118640000 327
1512118640000 327
1512118640000 680
1512118640000 681
1512118640000 682
1512118640000 683
1512118640000 695
1512118640000 695
1512118640000 696
1512118640000 696
1512118640000 709
1512118640000 709
1512118640000 710
1512118650000 319
1512118650000 319
1512118650000 319
1512118650000 319
1512118650000 319
1512118650000 319
1512118650000 319
1512118650000 319
1512118650000 319
1512118650000 319
1512118650000 319
1512118650000 319
1512118650000 319
1512118650000 320
1512118650000 320
1512118650000 320
1512118650000 320
1512118650000 320
1512118650000 320
1512118650000 320
1512118650000 320
1512118650000 320
1512118650000 320
1512118650000 320
1512118650000 320
1512118650000 320
1512118650000 320
1512118650000 320
1512118650000 320
1512118650000 320
1512118650000 320
1512118650000 320
1512118650000 320
1512118650000 320
1512118650000 320
1512118650000 321
1512118650000 321
1512118650000 321
1512118650000 321
1512118650000 321
1512118650000 321
1512118650000 321
1512118650000 321
1512118650000 321
1512118650000 321
1512118650000 321
1512118650000 321
1512118650000 321
1512118650000 321
1512118650000 321
1512118650000 321
1512118650000 322
1512118650000 322
1512118650000 322
1512118650000 322
1512118650000 322
1512118650000 322
1512118650000 322
1512118650000 322
1512118650000 322
1512118650000 322
1512118650000 322
1512118650000 322
1512118650000 322
1512118650000 322
1512118650000 322
1512118650000 322
1512118650000 323
1512118650000 323
1512118650000 323
1512118650000 323
1512118650000 323
1512118650000 323
1512118650000 323
1512118650000 323
1512118650000 323
1512118650000 323
1512118650000 323
1512118650000 326
1512118650000 327
1512118650000 327
1512118650000 327
1512118650000 332
1512118650000 334
1512118650000 334
1512118650000 349
1512118650000 349
1512118650000 350
1512118650000 663
1512118650000 664
1512118650000 665
1512118650000 677
1512118650000 677
1512118650000 678
1512118650000 680
1512118650000 680
1512118650000 681
1512118650000 681
1512118650000 686
1512118650000 700
1512118660000 324
1512118660000 325
1512118660000 325
1512118660000 325
1512118660000 325
1512118660000 325
1512118660000 325
1512118660000 325
1512118660000 325
1512118660000 325
1512118660000 325
1512118660000 325
1512118660000 325
1512118660000 325
1512118660000 325
1512118660000 325
1512118660000 325
1512118660000 326
1512118660000 326
1512118660000 326
1512118660000 326
1512118660000 326
1512118660000 326
1512118660000 326
1512118660000 326
1512118660000 326
1512118660000 326
1512118660000 326
1512118660000 326
1512118660000 326
1512118660000 326
1512118660000 326
1512118660000 326
1512118660000 326
1512118660000 326
1512118660000 326
1512118660000 326
1512118660000 326
1512118660000 326
1512118660000 326
1512118660000 326
1512118660000 326
1512118660000 326
1512118660000 326
1512118660000 326
1512118660000 326
1512118660000 327
1512118660000 327
1512118660000 327
1512118660000 327
1512118660000 327
1512118660000 327
1512118660000 327
1512118660000 327
1512118660000 327
1512118660000 327
1512118660000 327
1512118660000 327
1512118660000 327
1512118660000 327
1512118660000 327
1512118660000 327
1512118660000 327
1512118660000 327
1512118660000 327
1512118660000 327
1512118660000 327
1512118660000 327
1512118660000 327
1512118660000 327
1512118660000 328
1512118660000 328
1512118660000 328
1512118660000 328
1512118660000 328
1512118660000 328
1512118660000 328
1512118660000 328
1512118660000 328
1512118660000 328
1512118660000 328
1512118660000 328
1512118660000 328
1512118660000 328
1512118660000 328
1512118660000 328
1512118660000 328
1512118660000 329
1512118660000 329
1512118660000 329
1512118660000 329
1512118660000 332
1512118660000 335
1512118660000 336
1512118660000 678
1512118660000 679
1512118660000 679
1512118660000 680
1512118660000 720
1512118660000 721
1512118670000 1864
1512118670000 1864
1512118670000 1864
1512118670000 1865
1512118670000 1865
1512118670000 1865
1512118670000 1865
1512118670000 1865
1512118670000 1865
1512118670000 1865
1512118670000 1865
1512118670000 1865
1512118670000 1866
1512118670000 1866
1512118670000 1866
1512118670000 1866
1512118670000 1866
1512118670000 1866
1512118670000 1866
1512118670000 1866
1512118670000 1866
1512118670000 1867
1512118670000 1867
1512118670000 1867
1512118670000 1874
1512118670000 1874
1512118670000 1874
1512118670000 1874
1512118670000 1874
1512118670000 1880
1512118670000 1882
1512118670000 1882
1512118670000 1882
1512118670000 1882
1512118670000 1882
1512118670000 1882
1512118670000 1883
1512118670000 1883
1512118670000 1883
1512118670000 1883
1512118670000 1883
1512118670000 1883
1512118670000 1883
1512118670000 1884
1512118670000 1884
1512118670000 1884
1512118670000 1884
1512118670000 1884
1512118670000 1884
1512118670000 1885
1512118670000 1885
1512118670000 1885
1512118670000 1885
1512118670000 1885
1512118670000 1886
1512118670000 1886
1512118670000 1886
1512118670000 1886
1512118670000 1887
1512118670000 1887
1512118670000 1887
1512118670000 1887
1512118670000 1887
1512118670000 1887
1512118670000 1887
1512118670000 1887
1512118670000 1887
1512118670000 1888
1512118670000 1888
1512118670000 1888
1512118670000 1888
1512118670000 1889
1512118670000 1889
1512118670000 1889
1512118670000 1889
1512118670000 1889
1512118670000 1889
1512118670000 1890
1512118670000 1890
1512118670000 1890
1512118670000 1890
1512118670000 1890
1512118670000 1890
1512118670000 1891
1512118670000 1891
1512118670000 1891
1512118670000 1891
1512118670000 1891
1512118670000 1891
1512118670000 1891
1512118670000 1891
1512118670000 1891
1512118670000 1892
1512118670000 1892
1512118670000 1892
1512118670000 1892
1512118670000 1892
1512118670000 1897
1512118670000 1898
1512118670000 1915
1512118680000 284
1512118680000 284
1512118680000 284
1512118680000 284
1512118680000 284
1512118680000 284
1512118680000 284
1512118680000 284
1512118680000 284
1512118680000 284
1512118680000 285
1512118680000 285
1512118680000 285
1512118680000 285
1512118680000 285
1512118680000 285
1512118680000 285
1512118680000 285
1512118680000 285
1512118680000 285
1512118680000 285
1512118680000 285
1512118680000 285
1512118680000 285
1512118680000 285
1512118680000 285
1512118680000 285
1512118680000 285
1512118680000 285
1512118680000 285
1512118680000 285
1512118680000 285
1512118680000 285
1512118680000 285
1512118680000 285
1512118680000 285
1512118680000 285
1512118680000 285
1512118680000 285
1512118680000 285
1512118680000 285
1512118680000 285
1512118680000 285
1512118680000 285
1512118680000 285
1512118680000 285
1512118680000 285
1512118680000 286
1512118680000 286
1512118680000 286
1512118680000 286
1512118680000 286
1512118680000 286
1512118680000 286
1512118680000 286
1512118680000 286
1512118680000 286
1512118680000 286
1512118680000 286
1512118680000 287
1512118680000 287
1512118680000 287
1512118680000 287
1512118680000 287
1512118680000 287
1512118680000 287
1512118680000 287
1512118680000 287
1512118680000 287
1512118680000 287
1512118680000 287
1512118680000 287
1512118680000 287
1512118680000 287
1512118680000 287
1512118680000 287
1512118680000 287
1512118680000 287
1512118680000 287
1512118680000 287
1512118680000 287
1512118680000 288
1512118680000 288
1512118680000 288
1512118680000 289
1512118680000 289
1512118680000 289
1512118680000 289
1512118680000 290
1512118680000 290
1512118680000 290
1512118680000 290
1512118680000 290
1512118680000 290
1512118680000 290
1512118680000 291
1512118680000 292
1512118680000 292
1512118680000 313
1512118680000 314
1512118690000 293
1512118690000 293
1512118690000 293
1512118690000 293
1512118690000 293
1512118690000 293
1512118690000 293
1512118690000 293
1512118690000 293
1512118690000 293
1512118690000 293
1512118690000 293
1512118690000 293
1512118690000 293
1512118690000 294
1512118690000 294
1512118690000 294
1512118690000 294
1512118690000 294
1512118690000 294
1512118690000 294
1512118690000 294
1512118690000 294
1512118690000 294
1512118690000 294
1512118690000 294
1512118690000 294
1512118690000 294
1512118690000 294
1512118690000 294
1512118690000 294
1512118690000 295
1512118690000 295
1512118690000 295
1512118690000 295
1512118690000 295
1512118690000 295
1512118690000 296
1512118690000 296
1512118690000 296
1512118690000 296
1512118690000 296
1512118690000 296
1512118690000 296
1512118690000 296
1512118690000 296
1512118690000 296
1512118690000 296
1512118690000 296
1512118690000 296
1512118690000 296
1512118690000 297
1512118690000 297
1512118690000 297
1512118690000 297
1512118690000 297
1512118690000 297
1512118690000 297
1512118690000 297
1512118690000 297
1512118690000 297
1512118690000 297
1512118690000 298
1512118690000 298
1512118690000 298
1512118690000 298
1512118690000 298
1512118690000 298
1512118690000 298
1512118690000 298
1512118690000 298
1512118690000 298
1512118690000 298
1512118690000 298
1512118690000 299
1512118690000 299
1512118690000 299
1512118690000 300
1512118690000 300
1512118690000 300
1512118690000 301
1512118690000 301
1512118690000 301
1512118690000 301
1512118690000 302
1512118690000 303
1512118690000 303
1512118690000 304
1512118690000 304
1512118690000 312
1512118690000 313
1512118690000 313
1512118690000 316
1512118690000 317
1512118690000 336
1512118690000 337
1512118690000 343
1512118690000 343
1512118690000 344
1512118690000 345
1512118700000 297
1512118700000 297
1512118700000 297
1512118700000 297
1512118700000 297
1512118700000 298
1512118700000 298
1512118700000 298
1512118700000 298
1512118700000 298
1512118700000 298
1512118700000 298
1512118700000 298
1512118700000 298
1512118700000 298
1512118700000 298
1512118700000 298
1512118700000 298
1512118700000 298
1512118700000 298
1512118700000 298
1512118700000 298
1512118700000 298
1512118700000 298
1512118700000 298
1512118700000 298
1512118700000 298
1512118700000 298
1512118700000 298
1512118700000 298
1512118700000 298
1512118700000 298
1512118700000 299
1512118700000 299
1512118700000 299
1512118700000 299
1512118700000 299
1512118700000 299
1512118700000 299
1512118700000 299
1512118700000 299
1512118700000 299
1512118700000 299
1512118700000 299
1512118700000 299
1512118700000 299
1512118700000 299
1512118700000 299
1512118700000 299
1512118700000 299
1512118700000 300
1512118700000 300
1512118700000 300
1512118700000 300
1512118700000 300
1512118700000 300
1512118700000 300
1512118700000 300
1512118700000 300
1512118700000 300
1512118700000 300
1512118700000 300
1512118700000 300
1512118700000 300
1512118700000 300
1512118700000 300
1512118700000 300
1512118700000 300
1512118700000 300
1512118700000 300
1512118700000 300
1512118700000 300
1512118700000 300
1512118700000 301
1512118700000 301
1512118700000 301
1512118700000 301
1512118700000 301
1512118700000 301
1512118700000 301
1512118700000 301
1512118700000 301
1512118700000 301
1512118700000 301
1512118700000 301
1512118700000 301
1512118700000 301
1512118700000 301
1512118700000 302
1512118700000 302
1512118700000 302
1512118700000 302
1512118700000 302
1512118700000 302
1512118700000 302
1512118700000 303
1512118700000 308
1512118700000 309
1512118700000 310
1512118700000 310
1512118710000 296
1512118710000 296
1512118710000 296
1512118710000 296
1512118710000 296
1512118710000 296
1512118710000 296
1512118710000 296
1512118710000 296
1512118710000 296
1512118710000 296
1512118710000 296
1512118710000 296
1512118710000 296
1512118710000 296
1512118710000 297
1512118710000 297
1512118710000 297
1512118710000 297
1512118710000 297
1512118710000 297
1512118710000 297
1512118710000 297
1512118710000 297
1512118710000 297
1512118710000 297
1512118710000 297
1512118710000 297
1512118710000 297
1512118710000 297
1512118710000 297
1512118710000 297
1512118710000 297
1512118710000 297
1512118710000 297
1512118710000 297
1512118710000 298
1512118710000 298
1512118710000 298
1512118710000 298
1512118710000 298
1512118710000 298
1512118710000 298
1512118710000 298
1512118710000 298
1512118710000 298
1512118710000 298
1512118710000 298
1512118710000 298
1512118710000 298
1512118710000 298
1512118710000 298
1512118710000 298
1512118710000 298
1512118710000 298
1512118710000 298
1512118710000 298
1512118710000 299
1512118710000 299
1512118710000 299
1512118710000 299
1512118710000 299
1512118710000 299
1512118710000 299
1512118710000 299
1512118710000 300
1512118710000 300
1512118710000 300
1512118710000 300
1512118710000 300
1512118710000 300
1512118710000 300
1512118710000 300
1512118710000 301
1512118710000 301
1512118710000 301
1512118710000 301
1512118710000 301
1512118710000 301
1512118710000 301
1512118710000 301
1512118710000 301
1512118710000 302
1512118710000 302
1512118710000 303
1512118710000 303
1512118710000 303
1512118710000 303
1512118710000 304
1512118710000 304
1512118710000 304
1512118710000 305
1512118710000 305
1512118710000 306
1512118710000 306
1512118710000 307
1512118710000 308
1512118710000 308
1512118710000 308
1512118710000 309
1512118720000 291
1512118720000 291
1512118720000 292
1512118720000 292
1512118720000 292
1512118720000 292
1512118720000 292
1512118720000 292
1512118720000 292
1512118720000 292
1512118720000 292
1512118720000 292
1512118720000 292
1512118720000 292
1512118720000 292
1512118720000 292
1512118720000 292
1512118720000 292
1512118720000 293
1512118720000 293
1512118720000 293
1512118720000 293
1512118720000 293
1512118720000 293
1512118720000 293
1512118720000 293
1512118720000 293
1512118720000 293
1512118720000 293
1512118720000 293
1512118720000 293
1512118720000 293
1512118720000 293
1512118720000 293
1512118720000 293
1512118720000 294
1512118720000 294
1512118720000 294
1512118720000 294
1512118720000 294
1512118720000 294
1512118720000 294
1512118720000 294
1512118720000 294
1512118720000 294
1512118720000 294
1512118720000 294
1512118720000 294
1512118720000 294
1512118720000 295
1512118720000 295
1512118720000 295
1512118720000 295
1512118720000 295
1512118720000 295
1512118720000 295
1512118720000 295
1512118720000 296
1512118720000 296
1512118720000 296
1512118720000 296
1512118720000 296
1512118720000 296
1512118720000 296
1512118720000 296
1512118720000 296
1512118720000 296
1512118720000 297
1512118720000 297
1512118720000 297
1512118720000 297
1512118720000 297
1512118720000 297
1512118720000 298
1512118720000 298
1512118720000 298
1512118720000 298
1512118720000 298
1512118720000 298
1512118720000 298
1512118720000 299
1512118720000 299
1512118720000 299
1512118720000 299
1512118720000 299
1512118720000 300
1512118720000 300
1512118720000 301
1512118720000 301
1512118720000 301
1512118720000 301
1512118720000 302
1512118720000 302
1512118720000 338
1512118720000 339
1512118720000 339
1512118720000 339
1512118720000 340
1512118720000 340
1512118720000 340
1512118730000 429
1512118730000 432
1512118730000 437
1512118730000 437
1512118730000 438
1512118730000 439
1512118730000 439
1512118730000 440
1512118730000 440
1512118730000 440
1512118730000 440
1512118730000 440
1512118730000 440
1512118730000 441
1512118730000 441
1512118730000 441
1512118730000 441
1512118730000 441
1512118730000 441
1512118730000 441
1512118730000 441
1512118730000 441
1512118730000 441
1512118730000 441
1512118730000 441
1512118730000 441
1512118730000 441
1512118730000 442
1512118730000 442
1512118730000 442
1512118730000 442
1512118730000 442
1512118730000 443
1512118730000 443
1512118730000 443
1512118730000 443
1512118730000 443
1512118730000 443
1512118730000 443
1512118730000 444
1512118730000 444
1512118730000 444
1512118730000 444
1512118730000 444
1512118730000 444
1512118730000 444
1512118730000 444
1512118730000 445
1512118730000 445
1512118730000 445
1512118730000 445
1512118730000 446
1512118730000 446
1512118730000 446
1512118730000 446
1512118730000 446
1512118730000 446
1512118730000 447
1512118730000 447
1512118730000 447
1512118730000 447
1512118730000 448
1512118730000 448
1512118730000 448
1512118730000 448
1512118730000 448
1512118730000 448
1512118730000 449
1512118730000 449
1512118730000 449
1512118730000 449
1512118730000 450
1512118730000 450
1512118730000 450
1512118730000 450
1512118730000 450
1512118730000 450
1512118730000 450
1512118730000 451
1512118730000 457
1512118730000 458
1512118730000 458
1512118730000 458
1512118730000 829
1512118730000 829
1512118730000 830
1512118730000 830
1512118730000 830
1512118730000 830
1512118730000 830
1512118730000 831
1512118730000 831
1512118730000 831
1512118730000 833
1512118730000 833
1512118730000 834
1512118730000 834
1512118730000 835
1512118730000 868
1512118730000 869
1512118740000 291
1512118740000 291
1512118740000 291
1512118740000 291
1512118740000 292
1512118740000 292
1512118740000 292
1512118740000 292
1512118740000 292
1512118740000 292
1512118740000 292
1512118740000 293
1512118740000 293
1512118740000 293
1512118740000 293
1512118740000 293
1512118740000 293
1512118740000 293
1512118740000 293
1512118740000 294
1512118740000 294
1512118740000 294
1512118740000 294
1512118740000 294
1512118740000 294
1512118740000 294
1512118740000 294
1512118740000 294
1512118740000 294
1512118740000 295
1512118740000 295
1512118740000 295
1512118740000 295
1512118740000 295
1512118740000 295
1512118740000 295
1512118740000 295
1512118740000 295
1512118740000 296
1512118740000 296
1512118740000 296
1512118740000 296
1512118740000 296
1512118740000 296
1512118740000 296
1512118740000 296
1512118740000 297
1512118740000 297
1512118740000 297
1512118740000 297
1512118740000 298
1512118740000 298
1512118740000 298
1512118740000 298
1512118740000 298
1512118740000 298
1512118740000 298
1512118740000 298
1512118740000 299
1512118740000 299
1512118740000 299
1512118740000 299
1512118740000 299
1512118740000 299
1512118740000 299
1512118740000 300
1512118740000 300
1512118740000 301
1512118740000 301
1512118740000 301
1512118740000 301
1512118740000 301
1512118740000 301
1512118740000 302
1512118740000 302
1512118740000 302
1512118740000 302
1512118740000 302
1512118740000 302
1512118740000 302
1512118740000 302
1512118740000 303
1512118740000 303
1512118740000 303
1512118740000 303
1512118740000 303
1512118740000 303
1512118740000 303
1512118740000 303
1512118740000 303
1512118740000 303
1512118740000 304
1512118740000 304
1512118740000 304
1512118740000 304
1512118740000 304
1512118740000 304
1512118740000 304
1512118740000 304
1512118740000 305
1512118750000 292
1512118750000 292
1512118750000 292
1512118750000 292
1512118750000 292
1512118750000 292
1512118750000 293
1512118750000 293
1512118750000 293
1512118750000 293
1512118750000 293
1512118750000 293
1512118750000 293
1512118750000 293
1512118750000 293
1512118750000 293
1512118750000 293
1512118750000 293
1512118750000 293
1512118750000 294
1512118750000 294
1512118750000 294
1512118750000 294
1512118750000 294
1512118750000 294
1512118750000 294
1512118750000 294
1512118750000 294
1512118750000 295
1512118750000 295
1512118750000 295
1512118750000 295
1512118750000 295
1512118750000 295
1512118750000 295
1512118750000 295
1512118750000 295
1512118750000 295
1512118750000 295
1512118750000 296
1512118750000 296
1512118750000 296
1512118750000 296
1512118750000 296
1512118750000 296
1512118750000 296
1512118750000 296
1512118750000 296
1512118750000 297
1512118750000 297
1512118750000 297
1512118750000 297
1512118750000 297
1512118750000 297
1512118750000 297
1512118750000 297
1512118750000 297
1512118750000 298
1512118750000 298
1512118750000 298
1512118750000 298
1512118750000 298
1512118750000 298
1512118750000 298
1512118750000 298
1512118750000 299
1512118750000 299
1512118750000 299
1512118750000 299
1512118750000 299
1512118750000 299
1512118750000 300
1512118750000 300
1512118750000 300
1512118750000 300
1512118750000 300
1512118750000 301
1512118750000 301
1512118750000 301
1512118750000 302
1512118750000 303
1512118750000 303
1512118750000 303
1512118750000 303
1512118750000 303
1512118750000 304
1512118750000 304
1512118750000 304
1512118750000 304
1512118750000 304
1512118750000 305
1512118750000 305
1512118750000 305
1512118750000 305
1512118750000 305
1512118750000 306
1512118750000 306
1512118750000 306
1512118750000 307
1512118750000 308
1512118760000 292
1512118760000 292
1512118760000 293
1512118760000 293
1512118760000 293
1512118760000 293
1512118760000 293
1512118760000 293
1512118760000 293
1512118760000 293
1512118760000 293
1512118760000 293
1512118760000 293
1512118760000 293
1512118760000 293
1512118760000 294
1512118760000 294
1512118760000 294
1512118760000 294
1512118760000 294
1512118760000 294
1512118760000 294
1512118760000 294
1512118760000 294
1512118760000 294
1512118760000 294
1512118760000 294
1512118760000 294
1512118760000 294
1512118760000 295
1512118760000 295
1512118760000 295
1512118760000 295
1512118760000 295
1512118760000 295
1512118760000 296
1512118760000 296
1512118760000 296
1512118760000 296
1512118760000 296
1512118760000 296
1512118760000 296
1512118760000 296
1512118760000 296
1512118760000 296
1512118760000 296
1512118760000 297
1512118760000 297
1512118760000 297
1512118760000 297
1512118760000 297
1512118760000 297
1512118760000 297
1512118760000 297
1512118760000 298
1512118760000 298
1512118760000 298
1512118760000 298
1512118760000 298
1512118760000 298
1512118760000 298
1512118760000 298
1512118760000 298
1512118760000 298
1512118760000 298
1512118760000 298
1512118760000 298
1512118760000 298
1512118760000 299
1512118760000 299
1512118760000 299
1512118760000 299
1512118760000 299
1512118760000 299
1512118760000 299
1512118760000 299
1512118760000 300
1512118760000 300
1512118760000 300
1512118760000 300
1512118760000 300
1512118760000 300
1512118760000 300
1512118760000 300
1512118760000 300
1512118760000 300
1512118760000 300
1512118760000 301
1512118760000 301
1512118760000 301
1512118760000 301
1512118760000 302
1512118760000 302
1512118760000 302
1512118760000 302
1512118760000 303
1512118760000 303
1512118760000 303
1512118760000 304
1512118760000 304
1512118770000 294
1512118770000 294
1512118770000 294
1512118770000 294
1512118770000 296
1512118770000 297
1512118770000 297
1512118770000 297
1512118770000 297
1512118770000 297
1512118770000 297
1512118770000 297
1512118770000 297
1512118770000 297
1512118770000 297
1512118770000 297
1512118770000 298
1512118770000 298
1512118770000 298
1512118770000 298
1512118770000 298
1512118770000 298
1512118770000 298
1512118770000 298
1512118770000 298
1512118770000 298
1512118770000 298
1512118770000 298
1512118770000 298
1512118770000 298
1512118770000 298
1512118770000 298
1512118770000 298
1512118770000 298
1512118770000 298
1512118770000 298
1512118770000 298
1512118770000 298
1512118770000 299
1512118770000 299
1512118770000 299
1512118770000 299
1512118770000 299
1512118770000 299
1512118770000 299
1512118770000 299
1512118770000 299
1512118770000 299
1512118770000 299
1512118770000 299
1512118770000 299
1512118770000 299
1512118770000 300
1512118770000 300
1512118770000 300
1512118770000 300
1512118770000 300
1512118770000 300
1512118770000 300
1512118770000 300
1512118770000 300
1512118770000 300
1512118770000 300
1512118770000 300
1512118770000 300
1512118770000 300
1512118770000 300
1512118770000 300
1512118770000 300
1512118770000 300
1512118770000 300
1512118770000 300
1512118770000 300
1512118770000 300
1512118770000 301
1512118770000 301
1512118770000 301
1512118770000 301
1512118770000 301
1512118770000 301
1512118770000 301
1512118770000 301
1512118770000 301
1512118770000 301
1512118770000 301
1512118770000 301
1512118770000 301
1512118770000 301
1512118770000 302
1512118770000 302
1512118770000 303
1512118770000 304
1512118770000 304
1512118770000 304
1512118770000 347
1512118770000 348
1512118770000 353
1512118770000 354
1512118770000 354
1512118770000 355
1512118780000 290
1512118780000 290
1512118780000 290
1512118780000 290
1512118780000 290
1512118780000 290
1512118780000 290
1512118780000 290
1512118780000 290
1512118780000 290
1512118780000 291
1512118780000 291
1512118780000 291
1512118780000 291
1512118780000 291
1512118780000 291
1512118780000 291
1512118780000 291
1512118780000 291
1512118780000 291
1512118780000 291
1512118780000 291
1512118780000 291
1512118780000 291
1512118780000 291
1512118780000 291
1512118780000 291
1512118780000 292
1512118780000 292
1512118780000 292
1512118780000 292
1512118780000 292
1512118780000 292
1512118780000 292
1512118780000 292
1512118780000 292
1512118780000 292
1512118780000 292
1512118780000 292
1512118780000 292
1512118780000 292
1512118780000 293
1512118780000 293
1512118780000 293
1512118780000 293
1512118780000 293
1512118780000 293
1512118780000 293
1512118780000 293
1512118780000 293
1512118780000 293
1512118780000 293
1512118780000 294
1512118780000 294
1512118780000 294
1512118780000 294
1512118780000 294
1512118780000 294
1512118780000 294
1512118780000 294
1512118780000 294
1512118780000 295
1512118780000 295
1512118780000 295
1512118780000 295
1512118780000 295
1512118780000 295
1512118780000 295
1512118780000 295
1512118780000 295
1512118780000 295
1512118780000 295
1512118780000 296
1512118780000 296
1512118780000 296
1512118780000 296
1512118780000 296
1512118780000 297
1512118780000 297
1512118780000 297
1512118780000 297
1512118780000 297
1512118780000 297
1512118780000 298
1512118780000 298
1512118780000 298
1512118780000 300
1512118780000 300
1512118780000 301
1512118780000 301
1512118780000 301
1512118780000 301
1512118780000 301
1512118780000 302
1512118780000 302
1512118780000 302
1512118780000 302
1512118780000 324
1512118780000 324
1512118780000 325
1512118790000 294
1512118790000 294
1512118790000 294
1512118790000 294
1512118790000 294
1512118790000 294
1512118790000 294
1512118790000 294
1512118790000 294
1512118790000 294
1512118790000 294
1512118790000 294
1512118790000 294
1512118790000 294
1512118790000 294
1512118790000 294
1512118790000 294
1512118790000 294
1512118790000 294
1512118790000 294
1512118790000 294
1512118790000 294
1512118790000 295
1512118790000 295
1512118790000 295
1512118790000 295
1512118790000 295
1512118790000 295
1512118790000 295
1512118790000 295
1512118790000 295
1512118790000 295
1512118790000 295
1512118790000 295
1512118790000 295
1512118790000 296
1512118790000 296
1512118790000 296
1512118790000 296
1512118790000 296
1512118790000 297
1512118790000 297
1512118790000 297
1512118790000 297
1512118790000 297
1512118790000 298
1512118790000 298
1512118790000 298
1512118790000 298
1512118790000 298
1512118790000 298
1512118790000 298
1512118790000 298
1512118790000 298
1512118790000 298
1512118790000 298
1512118790000 298
1512118790000 298
1512118790000 298
1512118790000 298
1512118790000 298
1512118790000 298
1512118790000 298
1512118790000 299
1512118790000 299
1512118790000 299
1512118790000 299
1512118790000 299
1512118790000 299
1512118790000 299
1512118790000 299
1512118790000 299
1512118790000 299
1512118790000 299
1512118790000 299
1512118790000 299
1512118790000 299
1512118790000 299
1512118790000 299
1512118790000 299
1512118790000 299
1512118790000 299
1512118790000 300
1512118790000 300
1512118790000 300
1512118790000 300
1512118790000 300
1512118790000 300
1512118790000 300
1512118790000 300
1512118790000 301
1512118790000 302
1512118790000 305
1512118790000 305
1512118790000 305
1512118790000 306
1512118790000 306
1512118790000 307
1512118790000 328
1512118790000 329
1512118800000 291
1512118800000 291
1512118800000 291
1512118800000 291
1512118800000 291
1512118800000 291
1512118800000 291
1512118800000 291
1512118800000 292
1512118800000 292
1512118800000 292
1512118800000 292
1512118800000 292
1512118800000 292
1512118800000 293
1512118800000 293
1512118800000 293
1512118800000 293
1512118800000 293
1512118800000 293
1512118800000 293
1512118800000 293
1512118800000 293
1512118800000 293
1512118800000 293
1512118800000 293
1512118800000 293
1512118800000 293
1512118800000 293
1512118800000 293
1512118800000 293
1512118800000 293
1512118800000 294
1512118800000 294
1512118800000 294
1512118800000 294
1512118800000 294
1512118800000 294
1512118800000 294
1512118800000 294
1512118800000 294
1512118800000 294
1512118800000 294
1512118800000 294
1512118800000 294
1512118800000 294
1512118800000 294
1512118800000 295
1512118800000 295
1512118800000 295
1512118800000 295
1512118800000 295
1512118800000 295
1512118800000 295
1512118800000 295
1512118800000 295
1512118800000 295
1512118800000 295
1512118800000 295
1512118800000 296
1512118800000 296
1512118800000 296
1512118800000 296
1512118800000 296
1512118800000 296
1512118800000 296
1512118800000 296
1512118800000 296
1512118800000 297
1512118800000 297
1512118800000 297
1512118800000 297
1512118800000 297
1512118800000 297
1512118800000 297
1512118800000 297
1512118800000 297
1512118800000 297
1512118800000 298
1512118800000 298
1512118800000 298
1512118800000 298
1512118800000 298
1512118800000 298
1512118800000 298
1512118800000 298
1512118800000 298
1512118800000 299
1512118800000 301
1512118800000 302
1512118800000 302
1512118800000 302
1512118800000 302
1512118800000 302
1512118800000 303
1512118800000 319
1512118800000 319
1512118800000 320
1512118800000 322
1512118800000 322
1512118810000 293
1512118810000 293
1512118810000 293
1512118810000 293
1512118810000 293
1512118810000 293
1512118810000 293
1512118810000 293
1512118810000 294
1512118810000 294
1512118810000 294
1512118810000 294
1512118810000 294
1512118810000 294
1512118810000 294
1512118810000 294
1512118810000 294
1512118810000 294
1512118810000 294
1512118810000 294
1512118810000 294
1512118810000 294
1512118810000 294
1512118810000 294
1512118810000 295
1512118810000 295
1512118810000 295
1512118810000 295
1512118810000 295
1512118810000 295
1512118810000 295
1512118810000 295
1512118810000 295
1512118810000 295
1512118810000 295
1512118810000 295
1512118810000 295
1512118810000 295
1512118810000 295
1512118810000 295
1512118810000 295
1512118810000 295
1512118810000 296
1512118810000 296
1512118810000 296
1512118810000 296
1512118810000 296
1512118810000 296
1512118810000 296
1512118810000 296
1512118810000 296
1512118810000 296
1512118810000 296
1512118810000 296
1512118810000 296
1512118810000 296
1512118810000 296
1512118810000 296
1512118810000 297
1512118810000 297
1512118810000 297
1512118810000 297
1512118810000 297
1512118810000 297
1512118810000 297
1512118810000 298
1512118810000 298
1512118810000 298
1512118810000 298
1512118810000 298
1512118810000 299
1512118810000 299
1512118810000 299
1512118810000 299
1512118810000 299
1512118810000 299
1512118810000 300
1512118810000 300
1512118810000 300
1512118810000 300
1512118810000 301
1512118810000 301
1512118810000 301
1512118810000 301
1512118810000 301
1512118810000 301
1512118810000 302
1512118810000 302
1512118810000 302
1512118810000 302
1512118810000 302
1512118810000 303
1512118810000 303
1512118810000 303
1512118810000 304
1512118810000 304
1512118810000 304
1512118810000 305
1512118810000 305
1512118810000 305
1512118820000 289
1512118820000 290
1512118820000 290
1512118820000 290
1512118820000 290
1512118820000 290
1512118820000 290
1512118820000 290
1512118820000 290
1512118820000 290
1512118820000 290
1512118820000 290
1512118820000 290
1512118820000 290
1512118820000 290
1512118820000 290
1512118820000 291
1512118820000 291
1512118820000 291
1512118820000 291
1512118820000 291
1512118820000 291
1512118820000 291
1512118820000 291
1512118820000 291
1512118820000 291
1512118820000 291
1512118820000 291
1512118820000 291
1512118820000 291
1512118820000 291
1512118820000 292
1512118820000 292
1512118820000 292
1512118820000 292
1512118820000 292
1512118820000 292
1512118820000 292
1512118820000 292
1512118820000 292
1512118820000 292
1512118820000 292
1512118820000 292
1512118820000 292
1512118820000 292
1512118820000 292
1512118820000 292
1512118820000 293
1512118820000 293
1512118820000 293
1512118820000 293
1512118820000 293
1512118820000 293
1512118820000 293
1512118820000 293
1512118820000 293
1512118820000 293
1512118820000 293
1512118820000 293
1512118820000 293
1512118820000 294
1512118820000 294
1512118820000 294
1512118820000 294
1512118820000 294
1512118820000 294
1512118820000 294
1512118820000 294
1512118820000 294
1512118820000 294
1512118820000 295
1512118820000 295
1512118820000 295
1512118820000 295
1512118820000 295
1512118820000 295
1512118820000 295
1512118820000 296
1512118820000 297
1512118820000 298
1512118820000 304
1512118820000 304
1512118820000 304
1512118820000 304
1512118820000 305
1512118820000 305
1512118820000 305
1512118820000 306
1512118820000 306
1512118820000 307
1512118820000 308
1512118820000 308
1512118820000 308
1512118820000 311
1512118820000 314
1512118820000 315
1512118820000 315
1512118820000 321
1512118820000 321
1512118820000 322
1512118830000 291
1512118830000 291
1512118830000 291
1512118830000 291
1512118830000 291
1512118830000 291
1512118830000 291
1512118830000 291
1512118830000 291
1512118830000 291
1512118830000 291
1512118830000 291
1512118830000 291
1512118830000 292
1512118830000 292
1512118830000 292
1512118830000 292
1512118830000 292
1512118830000 292
1512118830000 292
1512118830000 292
1512118830000 292
1512118830000 292
1512118830000 293
1512118830000 293
1512118830000 293
1512118830000 293
1512118830000 293
1512118830000 293
1512118830000 293
1512118830000 293
1512118830000 293
1512118830000 293
1512118830000 293
1512118830000 294
1512118830000 294
1512118830000 294
1512118830000 294
1512118830000 295
1512118830000 295
1512118830000 295
1512118830000 295
1512118830000 295
1512118830000 295
1512118830000 295
1512118830000 296
1512118830000 296
1512118830000 296
1512118830000 296
1512118830000 296
1512118830000 296
1512118830000 296
1512118830000 296
1512118830000 296
1512118830000 296
1512118830000 296
1512118830000 296
1512118830000 296
1512118830000 296
1512118830000 296
1512118830000 296
1512118830000 297
1512118830000 297
1512118830000 297
1512118830000 297
1512118830000 297
1512118830000 297
1512118830000 297
1512118830000 297
1512118830000 297
1512118830000 297
1512118830000 297
1512118830000 297
1512118830000 297
1512118830000 297
1512118830000 297
1512118830000 297
1512118830000 297
1512118830000 298
1512118830000 298
1512118830000 298
1512118830000 298
1512118830000 298
1512118830000 298
1512118830000 298
1512118830000 298
1512118830000 298
1512118830000 298
1512118830000 299
1512118830000 299
1512118830000 299
1512118830000 299
1512118830000 300
1512118830000 300
1512118830000 307
1512118830000 308
1512118830000 309
1512118830000 309
1512118830000 311
1512118830000 312
1512118840000 -6924
1512118840000 -6925
1512118840000 -6937
1512118840000 -6941
1512118840000 -6958
1512118840000 -6959
1512118840000 -6959
1512118840000 -6960
1512118840000 -6960
1512118840000 -6961
1512118840000 -6961
1512118840000 -6962
1512118840000 -6964
1512118840000 -6964
1512118840000 -6964
1512118840000 -6964
1512118840000 -6964
1512118840000 -6964
1512118840000 -6964
1512118840000 -6964
1512118840000 -6964
1512118840000 -6964
1512118840000 -6964
1512118840000 -6965
1512118840000 -6965
1512118840000 -6965
1512118840000 -6965
1512118840000 -6966
1512118840000 -7925
1512118840000 -7934
1512118840000 -7935
1512118840000 -7938
1512118840000 -7938
1512118840000 -7957
1512118840000 -7957
1512118840000 -7958
1512118840000 -7958
1512118840000 -7958
1512118840000 -7959
1512118840000 -7959
1512118840000 -7959
1512118840000 -7959
1512118840000 -7960
1512118840000 -7960
1512118840000 -7961
1512118840000 -7961
1512118840000 -7961
1512118840000 -7961
1512118840000 -7961
1512118840000 -7961
1512118840000 -7961
1512118840000 -7961
1512118840000 -7961
1512118840000 -7961
1512118840000 -7962
1512118840000 -7962
1512118840000 -7962
1512118840000 -7962
1512118840000 -7962
1512118840000 -7962
1512118840000 -7963
1512118840000 -7964
1512118840000 -7964
1512118840000 -7964
1512118840000 -7964
1512118840000 -7964
1512118840000 -7964
1512118840000 -7964
1512118840000 -7964
1512118840000 -7964
1512118840000 -7964
1512118840000 -7964
1512118840000 -7964
1512118840000 -7964
1512118840000 -7964
1512118840000 -7964
1512118840000 -7964
1512118840000 -7964
1512118840000 -7965
1512118840000 -7965
1512118840000 -7965
1512118840000 -7965
1512118840000 -7965
1512118840000 -7966
1512118840000 -7966
1512118840000 -8934
1512118840000 -8958
1512118840000 -8959
1512118840000 -8959
1512118840000 -8961
1512118840000 -8962
1512118840000 -8962
1512118840000 -8962
1512118840000 -8962
1512118840000 -8962
1512118840000 -8963
1512118840000 -8963
1512118840000 -8964
1512118840000 -8964
1512118840000 -8964
