1512080320000 894
1512080320000 894
1512080320000 894
1512080320000 895
1512080320000 895
1512080320000 895
1512080320000 895
1512080320000 895
1512080320000 895
1512080320000 895
1512080320000 895
1512080320000 895
1512080320000 896
1512080320000 896
1512080320000 896
1512080320000 896
1512080320000 897
1512080320000 897
1512080320000 897
1512080320000 897
1512080320000 897
1512080320000 897
1512080320000 897
1512080320000 897
1512080320000 898
1512080320000 898
1512080320000 898
1512080320000 898
1512080320000 898
1512080320000 898
1512080320000 898
1512080320000 898
1512080320000 898
1512080320000 898
1512080320000 898
1512080320000 898
1512080320000 899
1512080320000 899
1512080320000 899
1512080320000 899
1512080320000 899
1512080320000 899
1512080320000 899
1512080320000 899
1512080320000 899
1512080320000 899
1512080320000 899
1512080320000 899
1512080320000 899
1512080320000 899
1512080320000 899
1512080320000 899
1512080320000 899
1512080320000 899
1512080320000 900
1512080320000 900
1512080320000 900
1512080320000 900
1512080320000 900
1512080320000 900
1512080320000 900
1512080320000 900
1512080320000 900
1512080320000 900
1512080320000 900
1512080320000 900
1512080320000 900
1512080320000 900
1512080320000 901
1512080320000 901
1512080320000 901
1512080320000 901
1512080320000 901
1512080320000 901
1512080320000 901
1512080320000 901
1512080320000 901
1512080320000 901
1512080320000 902
1512080320000 902
1512080320000 902
1512080320000 902
1512080320000 902
1512080320000 902
1512080320000 902
1512080320000 902
1512080320000 902
1512080320000 902
1512080320000 902
1512080320000 903
1512080320000 903
1512080320000 903
1512080320000 936
1512080320000 936
1512080320000 937
1512080320000 937
1512080320000 937
1512080320000 938
1512080320000 938
1512080320000 938
1512080330000 1210
1512080330000 1210
1512080330000 1210
1512080330000 1211
1512080330000 1212
1512080330000 1212
1512080330000 1212
1512080330000 1212
1512080330000 1213
1512080330000 1213
1512080330000 1213
1512080330000 1213
1512080330000 1214
1512080330000 1214
1512080330000 1214
1512080330000 1214
1512080330000 1214
1512080330000 1214
1512080330000 1215
1512080330000 1215
1512080330000 1215
1512080330000 1215
1512080330000 1215
1512080330000 1215
1512080330000 1215
1512080330000 1215
1512080330000 1216
1512080330000 1216
1512080330000 1216
1512080330000 1216
1512080330000 1216
1512080330000 1216
1512080330000 1217
1512080330000 1217
1512080330000 1217
1512080330000 1217
1512080330000 1218
1512080330000 1218
1512080330000 1218
1512080330000 1218
1512080330000 1218
1512080330000 1218
1512080330000 1218
1512080330000 1218
1512080330000 1218
1512080330000 1218
1512080330000 1218
1512080330000 1218
1512080330000 1218
1512080330000 1218
1512080330000 1219
1512080330000 1219
1512080330000 1219
1512080330000 1219
1512080330000 1220
1512080330000 1220
1512080330000 1220
1512080330000 1220
1512080330000 1220
1512080330000 1220
1512080330000 1221
1512080330000 1221
1512080330000 1221
1512080330000 1221
1512080330000 1221
1512080330000 1221
1512080330000 1221
1512080330000 1222
1512080330000 1222
1512080330000 1222
1512080330000 1222
1512080330000 1222
1512080330000 1222
1512080330000 1222
1512080330000 1223
1512080330000 1223
1512080330000 1223
1512080330000 1223
1512080330000 1223
1512080330000 1223
1512080330000 1223
1512080330000 1223
1512080330000 1224
1512080330000 1224
1512080330000 1224
1512080330000 1224
1512080330000 1224
1512080330000 1224
1512080330000 1224
1512080330000 1224
1512080330000 1224
1512080330000 1224
1512080330000 1225
1512080330000 1225
1512080330000 1225
1512080330000 1225
1512080330000 1226
1512080330000 1226
1512080330000 1227
1512080330000 1227
1512080340000 892
1512080340000 893
1512080340000 894
1512080340000 894
1512080340000 894
1512080340000 894
1512080340000 894
1512080340000 894
1512080340000 894
1512080340000 895
1512080340000 895
1512080340000 895
1512080340000 895
1512080340000 895
1512080340000 895
1512080340000 895
1512080340000 895
1512080340000 896
1512080340000 896
1512080340000 896
1512080340000 896
1512080340000 896
1512080340000 896
1512080340000 897
1512080340000 897
1512080340000 897
1512080340000 897
1512080340000 897
1512080340000 897
1512080340000 897
1512080340000 897
1512080340000 898
1512080340000 898
1512080340000 898
1512080340000 898
1512080340000 898
1512080340000 898
1512080340000 898
1512080340000 898
1512080340000 898
1512080340000 898
1512080340000 898
1512080340000 899
1512080340000 899
1512080340000 899
1512080340000 899
1512080340000 899
1512080340000 899
1512080340000 899
1512080340000 899
1512080340000 899
1512080340000 899
1512080340000 899
1512080340000 899
1512080340000 899
1512080340000 899
1512080340000 899
1512080340000 899
1512080340000 899
1512080340000 900
1512080340000 900
1512080340000 900
1512080340000 900
1512080340000 900
1512080340000 900
1512080340000 900
1512080340000 900
1512080340000 900
1512080340000 900
1512080340000 900
1512080340000 900
1512080340000 900
1512080340000 900
1512080340000 901
1512080340000 901
1512080340000 901
1512080340000 901
1512080340000 901
1512080340000 902
1512080340000 905
1512080340000 906
1512080340000 906
1512080340000 906
1512080340000 906
1512080340000 907
1512080340000 913
1512080340000 914
1512080340000 914
1512080340000 918
1512080340000 919
1512080340000 919
1512080340000 919
1512080340000 924
1512080340000 924
1512080340000 924
1512080340000 924
1512080340000 925
1512080340000 925
1512080340000 925
1512080340000 925
1512080350000 906
1512080350000 906
1512080350000 907
1512080350000 907
1512080350000 907
1512080350000 907
1512080350000 907
1512080350000 907
1512080350000 908
1512080350000 908
1512080350000 908
1512080350000 908
1512080350000 908
1512080350000 908
1512080350000 909
1512080350000 909
1512080350000 909
1512080350000 909
1512080350000 909
1512080350000 909
1512080350000 909
1512080350000 909
1512080350000 909
1512080350000 910
1512080350000 910
1512080350000 910
1512080350000 910
1512080350000 910
1512080350000 910
1512080350000 910
1512080350000 910
1512080350000 910
1512080350000 910
1512080350000 911
1512080350000 911
1512080350000 911
1512080350000 911
1512080350000 911
1512080350000 911
1512080350000 911
1512080350000 911
1512080350000 911
1512080350000 911
1512080350000 911
1512080350000 911
1512080350000 911
1512080350000 911
1512080350000 911
1512080350000 911
1512080350000 911
1512080350000 911
1512080350000 911
1512080350000 911
1512080350000 912
1512080350000 912
1512080350000 912
1512080350000 912
1512080350000 912
1512080350000 912
1512080350000 912
1512080350000 912
1512080350000 912
1512080350000 912
1512080350000 912
1512080350000 912
1512080350000 912
1512080350000 912
1512080350000 912
1512080350000 912
1512080350000 912
1512080350000 913
1512080350000 913
1512080350000 913
1512080350000 913
1512080350000 913
1512080350000 913
1512080350000 913
1512080350000 913
1512080350000 913
1512080350000 913
1512080350000 913
1512080350000 913
1512080350000 913
1512080350000 913
1512080350000 914
1512080350000 914
1512080350000 914
1512080350000 922
1512080350000 922
1512080350000 922
1512080350000 923
1512080350000 923
1512080350000 944
1512080350000 945
1512080350000 945
1512080350000 945
1512080350000 945
1512080350000 945
1512080350000 945
1512080350000 946
1512080360000 843
1512080360000 843
1512080360000 844
1512080360000 844
1512080360000 845
1512080360000 845
1512080360000 845
1512080360000 846
1512080360000 846
1512080360000 846
1512080360000 846
1512080360000 847
1512080360000 847
1512080360000 847
1512080360000 848
1512080360000 848
1512080360000 848
1512080360000 848
1512080360000 848
1512080360000 848
1512080360000 848
1512080360000 848
1512080360000 848
1512080360000 849
1512080360000 849
1512080360000 849
1512080360000 849
1512080360000 849
1512080360000 850
1512080360000 850
1512080360000 850
1512080360000 850
1512080360000 850
1512080360000 850
1512080360000 851
1512080360000 851
1512080360000 851
1512080360000 851
1512080360000 851
1512080360000 851
1512080360000 851
1512080360000 851
1512080360000 851
1512080360000 851
1512080360000 852
1512080360000 852
1512080360000 852
1512080360000 852
1512080360000 852
1512080360000 852
1512080360000 852
1512080360000 852
1512080360000 852
1512080360000 852
1512080360000 853
1512080360000 853
1512080360000 853
1512080360000 853
1512080360000 853
1512080360000 853
1512080360000 853
1512080360000 853
1512080360000 853
1512080360000 853
1512080360000 853
1512080360000 853
1512080360000 854
1512080360000 854
1512080360000 854
1512080360000 854
1512080360000 854
1512080360000 854
1512080360000 854
1512080360000 854
1512080360000 854
1512080360000 854
1512080360000 854
1512080360000 854
1512080360000 854
1512080360000 855
1512080360000 855
1512080360000 855
1512080360000 855
1512080360000 855
1512080360000 855
1512080360000 855
1512080360000 855
1512080360000 855
1512080360000 855
1512080360000 855
1512080360000 855
1512080360000 855
1512080360000 855
1512080360000 855
1512080360000 855
1512080360000 856
1512080360000 856
1512080360000 856
1512080360000 856
1512080360000 856
1512080370000 871
1512080370000 871
1512080370000 872
1512080370000 872
1512080370000 872
1512080370000 873
1512080370000 873
1512080370000 873
1512080370000 873
1512080370000 873
1512080370000 873
1512080370000 874
1512080370000 874
1512080370000 874
1512080370000 875
1512080370000 875
1512080370000 875
1512080370000 875
1512080370000 875
1512080370000 875
1512080370000 875
1512080370000 875
1512080370000 875
1512080370000 876
1512080370000 876
1512080370000 876
1512080370000 877
1512080370000 877
1512080370000 877
1512080370000 877
1512080370000 877
1512080370000 877
1512080370000 877
1512080370000 877
1512080370000 877
1512080370000 878
1512080370000 878
1512080370000 878
1512080370000 878
1512080370000 878
1512080370000 878
1512080370000 878
1512080370000 878
1512080370000 879
1512080370000 879
1512080370000 879
1512080370000 879
1512080370000 879
1512080370000 879
1512080370000 879
1512080370000 879
1512080370000 879
1512080370000 879
1512080370000 879
1512080370000 879
1512080370000 879
1512080370000 879
1512080370000 880
1512080370000 880
1512080370000 880
1512080370000 880
1512080370000 880
1512080370000 880
1512080370000 880
1512080370000 880
1512080370000 880
1512080370000 880
1512080370000 880
1512080370000 881
1512080370000 881
1512080370000 881
1512080370000 881
1512080370000 881
1512080370000 881
1512080370000 881
1512080370000 881
1512080370000 881
1512080370000 882
1512080370000 882
1512080370000 882
1512080370000 882
1512080370000 883
1512080370000 883
1512080370000 884
1512080370000 893
1512080370000 895
1512080370000 895
1512080370000 896
1512080370000 900
1512080370000 900
1512080370000 900
1512080370000 900
1512080370000 901
1512080370000 901
1512080370000 901
1512080370000 901
1512080370000 901
1512080370000 901
1512080370000 901
1512080370000 901
1512080380000 822
1512080380000 822
1512080380000 822
1512080380000 823
1512080380000 825
1512080380000 826
1512080380000 826
1512080380000 826
1512080380000 826
1512080380000 826
1512080380000 827
1512080380000 827
1512080380000 828
1512080380000 828
1512080380000 828
1512080380000 828
1512080380000 829
1512080380000 829
1512080380000 829
1512080380000 829
1512080380000 829
1512080380000 829
1512080380000 829
1512080380000 829
1512080380000 830
1512080380000 830
1512080380000 830
1512080380000 830
1512080380000 830
1512080380000 830
1512080380000 830
1512080380000 830
1512080380000 830
1512080380000 830
1512080380000 830
1512080380000 830
1512080380000 830
1512080380000 830
1512080380000 831
1512080380000 831
1512080380000 831
1512080380000 831
1512080380000 831
1512080380000 831
1512080380000 831
1512080380000 831
1512080380000 831
1512080380000 831
1512080380000 831
1512080380000 831
1512080380000 831
1512080380000 831
1512080380000 831
1512080380000 831
1512080380000 831
1512080380000 831
1512080380000 831
1512080380000 831
1512080380000 831
1512080380000 831
1512080380000 831
1512080380000 832
1512080380000 832
1512080380000 832
1512080380000 832
1512080380000 832
1512080380000 832
1512080380000 832
1512080380000 832
1512080380000 832
1512080380000 832
1512080380000 832
1512080380000 832
1512080380000 832
1512080380000 832
1512080380000 832
1512080380000 832
1512080380000 832
1512080380000 833
1512080380000 833
1512080380000 833
1512080380000 833
1512080380000 833
1512080380000 833
1512080380000 834
1512080380000 845
1512080380000 846
1512080380000 846
1512080380000 847
1512080380000 852
1512080380000 852
1512080380000 852
1512080380000 853
1512080380000 853
1512080380000 853
1512080380000 853
1512080380000 853
1512080380000 857
1512080380000 858
1512080380000 858
1512080390000 513
1512080390000 514
1512080390000 515
1512080390000 515
1512080390000 515
1512080390000 515
1512080390000 515
1512080390000 516
1512080390000 516
1512080390000 517
1512080390000 517
1512080390000 518
1512080390000 518
1512080390000 518
1512080390000 518
1512080390000 518
1512080390000 518
1512080390000 519
1512080390000 519
1512080390000 519
1512080390000 520
1512080390000 520
1512080390000 521
1512080390000 521
1512080390000 521
1512080390000 521
1512080390000 521
1512080390000 521
1512080390000 521
1512080390000 521
1512080390000 522
1512080390000 522
1512080390000 522
1512080390000 522
1512080390000 522
1512080390000 522
1512080390000 522
1512080390000 522
1512080390000 522
1512080390000 522
1512080390000 522
1512080390000 522
1512080390000 523
1512080390000 523
1512080390000 524
1512080390000 524
1512080390000 524
1512080390000 524
1512080390000 524
1512080390000 524
1512080390000 524
1512080390000 524
1512080390000 524
1512080390000 524
1512080390000 524
1512080390000 524
1512080390000 524
1512080390000 524
1512080390000 524
1512080390000 525
1512080390000 525
1512080390000 525
1512080390000 525
1512080390000 525
1512080390000 525
1512080390000 525
1512080390000 525
1512080390000 525
1512080390000 525
1512080390000 525
1512080390000 525
1512080390000 525
1512080390000 526
1512080390000 526
1512080390000 526
1512080390000 526
1512080390000 526
1512080390000 526
1512080390000 526
1512080390000 526
1512080390000 526
1512080390000 526
1512080390000 526
1512080390000 526
1512080390000 526
1512080390000 526
1512080390000 526
1512080390000 526
1512080390000 526
1512080390000 526
1512080390000 526
1512080390000 527
1512080390000 527
1512080390000 527
1512080390000 527
1512080390000 527
1512080390000 527
1512080390000 527
1512080390000 528
1512080390000 528
1512080400000 837
1512080400000 841
1512080400000 841
1512080400000 841
1512080400000 841
1512080400000 842
1512080400000 842
1512080400000 842
1512080400000 842
1512080400000 842
1512080400000 843
1512080400000 843
1512080400000 844
1512080400000 844
1512080400000 844
1512080400000 844
1512080400000 844
1512080400000 844
1512080400000 844
1512080400000 844
1512080400000 845
1512080400000 845
1512080400000 845
1512080400000 845
1512080400000 845
1512080400000 845
1512080400000 845
1512080400000 845
1512080400000 846
1512080400000 846
1512080400000 846
1512080400000 846
1512080400000 846
1512080400000 846
1512080400000 846
1512080400000 846
1512080400000 846
1512080400000 846
1512080400000 847
1512080400000 847
1512080400000 847
1512080400000 847
1512080400000 847
1512080400000 847
1512080400000 847
1512080400000 847
1512080400000 847
1512080400000 848
1512080400000 848
1512080400000 848
1512080400000 848
1512080400000 848
1512080400000 848
1512080400000 848
1512080400000 848
1512080400000 848
1512080400000 848
1512080400000 848
1512080400000 849
1512080400000 849
1512080400000 849
1512080400000 849
1512080400000 849
1512080400000 849
1512080400000 849
1512080400000 849
1512080400000 849
1512080400000 849
1512080400000 849
1512080400000 849
1512080400000 849
1512080400000 850
1512080400000 850
1512080400000 850
1512080400000 850
1512080400000 850
1512080400000 850
1512080400000 850
1512080400000 850
1512080400000 850
1512080400000 850
1512080400000 851
1512080400000 851
1512080400000 851
1512080400000 851
1512080400000 852
1512080400000 852
1512080400000 860
1512080400000 861
1512080400000 861
1512080400000 861
1512080400000 861
1512080400000 861
1512080400000 861
1512080400000 862
1512080400000 869
1512080400000 871
1512080400000 872
1512080400000 872
1512080400000 872
1512080410000 830
1512080410000 830
1512080410000 831
1512080410000 831
1512080410000 831
1512080410000 831
1512080410000 831
1512080410000 831
1512080410000 832
1512080410000 832
1512080410000 832
1512080410000 832
1512080410000 832
1512080410000 832
1512080410000 832
1512080410000 832
1512080410000 832
1512080410000 832
1512080410000 832
1512080410000 833
1512080410000 833
1512080410000 833
1512080410000 833
1512080410000 833
1512080410000 833
1512080410000 833
1512080410000 833
1512080410000 834
1512080410000 834
1512080410000 834
1512080410000 834
1512080410000 835
1512080410000 835
1512080410000 835
1512080410000 835
1512080410000 835
1512080410000 835
1512080410000 836
1512080410000 836
1512080410000 836
1512080410000 836
1512080410000 836
1512080410000 836
1512080410000 836
1512080410000 836
1512080410000 836
1512080410000 836
1512080410000 837
1512080410000 837
1512080410000 837
1512080410000 837
1512080410000 837
1512080410000 837
1512080410000 837
1512080410000 837
1512080410000 837
1512080410000 837
1512080410000 838
1512080410000 838
1512080410000 838
1512080410000 838
1512080410000 838
1512080410000 838
1512080410000 838
1512080410000 838
1512080410000 838
1512080410000 838
1512080410000 838
1512080410000 838
1512080410000 839
1512080410000 839
1512080410000 839
1512080410000 839
1512080410000 839
1512080410000 839
1512080410000 839
1512080410000 839
1512080410000 839
1512080410000 839
1512080410000 840
1512080410000 840
1512080410000 840
1512080410000 840
1512080410000 840
1512080410000 841
1512080410000 862
1512080410000 862
1512080410000 862
1512080410000 867
1512080410000 868
1512080410000 868
1512080410000 868
1512080410000 869
1512080410000 869
1512080410000 869
1512080410000 869
1512080410000 870
1512080410000 870
1512080410000 870
1512080410000 870
1512080420000 463
1512080420000 465
1512080420000 466
1512080420000 466
1512080420000 466
1512080420000 466
1512080420000 466
1512080420000 467
1512080420000 467
1512080420000 467
1512080420000 467
1512080420000 467
1512080420000 467
1512080420000 468
1512080420000 468
1512080420000 468
1512080420000 468
1512080420000 468
1512080420000 468
1512080420000 468
1512080420000 468
1512080420000 468
1512080420000 469
1512080420000 469
1512080420000 469
1512080420000 469
1512080420000 469
1512080420000 469
1512080420000 469
1512080420000 469
1512080420000 469
1512080420000 469
1512080420000 470
1512080420000 470
1512080420000 470
1512080420000 470
1512080420000 470
1512080420000 470
1512080420000 470
1512080420000 470
1512080420000 470
1512080420000 470
1512080420000 470
1512080420000 471
1512080420000 471
1512080420000 471
1512080420000 471
1512080420000 471
1512080420000 471
1512080420000 471
1512080420000 471
1512080420000 471
1512080420000 471
1512080420000 471
1512080420000 471
1512080420000 471
1512080420000 471
1512080420000 471
1512080420000 471
1512080420000 472
1512080420000 472
1512080420000 472
1512080420000 472
1512080420000 472
1512080420000 472
1512080420000 472
1512080420000 472
1512080420000 472
1512080420000 472
1512080420000 472
1512080420000 472
1512080420000 472
1512080420000 472
1512080420000 473
1512080420000 473
1512080420000 473
1512080420000 473
1512080420000 473
1512080420000 473
1512080420000 473
1512080420000 473
1512080420000 473
1512080420000 473
1512080420000 473
1512080420000 473
1512080420000 474
1512080420000 474
1512080420000 474
1512080420000 474
1512080420000 474
1512080420000 474
1512080420000 474
1512080420000 474
1512080420000 475
1512080420000 475
1512080420000 475
1512080420000 475
1512080420000 522
1512080420000 523
1512080420000 523
1512080430000 794
1512080430000 795
1512080430000 795
1512080430000 795
1512080430000 795
1512080430000 795
1512080430000 795
1512080430000 795
1512080430000 796
1512080430000 796
1512080430000 796
1512080430000 796
1512080430000 796
1512080430000 796
1512080430000 796
1512080430000 796
1512080430000 796
1512080430000 796
1512080430000 796
1512080430000 796
1512080430000 797
1512080430000 797
1512080430000 797
1512080430000 797
1512080430000 797
1512080430000 797
1512080430000 797
1512080430000 797
1512080430000 797
1512080430000 798
1512080430000 798
1512080430000 798
1512080430000 798
1512080430000 798
1512080430000 798
1512080430000 798
1512080430000 798
1512080430000 798
1512080430000 798
1512080430000 798
1512080430000 798
1512080430000 798
1512080430000 798
1512080430000 798
1512080430000 798
1512080430000 798
1512080430000 798
1512080430000 798
1512080430000 798
1512080430000 798
1512080430000 799
1512080430000 799
1512080430000 799
1512080430000 799
1512080430000 799
1512080430000 799
1512080430000 799
1512080430000 799
1512080430000 799
1512080430000 799
1512080430000 799
1512080430000 799
1512080430000 799
1512080430000 799
1512080430000 799
1512080430000 799
1512080430000 800
1512080430000 800
1512080430000 800
1512080430000 800
1512080430000 800
1512080430000 800
1512080430000 800
1512080430000 800
1512080430000 800
1512080430000 800
1512080430000 800
1512080430000 800
1512080430000 801
1512080430000 801
1512080430000 801
1512080430000 801
1512080430000 801
1512080430000 801
1512080430000 801
1512080430000 802
1512080430000 802
1512080430000 802
1512080430000 802
1512080430000 802
1512080430000 802
1512080430000 803
1512080430000 832
1512080430000 832
1512080430000 833
1512080430000 833
1512080430000 833
1512080430000 833
1512080430000 833
1512080430000 834
1512080440000 450
1512080440000 451
1512080440000 452
1512080440000 452
1512080440000 452
1512080440000 452
1512080440000 452
1512080440000 453
1512080440000 453
1512080440000 453
1512080440000 453
1512080440000 453
1512080440000 453
1512080440000 453
1512080440000 453
1512080440000 453
1512080440000 454
1512080440000 454
1512080440000 454
1512080440000 454
1512080440000 454
1512080440000 454
1512080440000 454
1512080440000 454
1512080440000 454
1512080440000 455
1512080440000 455
1512080440000 455
1512080440000 455
1512080440000 455
1512080440000 455
1512080440000 455
1512080440000 455
1512080440000 455
1512080440000 455
1512080440000 455
1512080440000 455
1512080440000 455
1512080440000 455
1512080440000 455
1512080440000 456
1512080440000 456
1512080440000 456
1512080440000 456
1512080440000 456
1512080440000 456
1512080440000 456
1512080440000 456
1512080440000 456
1512080440000 456
1512080440000 456
1512080440000 456
1512080440000 456
1512080440000 456
1512080440000 456
1512080440000 456
1512080440000 456
1512080440000 456
1512080440000 457
1512080440000 457
1512080440000 457
1512080440000 457
1512080440000 457
1512080440000 457
1512080440000 457
1512080440000 457
1512080440000 457
1512080440000 457
1512080440000 457
1512080440000 457
1512080440000 457
1512080440000 457
1512080440000 457
1512080440000 458
1512080440000 458
1512080440000 458
1512080440000 458
1512080440000 458
1512080440000 458
1512080440000 458
1512080440000 458
1512080440000 459
1512080440000 461
1512080440000 461
1512080440000 461
1512080440000 461
1512080440000 461
1512080440000 461
1512080440000 461
1512080440000 461
1512080440000 462
1512080440000 462
1512080440000 488
1512080440000 488
1512080440000 489
1512080440000 489
1512080440000 489
1512080440000 489
1512080440000 489
1512080440000 490
1512080450000 863
1512080450000 864
1512080450000 864
1512080450000 864
1512080450000 865
1512080450000 865
1512080450000 865
1512080450000 865
1512080450000 865
1512080450000 865
1512080450000 865
1512080450000 866
1512080450000 866
1512080450000 866
1512080450000 866
1512080450000 867
1512080450000 867
1512080450000 867
1512080450000 867
1512080450000 867
1512080450000 867
1512080450000 867
1512080450000 867
1512080450000 867
1512080450000 867
1512080450000 867
1512080450000 867
1512080450000 867
1512080450000 868
1512080450000 868
1512080450000 868
1512080450000 868
1512080450000 868
1512080450000 868
1512080450000 868
1512080450000 868
1512080450000 869
1512080450000 869
1512080450000 869
1512080450000 869
1512080450000 869
1512080450000 869
1512080450000 869
1512080450000 869
1512080450000 869
1512080450000 869
1512080450000 869
1512080450000 869
1512080450000 869
1512080450000 869
1512080450000 869
1512080450000 869
1512080450000 870
1512080450000 870
1512080450000 870
1512080450000 870
1512080450000 870
1512080450000 870
1512080450000 870
1512080450000 870
1512080450000 870
1512080450000 870
1512080450000 870
1512080450000 870
1512080450000 870
1512080450000 870
1512080450000 870
1512080450000 870
1512080450000 870
1512080450000 870
1512080450000 870
1512080450000 870
1512080450000 870
1512080450000 871
1512080450000 871
1512080450000 871
1512080450000 871
1512080450000 871
1512080450000 871
1512080450000 871
1512080450000 871
1512080450000 871
1512080450000 871
1512080450000 872
1512080450000 872
1512080450000 872
1512080450000 872
1512080450000 872
1512080450000 872
1512080450000 872
1512080450000 872
1512080450000 873
1512080450000 873
1512080450000 873
1512080450000 873
1512080450000 874
1512080450000 892
1512080450000 894
1512080450000 894
1512080450000 895
1512080460000 858
1512080460000 859
1512080460000 859
1512080460000 859
1512080460000 860
1512080460000 861
1512080460000 862
1512080460000 862
1512080460000 862
1512080460000 862
1512080460000 863
1512080460000 863
1512080460000 863
1512080460000 864
1512080460000 864
1512080460000 864
1512080460000 864
1512080460000 864
1512080460000 864
1512080460000 864
1512080460000 864
1512080460000 864
1512080460000 864
1512080460000 864
1512080460000 864
1512080460000 865
1512080460000 865
1512080460000 865
1512080460000 865
1512080460000 865
1512080460000 865
1512080460000 865
1512080460000 865
1512080460000 865
1512080460000 865
1512080460000 865
1512080460000 865
1512080460000 865
1512080460000 866
1512080460000 866
1512080460000 866
1512080460000 866
1512080460000 866
1512080460000 866
1512080460000 866
1512080460000 866
1512080460000 866
1512080460000 866
1512080460000 866
1512080460000 866
1512080460000 866
1512080460000 867
1512080460000 867
1512080460000 867
1512080460000 867
1512080460000 867
1512080460000 867
1512080460000 867
1512080460000 867
1512080460000 867
1512080460000 867
1512080460000 867
1512080460000 867
1512080460000 867
1512080460000 868
1512080460000 868
1512080460000 868
1512080460000 868
1512080460000 868
1512080460000 868
1512080460000 868
1512080460000 868
1512080460000 868
1512080460000 868
1512080460000 868
1512080460000 869
1512080460000 869
1512080460000 869
1512080460000 869
1512080460000 869
1512080460000 869
1512080460000 869
1512080460000 869
1512080460000 869
1512080460000 870
1512080460000 870
1512080460000 871
1512080460000 871
1512080460000 872
1512080460000 872
1512080460000 872
1512080460000 872
1512080460000 873
1512080460000 873
1512080460000 873
1512080460000 873
1512080460000 874
1512080460000 882
1512080460000 882
1512080460000 882
1512080470000 851
1512080470000 851
1512080470000 851
1512080470000 852
1512080470000 853
1512080470000 853
1512080470000 853
1512080470000 853
1512080470000 853
1512080470000 854
1512080470000 854
1512080470000 854
1512080470000 855
1512080470000 855
1512080470000 855
1512080470000 855
1512080470000 855
1512080470000 856
1512080470000 856
1512080470000 856
1512080470000 856
1512080470000 856
1512080470000 856
1512080470000 856
1512080470000 856
1512080470000 856
1512080470000 857
1512080470000 857
1512080470000 857
1512080470000 857
1512080470000 857
1512080470000 857
1512080470000 857
1512080470000 857
1512080470000 857
1512080470000 858
1512080470000 858
1512080470000 858
1512080470000 858
1512080470000 858
1512080470000 858
1512080470000 858
1512080470000 858
1512080470000 859
1512080470000 859
1512080470000 859
1512080470000 859
1512080470000 859
1512080470000 859
1512080470000 859
1512080470000 859
1512080470000 859
1512080470000 859
1512080470000 859
1512080470000 859
1512080470000 860
1512080470000 860
1512080470000 860
1512080470000 860
1512080470000 860
1512080470000 860
1512080470000 860
1512080470000 860
1512080470000 860
1512080470000 860
1512080470000 860
1512080470000 860
1512080470000 860
1512080470000 860
1512080470000 860
1512080470000 860
1512080470000 860
1512080470000 860
1512080470000 861
1512080470000 861
1512080470000 861
1512080470000 861
1512080470000 861
1512080470000 861
1512080470000 861
1512080470000 862
1512080470000 862
1512080470000 862
1512080470000 862
1512080470000 862
1512080470000 863
1512080470000 863
1512080470000 865
1512080470000 866
1512080470000 866
1512080470000 867
1512080470000 867
1512080470000 888
1512080470000 888
1512080470000 889
1512080470000 889
1512080470000 889
1512080470000 889
1512080470000 889
1512080470000 889
1512080480000 851
1512080480000 851
1512080480000 851
1512080480000 851
1512080480000 852
1512080480000 852
1512080480000 852
1512080480000 852
1512080480000 852
1512080480000 853
1512080480000 853
1512080480000 853
1512080480000 853
1512080480000 853
1512080480000 853
1512080480000 853
1512080480000 853
1512080480000 853
1512080480000 853
1512080480000 853
1512080480000 854
1512080480000 854
1512080480000 854
1512080480000 854
1512080480000 854
1512080480000 854
1512080480000 855
1512080480000 855
1512080480000 855
1512080480000 855
1512080480000 855
1512080480000 855
1512080480000 855
1512080480000 855
1512080480000 855
1512080480000 855
1512080480000 855
1512080480000 855
1512080480000 855
1512080480000 855
1512080480000 856
1512080480000 856
1512080480000 856
1512080480000 856
1512080480000 856
1512080480000 856
1512080480000 856
1512080480000 856
1512080480000 856
1512080480000 856
1512080480000 856
1512080480000 856
1512080480000 856
1512080480000 856
1512080480000 857
1512080480000 857
1512080480000 857
1512080480000 857
1512080480000 857
1512080480000 857
1512080480000 857
1512080480000 857
1512080480000 857
1512080480000 857
1512080480000 857
1512080480000 857
1512080480000 857
1512080480000 857
1512080480000 857
1512080480000 857
1512080480000 857
1512080480000 857
1512080480000 857
1512080480000 858
1512080480000 858
1512080480000 858
1512080480000 858
1512080480000 858
1512080480000 858
1512080480000 858
1512080480000 858
1512080480000 858
1512080480000 858
1512080480000 858
1512080480000 858
1512080480000 858
1512080480000 858
1512080480000 858
1512080480000 859
1512080480000 859
1512080480000 859
1512080480000 859
1512080480000 859
1512080480000 859
1512080480000 859
1512080480000 859
1512080480000 860
1512080480000 894
1512080480000 895
1512080480000 895
1512080490000 829
1512080490000 831
1512080490000 831
1512080490000 831
1512080490000 831
1512080490000 831
1512080490000 833
1512080490000 833
1512080490000 833
1512080490000 833
1512080490000 833
1512080490000 833
1512080490000 833
1512080490000 833
1512080490000 834
1512080490000 834
1512080490000 834
1512080490000 834
1512080490000 834
1512080490000 834
1512080490000 834
1512080490000 834
1512080490000 834
1512080490000 834
1512080490000 834
1512080490000 834
1512080490000 835
1512080490000 835
1512080490000 835
1512080490000 835
1512080490000 835
1512080490000 835
1512080490000 835
1512080490000 835
1512080490000 835
1512080490000 835
1512080490000 835
1512080490000 835
1512080490000 835
1512080490000 836
1512080490000 836
1512080490000 836
1512080490000 836
1512080490000 836
1512080490000 836
1512080490000 836
1512080490000 836
1512080490000 836
1512080490000 836
1512080490000 836
1512080490000 836
1512080490000 836
1512080490000 836
1512080490000 836
1512080490000 836
1512080490000 836
1512080490000 836
1512080490000 836
1512080490000 836
1512080490000 836
1512080490000 836
1512080490000 836
1512080490000 836
1512080490000 836
1512080490000 836
1512080490000 837
1512080490000 837
1512080490000 837
1512080490000 837
1512080490000 837
1512080490000 837
1512080490000 837
1512080490000 837
1512080490000 837
1512080490000 837
1512080490000 838
1512080490000 838
1512080490000 838
1512080490000 838
1512080490000 838
1512080490000 839
1512080490000 850
1512080490000 850
1512080490000 850
1512080490000 851
1512080490000 851
1512080490000 852
1512080490000 852
1512080490000 853
1512080490000 860
1512080490000 861
1512080490000 861
1512080490000 861
1512080490000 861
1512080490000 861
1512080490000 861
1512080490000 862
1512080490000 867
1512080490000 867
1512080490000 867
1512080500000 798
1512080500000 799
1512080500000 800
1512080500000 800
1512080500000 800
1512080500000 800
1512080500000 800
1512080500000 800
1512080500000 801
1512080500000 801
1512080500000 801
1512080500000 801
1512080500000 802
1512080500000 802
1512080500000 802
1512080500000 802
1512080500000 802
1512080500000 802
1512080500000 802
1512080500000 802
1512080500000 802
1512080500000 803
1512080500000 803
1512080500000 803
1512080500000 803
1512080500000 803
1512080500000 803
1512080500000 803
1512080500000 803
1512080500000 803
1512080500000 803
1512080500000 803
1512080500000 803
1512080500000 804
1512080500000 804
1512080500000 804
1512080500000 804
1512080500000 804
1512080500000 804
1512080500000 804
1512080500000 804
1512080500000 804
1512080500000 804
1512080500000 804
1512080500000 804
1512080500000 804
1512080500000 804
1512080500000 804
1512080500000 804
1512080500000 804
1512080500000 804
1512080500000 805
1512080500000 805
1512080500000 805
1512080500000 805
1512080500000 805
1512080500000 805
1512080500000 805
1512080500000 805
1512080500000 805
1512080500000 805
1512080500000 805
1512080500000 805
1512080500000 806
1512080500000 806
1512080500000 806
1512080500000 806
1512080500000 806
1512080500000 806
1512080500000 806
1512080500000 806
1512080500000 806
1512080500000 806
1512080500000 807
1512080500000 807
1512080500000 807
1512080500000 807
1512080500000 807
1512080500000 807
1512080500000 807
1512080500000 807
1512080500000 807
1512080500000 807
1512080500000 807
1512080500000 808
1512080500000 808
1512080500000 808
1512080500000 808
1512080500000 808
1512080500000 835
1512080500000 835
1512080500000 836
1512080500000 836
1512080500000 837
1512080500000 837
1512080500000 837
1512080500000 837
1512080500000 837
1512080500000 837
1512080500000 838
1512080510000 847
1512080510000 847
1512080510000 848
1512080510000 848
1512080510000 848
1512080510000 848
1512080510000 849
1512080510000 849
1512080510000 849
1512080510000 849
1512080510000 849
1512080510000 849
1512080510000 849
1512080510000 849
1512080510000 849
1512080510000 850
1512080510000 850
1512080510000 850
1512080510000 850
1512080510000 850
1512080510000 850
1512080510000 850
1512080510000 850
1512080510000 850
1512080510000 850
1512080510000 850
1512080510000 850
1512080510000 851
1512080510000 851
1512080510000 851
1512080510000 851
1512080510000 851
1512080510000 851
1512080510000 851
1512080510000 851
1512080510000 851
1512080510000 851
1512080510000 851
1512080510000 851
1512080510000 851
1512080510000 851
1512080510000 852
1512080510000 852
1512080510000 852
1512080510000 852
1512080510000 852
1512080510000 852
1512080510000 852
1512080510000 852
1512080510000 853
1512080510000 853
1512080510000 853
1512080510000 853
1512080510000 853
1512080510000 853
1512080510000 853
1512080510000 853
1512080510000 853
1512080510000 853
1512080510000 853
1512080510000 853
1512080510000 853
1512080510000 853
1512080510000 853
1512080510000 853
1512080510000 854
1512080510000 854
1512080510000 854
1512080510000 854
1512080510000 854
1512080510000 854
1512080510000 854
1512080510000 854
1512080510000 854
1512080510000 854
1512080510000 854
1512080510000 854
1512080510000 855
1512080510000 855
1512080510000 855
1512080510000 855
1512080510000 855
1512080510000 855
1512080510000 855
1512080510000 855
1512080510000 855
1512080510000 855
1512080510000 855
1512080510000 855
1512080510000 855
1512080510000 855
1512080510000 855
1512080510000 856
1512080510000 856
1512080510000 856
1512080510000 856
1512080510000 856
1512080510000 857
1512080510000 884
1512080510000 885
1512080520000 846
1512080520000 848
1512080520000 848
1512080520000 848
1512080520000 848
1512080520000 848
1512080520000 848
1512080520000 849
1512080520000 850
1512080520000 850
1512080520000 850
1512080520000 850
1512080520000 850
1512080520000 850
1512080520000 850
1512080520000 851
1512080520000 851
1512080520000 851
1512080520000 851
1512080520000 851
1512080520000 851
1512080520000 851
1512080520000 851
1512080520000 852
1512080520000 852
1512080520000 852
1512080520000 852
1512080520000 853
1512080520000 853
1512080520000 853
1512080520000 853
1512080520000 853
1512080520000 853
1512080520000 853
1512080520000 854
1512080520000 854
1512080520000 854
1512080520000 854
1512080520000 854
1512080520000 854
1512080520000 854
1512080520000 854
1512080520000 854
1512080520000 854
1512080520000 854
1512080520000 855
1512080520000 855
1512080520000 855
1512080520000 855
1512080520000 855
1512080520000 855
1512080520000 855
1512080520000 855
1512080520000 855
1512080520000 855
1512080520000 855
1512080520000 855
1512080520000 855
1512080520000 855
1512080520000 855
1512080520000 855
1512080520000 855
1512080520000 855
1512080520000 856
1512080520000 856
1512080520000 856
1512080520000 856
1512080520000 856
1512080520000 856
1512080520000 856
1512080520000 856
1512080520000 856
1512080520000 856
1512080520000 856
1512080520000 856
1512080520000 856
1512080520000 857
1512080520000 857
1512080520000 857
1512080520000 857
1512080520000 857
1512080520000 857
1512080520000 857
1512080520000 858
1512080520000 858
1512080520000 861
1512080520000 861
1512080520000 862
1512080520000 862
1512080520000 862
1512080520000 862
1512080520000 863
1512080520000 863
1512080520000 871
1512080520000 874
1512080520000 874
1512080520000 874
1512080520000 875
1512080520000 875
1512080520000 875
1512080530000 863
1512080530000 864
1512080530000 864
1512080530000 864
1512080530000 864
1512080530000 865
1512080530000 865
1512080530000 865
1512080530000 865
1512080530000 866
1512080530000 866
1512080530000 866
1512080530000 866
1512080530000 866
1512080530000 866
1512080530000 866
1512080530000 867
1512080530000 867
1512080530000 867
1512080530000 867
1512080530000 867
1512080530000 867
1512080530000 867
1512080530000 867
1512080530000 867
1512080530000 868
1512080530000 868
1512080530000 868
1512080530000 868
1512080530000 868
1512080530000 868
1512080530000 868
1512080530000 868
1512080530000 868
1512080530000 868
1512080530000 869
1512080530000 869
1512080530000 869
1512080530000 869
1512080530000 869
1512080530000 869
1512080530000 869
1512080530000 869
1512080530000 869
1512080530000 869
1512080530000 870
1512080530000 870
1512080530000 870
1512080530000 870
1512080530000 870
1512080530000 870
1512080530000 870
1512080530000 870
1512080530000 870
1512080530000 870
1512080530000 870
1512080530000 870
1512080530000 870
1512080530000 870
1512080530000 871
1512080530000 871
1512080530000 871
1512080530000 871
1512080530000 871
1512080530000 871
1512080530000 871
1512080530000 871
1512080530000 871
1512080530000 871
1512080530000 871
1512080530000 871
1512080530000 871
1512080530000 871
1512080530000 871
1512080530000 871
1512080530000 871
1512080530000 871
1512080530000 871
1512080530000 872
1512080530000 872
1512080530000 872
1512080530000 872
1512080530000 872
1512080530000 872
1512080530000 872
1512080530000 872
1512080530000 872
1512080530000 873
1512080530000 873
1512080530000 873
1512080530000 875
1512080530000 876
1512080530000 900
1512080530000 900
1512080530000 900
1512080530000 900
1512080530000 901
1512080530000 901
1512080530000 901
1512080530000 901
1512080540000 954
1512080540000 955
1512080540000 955
1512080540000 955
1512080540000 955
1512080540000 955
1512080540000 955
1512080540000 956
1512080540000 956
1512080540000 956
1512080540000 957
1512080540000 957
1512080540000 957
1512080540000 957
1512080540000 957
1512080540000 957
1512080540000 957
1512080540000 957
1512080540000 958
1512080540000 958
1512080540000 958
1512080540000 958
1512080540000 958
1512080540000 958
1512080540000 958
1512080540000 958
1512080540000 958
1512080540000 959
1512080540000 959
1512080540000 959
1512080540000 959
1512080540000 959
1512080540000 959
1512080540000 959
1512080540000 959
1512080540000 959
1512080540000 959
1512080540000 959
1512080540000 959
1512080540000 959
1512080540000 959
1512080540000 960
1512080540000 960
1512080540000 960
1512080540000 960
1512080540000 960
1512080540000 960
1512080540000 960
1512080540000 960
1512080540000 960
1512080540000 960
1512080540000 960
1512080540000 960
1512080540000 960
1512080540000 960
1512080540000 960
1512080540000 960
1512080540000 961
1512080540000 961
1512080540000 961
1512080540000 961
1512080540000 961
1512080540000 961
1512080540000 961
1512080540000 961
1512080540000 961
1512080540000 961
1512080540000 961
1512080540000 961
1512080540000 961
1512080540000 961
1512080540000 961
1512080540000 961
1512080540000 962
1512080540000 962
1512080540000 962
1512080540000 962
1512080540000 962
1512080540000 962
1512080540000 962
1512080540000 962
1512080540000 962
1512080540000 962
1512080540000 962
1512080540000 962
1512080540000 962
1512080540000 962
1512080540000 962
1512080540000 963
1512080540000 963
1512080540000 963
1512080540000 963
1512080540000 963
1512080540000 963
1512080540000 963
1512080540000 964
1512080540000 964
1512080540000 966
1512080540000 967
1512080540000 967
1512080550000 4475
1512080550000 4475
1512080550000 4476
1512080550000 4476
1512080550000 4476
1512080550000 4476
1512080550000 4476
1512080550000 4477
1512080550000 4477
1512080550000 4477
1512080550000 4477
1512080550000 4477
1512080550000 4477
1512080550000 4477
1512080550000 4477
1512080550000 4477
1512080550000 4477
1512080550000 4477
1512080550000 4477
1512080550000 4477
1512080550000 4477
1512080550000 4478
1512080550000 4478
1512080550000 4478
1512080550000 4478
1512080550000 4478
1512080550000 4478
1512080550000 4478
1512080550000 4478
1512080550000 4478
1512080550000 4478
1512080550000 4478
1512080550000 4478
1512080550000 4478
1512080550000 4478
1512080550000 4479
1512080550000 4479
1512080550000 4479
1512080550000 4479
1512080550000 4479
1512080550000 4479
1512080550000 4479
1512080550000 4480
1512080550000 4480
1512080550000 4480
1512080550000 4480
1512080550000 4480
1512080550000 4480
1512080550000 4480
1512080550000 4481
1512080550000 4481
1512080550000 4481
1512080550000 4481
1512080550000 4481
1512080550000 4481
1512080550000 4481
1512080550000 4481
1512080550000 4481
1512080550000 4482
1512080550000 4482
1512080550000 4484
1512080550000 4484
1512080550000 4485
1512080550000 4486
1512080550000 4486
1512080550000 4487
1512080550000 4487
1512080550000 4487
1512080550000 4487
1512080550000 4488
1512080550000 4488
1512080550000 4488
1512080550000 4501
1512080550000 4502
1512080550000 4502
1512080550000 4503
1512080550000 4503
1512080550000 4504
1512080550000 4506
1512080550000 4506
1512080550000 4508
1512080550000 4508
1512080550000 4508
1512080550000 4510
1512080550000 4510
1512080550000 4511
1512080550000 4511
1512080550000 4512
1512080550000 4514
1512080550000 4514
1512080550000 4515
1512080550000 4516
1512080550000 4517
1512080550000 4517
1512080550000 4517
1512080550000 4517
1512080550000 4518
1512080550000 4519
1512080550000 4519
1512080550000 4519
1512080560000 433
1512080560000 433
1512080560000 433
1512080560000 433
1512080560000 433
1512080560000 433
1512080560000 433
1512080560000 433
1512080560000 433
1512080560000 434
1512080560000 434
1512080560000 434
1512080560000 434
1512080560000 434
1512080560000 434
1512080560000 434
1512080560000 434
1512080560000 435
1512080560000 435
1512080560000 435
1512080560000 435
1512080560000 435
1512080560000 435
1512080560000 435
1512080560000 435
1512080560000 435
1512080560000 435
1512080560000 435
1512080560000 435
1512080560000 435
1512080560000 436
1512080560000 436
1512080560000 436
1512080560000 436
1512080560000 436
1512080560000 436
1512080560000 436
1512080560000 436
1512080560000 436
1512080560000 436
1512080560000 436
1512080560000 436
1512080560000 436
1512080560000 436
1512080560000 436
1512080560000 436
1512080560000 436
1512080560000 436
1512080560000 437
1512080560000 437
1512080560000 437
1512080560000 437
1512080560000 437
1512080560000 437
1512080560000 437
1512080560000 437
1512080560000 437
1512080560000 437
1512080560000 438
1512080560000 438
1512080560000 438
1512080560000 438
1512080560000 438
1512080560000 438
1512080560000 438
1512080560000 438
1512080560000 438
1512080560000 438
1512080560000 438
1512080560000 438
1512080560000 438
1512080560000 438
1512080560000 438
1512080560000 438
1512080560000 438
1512080560000 439
1512080560000 439
1512080560000 439
1512080560000 439
1512080560000 439
1512080560000 439
1512080560000 440
1512080560000 454
1512080560000 454
1512080560000 454
1512080560000 454
1512080560000 455
1512080560000 470
1512080560000 471
1512080560000 471
1512080560000 471
1512080560000 471
1512080560000 472
1512080560000 472
1512080560000 472
1512080560000 472
1512080560000 473
1512080560000 473
1512080560000 474
1512080560000 475
1512080570000 476
1512080570000 477
1512080570000 477
1512080570000 477
1512080570000 477
1512080570000 477
1512080570000 477
1512080570000 478
1512080570000 478
1512080570000 478
1512080570000 478
1512080570000 478
1512080570000 479
1512080570000 479
1512080570000 479
1512080570000 479
1512080570000 479
1512080570000 480
1512080570000 480
1512080570000 480
1512080570000 480
1512080570000 480
1512080570000 480
1512080570000 480
1512080570000 481
1512080570000 481
1512080570000 481
1512080570000 481
1512080570000 481
1512080570000 481
1512080570000 481
1512080570000 481
1512080570000 482
1512080570000 482
1512080570000 482
1512080570000 482
1512080570000 482
1512080570000 482
1512080570000 482
1512080570000 482
1512080570000 482
1512080570000 482
1512080570000 482
1512080570000 482
1512080570000 482
1512080570000 482
1512080570000 483
1512080570000 483
1512080570000 483
1512080570000 483
1512080570000 483
1512080570000 483
1512080570000 483
1512080570000 483
1512080570000 483
1512080570000 483
1512080570000 483
1512080570000 483
1512080570000 484
1512080570000 484
1512080570000 484
1512080570000 484
1512080570000 484
1512080570000 484
1512080570000 484
1512080570000 484
1512080570000 485
1512080570000 485
1512080570000 485
1512080570000 485
1512080570000 485
1512080570000 486
1512080570000 486
1512080570000 486
1512080570000 487
1512080570000 487
1512080570000 488
1512080570000 488
1512080570000 488
1512080570000 489
1512080570000 508
1512080570000 508
1512080570000 509
1512080570000 509
1512080570000 509
1512080570000 510
1512080570000 511
1512080570000 511
1512080570000 512
1512080570000 512
1512080570000 512
1512080570000 513
1512080570000 514
1512080570000 514
1512080570000 514
1512080570000 514
1512080570000 514
1512080570000 514
1512080570000 515
1512080570000 515
1512080580000 446
1512080580000 446
1512080580000 447
1512080580000 447
1512080580000 447
1512080580000 448
1512080580000 448
1512080580000 448
1512080580000 448
1512080580000 448
1512080580000 448
1512080580000 448
1512080580000 448
1512080580000 448
1512080580000 449
1512080580000 449
1512080580000 449
1512080580000 449
1512080580000 449
1512080580000 449
1512080580000 449
1512080580000 449
1512080580000 450
1512080580000 450
1512080580000 450
1512080580000 450
1512080580000 450
1512080580000 450
1512080580000 450
1512080580000 450
1512080580000 450
1512080580000 450
1512080580000 451
1512080580000 451
1512080580000 451
1512080580000 451
1512080580000 451
1512080580000 451
1512080580000 451
1512080580000 451
1512080580000 451
1512080580000 452
1512080580000 452
1512080580000 452
1512080580000 452
1512080580000 452
1512080580000 452
1512080580000 452
1512080580000 452
1512080580000 452
1512080580000 452
1512080580000 452
1512080580000 452
1512080580000 452
1512080580000 452
1512080580000 453
1512080580000 453
1512080580000 453
1512080580000 453
1512080580000 453
1512080580000 453
1512080580000 453
1512080580000 453
1512080580000 453
1512080580000 454
1512080580000 454
1512080580000 454
1512080580000 454
1512080580000 454
1512080580000 455
1512080580000 455
1512080580000 469
1512080580000 476
1512080580000 477
1512080580000 481
1512080580000 481
1512080580000 482
1512080580000 482
1512080580000 482
1512080580000 482
1512080580000 482
1512080580000 482
1512080580000 483
1512080580000 483
1512080580000 483
1512080580000 484
1512080580000 484
1512080580000 484
1512080580000 484
1512080580000 484
1512080580000 485
1512080580000 485
1512080580000 485
1512080580000 485
1512080580000 485
1512080580000 485
1512080580000 486
1512080580000 486
1512080580000 486
1512080580000 486
1512080590000 446
1512080590000 446
1512080590000 446
1512080590000 447
1512080590000 447
1512080590000 447
1512080590000 448
1512080590000 448
1512080590000 448
1512080590000 448
1512080590000 448
1512080590000 448
1512080590000 448
1512080590000 448
1512080590000 448
1512080590000 448
1512080590000 449
1512080590000 449
1512080590000 449
1512080590000 449
1512080590000 449
1512080590000 449
1512080590000 449
1512080590000 449
1512080590000 450
1512080590000 450
1512080590000 450
1512080590000 450
1512080590000 450
1512080590000 450
1512080590000 450
1512080590000 450
1512080590000 450
1512080590000 450
1512080590000 450
1512080590000 450
1512080590000 450
1512080590000 450
1512080590000 451
1512080590000 451
1512080590000 451
1512080590000 451
1512080590000 451
1512080590000 451
1512080590000 451
1512080590000 451
1512080590000 451
1512080590000 451
1512080590000 451
1512080590000 451
1512080590000 451
1512080590000 451
1512080590000 451
1512080590000 451
1512080590000 452
1512080590000 452
1512080590000 452
1512080590000 452
1512080590000 452
1512080590000 452
1512080590000 452
1512080590000 452
1512080590000 452
1512080590000 452
1512080590000 452
1512080590000 452
1512080590000 452
1512080590000 452
1512080590000 452
1512080590000 452
1512080590000 453
1512080590000 453
1512080590000 453
1512080590000 453
1512080590000 453
1512080590000 453
1512080590000 453
1512080590000 453
1512080590000 453
1512080590000 453
1512080590000 453
1512080590000 454
1512080590000 454
1512080590000 475
1512080590000 476
1512080590000 481
1512080590000 482
1512080590000 483
1512080590000 483
1512080590000 483
1512080590000 484
1512080590000 484
1512080590000 485
1512080590000 485
1512080590000 486
1512080590000 486
1512080590000 486
1512080590000 486
1512080590000 486
1512080590000 487
1512080600000 491
1512080600000 491
1512080600000 491
1512080600000 491
1512080600000 491
1512080600000 492
1512080600000 492
1512080600000 492
1512080600000 492
1512080600000 492
1512080600000 492
1512080600000 492
1512080600000 492
1512080600000 492
1512080600000 493
1512080600000 493
1512080600000 493
1512080600000 493
1512080600000 493
1512080600000 493
1512080600000 493
1512080600000 493
1512080600000 493
1512080600000 493
1512080600000 493
1512080600000 493
1512080600000 494
1512080600000 494
1512080600000 494
1512080600000 494
1512080600000 494
1512080600000 494
1512080600000 494
1512080600000 494
1512080600000 494
1512080600000 494
1512080600000 494
1512080600000 494
1512080600000 494
1512080600000 494
1512080600000 495
1512080600000 495
1512080600000 495
1512080600000 495
1512080600000 495
1512080600000 495
1512080600000 495
1512080600000 495
1512080600000 495
1512080600000 495
1512080600000 495
1512080600000 495
1512080600000 495
1512080600000 495
1512080600000 496
1512080600000 496
1512080600000 496
1512080600000 496
1512080600000 496
1512080600000 496
1512080600000 496
1512080600000 496
1512080600000 496
1512080600000 496
1512080600000 496
1512080600000 496
1512080600000 496
1512080600000 496
1512080600000 497
1512080600000 497
1512080600000 497
1512080600000 497
1512080600000 497
1512080600000 497
1512080600000 497
1512080600000 497
1512080600000 497
1512080600000 498
1512080600000 498
1512080600000 526
1512080600000 528
1512080600000 528
1512080600000 528
1512080600000 528
1512080600000 529
1512080600000 529
1512080600000 529
1512080600000 529
1512080600000 529
1512080600000 530
1512080600000 530
1512080600000 530
1512080600000 530
1512080600000 530
1512080600000 530
1512080600000 531
1512080600000 531
1512080600000 532
1512080600000 557
1512080600000 557
1512080610000 450
1512080610000 450
1512080610000 450
1512080610000 451
1512080610000 451
1512080610000 451
1512080610000 451
1512080610000 451
1512080610000 451
1512080610000 451
1512080610000 451
1512080610000 451
1512080610000 452
1512080610000 452
1512080610000 452
1512080610000 452
1512080610000 452
1512080610000 452
1512080610000 452
1512080610000 452
1512080610000 452
1512080610000 453
1512080610000 453
1512080610000 453
1512080610000 453
1512080610000 453
1512080610000 453
1512080610000 453
1512080610000 453
1512080610000 453
1512080610000 453
1512080610000 453
1512080610000 453
1512080610000 454
1512080610000 454
1512080610000 454
1512080610000 454
1512080610000 454
1512080610000 454
1512080610000 454
1512080610000 454
1512080610000 455
1512080610000 455
1512080610000 455
1512080610000 455
1512080610000 455
1512080610000 455
1512080610000 455
1512080610000 455
1512080610000 456
1512080610000 456
1512080610000 456
1512080610000 456
1512080610000 456
1512080610000 456
1512080610000 456
1512080610000 456
1512080610000 456
1512080610000 456
1512080610000 457
1512080610000 457
1512080610000 457
1512080610000 457
1512080610000 457
1512080610000 457
1512080610000 458
1512080610000 458
1512080610000 458
1512080610000 458
1512080610000 458
1512080610000 474
1512080610000 475
1512080610000 484
1512080610000 484
1512080610000 484
1512080610000 484
1512080610000 484
1512080610000 485
1512080610000 485
1512080610000 485
1512080610000 486
1512080610000 486
1512080610000 486
1512080610000 486
1512080610000 486
1512080610000 486
1512080610000 486
1512080610000 486
1512080610000 487
1512080610000 487
1512080610000 487
1512080610000 487
1512080610000 487
1512080610000 487
1512080610000 487
1512080610000 488
1512080610000 488
1512080610000 488
1512080610000 488
1512080610000 515
1512080620000 444
1512080620000 445
1512080620000 445
1512080620000 445
1512080620000 445
1512080620000 445
1512080620000 446
1512080620000 446
1512080620000 446
1512080620000 446
1512080620000 446
1512080620000 446
1512080620000 447
1512080620000 447
1512080620000 447
1512080620000 447
1512080620000 447
1512080620000 447
1512080620000 447
1512080620000 448
1512080620000 448
1512080620000 448
1512080620000 448
1512080620000 448
1512080620000 448
1512080620000 448
1512080620000 448
1512080620000 449
1512080620000 449
1512080620000 449
1512080620000 449
1512080620000 449
1512080620000 449
1512080620000 449
1512080620000 449
1512080620000 449
1512080620000 449
1512080620000 449
1512080620000 449
1512080620000 449
1512080620000 450
1512080620000 450
1512080620000 450
1512080620000 450
1512080620000 450
1512080620000 450
1512080620000 450
1512080620000 450
1512080620000 450
1512080620000 450
1512080620000 450
1512080620000 450
1512080620000 450
1512080620000 450
1512080620000 450
1512080620000 450
1512080620000 450
1512080620000 450
1512080620000 450
1512080620000 451
1512080620000 451
1512080620000 451
1512080620000 451
1512080620000 451
1512080620000 451
1512080620000 451
1512080620000 452
1512080620000 452
1512080620000 452
1512080620000 452
1512080620000 457
1512080620000 457
1512080620000 458
1512080620000 458
1512080620000 458
1512080620000 464
1512080620000 464
1512080620000 465
1512080620000 466
1512080620000 472
1512080620000 472
1512080620000 474
1512080620000 474
1512080620000 474
1512080620000 480
1512080620000 480
1512080620000 480
1512080620000 481
1512080620000 481
1512080620000 481
1512080620000 481
1512080620000 482
1512080620000 482
1512080620000 483
1512080620000 483
1512080620000 484
1512080620000 485
1512080620000 485
1512080620000 485
1512080620000 493
1512080630000 434
1512080630000 434
1512080630000 435
1512080630000 435
1512080630000 435
1512080630000 435
1512080630000 436
1512080630000 436
1512080630000 436
1512080630000 436
1512080630000 436
1512080630000 436
1512080630000 437
1512080630000 437
1512080630000 437
1512080630000 437
1512080630000 437
1512080630000 437
1512080630000 437
1512080630000 438
1512080630000 438
1512080630000 438
1512080630000 438
1512080630000 438
1512080630000 438
1512080630000 438
1512080630000 438
1512080630000 438
1512080630000 439
1512080630000 439
1512080630000 439
1512080630000 439
1512080630000 439
1512080630000 439
1512080630000 439
1512080630000 439
1512080630000 439
1512080630000 439
1512080630000 439
1512080630000 439
1512080630000 439
1512080630000 439
1512080630000 440
1512080630000 440
1512080630000 440
1512080630000 440
1512080630000 440
1512080630000 440
1512080630000 440
1512080630000 440
1512080630000 440
1512080630000 440
1512080630000 440
1512080630000 440
1512080630000 440
1512080630000 440
1512080630000 440
1512080630000 440
1512080630000 441
1512080630000 441
1512080630000 441
1512080630000 441
1512080630000 441
1512080630000 441
1512080630000 441
1512080630000 441
1512080630000 441
1512080630000 441
1512080630000 441
1512080630000 441
1512080630000 441
1512080630000 441
1512080630000 442
1512080630000 442
1512080630000 442
1512080630000 442
1512080630000 442
1512080630000 443
1512080630000 443
1512080630000 443
1512080630000 444
1512080630000 449
1512080630000 470
1512080630000 471
1512080630000 471
1512080630000 471
1512080630000 472
1512080630000 472
1512080630000 472
1512080630000 472
1512080630000 472
1512080630000 473
1512080630000 473
1512080630000 474
1512080630000 474
1512080630000 474
1512080630000 475
1512080630000 476
1512080630000 485
1512080630000 485
1512080640000 2447
1512080640000 2447
1512080640000 2447
1512080640000 2448
1512080640000 2448
1512080640000 2448
1512080640000 2448
1512080640000 2448
1512080640000 2448
1512080640000 2448
1512080640000 2448
1512080640000 2448
1512080640000 2448
1512080640000 2448
1512080640000 2449
1512080640000 2449
1512080640000 2449
1512080640000 2449
1512080640000 2449
1512080640000 2449
1512080640000 2449
1512080640000 2449
1512080640000 2449
1512080640000 2449
1512080640000 2449
1512080640000 2449
1512080640000 2449
1512080640000 2449
1512080640000 2449
1512080640000 2450
1512080640000 2450
1512080640000 2450
1512080640000 2450
1512080640000 2450
1512080640000 2450
1512080640000 2450
1512080640000 2450
1512080640000 2450
1512080640000 2450
1512080640000 2450
1512080640000 2450
1512080640000 2451
1512080640000 2451
1512080640000 2451
1512080640000 2451
1512080640000 2451
1512080640000 2452
1512080640000 2452
1512080640000 2452
1512080640000 2452
1512080640000 2453
1512080640000 2453
1512080640000 2453
1512080640000 2453
1512080640000 2453
1512080640000 2454
1512080640000 2455
1512080640000 2456
1512080640000 2456
1512080640000 2457
1512080640000 2457
1512080640000 2457
1512080640000 2458
1512080640000 2458
1512080640000 2458
1512080640000 2459
1512080640000 2459
1512080640000 2460
1512080640000 2460
1512080640000 2461
1512080640000 2461
1512080640000 2462
1512080640000 2462
1512080640000 2463
1512080640000 2463
1512080640000 2464
1512080640000 2464
1512080640000 2464
1512080640000 2465
1512080640000 2466
1512080640000 2467
1512080640000 2467
1512080640000 2468
1512080640000 2485
1512080640000 2486
1512080640000 2486
1512080640000 2486
1512080640000 2486
1512080640000 2486
1512080640000 2487
1512080640000 2487
1512080640000 2487
1512080640000 2487
1512080640000 2487
1512080640000 2488
1512080640000 2488
1512080640000 2488
1512080640000 2489
1512080640000 2489
1512080640000 2489
1512080650000 433
1512080650000 433
1512080650000 434
1512080650000 434
1512080650000 434
1512080650000 434
1512080650000 435
1512080650000 435
1512080650000 435
1512080650000 435
1512080650000 435
1512080650000 435
1512080650000 435
1512080650000 436
1512080650000 436
1512080650000 436
1512080650000 436
1512080650000 436
1512080650000 436
1512080650000 436
1512080650000 436
1512080650000 437
1512080650000 437
1512080650000 437
1512080650000 437
1512080650000 437
1512080650000 437
1512080650000 437
1512080650000 437
1512080650000 437
1512080650000 437
1512080650000 438
1512080650000 438
1512080650000 438
1512080650000 438
1512080650000 438
1512080650000 438
1512080650000 438
1512080650000 438
1512080650000 438
1512080650000 438
1512080650000 438
1512080650000 439
1512080650000 439
1512080650000 439
1512080650000 439
1512080650000 439
1512080650000 439
1512080650000 439
1512080650000 439
1512080650000 439
1512080650000 439
1512080650000 439
1512080650000 440
1512080650000 440
1512080650000 440
1512080650000 440
1512080650000 440
1512080650000 440
1512080650000 440
1512080650000 440
1512080650000 440
1512080650000 440
1512080650000 440
1512080650000 440
1512080650000 440
1512080650000 440
1512080650000 440
1512080650000 440
1512080650000 440
1512080650000 440
1512080650000 440
1512080650000 441
1512080650000 441
1512080650000 441
1512080650000 441
1512080650000 441
1512080650000 441
1512080650000 448
1512080650000 449
1512080650000 450
1512080650000 454
1512080650000 457
1512080650000 458
1512080650000 458
1512080650000 458
1512080650000 458
1512080650000 459
1512080650000 459
1512080650000 459
1512080650000 460
1512080650000 461
1512080650000 462
1512080650000 462
1512080650000 467
1512080650000 468
1512080650000 468
1512080650000 468
1512080650000 469
1512080650000 471
1512080660000 451
1512080660000 452
1512080660000 452
1512080660000 452
1512080660000 452
1512080660000 453
1512080660000 453
1512080660000 453
1512080660000 453
1512080660000 454
1512080660000 454
1512080660000 454
1512080660000 454
1512080660000 454
1512080660000 454
1512080660000 454
1512080660000 455
1512080660000 455
1512080660000 455
1512080660000 455
1512080660000 455
1512080660000 455
1512080660000 455
1512080660000 455
1512080660000 456
1512080660000 456
1512080660000 456
1512080660000 456
1512080660000 456
1512080660000 456
1512080660000 456
1512080660000 456
1512080660000 457
1512080660000 457
1512080660000 457
1512080660000 457
1512080660000 457
1512080660000 457
1512080660000 457
1512080660000 457
1512080660000 458
1512080660000 458
1512080660000 458
1512080660000 458
1512080660000 458
1512080660000 458
1512080660000 458
1512080660000 458
1512080660000 458
1512080660000 459
1512080660000 459
1512080660000 459
1512080660000 459
1512080660000 459
1512080660000 459
1512080660000 459
1512080660000 459
1512080660000 459
1512080660000 459
1512080660000 459
1512080660000 459
1512080660000 459
1512080660000 459
1512080660000 459
1512080660000 460
1512080660000 460
1512080660000 460
1512080660000 460
1512080660000 460
1512080660000 460
1512080660000 460
1512080660000 460
1512080660000 460
1512080660000 460
1512080660000 460
1512080660000 460
1512080660000 460
1512080660000 460
1512080660000 460
1512080660000 460
1512080660000 461
1512080660000 461
1512080660000 461
1512080660000 461
1512080660000 462
1512080660000 462
1512080660000 462
1512080660000 462
1512080660000 462
1512080660000 463
1512080660000 463
1512080660000 463
1512080660000 478
1512080660000 479
1512080660000 486
1512080660000 488
1512080660000 489
1512080660000 489
1512080660000 490
1512080660000 491
1512080670000 493
1512080670000 493
1512080670000 493
1512080670000 494
1512080670000 494
1512080670000 494
1512080670000 494
1512080670000 494
1512080670000 494
1512080670000 495
1512080670000 495
1512080670000 495
1512080670000 495
1512080670000 495
1512080670000 496
1512080670000 496
1512080670000 496
1512080670000 496
1512080670000 496
1512080670000 496
1512080670000 496
1512080670000 496
1512080670000 496
1512080670000 496
1512080670000 496
1512080670000 497
1512080670000 497
1512080670000 497
1512080670000 497
1512080670000 497
1512080670000 497
1512080670000 497
1512080670000 497
1512080670000 497
1512080670000 497
1512080670000 497
1512080670000 497
1512080670000 498
1512080670000 498
1512080670000 498
1512080670000 498
1512080670000 498
1512080670000 498
1512080670000 498
1512080670000 498
1512080670000 498
1512080670000 498
1512080670000 498
1512080670000 498
1512080670000 498
1512080670000 498
1512080670000 498
1512080670000 499
1512080670000 499
1512080670000 499
1512080670000 499
1512080670000 499
1512080670000 499
1512080670000 499
1512080670000 499
1512080670000 499
1512080670000 499
1512080670000 499
1512080670000 500
1512080670000 500
1512080670000 501
1512080670000 501
1512080670000 502
1512080670000 521
1512080670000 521
1512080670000 521
1512080670000 522
1512080670000 523
1512080670000 523
1512080670000 528
1512080670000 529
1512080670000 529
1512080670000 529
1512080670000 529
1512080670000 530
1512080670000 530
1512080670000 530
1512080670000 530
1512080670000 531
1512080670000 531
1512080670000 531
1512080670000 531
1512080670000 531
1512080670000 532
1512080670000 532
1512080670000 532
1512080670000 532
1512080670000 532
1512080670000 532
1512080670000 532
1512080670000 532
1512080670000 533
1512080670000 533
1512080670000 584
1512080670000 585
1512080680000 451
1512080680000 451
1512080680000 451
1512080680000 451
1512080680000 452
1512080680000 452
1512080680000 452
1512080680000 452
1512080680000 453
1512080680000 453
1512080680000 454
1512080680000 454
1512080680000 454
1512080680000 454
1512080680000 454
1512080680000 454
1512080680000 454
1512080680000 454
1512080680000 455
1512080680000 455
1512080680000 455
1512080680000 455
1512080680000 455
1512080680000 455
1512080680000 455
1512080680000 456
1512080680000 456
1512080680000 456
1512080680000 456
1512080680000 456
1512080680000 456
1512080680000 456
1512080680000 456
1512080680000 456
1512080680000 456
1512080680000 456
1512080680000 456
1512080680000 457
1512080680000 457
1512080680000 457
1512080680000 457
1512080680000 457
1512080680000 457
1512080680000 457
1512080680000 457
1512080680000 457
1512080680000 457
1512080680000 457
1512080680000 457
1512080680000 457
1512080680000 457
1512080680000 458
1512080680000 458
1512080680000 458
1512080680000 458
1512080680000 458
1512080680000 458
1512080680000 458
1512080680000 458
1512080680000 458
1512080680000 458
1512080680000 458
1512080680000 458
1512080680000 458
1512080680000 458
1512080680000 458
1512080680000 458
1512080680000 458
1512080680000 459
1512080680000 459
1512080680000 459
1512080680000 459
1512080680000 459
1512080680000 459
1512080680000 459
1512080680000 459
1512080680000 460
1512080680000 460
1512080680000 460
1512080680000 460
1512080680000 464
1512080680000 465
1512080680000 466
1512080680000 467
1512080680000 467
1512080680000 468
1512080680000 469
1512080680000 470
1512080680000 470
1512080680000 485
1512080680000 487
1512080680000 487
1512080680000 488
1512080680000 488
1512080680000 489
1512080680000 489
1512080680000 489
1512080680000 490
1512080680000 490
1512080680000 491
1512080690000 439
1512080690000 439
1512080690000 439
1512080690000 439
1512080690000 439
1512080690000 439
1512080690000 439
1512080690000 440
1512080690000 440
1512080690000 440
1512080690000 440
1512080690000 440
1512080690000 440
1512080690000 441
1512080690000 441
1512080690000 441
1512080690000 441
1512080690000 441
1512080690000 442
1512080690000 442
1512080690000 442
1512080690000 442
1512080690000 442
1512080690000 442
1512080690000 442
1512080690000 442
1512080690000 442
1512080690000 443
1512080690000 443
1512080690000 443
1512080690000 443
1512080690000 443
1512080690000 443
1512080690000 443
1512080690000 443
1512080690000 443
1512080690000 443
1512080690000 443
1512080690000 443
1512080690000 443
1512080690000 443
1512080690000 443
1512080690000 444
1512080690000 444
1512080690000 444
1512080690000 444
1512080690000 444
1512080690000 444
1512080690000 444
1512080690000 444
1512080690000 444
1512080690000 444
1512080690000 445
1512080690000 445
1512080690000 445
1512080690000 445
1512080690000 445
1512080690000 445
1512080690000 445
1512080690000 445
1512080690000 445
1512080690000 445
1512080690000 445
1512080690000 445
1512080690000 446
1512080690000 446
1512080690000 446
1512080690000 446
1512080690000 446
1512080690000 446
1512080690000 446
1512080690000 446
1512080690000 446
1512080690000 446
1512080690000 467
1512080690000 468
1512080690000 468
1512080690000 469
1512080690000 469
1512080690000 475
1512080690000 475
1512080690000 475
1512080690000 476
1512080690000 476
1512080690000 477
1512080690000 477
1512080690000 477
1512080690000 477
1512080690000 478
1512080690000 478
1512080690000 478
1512080690000 492
1512080690000 493
1512080690000 494
1512080690000 494
1512080690000 495
1512080690000 495
1512080690000 495
1512080690000 496
1512080690000 496
1512080700000 463
1512080700000 463
1512080700000 464
1512080700000 465
1512080700000 465
1512080700000 466
1512080700000 466
1512080700000 466
1512080700000 466
1512080700000 466
1512080700000 466
1512080700000 466
1512080700000 466
1512080700000 467
1512080700000 467
1512080700000 467
1512080700000 467
1512080700000 468
1512080700000 468
1512080700000 468
1512080700000 468
1512080700000 468
1512080700000 469
1512080700000 469
1512080700000 469
1512080700000 469
1512080700000 469
1512080700000 469
1512080700000 469
1512080700000 469
1512080700000 469
1512080700000 469
1512080700000 469
1512080700000 469
1512080700000 470
1512080700000 470
1512080700000 470
1512080700000 470
1512080700000 470
1512080700000 470
1512080700000 470
1512080700000 470
1512080700000 470
1512080700000 470
1512080700000 471
1512080700000 471
1512080700000 471
1512080700000 471
1512080700000 471
1512080700000 471
1512080700000 471
1512080700000 471
1512080700000 471
1512080700000 471
1512080700000 471
1512080700000 471
1512080700000 471
1512080700000 472
1512080700000 472
1512080700000 472
1512080700000 472
1512080700000 472
1512080700000 472
1512080700000 472
1512080700000 472
1512080700000 472
1512080700000 473
1512080700000 488
1512080700000 489
1512080700000 489
1512080700000 489
1512080700000 489
1512080700000 490
1512080700000 490
1512080700000 490
1512080700000 491
1512080700000 498
1512080700000 498
1512080700000 499
1512080700000 499
1512080700000 500
1512080700000 500
1512080700000 500
1512080700000 500
1512080700000 501
1512080700000 501
1512080700000 501
1512080700000 501
1512080700000 501
1512080700000 501
1512080700000 501
1512080700000 501
1512080700000 502
1512080700000 502
1512080700000 502
1512080700000 502
1512080700000 503
1512080700000 503
1512080700000 503
1512080700000 503
1512080710000 399
1512080710000 399
1512080710000 399
1512080710000 400
1512080710000 400
1512080710000 400
1512080710000 400
1512080710000 400
1512080710000 400
1512080710000 401
1512080710000 401
1512080710000 401
1512080710000 401
1512080710000 401
1512080710000 402
1512080710000 402
1512080710000 402
1512080710000 402
1512080710000 402
1512080710000 402
1512080710000 403
1512080710000 403
1512080710000 403
1512080710000 403
1512080710000 403
1512080710000 403
1512080710000 403
1512080710000 404
1512080710000 404
1512080710000 404
1512080710000 404
1512080710000 404
1512080710000 404
1512080710000 404
1512080710000 404
1512080710000 405
1512080710000 405
1512080710000 405
1512080710000 405
1512080710000 405
1512080710000 405
1512080710000 405
1512080710000 405
1512080710000 405
1512080710000 406
1512080710000 406
1512080710000 406
1512080710000 406
1512080710000 406
1512080710000 406
1512080710000 406
1512080710000 406
1512080710000 406
1512080710000 407
1512080710000 407
1512080710000 407
1512080710000 407
1512080710000 407
1512080710000 407
1512080710000 407
1512080710000 407
1512080710000 407
1512080710000 407
1512080710000 407
1512080710000 407
1512080710000 407
1512080710000 407
1512080710000 407
1512080710000 408
1512080710000 408
1512080710000 408
1512080710000 408
1512080710000 408
1512080710000 408
1512080710000 408
1512080710000 408
1512080710000 408
1512080710000 408
1512080710000 409
1512080710000 409
1512080710000 409
1512080710000 409
1512080710000 409
1512080710000 409
1512080710000 410
1512080710000 419
1512080710000 419
1512080710000 434
1512080710000 435
1512080710000 435
1512080710000 436
1512080710000 436
1512080710000 436
1512080710000 437
1512080710000 437
1512080710000 437
1512080710000 437
1512080710000 437
1512080710000 438
1512080710000 438
1512080720000 -3484
1512080720000 -3484
1512080720000 -3484
1512080720000 -3485
1512080720000 -3485
1512080720000 -3486
1512080720000 -3488
1512080720000 -3488
1512080720000 -3488
1512080720000 -3492
1512080720000 -3493
1512080720000 -3493
1512080720000 -3498
1512080720000 -3499
1512080720000 -3499
1512080720000 -3500
1512080720000 -3516
1512080720000 -3516
1512080720000 -3517
1512080720000 -3517
1512080720000 -3517
1512080720000 -3518
1512080720000 -3518
1512080720000 -3518
1512080720000 -3518
1512080720000 -3518
1512080720000 -3518
1512080720000 -3518
1512080720000 -3519
1512080720000 -3519
1512080720000 -3519
1512080720000 -3519
1512080720000 -3520
1512080720000 -3520
1512080720000 -3520
1512080720000 -3520
1512080720000 -3521
1512080720000 -3522
1512080720000 -3522
1512080720000 -3522
1512080720000 -3522
1512080720000 -3523
1512080720000 -3523
1512080720000 -3523
1512080720000 -5555
1512080720000 -5556
1512080720000 -5558
1512080720000 -5565
1512080720000 -5565
1512080720000 -5565
1512080720000 -5576
1512080720000 -5576
1512080720000 -5582
1512080720000 -5587
1512080720000 -5587
1512080720000 -5587
1512080720000 -5588
1512080720000 -5588
1512080720000 -5588
1512080720000 -5588
1512080720000 -5588
1512080720000 -5588
1512080720000 -5588
1512080720000 -5588
1512080720000 -5589
1512080720000 -5589
1512080720000 -5589
1512080720000 -5589
1512080720000 -5589
1512080720000 -5589
1512080720000 -5589
1512080720000 -5589
1512080720000 -5589
1512080720000 -5589
1512080720000 -5590
1512080720000 -5590
1512080720000 -5590
1512080720000 -5590
1512080720000 -5590
1512080720000 -5591
1512080720000 -5591
1512080720000 -5591
1512080720000 -5591
1512080720000 -5591
1512080720000 -5591
1512080720000 -5591
1512080720000 -5591
1512080720000 -5591
1512080720000 -5591
1512080720000 -5591
1512080720000 -5591
1512080720000 -5592
1512080720000 -5592
1512080720000 -5592
1512080720000 -5593
1512080720000 -5593
1512080720000 -5593
1512080720000 -5593
1512080720000 -5593
1512080720000 -5594
