1512124280000 316
1512124280000 316
1512124280000 316
1512124280000 316
1512124280000 316
1512124280000 316
1512124280000 316
1512124280000 316
1512124280000 317
1512124280000 317
1512124280000 317
1512124280000 317
1512124280000 317
1512124280000 317
1512124280000 317
1512124280000 317
1512124280000 317
1512124280000 317
1512124280000 317
1512124280000 317
1512124280000 317
1512124280000 317
1512124280000 317
1512124280000 317
1512124280000 317
1512124280000 317
1512124280000 317
1512124280000 317
1512124280000 317
1512124280000 317
1512124280000 317
1512124280000 317
1512124280000 317
1512124280000 317
1512124280000 317
1512124280000 317
1512124280000 317
1512124280000 317
1512124280000 317
1512124280000 317
1512124280000 317
1512124280000 317
1512124280000 317
1512124280000 318
1512124280000 318
1512124280000 318
1512124280000 318
1512124280000 318
1512124280000 318
1512124280000 318
1512124280000 318
1512124280000 318
1512124280000 318
1512124280000 318
1512124280000 318
1512124280000 318
1512124280000 318
1512124280000 318
1512124280000 318
1512124280000 318
1512124280000 318
1512124280000 318
1512124280000 318
1512124280000 319
1512124280000 319
1512124280000 319
1512124280000 319
1512124280000 319
1512124280000 319
1512124280000 319
1512124280000 319
1512124280000 319
1512124280000 319
1512124280000 319
1512124280000 319
1512124280000 319
1512124280000 319
1512124280000 319
1512124280000 319
1512124280000 319
1512124280000 319
1512124280000 319
1512124280000 319
1512124280000 319
1512124280000 319
1512124280000 319
1512124280000 320
1512124280000 321
1512124280000 321
1512124280000 321
1512124280000 337
1512124280000 337
1512124280000 337
1512124280000 337
1512124280000 337
1512124280000 337
1512124280000 337
1512124280000 338
1512124280000 339
1512124280000 340
1512124290000 300
1512124290000 300
1512124290000 300
1512124290000 300
1512124290000 300
1512124290000 300
1512124290000 300
1512124290000 300
1512124290000 300
1512124290000 300
1512124290000 300
1512124290000 300
1512124290000 300
1512124290000 300
1512124290000 301
1512124290000 301
1512124290000 301
1512124290000 301
1512124290000 301
1512124290000 301
1512124290000 301
1512124290000 301
1512124290000 301
1512124290000 301
1512124290000 301
1512124290000 301
1512124290000 301
1512124290000 301
1512124290000 301
1512124290000 301
1512124290000 301
1512124290000 301
1512124290000 301
1512124290000 301
1512124290000 301
1512124290000 301
1512124290000 301
1512124290000 301
1512124290000 301
1512124290000 301
1512124290000 301
1512124290000 301
1512124290000 301
1512124290000 301
1512124290000 301
1512124290000 301
1512124290000 301
1512124290000 301
1512124290000 301
1512124290000 302
1512124290000 302
1512124290000 302
1512124290000 302
1512124290000 303
1512124290000 303
1512124290000 303
1512124290000 303
1512124290000 304
1512124290000 304
1512124290000 304
1512124290000 304
1512124290000 304
1512124290000 304
1512124290000 304
1512124290000 304
1512124290000 304
1512124290000 304
1512124290000 304
1512124290000 304
1512124290000 304
1512124290000 305
1512124290000 305
1512124290000 305
1512124290000 305
1512124290000 305
1512124290000 305
1512124290000 305
1512124290000 305
1512124290000 305
1512124290000 305
1512124290000 305
1512124290000 305
1512124290000 305
1512124290000 305
1512124290000 306
1512124290000 306
1512124290000 306
1512124290000 306
1512124290000 306
1512124290000 306
1512124290000 306
1512124290000 306
1512124290000 306
1512124290000 306
1512124290000 306
1512124290000 306
1512124290000 306
1512124290000 306
1512124290000 306
1512124290000 306
1512124300000 347
1512124300000 347
1512124300000 347
1512124300000 347
1512124300000 347
1512124300000 348
1512124300000 348
1512124300000 348
1512124300000 348
1512124300000 348
1512124300000 348
1512124300000 348
1512124300000 348
1512124300000 348
1512124300000 348
1512124300000 348
1512124300000 348
1512124300000 348
1512124300000 349
1512124300000 349
1512124300000 349
1512124300000 349
1512124300000 349
1512124300000 349
1512124300000 349
1512124300000 349
1512124300000 349
1512124300000 349
1512124300000 349
1512124300000 349
1512124300000 349
1512124300000 349
1512124300000 349
1512124300000 349
1512124300000 349
1512124300000 350
1512124300000 350
1512124300000 350
1512124300000 350
1512124300000 350
1512124300000 350
1512124300000 350
1512124300000 350
1512124300000 350
1512124300000 350
1512124300000 350
1512124300000 350
1512124300000 350
1512124300000 350
1512124300000 350
1512124300000 350
1512124300000 350
1512124300000 350
1512124300000 350
1512124300000 350
1512124300000 351
1512124300000 351
1512124300000 351
1512124300000 351
1512124300000 351
1512124300000 351
1512124300000 351
1512124300000 351
1512124300000 351
1512124300000 351
1512124300000 351
1512124300000 351
1512124300000 351
1512124300000 351
1512124300000 351
1512124300000 351
1512124300000 351
1512124300000 351
1512124300000 351
1512124300000 351
1512124300000 351
1512124300000 351
1512124300000 351
1512124300000 351
1512124300000 351
1512124300000 352
1512124300000 352
1512124300000 352
1512124300000 352
1512124300000 352
1512124300000 352
1512124300000 352
1512124300000 352
1512124300000 352
1512124300000 352
1512124300000 352
1512124300000 352
1512124300000 352
1512124300000 352
1512124300000 352
1512124300000 352
1512124300000 353
1512124300000 354
1512124300000 354
1512124300000 355
1512124310000 335
1512124310000 335
1512124310000 335
1512124310000 335
1512124310000 336
1512124310000 336
1512124310000 336
1512124310000 336
1512124310000 336
1512124310000 336
1512124310000 336
1512124310000 336
1512124310000 336
1512124310000 336
1512124310000 336
1512124310000 336
1512124310000 336
1512124310000 336
1512124310000 336
1512124310000 336
1512124310000 336
1512124310000 336
1512124310000 336
1512124310000 336
1512124310000 337
1512124310000 337
1512124310000 337
1512124310000 337
1512124310000 337
1512124310000 337
1512124310000 337
1512124310000 337
1512124310000 337
1512124310000 337
1512124310000 337
1512124310000 337
1512124310000 337
1512124310000 337
1512124310000 337
1512124310000 338
1512124310000 338
1512124310000 338
1512124310000 338
1512124310000 338
1512124310000 338
1512124310000 338
1512124310000 338
1512124310000 338
1512124310000 338
1512124310000 338
1512124310000 338
1512124310000 338
1512124310000 338
1512124310000 339
1512124310000 339
1512124310000 339
1512124310000 339
1512124310000 339
1512124310000 339
1512124310000 339
1512124310000 339
1512124310000 339
1512124310000 339
1512124310000 339
1512124310000 339
1512124310000 340
1512124310000 340
1512124310000 340
1512124310000 340
1512124310000 340
1512124310000 340
1512124310000 340
1512124310000 340
1512124310000 340
1512124310000 340
1512124310000 340
1512124310000 340
1512124310000 340
1512124310000 340
1512124310000 340
1512124310000 340
1512124310000 341
1512124310000 341
1512124310000 341
1512124310000 341
1512124310000 341
1512124310000 341
1512124310000 341
1512124310000 341
1512124310000 341
1512124310000 341
1512124310000 341
1512124310000 342
1512124310000 342
1512124310000 342
1512124310000 342
1512124310000 347
1512124310000 347
1512124310000 348
1512124310000 348
1512124320000 331
1512124320000 331
1512124320000 331
1512124320000 331
1512124320000 331
1512124320000 331
1512124320000 331
1512124320000 331
1512124320000 331
1512124320000 331
1512124320000 331
1512124320000 331
1512124320000 331
1512124320000 331
1512124320000 332
1512124320000 332
1512124320000 332
1512124320000 332
1512124320000 332
1512124320000 332
1512124320000 332
1512124320000 332
1512124320000 332
1512124320000 332
1512124320000 332
1512124320000 332
1512124320000 332
1512124320000 332
1512124320000 332
1512124320000 332
1512124320000 332
1512124320000 332
1512124320000 332
1512124320000 332
1512124320000 332
1512124320000 332
1512124320000 332
1512124320000 332
1512124320000 333
1512124320000 333
1512124320000 333
1512124320000 333
1512124320000 333
1512124320000 333
1512124320000 333
1512124320000 333
1512124320000 333
1512124320000 333
1512124320000 333
1512124320000 333
1512124320000 333
1512124320000 334
1512124320000 334
1512124320000 334
1512124320000 334
1512124320000 334
1512124320000 334
1512124320000 334
1512124320000 334
1512124320000 334
1512124320000 334
1512124320000 334
1512124320000 334
1512124320000 334
1512124320000 334
1512124320000 334
1512124320000 334
1512124320000 334
1512124320000 334
1512124320000 335
1512124320000 335
1512124320000 335
1512124320000 335
1512124320000 335
1512124320000 335
1512124320000 335
1512124320000 335
1512124320000 335
1512124320000 335
1512124320000 336
1512124320000 336
1512124320000 336
1512124320000 336
1512124320000 336
1512124320000 336
1512124320000 336
1512124320000 336
1512124320000 336
1512124320000 336
1512124320000 336
1512124320000 336
1512124320000 336
1512124320000 337
1512124320000 337
1512124320000 337
1512124320000 337
1512124320000 337
1512124320000 337
1512124320000 337
1512124320000 338
1512124330000 370
1512124330000 370
1512124330000 370
1512124330000 370
1512124330000 370
1512124330000 370
1512124330000 370
1512124330000 370
1512124330000 370
1512124330000 370
1512124330000 370
1512124330000 370
1512124330000 370
1512124330000 370
1512124330000 370
1512124330000 371
1512124330000 371
1512124330000 371
1512124330000 371
1512124330000 371
1512124330000 371
1512124330000 371
1512124330000 371
1512124330000 371
1512124330000 371
1512124330000 371
1512124330000 371
1512124330000 371
1512124330000 371
1512124330000 371
1512124330000 371
1512124330000 371
1512124330000 371
1512124330000 371
1512124330000 371
1512124330000 371
1512124330000 371
1512124330000 371
1512124330000 371
1512124330000 371
1512124330000 371
1512124330000 371
1512124330000 371
1512124330000 371
1512124330000 371
1512124330000 371
1512124330000 371
1512124330000 371
1512124330000 372
1512124330000 372
1512124330000 372
1512124330000 372
1512124330000 372
1512124330000 372
1512124330000 372
1512124330000 372
1512124330000 372
1512124330000 372
1512124330000 372
1512124330000 372
1512124330000 372
1512124330000 372
1512124330000 372
1512124330000 372
1512124330000 372
1512124330000 372
1512124330000 372
1512124330000 372
1512124330000 372
1512124330000 372
1512124330000 372
1512124330000 372
1512124330000 372
1512124330000 372
1512124330000 373
1512124330000 373
1512124330000 373
1512124330000 373
1512124330000 373
1512124330000 373
1512124330000 373
1512124330000 373
1512124330000 373
1512124330000 374
1512124330000 374
1512124330000 374
1512124330000 377
1512124330000 378
1512124330000 378
1512124330000 379
1512124330000 379
1512124330000 380
1512124330000 380
1512124330000 381
1512124330000 381
1512124330000 381
1512124330000 381
1512124330000 381
1512124330000 382
1512124330000 382
1512124340000 312
1512124340000 312
1512124340000 312
1512124340000 312
1512124340000 312
1512124340000 312
1512124340000 312
1512124340000 312
1512124340000 312
1512124340000 312
1512124340000 312
1512124340000 312
1512124340000 312
1512124340000 312
1512124340000 313
1512124340000 313
1512124340000 313
1512124340000 313
1512124340000 313
1512124340000 313
1512124340000 313
1512124340000 313
1512124340000 313
1512124340000 313
1512124340000 313
1512124340000 313
1512124340000 313
1512124340000 313
1512124340000 313
1512124340000 313
1512124340000 313
1512124340000 313
1512124340000 313
1512124340000 313
1512124340000 313
1512124340000 313
1512124340000 313
1512124340000 313
1512124340000 313
1512124340000 313
1512124340000 313
1512124340000 313
1512124340000 313
1512124340000 313
1512124340000 314
1512124340000 314
1512124340000 314
1512124340000 314
1512124340000 314
1512124340000 314
1512124340000 314
1512124340000 314
1512124340000 314
1512124340000 314
1512124340000 314
1512124340000 314
1512124340000 314
1512124340000 314
1512124340000 314
1512124340000 314
1512124340000 314
1512124340000 314
1512124340000 314
1512124340000 314
1512124340000 314
1512124340000 314
1512124340000 314
1512124340000 314
1512124340000 314
1512124340000 314
1512124340000 314
1512124340000 315
1512124340000 315
1512124340000 315
1512124340000 315
1512124340000 315
1512124340000 315
1512124340000 315
1512124340000 315
1512124340000 315
1512124340000 315
1512124340000 315
1512124340000 315
1512124340000 315
1512124340000 315
1512124340000 315
1512124340000 315
1512124340000 315
1512124340000 315
1512124340000 315
1512124340000 315
1512124340000 315
1512124340000 316
1512124340000 323
1512124340000 324
1512124340000 325
1512124340000 325
1512124340000 325
1512124340000 326
1512124340000 326
1512124350000 308
1512124350000 308
1512124350000 308
1512124350000 309
1512124350000 309
1512124350000 309
1512124350000 309
1512124350000 309
1512124350000 309
1512124350000 309
1512124350000 309
1512124350000 309
1512124350000 309
1512124350000 309
1512124350000 309
1512124350000 309
1512124350000 309
1512124350000 309
1512124350000 309
1512124350000 309
1512124350000 309
1512124350000 309
1512124350000 309
1512124350000 309
1512124350000 309
1512124350000 310
1512124350000 310
1512124350000 310
1512124350000 310
1512124350000 310
1512124350000 310
1512124350000 310
1512124350000 310
1512124350000 310
1512124350000 310
1512124350000 310
1512124350000 310
1512124350000 310
1512124350000 310
1512124350000 310
1512124350000 310
1512124350000 310
1512124350000 310
1512124350000 310
1512124350000 310
1512124350000 310
1512124350000 310
1512124350000 310
1512124350000 310
1512124350000 310
1512124350000 310
1512124350000 310
1512124350000 310
1512124350000 310
1512124350000 311
1512124350000 311
1512124350000 311
1512124350000 311
1512124350000 311
1512124350000 311
1512124350000 311
1512124350000 311
1512124350000 311
1512124350000 311
1512124350000 311
1512124350000 311
1512124350000 311
1512124350000 311
1512124350000 311
1512124350000 311
1512124350000 311
1512124350000 311
1512124350000 311
1512124350000 312
1512124350000 312
1512124350000 312
1512124350000 312
1512124350000 312
1512124350000 312
1512124350000 312
1512124350000 312
1512124350000 312
1512124350000 312
1512124350000 312
1512124350000 312
1512124350000 312
1512124350000 312
1512124350000 312
1512124350000 312
1512124350000 312
1512124350000 312
1512124350000 312
1512124350000 312
1512124350000 312
1512124350000 313
1512124350000 313
1512124350000 313
1512124350000 313
1512124350000 317
1512124350000 318
1512124360000 325
1512124360000 325
1512124360000 325
1512124360000 326
1512124360000 326
1512124360000 326
1512124360000 326
1512124360000 326
1512124360000 326
1512124360000 326
1512124360000 326
1512124360000 326
1512124360000 326
1512124360000 326
1512124360000 326
1512124360000 326
1512124360000 326
1512124360000 326
1512124360000 326
1512124360000 326
1512124360000 326
1512124360000 326
1512124360000 326
1512124360000 327
1512124360000 327
1512124360000 327
1512124360000 327
1512124360000 327
1512124360000 327
1512124360000 327
1512124360000 327
1512124360000 327
1512124360000 327
1512124360000 327
1512124360000 327
1512124360000 327
1512124360000 327
1512124360000 327
1512124360000 327
1512124360000 327
1512124360000 327
1512124360000 327
1512124360000 327
1512124360000 327
1512124360000 327
1512124360000 327
1512124360000 327
1512124360000 327
1512124360000 327
1512124360000 327
1512124360000 328
1512124360000 328
1512124360000 328
1512124360000 328
1512124360000 328
1512124360000 328
1512124360000 328
1512124360000 328
1512124360000 328
1512124360000 328
1512124360000 328
1512124360000 328
1512124360000 328
1512124360000 328
1512124360000 328
1512124360000 328
1512124360000 328
1512124360000 328
1512124360000 328
1512124360000 329
1512124360000 329
1512124360000 329
1512124360000 329
1512124360000 329
1512124360000 329
1512124360000 329
1512124360000 329
1512124360000 329
1512124360000 329
1512124360000 329
1512124360000 329
1512124360000 329
1512124360000 329
1512124360000 329
1512124360000 329
1512124360000 329
1512124360000 329
1512124360000 329
1512124360000 329
1512124360000 329
1512124360000 329
1512124360000 330
1512124360000 330
1512124360000 330
1512124360000 330
1512124360000 330
1512124360000 330
1512124360000 330
1512124360000 330
1512124360000 344
1512124370000 425
1512124370000 425
1512124370000 426
1512124370000 426
1512124370000 426
1512124370000 426
1512124370000 426
1512124370000 426
1512124370000 426
1512124370000 426
1512124370000 426
1512124370000 426
1512124370000 426
1512124370000 426
1512124370000 426
1512124370000 426
1512124370000 426
1512124370000 426
1512124370000 426
1512124370000 426
1512124370000 426
1512124370000 426
1512124370000 426
1512124370000 426
1512124370000 426
1512124370000 426
1512124370000 426
1512124370000 426
1512124370000 426
1512124370000 426
1512124370000 426
1512124370000 426
1512124370000 426
1512124370000 426
1512124370000 426
1512124370000 426
1512124370000 426
1512124370000 426
1512124370000 426
1512124370000 426
1512124370000 426
1512124370000 426
1512124370000 426
1512124370000 426
1512124370000 426
1512124370000 426
1512124370000 426
1512124370000 426
1512124370000 427
1512124370000 427
1512124370000 427
1512124370000 427
1512124370000 427
1512124370000 427
1512124370000 427
1512124370000 427
1512124370000 427
1512124370000 427
1512124370000 427
1512124370000 427
1512124370000 427
1512124370000 428
1512124370000 428
1512124370000 428
1512124370000 428
1512124370000 428
1512124370000 428
1512124370000 428
1512124370000 428
1512124370000 428
1512124370000 428
1512124370000 428
1512124370000 428
1512124370000 428
1512124370000 428
1512124370000 428
1512124370000 428
1512124370000 428
1512124370000 428
1512124370000 428
1512124370000 428
1512124370000 428
1512124370000 428
1512124370000 428
1512124370000 428
1512124370000 429
1512124370000 429
1512124370000 429
1512124370000 429
1512124370000 429
1512124370000 429
1512124370000 429
1512124370000 429
1512124370000 429
1512124370000 429
1512124370000 429
1512124370000 429
1512124370000 429
1512124370000 429
1512124370000 430
1512124380000 332
1512124380000 332
1512124380000 332
1512124380000 332
1512124380000 332
1512124380000 332
1512124380000 332
1512124380000 332
1512124380000 332
1512124380000 332
1512124380000 332
1512124380000 332
1512124380000 332
1512124380000 333
1512124380000 333
1512124380000 333
1512124380000 333
1512124380000 333
1512124380000 333
1512124380000 333
1512124380000 333
1512124380000 333
1512124380000 333
1512124380000 333
1512124380000 333
1512124380000 333
1512124380000 333
1512124380000 333
1512124380000 333
1512124380000 333
1512124380000 333
1512124380000 333
1512124380000 333
1512124380000 333
1512124380000 333
1512124380000 333
1512124380000 333
1512124380000 333
1512124380000 333
1512124380000 333
1512124380000 333
1512124380000 334
1512124380000 334
1512124380000 334
1512124380000 334
1512124380000 334
1512124380000 334
1512124380000 334
1512124380000 334
1512124380000 334
1512124380000 334
1512124380000 334
1512124380000 334
1512124380000 334
1512124380000 334
1512124380000 334
1512124380000 334
1512124380000 334
1512124380000 334
1512124380000 334
1512124380000 335
1512124380000 335
1512124380000 335
1512124380000 335
1512124380000 335
1512124380000 335
1512124380000 335
1512124380000 335
1512124380000 335
1512124380000 335
1512124380000 335
1512124380000 335
1512124380000 335
1512124380000 335
1512124380000 335
1512124380000 335
1512124380000 335
1512124380000 335
1512124380000 335
1512124380000 335
1512124380000 335
1512124380000 335
1512124380000 335
1512124380000 336
1512124380000 336
1512124380000 336
1512124380000 336
1512124380000 336
1512124380000 336
1512124380000 336
1512124380000 336
1512124380000 336
1512124380000 336
1512124380000 336
1512124380000 336
1512124380000 342
1512124380000 342
1512124380000 343
1512124380000 344
1512124380000 348
1512124390000 325
1512124390000 325
1512124390000 326
1512124390000 326
1512124390000 326
1512124390000 326
1512124390000 326
1512124390000 326
1512124390000 326
1512124390000 326
1512124390000 326
1512124390000 326
1512124390000 326
1512124390000 326
1512124390000 326
1512124390000 326
1512124390000 326
1512124390000 326
1512124390000 326
1512124390000 326
1512124390000 326
1512124390000 326
1512124390000 326
1512124390000 326
1512124390000 326
1512124390000 326
1512124390000 326
1512124390000 326
1512124390000 326
1512124390000 327
1512124390000 327
1512124390000 327
1512124390000 327
1512124390000 327
1512124390000 327
1512124390000 327
1512124390000 327
1512124390000 327
1512124390000 327
1512124390000 327
1512124390000 327
1512124390000 327
1512124390000 327
1512124390000 327
1512124390000 327
1512124390000 327
1512124390000 327
1512124390000 327
1512124390000 327
1512124390000 327
1512124390000 327
1512124390000 327
1512124390000 327
1512124390000 327
1512124390000 327
1512124390000 327
1512124390000 327
1512124390000 327
1512124390000 327
1512124390000 327
1512124390000 328
1512124390000 328
1512124390000 328
1512124390000 328
1512124390000 328
1512124390000 328
1512124390000 328
1512124390000 328
1512124390000 328
1512124390000 328
1512124390000 328
1512124390000 328
1512124390000 328
1512124390000 328
1512124390000 328
1512124390000 328
1512124390000 328
1512124390000 328
1512124390000 328
1512124390000 328
1512124390000 328
1512124390000 328
1512124390000 328
1512124390000 329
1512124390000 329
1512124390000 329
1512124390000 329
1512124390000 329
1512124390000 329
1512124390000 329
1512124390000 329
1512124390000 329
1512124390000 329
1512124390000 329
1512124390000 329
1512124390000 329
1512124390000 329
1512124390000 329
1512124390000 330
1512124390000 330
1512124400000 304
1512124400000 304
1512124400000 305
1512124400000 305
1512124400000 305
1512124400000 305
1512124400000 305
1512124400000 305
1512124400000 305
1512124400000 305
1512124400000 305
1512124400000 305
1512124400000 305
1512124400000 305
1512124400000 305
1512124400000 306
1512124400000 306
1512124400000 306
1512124400000 306
1512124400000 306
1512124400000 306
1512124400000 306
1512124400000 306
1512124400000 306
1512124400000 306
1512124400000 306
1512124400000 306
1512124400000 306
1512124400000 306
1512124400000 306
1512124400000 306
1512124400000 306
1512124400000 306
1512124400000 306
1512124400000 307
1512124400000 307
1512124400000 307
1512124400000 307
1512124400000 307
1512124400000 307
1512124400000 307
1512124400000 307
1512124400000 307
1512124400000 307
1512124400000 307
1512124400000 307
1512124400000 307
1512124400000 307
1512124400000 307
1512124400000 307
1512124400000 307
1512124400000 307
1512124400000 308
1512124400000 308
1512124400000 308
1512124400000 308
1512124400000 308
1512124400000 308
1512124400000 308
1512124400000 308
1512124400000 308
1512124400000 308
1512124400000 308
1512124400000 308
1512124400000 308
1512124400000 309
1512124400000 309
1512124400000 309
1512124400000 309
1512124400000 309
1512124400000 309
1512124400000 309
1512124400000 309
1512124400000 309
1512124400000 309
1512124400000 309
1512124400000 309
1512124400000 309
1512124400000 309
1512124400000 309
1512124400000 309
1512124400000 309
1512124400000 309
1512124400000 310
1512124400000 310
1512124400000 310
1512124400000 310
1512124400000 310
1512124400000 310
1512124400000 310
1512124400000 310
1512124400000 310
1512124400000 311
1512124400000 317
1512124400000 317
1512124400000 318
1512124400000 322
1512124400000 324
1512124400000 325
1512124400000 335
1512124410000 317
1512124410000 317
1512124410000 317
1512124410000 317
1512124410000 317
1512124410000 317
1512124410000 317
1512124410000 317
1512124410000 318
1512124410000 318
1512124410000 318
1512124410000 318
1512124410000 318
1512124410000 318
1512124410000 318
1512124410000 318
1512124410000 318
1512124410000 318
1512124410000 318
1512124410000 318
1512124410000 318
1512124410000 319
1512124410000 319
1512124410000 319
1512124410000 319
1512124410000 319
1512124410000 319
1512124410000 319
1512124410000 319
1512124410000 319
1512124410000 319
1512124410000 319
1512124410000 319
1512124410000 319
1512124410000 319
1512124410000 319
1512124410000 319
1512124410000 319
1512124410000 319
1512124410000 319
1512124410000 319
1512124410000 319
1512124410000 319
1512124410000 319
1512124410000 319
1512124410000 319
1512124410000 319
1512124410000 319
1512124410000 319
1512124410000 320
1512124410000 320
1512124410000 320
1512124410000 320
1512124410000 320
1512124410000 320
1512124410000 320
1512124410000 320
1512124410000 320
1512124410000 320
1512124410000 320
1512124410000 320
1512124410000 320
1512124410000 320
1512124410000 320
1512124410000 320
1512124410000 320
1512124410000 320
1512124410000 320
1512124410000 320
1512124410000 320
1512124410000 320
1512124410000 320
1512124410000 321
1512124410000 321
1512124410000 321
1512124410000 321
1512124410000 321
1512124410000 321
1512124410000 321
1512124410000 321
1512124410000 321
1512124410000 321
1512124410000 321
1512124410000 321
1512124410000 321
1512124410000 321
1512124410000 321
1512124410000 321
1512124410000 321
1512124410000 321
1512124410000 321
1512124410000 321
1512124410000 322
1512124410000 322
1512124410000 322
1512124410000 322
1512124410000 346
1512124410000 346
1512124410000 347
1512124410000 347
1512124420000 345
1512124420000 345
1512124420000 345
1512124420000 345
1512124420000 345
1512124420000 345
1512124420000 345
1512124420000 346
1512124420000 346
1512124420000 346
1512124420000 346
1512124420000 346
1512124420000 346
1512124420000 346
1512124420000 346
1512124420000 346
1512124420000 346
1512124420000 346
1512124420000 346
1512124420000 346
1512124420000 346
1512124420000 346
1512124420000 346
1512124420000 346
1512124420000 346
1512124420000 346
1512124420000 346
1512124420000 346
1512124420000 346
1512124420000 346
1512124420000 346
1512124420000 346
1512124420000 346
1512124420000 346
1512124420000 346
1512124420000 347
1512124420000 347
1512124420000 347
1512124420000 347
1512124420000 347
1512124420000 347
1512124420000 347
1512124420000 347
1512124420000 347
1512124420000 347
1512124420000 347
1512124420000 347
1512124420000 347
1512124420000 347
1512124420000 347
1512124420000 347
1512124420000 347
1512124420000 347
1512124420000 347
1512124420000 347
1512124420000 347
1512124420000 347
1512124420000 347
1512124420000 347
1512124420000 347
1512124420000 347
1512124420000 347
1512124420000 347
1512124420000 347
1512124420000 348
1512124420000 348
1512124420000 348
1512124420000 348
1512124420000 348
1512124420000 348
1512124420000 348
1512124420000 348
1512124420000 348
1512124420000 348
1512124420000 348
1512124420000 348
1512124420000 348
1512124420000 348
1512124420000 348
1512124420000 348
1512124420000 349
1512124420000 349
1512124420000 349
1512124420000 349
1512124420000 349
1512124420000 349
1512124420000 349
1512124420000 349
1512124420000 349
1512124420000 349
1512124420000 349
1512124420000 349
1512124420000 349
1512124420000 350
1512124420000 353
1512124420000 354
1512124420000 354
1512124420000 355
1512124420000 355
1512124420000 356
1512124430000 329
1512124430000 329
1512124430000 330
1512124430000 330
1512124430000 330
1512124430000 330
1512124430000 330
1512124430000 330
1512124430000 331
1512124430000 331
1512124430000 331
1512124430000 331
1512124430000 331
1512124430000 331
1512124430000 331
1512124430000 331
1512124430000 331
1512124430000 331
1512124430000 331
1512124430000 331
1512124430000 331
1512124430000 331
1512124430000 331
1512124430000 331
1512124430000 331
1512124430000 331
1512124430000 331
1512124430000 331
1512124430000 331
1512124430000 331
1512124430000 331
1512124430000 331
1512124430000 331
1512124430000 331
1512124430000 331
1512124430000 331
1512124430000 331
1512124430000 331
1512124430000 332
1512124430000 332
1512124430000 332
1512124430000 332
1512124430000 332
1512124430000 332
1512124430000 332
1512124430000 332
1512124430000 332
1512124430000 332
1512124430000 332
1512124430000 332
1512124430000 332
1512124430000 333
1512124430000 333
1512124430000 333
1512124430000 333
1512124430000 333
1512124430000 333
1512124430000 333
1512124430000 333
1512124430000 333
1512124430000 333
1512124430000 333
1512124430000 333
1512124430000 334
1512124430000 334
1512124430000 334
1512124430000 334
1512124430000 334
1512124430000 334
1512124430000 334
1512124430000 334
1512124430000 334
1512124430000 334
1512124430000 334
1512124430000 334
1512124430000 334
1512124430000 334
1512124430000 334
1512124430000 334
1512124430000 334
1512124430000 334
1512124430000 334
1512124430000 334
1512124430000 334
1512124430000 334
1512124430000 334
1512124430000 334
1512124430000 334
1512124430000 334
1512124430000 334
1512124430000 335
1512124430000 335
1512124430000 335
1512124430000 335
1512124430000 335
1512124430000 335
1512124430000 335
1512124430000 335
1512124430000 335
1512124430000 335
1512124440000 346
1512124440000 346
1512124440000 346
1512124440000 347
1512124440000 347
1512124440000 347
1512124440000 347
1512124440000 347
1512124440000 347
1512124440000 347
1512124440000 347
1512124440000 347
1512124440000 347
1512124440000 347
1512124440000 347
1512124440000 347
1512124440000 347
1512124440000 347
1512124440000 347
1512124440000 347
1512124440000 347
1512124440000 347
1512124440000 347
1512124440000 347
1512124440000 348
1512124440000 348
1512124440000 348
1512124440000 348
1512124440000 348
1512124440000 348
1512124440000 348
1512124440000 348
1512124440000 348
1512124440000 348
1512124440000 348
1512124440000 348
1512124440000 348
1512124440000 348
1512124440000 348
1512124440000 348
1512124440000 348
1512124440000 348
1512124440000 348
1512124440000 348
1512124440000 348
1512124440000 349
1512124440000 349
1512124440000 349
1512124440000 349
1512124440000 349
1512124440000 349
1512124440000 349
1512124440000 349
1512124440000 350
1512124440000 350
1512124440000 350
1512124440000 350
1512124440000 350
1512124440000 350
1512124440000 350
1512124440000 350
1512124440000 350
1512124440000 350
1512124440000 350
1512124440000 350
1512124440000 350
1512124440000 350
1512124440000 350
1512124440000 350
1512124440000 350
1512124440000 350
1512124440000 350
1512124440000 350
1512124440000 351
1512124440000 351
1512124440000 351
1512124440000 351
1512124440000 351
1512124440000 351
1512124440000 351
1512124440000 351
1512124440000 351
1512124440000 351
1512124440000 351
1512124440000 351
1512124440000 351
1512124440000 351
1512124440000 351
1512124440000 351
1512124440000 351
1512124440000 352
1512124440000 352
1512124440000 352
1512124440000 352
1512124440000 374
1512124440000 376
1512124440000 380
1512124440000 380
1512124440000 381
1512124440000 381
1512124450000 355
1512124450000 355
1512124450000 355
1512124450000 356
1512124450000 356
1512124450000 356
1512124450000 356
1512124450000 356
1512124450000 356
1512124450000 356
1512124450000 356
1512124450000 356
1512124450000 356
1512124450000 356
1512124450000 356
1512124450000 356
1512124450000 356
1512124450000 356
1512124450000 356
1512124450000 356
1512124450000 356
1512124450000 356
1512124450000 356
1512124450000 356
1512124450000 356
1512124450000 356
1512124450000 356
1512124450000 356
1512124450000 357
1512124450000 357
1512124450000 357
1512124450000 357
1512124450000 357
1512124450000 357
1512124450000 357
1512124450000 357
1512124450000 357
1512124450000 357
1512124450000 357
1512124450000 357
1512124450000 357
1512124450000 357
1512124450000 357
1512124450000 357
1512124450000 357
1512124450000 357
1512124450000 357
1512124450000 357
1512124450000 357
1512124450000 357
1512124450000 357
1512124450000 357
1512124450000 357
1512124450000 357
1512124450000 357
1512124450000 357
1512124450000 357
1512124450000 358
1512124450000 358
1512124450000 358
1512124450000 358
1512124450000 358
1512124450000 358
1512124450000 358
1512124450000 358
1512124450000 358
1512124450000 358
1512124450000 358
1512124450000 358
1512124450000 358
1512124450000 358
1512124450000 358
1512124450000 358
1512124450000 358
1512124450000 358
1512124450000 358
1512124450000 358
1512124450000 358
1512124450000 359
1512124450000 359
1512124450000 359
1512124450000 359
1512124450000 359
1512124450000 359
1512124450000 359
1512124450000 359
1512124450000 359
1512124450000 359
1512124450000 359
1512124450000 359
1512124450000 360
1512124450000 373
1512124450000 389
1512124450000 390
1512124450000 391
1512124450000 391
1512124450000 391
1512124450000 392
1512124450000 392
1512124450000 392
1512124460000 346
1512124460000 346
1512124460000 346
1512124460000 346
1512124460000 346
1512124460000 346
1512124460000 346
1512124460000 346
1512124460000 346
1512124460000 346
1512124460000 346
1512124460000 346
1512124460000 347
1512124460000 347
1512124460000 347
1512124460000 347
1512124460000 347
1512124460000 347
1512124460000 347
1512124460000 347
1512124460000 347
1512124460000 347
1512124460000 347
1512124460000 347
1512124460000 347
1512124460000 347
1512124460000 347
1512124460000 347
1512124460000 347
1512124460000 347
1512124460000 347
1512124460000 347
1512124460000 347
1512124460000 347
1512124460000 347
1512124460000 347
1512124460000 347
1512124460000 347
1512124460000 347
1512124460000 347
1512124460000 347
1512124460000 348
1512124460000 348
1512124460000 348
1512124460000 348
1512124460000 348
1512124460000 348
1512124460000 348
1512124460000 348
1512124460000 348
1512124460000 348
1512124460000 348
1512124460000 348
1512124460000 348
1512124460000 348
1512124460000 348
1512124460000 348
1512124460000 348
1512124460000 348
1512124460000 348
1512124460000 348
1512124460000 348
1512124460000 348
1512124460000 348
1512124460000 348
1512124460000 349
1512124460000 349
1512124460000 349
1512124460000 349
1512124460000 349
1512124460000 349
1512124460000 349
1512124460000 349
1512124460000 349
1512124460000 349
1512124460000 349
1512124460000 349
1512124460000 349
1512124460000 349
1512124460000 349
1512124460000 349
1512124460000 349
1512124460000 349
1512124460000 349
1512124460000 349
1512124460000 349
1512124460000 349
1512124460000 349
1512124460000 349
1512124460000 349
1512124460000 349
1512124460000 350
1512124460000 350
1512124460000 350
1512124460000 350
1512124460000 350
1512124460000 350
1512124460000 350
1512124460000 351
1512124460000 351
1512124470000 328
1512124470000 329
1512124470000 329
1512124470000 329
1512124470000 329
1512124470000 329
1512124470000 329
1512124470000 329
1512124470000 329
1512124470000 329
1512124470000 329
1512124470000 329
1512124470000 329
1512124470000 329
1512124470000 329
1512124470000 329
1512124470000 329
1512124470000 329
1512124470000 329
1512124470000 329
1512124470000 329
1512124470000 329
1512124470000 329
1512124470000 329
1512124470000 329
1512124470000 329
1512124470000 329
1512124470000 329
1512124470000 329
1512124470000 329
1512124470000 329
1512124470000 329
1512124470000 329
1512124470000 329
1512124470000 329
1512124470000 330
1512124470000 330
1512124470000 330
1512124470000 330
1512124470000 330
1512124470000 330
1512124470000 330
1512124470000 330
1512124470000 330
1512124470000 330
1512124470000 330
1512124470000 330
1512124470000 330
1512124470000 330
1512124470000 330
1512124470000 330
1512124470000 330
1512124470000 330
1512124470000 330
1512124470000 330
1512124470000 330
1512124470000 330
1512124470000 330
1512124470000 330
1512124470000 330
1512124470000 330
1512124470000 330
1512124470000 330
1512124470000 330
1512124470000 330
1512124470000 330
1512124470000 330
1512124470000 330
1512124470000 331
1512124470000 331
1512124470000 331
1512124470000 331
1512124470000 331
1512124470000 331
1512124470000 331
1512124470000 331
1512124470000 331
1512124470000 331
1512124470000 331
1512124470000 331
1512124470000 331
1512124470000 331
1512124470000 331
1512124470000 331
1512124470000 331
1512124470000 331
1512124470000 331
1512124470000 331
1512124470000 332
1512124470000 332
1512124470000 332
1512124470000 332
1512124470000 332
1512124470000 359
1512124470000 359
1512124470000 380
1512124470000 381
1512124470000 383
1512124470000 384
1512124470000 385
1512124480000 344
1512124480000 344
1512124480000 344
1512124480000 344
1512124480000 344
1512124480000 345
1512124480000 345
1512124480000 345
1512124480000 345
1512124480000 345
1512124480000 346
1512124480000 371
1512124480000 371
1512124480000 371
1512124480000 372
1512124480000 372
1512124480000 372
1512124480000 372
1512124480000 372
1512124480000 372
1512124480000 372
1512124480000 372
1512124480000 372
1512124480000 372
1512124480000 372
1512124480000 372
1512124480000 372
1512124480000 372
1512124480000 372
1512124480000 372
1512124480000 372
1512124480000 372
1512124480000 372
1512124480000 372
1512124480000 372
1512124480000 372
1512124480000 372
1512124480000 372
1512124480000 372
1512124480000 372
1512124480000 372
1512124480000 372
1512124480000 372
1512124480000 372
1512124480000 372
1512124480000 372
1512124480000 372
1512124480000 372
1512124480000 372
1512124480000 372
1512124480000 372
1512124480000 372
1512124480000 372
1512124480000 372
1512124480000 372
1512124480000 372
1512124480000 372
1512124480000 372
1512124480000 373
1512124480000 373
1512124480000 373
1512124480000 373
1512124480000 373
1512124480000 373
1512124480000 373
1512124480000 373
1512124480000 373
1512124480000 373
1512124480000 373
1512124480000 373
1512124480000 373
1512124480000 373
1512124480000 373
1512124480000 373
1512124480000 374
1512124480000 374
1512124480000 374
1512124480000 374
1512124480000 374
1512124480000 374
1512124480000 374
1512124480000 374
1512124480000 374
1512124480000 374
1512124480000 374
1512124480000 374
1512124480000 374
1512124480000 374
1512124480000 374
1512124480000 374
1512124480000 374
1512124480000 374
1512124480000 374
1512124480000 374
1512124480000 374
1512124480000 374
1512124480000 374
1512124480000 375
1512124480000 375
1512124480000 375
1512124490000 375
1512124490000 375
1512124490000 375
1512124490000 375
1512124490000 375
1512124490000 375
1512124490000 375
1512124490000 375
1512124490000 375
1512124490000 375
1512124490000 375
1512124490000 375
1512124490000 375
1512124490000 375
1512124490000 375
1512124490000 375
1512124490000 375
1512124490000 375
1512124490000 375
1512124490000 375
1512124490000 375
1512124490000 375
1512124490000 376
1512124490000 376
1512124490000 376
1512124490000 376
1512124490000 376
1512124490000 376
1512124490000 376
1512124490000 376
1512124490000 376
1512124490000 376
1512124490000 376
1512124490000 376
1512124490000 376
1512124490000 376
1512124490000 376
1512124490000 376
1512124490000 376
1512124490000 376
1512124490000 376
1512124490000 376
1512124490000 376
1512124490000 376
1512124490000 376
1512124490000 376
1512124490000 376
1512124490000 376
1512124490000 376
1512124490000 376
1512124490000 376
1512124490000 377
1512124490000 377
1512124490000 377
1512124490000 377
1512124490000 377
1512124490000 377
1512124490000 377
1512124490000 377
1512124490000 377
1512124490000 377
1512124490000 377
1512124490000 377
1512124490000 377
1512124490000 377
1512124490000 377
1512124490000 377
1512124490000 377
1512124490000 377
1512124490000 377
1512124490000 377
1512124490000 377
1512124490000 377
1512124490000 377
1512124490000 377
1512124490000 377
1512124490000 378
1512124490000 378
1512124490000 378
1512124490000 378
1512124490000 378
1512124490000 378
1512124490000 378
1512124490000 378
1512124490000 378
1512124490000 378
1512124490000 378
1512124490000 378
1512124490000 378
1512124490000 378
1512124490000 378
1512124490000 378
1512124490000 379
1512124490000 379
1512124490000 379
1512124490000 413
1512124490000 414
1512124490000 416
1512124490000 416
1512124490000 417
1512124500000 315
1512124500000 315
1512124500000 315
1512124500000 315
1512124500000 315
1512124500000 315
1512124500000 315
1512124500000 315
1512124500000 315
1512124500000 315
1512124500000 315
1512124500000 315
1512124500000 315
1512124500000 315
1512124500000 315
1512124500000 315
1512124500000 315
1512124500000 315
1512124500000 315
1512124500000 315
1512124500000 315
1512124500000 315
1512124500000 315
1512124500000 315
1512124500000 315
1512124500000 315
1512124500000 315
1512124500000 316
1512124500000 316
1512124500000 316
1512124500000 316
1512124500000 316
1512124500000 316
1512124500000 316
1512124500000 316
1512124500000 316
1512124500000 316
1512124500000 316
1512124500000 316
1512124500000 316
1512124500000 316
1512124500000 316
1512124500000 316
1512124500000 316
1512124500000 316
1512124500000 316
1512124500000 316
1512124500000 316
1512124500000 316
1512124500000 316
1512124500000 316
1512124500000 316
1512124500000 316
1512124500000 316
1512124500000 316
1512124500000 317
1512124500000 317
1512124500000 317
1512124500000 317
1512124500000 317
1512124500000 317
1512124500000 318
1512124500000 318
1512124500000 318
1512124500000 318
1512124500000 318
1512124500000 318
1512124500000 318
1512124500000 318
1512124500000 318
1512124500000 318
1512124500000 318
1512124500000 318
1512124500000 318
1512124500000 318
1512124500000 318
1512124500000 318
1512124500000 318
1512124500000 318
1512124500000 318
1512124500000 318
1512124500000 318
1512124500000 318
1512124500000 318
1512124500000 318
1512124500000 319
1512124500000 319
1512124500000 319
1512124500000 319
1512124500000 319
1512124500000 319
1512124500000 324
1512124500000 330
1512124500000 330
1512124500000 330
1512124500000 340
1512124500000 345
1512124500000 345
1512124500000 346
1512124500000 346
1512124510000 327
1512124510000 327
1512124510000 327
1512124510000 327
1512124510000 327
1512124510000 327
1512124510000 327
1512124510000 327
1512124510000 327
1512124510000 328
1512124510000 328
1512124510000 328
1512124510000 328
1512124510000 328
1512124510000 328
1512124510000 328
1512124510000 328
1512124510000 328
1512124510000 328
1512124510000 328
1512124510000 328
1512124510000 328
1512124510000 328
1512124510000 328
1512124510000 328
1512124510000 328
1512124510000 328
1512124510000 328
1512124510000 328
1512124510000 328
1512124510000 328
1512124510000 328
1512124510000 328
1512124510000 328
1512124510000 328
1512124510000 328
1512124510000 329
1512124510000 329
1512124510000 329
1512124510000 329
1512124510000 329
1512124510000 329
1512124510000 329
1512124510000 329
1512124510000 329
1512124510000 329
1512124510000 329
1512124510000 329
1512124510000 329
1512124510000 329
1512124510000 329
1512124510000 329
1512124510000 329
1512124510000 329
1512124510000 329
1512124510000 329
1512124510000 329
1512124510000 329
1512124510000 329
1512124510000 329
1512124510000 329
1512124510000 329
1512124510000 329
1512124510000 329
1512124510000 329
1512124510000 329
1512124510000 329
1512124510000 330
1512124510000 330
1512124510000 330
1512124510000 330
1512124510000 330
1512124510000 330
1512124510000 330
1512124510000 330
1512124510000 330
1512124510000 330
1512124510000 330
1512124510000 330
1512124510000 330
1512124510000 330
1512124510000 330
1512124510000 330
1512124510000 330
1512124510000 330
1512124510000 330
1512124510000 330
1512124510000 330
1512124510000 330
1512124510000 330
1512124510000 330
1512124510000 331
1512124510000 331
1512124510000 331
1512124510000 331
1512124510000 331
1512124510000 331
1512124510000 331
1512124510000 331
1512124510000 331
1512124520000 334
1512124520000 334
1512124520000 334
1512124520000 334
1512124520000 334
1512124520000 334
1512124520000 334
1512124520000 334
1512124520000 334
1512124520000 334
1512124520000 334
1512124520000 334
1512124520000 334
1512124520000 334
1512124520000 334
1512124520000 334
1512124520000 334
1512124520000 334
1512124520000 334
1512124520000 334
1512124520000 334
1512124520000 334
1512124520000 334
1512124520000 334
1512124520000 335
1512124520000 335
1512124520000 335
1512124520000 335
1512124520000 335
1512124520000 335
1512124520000 335
1512124520000 335
1512124520000 335
1512124520000 335
1512124520000 335
1512124520000 335
1512124520000 335
1512124520000 335
1512124520000 335
1512124520000 335
1512124520000 335
1512124520000 335
1512124520000 335
1512124520000 335
1512124520000 335
1512124520000 335
1512124520000 335
1512124520000 335
1512124520000 335
1512124520000 335
1512124520000 335
1512124520000 335
1512124520000 336
1512124520000 337
1512124520000 337
1512124520000 337
1512124520000 337
1512124520000 337
1512124520000 337
1512124520000 337
1512124520000 337
1512124520000 337
1512124520000 337
1512124520000 337
1512124520000 337
1512124520000 337
1512124520000 337
1512124520000 337
1512124520000 337
1512124520000 338
1512124520000 338
1512124520000 338
1512124520000 338
1512124520000 338
1512124520000 338
1512124520000 338
1512124520000 338
1512124520000 338
1512124520000 338
1512124520000 338
1512124520000 338
1512124520000 338
1512124520000 338
1512124520000 338
1512124520000 338
1512124520000 339
1512124520000 339
1512124520000 339
1512124520000 339
1512124520000 339
1512124520000 339
1512124520000 339
1512124520000 339
1512124520000 339
1512124520000 339
1512124520000 339
1512124520000 339
1512124520000 339
1512124520000 340
1512124520000 340
1512124530000 315
1512124530000 315
1512124530000 315
1512124530000 315
1512124530000 315
1512124530000 315
1512124530000 315
1512124530000 315
1512124530000 315
1512124530000 315
1512124530000 315
1512124530000 315
1512124530000 315
1512124530000 315
1512124530000 315
1512124530000 315
1512124530000 315
1512124530000 315
1512124530000 315
1512124530000 315
1512124530000 316
1512124530000 316
1512124530000 316
1512124530000 316
1512124530000 316
1512124530000 316
1512124530000 316
1512124530000 316
1512124530000 316
1512124530000 316
1512124530000 316
1512124530000 316
1512124530000 316
1512124530000 316
1512124530000 316
1512124530000 316
1512124530000 316
1512124530000 316
1512124530000 316
1512124530000 316
1512124530000 316
1512124530000 316
1512124530000 317
1512124530000 317
1512124530000 317
1512124530000 317
1512124530000 317
1512124530000 317
1512124530000 317
1512124530000 317
1512124530000 317
1512124530000 317
1512124530000 317
1512124530000 317
1512124530000 317
1512124530000 317
1512124530000 317
1512124530000 317
1512124530000 317
1512124530000 318
1512124530000 318
1512124530000 318
1512124530000 318
1512124530000 318
1512124530000 318
1512124530000 318
1512124530000 318
1512124530000 318
1512124530000 318
1512124530000 318
1512124530000 318
1512124530000 318
1512124530000 318
1512124530000 318
1512124530000 318
1512124530000 318
1512124530000 318
1512124530000 318
1512124530000 318
1512124530000 318
1512124530000 318
1512124530000 318
1512124530000 319
1512124530000 319
1512124530000 319
1512124530000 319
1512124530000 319
1512124530000 319
1512124530000 319
1512124530000 319
1512124530000 319
1512124530000 320
1512124530000 320
1512124530000 320
1512124530000 321
1512124530000 342
1512124530000 344
1512124530000 344
1512124530000 345
1512124530000 345
1512124540000 346
1512124540000 346
1512124540000 346
1512124540000 346
1512124540000 346
1512124540000 347
1512124540000 347
1512124540000 347
1512124540000 347
1512124540000 347
1512124540000 347
1512124540000 347
1512124540000 347
1512124540000 347
1512124540000 347
1512124540000 347
1512124540000 347
1512124540000 347
1512124540000 347
1512124540000 348
1512124540000 348
1512124540000 348
1512124540000 348
1512124540000 348
1512124540000 348
1512124540000 348
1512124540000 348
1512124540000 348
1512124540000 348
1512124540000 348
1512124540000 348
1512124540000 348
1512124540000 348
1512124540000 348
1512124540000 348
1512124540000 348
1512124540000 349
1512124540000 349
1512124540000 349
1512124540000 349
1512124540000 349
1512124540000 349
1512124540000 349
1512124540000 349
1512124540000 349
1512124540000 349
1512124540000 349
1512124540000 349
1512124540000 349
1512124540000 349
1512124540000 349
1512124540000 350
1512124540000 350
1512124540000 350
1512124540000 350
1512124540000 350
1512124540000 350
1512124540000 350
1512124540000 350
1512124540000 350
1512124540000 350
1512124540000 350
1512124540000 350
1512124540000 350
1512124540000 350
1512124540000 350
1512124540000 350
1512124540000 350
1512124540000 350
1512124540000 351
1512124540000 351
1512124540000 351
1512124540000 351
1512124540000 351
1512124540000 351
1512124540000 351
1512124540000 351
1512124540000 351
1512124540000 351
1512124540000 351
1512124540000 351
1512124540000 351
1512124540000 351
1512124540000 351
1512124540000 351
1512124540000 351
1512124540000 351
1512124540000 351
1512124540000 351
1512124540000 351
1512124540000 351
1512124540000 351
1512124540000 351
1512124540000 351
1512124540000 351
1512124540000 352
1512124540000 352
1512124540000 352
1512124540000 352
1512124540000 352
1512124550000 353
1512124550000 353
1512124550000 353
1512124550000 354
1512124550000 354
1512124550000 354
1512124550000 354
1512124550000 354
1512124550000 354
1512124550000 354
1512124550000 354
1512124550000 354
1512124550000 354
1512124550000 354
1512124550000 354
1512124550000 354
1512124550000 354
1512124550000 354
1512124550000 354
1512124550000 354
1512124550000 354
1512124550000 354
1512124550000 354
1512124550000 354
1512124550000 354
1512124550000 354
1512124550000 354
1512124550000 354
1512124550000 354
1512124550000 354
1512124550000 354
1512124550000 354
1512124550000 354
1512124550000 355
1512124550000 355
1512124550000 355
1512124550000 355
1512124550000 355
1512124550000 355
1512124550000 355
1512124550000 355
1512124550000 355
1512124550000 355
1512124550000 355
1512124550000 355
1512124550000 355
1512124550000 355
1512124550000 356
1512124550000 356
1512124550000 356
1512124550000 356
1512124550000 356
1512124550000 356
1512124550000 356
1512124550000 356
1512124550000 356
1512124550000 356
1512124550000 357
1512124550000 357
1512124550000 357
1512124550000 357
1512124550000 357
1512124550000 357
1512124550000 357
1512124550000 357
1512124550000 357
1512124550000 357
1512124550000 357
1512124550000 357
1512124550000 358
1512124550000 358
1512124550000 358
1512124550000 358
1512124550000 358
1512124550000 358
1512124550000 358
1512124550000 358
1512124550000 358
1512124550000 358
1512124550000 358
1512124550000 358
1512124550000 358
1512124550000 358
1512124550000 358
1512124550000 358
1512124550000 358
1512124550000 358
1512124550000 358
1512124550000 359
1512124550000 359
1512124550000 359
1512124550000 359
1512124550000 359
1512124550000 359
1512124550000 359
1512124550000 359
1512124550000 360
1512124550000 378
1512124550000 378
1512124550000 379
1512124560000 307
1512124560000 307
1512124560000 307
1512124560000 307
1512124560000 307
1512124560000 307
1512124560000 307
1512124560000 307
1512124560000 307
1512124560000 307
1512124560000 307
1512124560000 307
1512124560000 307
1512124560000 307
1512124560000 307
1512124560000 308
1512124560000 308
1512124560000 308
1512124560000 308
1512124560000 308
1512124560000 308
1512124560000 308
1512124560000 308
1512124560000 308
1512124560000 308
1512124560000 308
1512124560000 308
1512124560000 308
1512124560000 308
1512124560000 308
1512124560000 308
1512124560000 308
1512124560000 308
1512124560000 308
1512124560000 308
1512124560000 308
1512124560000 308
1512124560000 309
1512124560000 309
1512124560000 309
1512124560000 309
1512124560000 309
1512124560000 309
1512124560000 309
1512124560000 309
1512124560000 309
1512124560000 309
1512124560000 309
1512124560000 309
1512124560000 309
1512124560000 309
1512124560000 309
1512124560000 309
1512124560000 309
1512124560000 309
1512124560000 309
1512124560000 309
1512124560000 309
1512124560000 309
1512124560000 309
1512124560000 309
1512124560000 309
1512124560000 309
1512124560000 309
1512124560000 309
1512124560000 309
1512124560000 310
1512124560000 310
1512124560000 310
1512124560000 310
1512124560000 310
1512124560000 310
1512124560000 310
1512124560000 310
1512124560000 310
1512124560000 310
1512124560000 310
1512124560000 310
1512124560000 310
1512124560000 310
1512124560000 310
1512124560000 310
1512124560000 310
1512124560000 310
1512124560000 310
1512124560000 310
1512124560000 310
1512124560000 310
1512124560000 310
1512124560000 310
1512124560000 310
1512124560000 311
1512124560000 311
1512124560000 311
1512124560000 311
1512124560000 311
1512124560000 311
1512124560000 311
1512124560000 311
1512124560000 311
1512124570000 327
1512124570000 328
1512124570000 328
1512124570000 328
1512124570000 328
1512124570000 328
1512124570000 328
1512124570000 328
1512124570000 328
1512124570000 328
1512124570000 328
1512124570000 328
1512124570000 328
1512124570000 328
1512124570000 328
1512124570000 328
1512124570000 328
1512124570000 328
1512124570000 328
1512124570000 328
1512124570000 328
1512124570000 328
1512124570000 328
1512124570000 328
1512124570000 328
1512124570000 328
1512124570000 328
1512124570000 328
1512124570000 328
1512124570000 328
1512124570000 329
1512124570000 329
1512124570000 329
1512124570000 329
1512124570000 329
1512124570000 329
1512124570000 329
1512124570000 329
1512124570000 329
1512124570000 329
1512124570000 329
1512124570000 329
1512124570000 329
1512124570000 329
1512124570000 329
1512124570000 329
1512124570000 329
1512124570000 329
1512124570000 329
1512124570000 329
1512124570000 329
1512124570000 329
1512124570000 329
1512124570000 329
1512124570000 329
1512124570000 329
1512124570000 329
1512124570000 329
1512124570000 329
1512124570000 329
1512124570000 330
1512124570000 330
1512124570000 330
1512124570000 330
1512124570000 330
1512124570000 330
1512124570000 330
1512124570000 330
1512124570000 330
1512124570000 330
1512124570000 330
1512124570000 330
1512124570000 330
1512124570000 330
1512124570000 330
1512124570000 330
1512124570000 330
1512124570000 330
1512124570000 330
1512124570000 330
1512124570000 330
1512124570000 330
1512124570000 330
1512124570000 330
1512124570000 330
1512124570000 330
1512124570000 330
1512124570000 330
1512124570000 330
1512124570000 330
1512124570000 331
1512124570000 331
1512124570000 331
1512124570000 331
1512124570000 331
1512124570000 331
1512124570000 331
1512124570000 331
1512124570000 331
1512124570000 331
1512124580000 312
1512124580000 312
1512124580000 312
1512124580000 313
1512124580000 313
1512124580000 313
1512124580000 313
1512124580000 313
1512124580000 313
1512124580000 313
1512124580000 313
1512124580000 313
1512124580000 313
1512124580000 314
1512124580000 314
1512124580000 314
1512124580000 314
1512124580000 314
1512124580000 314
1512124580000 314
1512124580000 314
1512124580000 314
1512124580000 314
1512124580000 314
1512124580000 314
1512124580000 314
1512124580000 314
1512124580000 314
1512124580000 315
1512124580000 315
1512124580000 315
1512124580000 315
1512124580000 315
1512124580000 315
1512124580000 315
1512124580000 315
1512124580000 315
1512124580000 315
1512124580000 315
1512124580000 315
1512124580000 315
1512124580000 315
1512124580000 315
1512124580000 315
1512124580000 315
1512124580000 315
1512124580000 316
1512124580000 316
1512124580000 316
1512124580000 316
1512124580000 316
1512124580000 316
1512124580000 316
1512124580000 316
1512124580000 316
1512124580000 316
1512124580000 316
1512124580000 316
1512124580000 316
1512124580000 316
1512124580000 316
1512124580000 317
1512124580000 317
1512124580000 317
1512124580000 317
1512124580000 317
1512124580000 317
1512124580000 317
1512124580000 317
1512124580000 317
1512124580000 317
1512124580000 317
1512124580000 317
1512124580000 317
1512124580000 318
1512124580000 318
1512124580000 318
1512124580000 318
1512124580000 318
1512124580000 318
1512124580000 318
1512124580000 318
1512124580000 318
1512124580000 318
1512124580000 318
1512124580000 318
1512124580000 318
1512124580000 319
1512124580000 319
1512124580000 319
1512124580000 320
1512124580000 320
1512124580000 320
1512124580000 320
1512124580000 320
1512124580000 320
1512124580000 321
1512124580000 346
1512124580000 346
1512124580000 347
1512124590000 368
1512124590000 368
1512124590000 368
1512124590000 368
1512124590000 368
1512124590000 368
1512124590000 368
1512124590000 368
1512124590000 368
1512124590000 368
1512124590000 368
1512124590000 368
1512124590000 368
1512124590000 368
1512124590000 368
1512124590000 368
1512124590000 368
1512124590000 368
1512124590000 368
1512124590000 368
1512124590000 369
1512124590000 369
1512124590000 369
1512124590000 369
1512124590000 369
1512124590000 369
1512124590000 369
1512124590000 369
1512124590000 369
1512124590000 369
1512124590000 369
1512124590000 369
1512124590000 369
1512124590000 369
1512124590000 369
1512124590000 369
1512124590000 369
1512124590000 369
1512124590000 369
1512124590000 369
1512124590000 369
1512124590000 369
1512124590000 369
1512124590000 369
1512124590000 369
1512124590000 369
1512124590000 370
1512124590000 370
1512124590000 370
1512124590000 370
1512124590000 370
1512124590000 370
1512124590000 370
1512124590000 370
1512124590000 370
1512124590000 370
1512124590000 370
1512124590000 370
1512124590000 370
1512124590000 370
1512124590000 370
1512124590000 370
1512124590000 370
1512124590000 370
1512124590000 370
1512124590000 370
1512124590000 370
1512124590000 370
1512124590000 370
1512124590000 370
1512124590000 370
1512124590000 370
1512124590000 371
1512124590000 371
1512124590000 371
1512124590000 371
1512124590000 371
1512124590000 371
1512124590000 371
1512124590000 371
1512124590000 371
1512124590000 371
1512124590000 371
1512124590000 371
1512124590000 371
1512124590000 371
1512124590000 371
1512124590000 371
1512124590000 371
1512124590000 371
1512124590000 371
1512124590000 371
1512124590000 371
1512124590000 371
1512124590000 372
1512124590000 372
1512124590000 372
1512124590000 378
1512124590000 378
1512124590000 379
1512124600000 356
1512124600000 356
1512124600000 356
1512124600000 356
1512124600000 356
1512124600000 356
1512124600000 356
1512124600000 356
1512124600000 356
1512124600000 356
1512124600000 357
1512124600000 357
1512124600000 357
1512124600000 357
1512124600000 357
1512124600000 357
1512124600000 357
1512124600000 357
1512124600000 357
1512124600000 357
1512124600000 357
1512124600000 357
1512124600000 357
1512124600000 357
1512124600000 357
1512124600000 357
1512124600000 357
1512124600000 357
1512124600000 357
1512124600000 357
1512124600000 357
1512124600000 357
1512124600000 357
1512124600000 358
1512124600000 358
1512124600000 358
1512124600000 358
1512124600000 358
1512124600000 358
1512124600000 358
1512124600000 358
1512124600000 358
1512124600000 358
1512124600000 358
1512124600000 358
1512124600000 358
1512124600000 358
1512124600000 358
1512124600000 358
1512124600000 358
1512124600000 358
1512124600000 358
1512124600000 358
1512124600000 358
1512124600000 358
1512124600000 358
1512124600000 358
1512124600000 359
1512124600000 359
1512124600000 359
1512124600000 359
1512124600000 359
1512124600000 359
1512124600000 359
1512124600000 359
1512124600000 359
1512124600000 359
1512124600000 359
1512124600000 359
1512124600000 359
1512124600000 359
1512124600000 359
1512124600000 359
1512124600000 359
1512124600000 359
1512124600000 359
1512124600000 360
1512124600000 360
1512124600000 360
1512124600000 360
1512124600000 360
1512124600000 360
1512124600000 360
1512124600000 360
1512124600000 360
1512124600000 360
1512124600000 360
1512124600000 360
1512124600000 360
1512124600000 360
1512124600000 360
1512124600000 360
1512124600000 360
1512124600000 360
1512124600000 361
1512124600000 361
1512124600000 361
1512124600000 361
1512124600000 361
1512124600000 361
1512124610000 328
1512124610000 328
1512124610000 328
1512124610000 328
1512124610000 328
1512124610000 328
1512124610000 328
1512124610000 328
1512124610000 328
1512124610000 328
1512124610000 329
1512124610000 329
1512124610000 329
1512124610000 329
1512124610000 329
1512124610000 329
1512124610000 329
1512124610000 329
1512124610000 329
1512124610000 329
1512124610000 329
1512124610000 329
1512124610000 329
1512124610000 329
1512124610000 329
1512124610000 329
1512124610000 329
1512124610000 329
1512124610000 329
1512124610000 329
1512124610000 329
1512124610000 329
1512124610000 329
1512124610000 329
1512124610000 329
1512124610000 329
1512124610000 329
1512124610000 329
1512124610000 330
1512124610000 330
1512124610000 330
1512124610000 330
1512124610000 330
1512124610000 330
1512124610000 330
1512124610000 330
1512124610000 330
1512124610000 330
1512124610000 330
1512124610000 330
1512124610000 330
1512124610000 330
1512124610000 330
1512124610000 330
1512124610000 330
1512124610000 330
1512124610000 330
1512124610000 330
1512124610000 330
1512124610000 330
1512124610000 330
1512124610000 330
1512124610000 331
1512124610000 331
1512124610000 331
1512124610000 331
1512124610000 331
1512124610000 331
1512124610000 331
1512124610000 331
1512124610000 331
1512124610000 331
1512124610000 331
1512124610000 331
1512124610000 331
1512124610000 331
1512124610000 331
1512124610000 331
1512124610000 331
1512124610000 331
1512124610000 331
1512124610000 331
1512124610000 331
1512124610000 331
1512124610000 331
1512124610000 331
1512124610000 331
1512124610000 332
1512124610000 332
1512124610000 332
1512124610000 332
1512124610000 332
1512124610000 332
1512124610000 332
1512124610000 332
1512124610000 333
1512124610000 352
1512124610000 354
1512124610000 354
1512124610000 355
1512124620000 332
1512124620000 332
1512124620000 332
1512124620000 332
1512124620000 332
1512124620000 332
1512124620000 332
1512124620000 332
1512124620000 332
1512124620000 332
1512124620000 332
1512124620000 332
1512124620000 332
1512124620000 332
1512124620000 332
1512124620000 332
1512124620000 332
1512124620000 332
1512124620000 332
1512124620000 332
1512124620000 333
1512124620000 333
1512124620000 333
1512124620000 333
1512124620000 333
1512124620000 333
1512124620000 333
1512124620000 333
1512124620000 333
1512124620000 333
1512124620000 333
1512124620000 333
1512124620000 333
1512124620000 333
1512124620000 333
1512124620000 333
1512124620000 333
1512124620000 333
1512124620000 333
1512124620000 333
1512124620000 333
1512124620000 333
1512124620000 333
1512124620000 333
1512124620000 333
1512124620000 333
1512124620000 333
1512124620000 333
1512124620000 333
1512124620000 333
1512124620000 333
1512124620000 333
1512124620000 333
1512124620000 333
1512124620000 334
1512124620000 334
1512124620000 334
1512124620000 334
1512124620000 334
1512124620000 334
1512124620000 334
1512124620000 334
1512124620000 334
1512124620000 334
1512124620000 334
1512124620000 334
1512124620000 334
1512124620000 334
1512124620000 334
1512124620000 334
1512124620000 334
1512124620000 334
1512124620000 334
1512124620000 334
1512124620000 334
1512124620000 334
1512124620000 334
1512124620000 334
1512124620000 334
1512124620000 334
1512124620000 334
1512124620000 334
1512124620000 334
1512124620000 334
1512124620000 334
1512124620000 334
1512124620000 335
1512124620000 335
1512124620000 335
1512124620000 335
1512124620000 335
1512124620000 335
1512124620000 335
1512124620000 335
1512124620000 335
1512124620000 335
1512124620000 335
1512124620000 335
1512124620000 335
1512124620000 335
1512124630000 321
1512124630000 321
1512124630000 321
1512124630000 321
1512124630000 321
1512124630000 321
1512124630000 321
1512124630000 322
1512124630000 322
1512124630000 322
1512124630000 322
1512124630000 322
1512124630000 322
1512124630000 322
1512124630000 322
1512124630000 322
1512124630000 322
1512124630000 322
1512124630000 322
1512124630000 322
1512124630000 322
1512124630000 322
1512124630000 322
1512124630000 322
1512124630000 322
1512124630000 322
1512124630000 322
1512124630000 322
1512124630000 322
1512124630000 322
1512124630000 322
1512124630000 322
1512124630000 322
1512124630000 322
1512124630000 322
1512124630000 322
1512124630000 322
1512124630000 322
1512124630000 322
1512124630000 323
1512124630000 323
1512124630000 323
1512124630000 323
1512124630000 323
1512124630000 323
1512124630000 323
1512124630000 323
1512124630000 323
1512124630000 323
1512124630000 323
1512124630000 323
1512124630000 323
1512124630000 323
1512124630000 323
1512124630000 323
1512124630000 323
1512124630000 323
1512124630000 323
1512124630000 323
1512124630000 323
1512124630000 323
1512124630000 323
1512124630000 323
1512124630000 323
1512124630000 323
1512124630000 323
1512124630000 324
1512124630000 324
1512124630000 324
1512124630000 324
1512124630000 324
1512124630000 324
1512124630000 324
1512124630000 324
1512124630000 324
1512124630000 324
1512124630000 324
1512124630000 324
1512124630000 324
1512124630000 324
1512124630000 324
1512124630000 324
1512124630000 324
1512124630000 324
1512124630000 324
1512124630000 324
1512124630000 324
1512124630000 324
1512124630000 325
1512124630000 325
1512124630000 325
1512124630000 325
1512124630000 325
1512124630000 325
1512124630000 325
1512124630000 326
1512124630000 327
1512124630000 327
1512124630000 328
1512124630000 339
1512124640000 320
1512124640000 343
1512124640000 343
1512124640000 343
1512124640000 343
1512124640000 343
1512124640000 343
1512124640000 343
1512124640000 343
1512124640000 343
1512124640000 343
1512124640000 343
1512124640000 343
1512124640000 343
1512124640000 343
1512124640000 344
1512124640000 344
1512124640000 344
1512124640000 344
1512124640000 344
1512124640000 344
1512124640000 344
1512124640000 344
1512124640000 344
1512124640000 344
1512124640000 344
1512124640000 344
1512124640000 344
1512124640000 344
1512124640000 344
1512124640000 344
1512124640000 345
1512124640000 345
1512124640000 345
1512124640000 345
1512124640000 345
1512124640000 345
1512124640000 345
1512124640000 345
1512124640000 345
1512124640000 345
1512124640000 345
1512124640000 345
1512124640000 345
1512124640000 345
1512124640000 345
1512124640000 345
1512124640000 345
1512124640000 345
1512124640000 345
1512124640000 345
1512124640000 345
1512124640000 346
1512124640000 346
1512124640000 346
1512124640000 346
1512124640000 346
1512124640000 346
1512124640000 346
1512124640000 346
1512124640000 346
1512124640000 346
1512124640000 347
1512124640000 347
1512124640000 347
1512124640000 347
1512124640000 347
1512124640000 347
1512124640000 347
1512124640000 347
1512124640000 347
1512124640000 347
1512124640000 347
1512124640000 347
1512124640000 347
1512124640000 347
1512124640000 347
1512124640000 347
1512124640000 347
1512124640000 348
1512124640000 348
1512124640000 348
1512124640000 348
1512124640000 348
1512124640000 348
1512124640000 348
1512124640000 348
1512124640000 349
1512124640000 351
1512124640000 351
1512124640000 351
1512124640000 352
1512124640000 354
1512124640000 354
1512124640000 354
1512124640000 355
1512124640000 355
1512124640000 355
1512124640000 355
1512124640000 356
1512124650000 374
1512124650000 374
1512124650000 374
1512124650000 374
1512124650000 374
1512124650000 374
1512124650000 374
1512124650000 374
1512124650000 374
1512124650000 374
1512124650000 374
1512124650000 374
1512124650000 374
1512124650000 374
1512124650000 374
1512124650000 374
1512124650000 374
1512124650000 374
1512124650000 374
1512124650000 374
1512124650000 375
1512124650000 375
1512124650000 375
1512124650000 375
1512124650000 375
1512124650000 375
1512124650000 375
1512124650000 375
1512124650000 375
1512124650000 375
1512124650000 375
1512124650000 375
1512124650000 375
1512124650000 375
1512124650000 375
1512124650000 375
1512124650000 375
1512124650000 375
1512124650000 375
1512124650000 375
1512124650000 375
1512124650000 376
1512124650000 376
1512124650000 376
1512124650000 376
1512124650000 376
1512124650000 376
1512124650000 376
1512124650000 376
1512124650000 376
1512124650000 376
1512124650000 376
1512124650000 376
1512124650000 376
1512124650000 376
1512124650000 376
1512124650000 376
1512124650000 376
1512124650000 376
1512124650000 376
1512124650000 376
1512124650000 376
1512124650000 376
1512124650000 376
1512124650000 376
1512124650000 376
1512124650000 376
1512124650000 376
1512124650000 376
1512124650000 377
1512124650000 377
1512124650000 377
1512124650000 377
1512124650000 377
1512124650000 377
1512124650000 377
1512124650000 377
1512124650000 377
1512124650000 377
1512124650000 377
1512124650000 377
1512124650000 377
1512124650000 377
1512124650000 377
1512124650000 377
1512124650000 377
1512124650000 377
1512124650000 377
1512124650000 378
1512124650000 378
1512124650000 378
1512124650000 378
1512124650000 378
1512124650000 378
1512124650000 394
1512124650000 394
1512124650000 398
1512124650000 401
1512124650000 401
1512124650000 402
1512124660000 358
1512124660000 358
1512124660000 358
1512124660000 358
1512124660000 359
1512124660000 359
1512124660000 359
1512124660000 359
1512124660000 359
1512124660000 359
1512124660000 359
1512124660000 359
1512124660000 359
1512124660000 359
1512124660000 359
1512124660000 359
1512124660000 359
1512124660000 359
1512124660000 359
1512124660000 359
1512124660000 359
1512124660000 359
1512124660000 359
1512124660000 360
1512124660000 360
1512124660000 360
1512124660000 360
1512124660000 360
1512124660000 360
1512124660000 360
1512124660000 360
1512124660000 360
1512124660000 360
1512124660000 360
1512124660000 360
1512124660000 360
1512124660000 360
1512124660000 360
1512124660000 360
1512124660000 360
1512124660000 360
1512124660000 360
1512124660000 360
1512124660000 360
1512124660000 361
1512124660000 361
1512124660000 361
1512124660000 361
1512124660000 361
1512124660000 361
1512124660000 361
1512124660000 361
1512124660000 361
1512124660000 361
1512124660000 361
1512124660000 361
1512124660000 361
1512124660000 361
1512124660000 361
1512124660000 361
1512124660000 362
1512124660000 362
1512124660000 362
1512124660000 362
1512124660000 362
1512124660000 362
1512124660000 362
1512124660000 362
1512124660000 362
1512124660000 362
1512124660000 362
1512124660000 362
1512124660000 362
1512124660000 362
1512124660000 362
1512124660000 363
1512124660000 363
1512124660000 363
1512124660000 363
1512124660000 363
1512124660000 363
1512124660000 363
1512124660000 363
1512124660000 363
1512124660000 363
1512124660000 363
1512124660000 363
1512124660000 363
1512124660000 363
1512124660000 363
1512124660000 363
1512124660000 363
1512124660000 363
1512124660000 363
1512124660000 364
1512124660000 364
1512124660000 379
1512124660000 380
1512124660000 385
1512124660000 386
1512124670000 327
1512124670000 327
1512124670000 327
1512124670000 327
1512124670000 327
1512124670000 328
1512124670000 328
1512124670000 328
1512124670000 328
1512124670000 328
1512124670000 328
1512124670000 328
1512124670000 328
1512124670000 328
1512124670000 328
1512124670000 328
1512124670000 328
1512124670000 328
1512124670000 328
1512124670000 328
1512124670000 328
1512124670000 328
1512124670000 328
1512124670000 328
1512124670000 328
1512124670000 328
1512124670000 328
1512124670000 328
1512124670000 329
1512124670000 329
1512124670000 329
1512124670000 329
1512124670000 329
1512124670000 329
1512124670000 329
1512124670000 329
1512124670000 329
1512124670000 329
1512124670000 329
1512124670000 329
1512124670000 329
1512124670000 329
1512124670000 329
1512124670000 329
1512124670000 329
1512124670000 329
1512124670000 329
1512124670000 329
1512124670000 329
1512124670000 329
1512124670000 329
1512124670000 329
1512124670000 329
1512124670000 329
1512124670000 329
1512124670000 329
1512124670000 329
1512124670000 330
1512124670000 330
1512124670000 330
1512124670000 330
1512124670000 330
1512124670000 330
1512124670000 330
1512124670000 330
1512124670000 330
1512124670000 330
1512124670000 330
1512124670000 330
1512124670000 330
1512124670000 330
1512124670000 330
1512124670000 330
1512124670000 330
1512124670000 331
1512124670000 331
1512124670000 331
1512124670000 331
1512124670000 331
1512124670000 331
1512124670000 331
1512124670000 331
1512124670000 331
1512124670000 331
1512124670000 331
1512124670000 331
1512124670000 331
1512124670000 331
1512124670000 331
1512124670000 331
1512124670000 331
1512124670000 331
1512124670000 331
1512124670000 332
1512124670000 332
1512124670000 332
1512124670000 332
1512124670000 332
1512124670000 333
1512124670000 334
1512124680000 -5935
1512124680000 -5936
1512124680000 -5954
1512124680000 -5955
1512124680000 -5955
1512124680000 -5955
1512124680000 -5956
1512124680000 -5957
1512124680000 -5960
1512124680000 -5969
1512124680000 -5969
1512124680000 -5969
1512124680000 -5969
1512124680000 -5970
1512124680000 -5970
1512124680000 -5970
1512124680000 -5970
1512124680000 -5970
1512124680000 -5970
1512124680000 -5970
1512124680000 -5971
1512124680000 -5971
1512124680000 -5971
1512124680000 -5971
1512124680000 -5971
1512124680000 -5971
1512124680000 -5971
1512124680000 -5972
1512124680000 -5972
1512124680000 -5972
1512124680000 -5972
1512124680000 -5972
1512124680000 -5972
1512124680000 -5972
1512124680000 -5972
1512124680000 -5973
1512124680000 -5973
1512124680000 -5973
1512124680000 -5973
1512124680000 -5973
1512124680000 -5973
1512124680000 -5973
1512124680000 -5973
1512124680000 -5973
1512124680000 -5974
1512124680000 -5974
1512124680000 -5974
1512124680000 -5974
1512124680000 -5974
1512124680000 -5974
1512124680000 -5974
1512124680000 -5974
1512124680000 -5974
1512124680000 -5974
1512124680000 -5974
1512124680000 -5974
1512124680000 -5974
1512124680000 -5974
1512124680000 -5974
1512124680000 -5974
1512124680000 -5975
1512124680000 -5975
1512124680000 -5975
1512124680000 -5975
1512124680000 -5976
1512124680000 -5976
1512124680000 -5976
1512124680000 -5976
1512124680000 -5976
1512124680000 -6931
1512124680000 -6933
1512124680000 -6936
1512124680000 -6953
1512124680000 -6954
1512124680000 -6954
1512124680000 -6954
1512124680000 -6955
1512124680000 -6955
1512124680000 -6958
1512124680000 -6969
1512124680000 -6969
1512124680000 -6971
1512124680000 -6971
1512124680000 -6972
1512124680000 -6972
1512124680000 -6973
1512124680000 -6975
1512124680000 -6975
1512124680000 -6975
1512124680000 -6975
1512124680000 -6975
1512124680000 -6976
1512124680000 -6976
1512124680000 -6976
1512124680000 -6976
1512124680000 -6976
1512124680000 -6976
1512124680000 -6976
1512124680000 -6976
1512124680000 -6976
